0.104 0.000609913
0.136 0.00071574
0.2 0.00280232
0.216 0.00475675
0.28 0.00626384
0.296 0.0115669
0.312 0.0155724
0.36 0.0264331
0.392 0.0243372
0.408 0.0428417
0.424 0.0376772
0.44 0.0171422
0.504 0.052726
0.536 0.0541024
0.568 0.218846
0.584 0.0661646
0.6 0.269551
0.616 0.236086
0.632 0.349887
0.648 0.0778154
0.664 0.314335
0.696 0.450647
0.712 0.2267
0.728 0.195859
0.76 0.23257
0.776 0.302208
0.792 0.873786
0.808 0.402033
0.824 0.60611
0.856 0.843316
0.888 1.55951
0.904 1.80114
0.92 0.863766
0.936 0.567449
0.952 1.32706
0.984 1.62313
1 1.80037
1.016 0.958063
1.032 0.982303
1.048 1.31698
1.064 0.690271
1.08 1.85289
1.096 0.900968
1.112 2.73792
1.128 1.39443
1.144 1.10658
1.16 1.85013
1.176 4.02442
1.208 1.12231
1.224 1.22707
1.24 0.452102
1.256 1.24919
1.272 1.5559
1.288 2.61327
1.304 1.7417
1.32 1.06495
1.336 0.532478
1.352 0.669511
1.368 0.928384
1.384 0.458579
1.4 1.21279
1.416 0.445649
1.432 0.993913
1.448 0.748833
1.464 1.10654
1.48 0.910393
1.496 0.683137
1.512 0.306306
1.528 0.901014
1.56 0.671093
1.576 0.363391
1.608 0.599372
1.624 0.973929
1.64 1.44315
1.656 0.791848
1.672 0.422923
1.704 0.912385
1.72 1.08093
1.752 0.664539
1.768 0.550123
1.784 1.21203
1.8 0.401401
1.816 0.334332
1.832 0.48512
1.848 0.779382
1.864 0.612089
1.88 0.768073
1.896 1.32212
1.912 0.738182
1.928 1.01579
1.944 0.868237
1.96 1.87208
1.976 1.2409
1.992 0.536787
2.008 1.08787
2.024 1.07085
2.04 0.52347
2.056 0.862761
2.088 0.642141
2.104 1.61189
2.12 0.449838
2.136 1.4178
2.152 1.28963
2.168 1.81184
2.184 0.683489
2.2 1.09889
2.216 1.71433
2.232 0.538221
2.248 1.70618
2.264 0.56029
2.28 1.17497
2.296 0.859899
2.312 1.78707
2.328 1.36696
2.344 0.844002
2.36 1.65345
2.376 1.62989
2.392 1.2841
2.408 1.26803
2.424 0.921051
2.44 1.38816
2.456 0.847602
2.472 1.09082
2.488 0.563723
2.504 1.13914
2.52 1.28684
2.536 0.953451
2.552 0.714271
2.568 0.860844
2.584 1.06696
2.6 1.10422
2.616 0.631657
2.632 0.576099
2.648 0.59734
2.664 1.13027
2.68 0.250728
2.696 0.790268
2.712 0.40734
2.728 0.966267
2.744 0.405597
2.76 0.782536
2.776 1.26118
2.792 0.724424
2.808 1.1783
2.824 0.883201
2.84 1.09906
2.856 1.05444
2.872 0.338626
2.888 1.37802
2.904 0.667519
2.92 0.901341
2.936 0.961184
2.952 0.697884
2.968 0.649666
2.984 1.22783
3 0.793377
3.016 0.502209
3.032 0.748528
3.048 1.19357
3.064 1.21207
3.08 0.747854
3.096 0.857597
3.112 1.16349
3.128 1.051
3.144 0.727946
3.16 1.64268
3.176 0.781148
3.192 0.92394
3.208 0.94078
3.224 1.14623
3.24 0.884357
3.256 1.8207
3.272 1.25161
3.288 1.52129
3.304 1.39103
3.32 1.10844
3.336 1.32479
3.352 0.703079
3.368 1.13914
3.384 1.23686
3.4 1.32006
3.416 1.42702
3.432 1.19269
3.448 1.02923
3.464 1.06399
3.48 1.53943
3.496 0.84617
3.512 0.820543
3.528 1.19631
3.544 1.08421
3.56 0.372788
3.576 1.07341
3.592 1.39626
3.608 0.7344
3.624 0.668702
3.64 1.09567
3.656 0.708213
3.672 0.83808
3.688 1.1998
3.704 0.760609
3.72 1.12104
3.736 0.883724
3.752 1.00102
3.768 0.616309
3.784 0.546966
3.8 1.15347
3.816 1.55247
3.832 0.796016
3.848 0.679955
3.864 0.714456
3.88 0.385809
3.896 1.06022
3.912 0.656353
3.928 0.868163
3.944 0.916147
3.96 0.749605
3.976 0.902135
3.992 1.0434
4.008 1.00851
4.024 1.13068
4.04 0.994446
4.056 0.953369
4.072 1.29221
4.088 1.15631
4.104 1.12166
4.12 0.944826
4.136 0.628143
4.152 0.936509
4.168 1.01447
4.184 1.01174
4.2 0.912364
4.216 0.955359
4.232 1.25448
4.248 1.10355
4.264 0.881532
4.28 0.820813
4.296 1.04104
4.312 0.902696
4.328 0.971926
4.344 0.823791
4.36 0.655307
4.376 1.00726
4.392 0.852706
4.408 1.60614
4.424 0.88031
4.44 0.888687
4.456 1.04287
4.472 1.06603
4.488 1.20204
4.504 1.24006
4.52 1.24745
4.536 0.875842
4.552 1.34637
4.568 0.925975
4.584 1.56481
4.6 0.902538
4.616 1.26067
4.632 1.39664
4.648 1.02636
4.664 0.934014
4.68 0.747554
4.696 1.5241
4.712 0.962849
4.728 1.01799
4.744 0.823446
4.76 0.817374
4.776 0.756397
4.792 1.04713
4.808 0.940776
4.824 1.1565
4.84 1.1761
4.856 0.888282
4.872 0.69076
4.888 0.849237
4.904 1.17632
4.92 0.843796
4.936 0.543782
4.952 1.03984
4.968 0.946994
4.984 0.902866
5 0.798576
5.016 1.05252
5.032 1.38501
5.048 0.819529
5.064 0.817103
5.08 1.23658
5.096 1.03603
5.112 1.11329
5.128 0.730625
5.144 1.15795
5.16 0.904971
5.176 0.74959
5.192 0.67584
5.208 0.730478
5.224 0.974354
5.24 1.02909
5.256 0.710381
5.272 1.21223
5.288 1.00545
5.304 1.04877
5.32 0.951668
5.336 0.998844
5.352 1.57914
5.368 0.922751
5.384 0.851729
5.4 1.38533
5.416 1.1294
5.432 1.06073
5.448 1.21731
5.464 0.811056
5.48 1.10431
5.496 0.966697
5.512 0.835812
5.528 1.07373
5.544 1.23295
5.56 0.842669
5.576 1.1094
5.592 1.14404
5.608 1.30196
5.624 0.873388
5.64 0.944051
5.656 0.972831
5.672 1.06688
5.688 0.852796
5.704 1.0711
5.72 1.21942
5.736 0.987472
5.752 1.40077
5.768 1.04181
5.784 1.18427
5.8 0.994482
5.816 0.807517
5.832 1.01528
5.848 0.89079
5.864 1.03886
5.88 0.697226
5.896 0.981925
5.912 0.842271
5.928 1.10195
5.944 1.03369
5.96 0.949829
5.976 0.944086
5.992 1.37202
6.008 0.96862
6.024 0.7096
6.04 0.778322
6.056 1.08051
6.072 0.805478
6.088 1.086
6.104 1.45527
6.12 1.11627
6.136 1.03097
6.152 0.924353
6.168 1.1603
6.184 0.904348
6.2 0.788457
6.216 1.11995
6.232 0.832328
6.248 1.01797
6.264 0.75519
6.28 0.958445
6.296 1.08281
6.312 0.997316
6.328 0.898739
6.344 0.828871
6.36 0.812191
6.376 0.731023
6.392 0.994479
6.408 1.01942
6.424 0.844369
6.44 0.964186
6.456 0.866403
6.472 1.14283
6.488 1.02352
6.504 1.09509
6.52 1.02914
6.536 1.02119
6.552 0.896394
6.568 0.880496
6.584 1.30434
6.6 1.03385
6.616 1.01553
6.632 0.922939
6.648 0.918929
6.664 0.72863
6.68 1.04166
6.696 0.927778
6.712 1.02488
6.728 1.13761
6.744 1.27126
6.76 1.23724
6.776 0.939159
6.792 1.26235
6.808 0.923216
6.824 1.15577
6.84 1.26333
6.856 1.27541
6.872 1.03803
6.888 0.966828
6.904 1.23904
6.92 1.20547
6.936 0.805676
6.952 0.811774
6.968 1.00793
6.984 1.30852
7 1.01208
7.016 0.861556
7.032 1.02363
7.048 0.979472
7.064 0.716875
7.08 0.966312
7.096 0.889109
7.112 0.854379
7.128 1.23981
7.144 1.02333
7.16 1.06455
7.176 1.32529
7.192 0.728124
7.208 0.871051
7.224 0.981723
7.24 0.810866
7.256 1.19188
7.272 1.36293
7.288 0.603216
7.304 0.876788
7.32 0.832335
7.336 0.745536
7.352 1.08231
7.368 0.780042
7.384 0.951174
7.4 0.97243
7.416 0.967231
7.432 1.14863
7.448 1.23736
7.464 1.28838
7.48 0.690975
7.496 0.989021
7.512 0.975594
7.528 1.20646
7.544 1.27475
7.56 1.09136
7.576 1.005
7.592 0.83423
7.608 0.957958
7.624 1.11918
7.64 1.03339
7.656 0.93352
7.672 1.11427
7.688 1.0509
7.704 0.84357
7.72 1.19248
7.736 1.04456
7.752 0.905053
7.768 0.627373
7.784 0.993074
7.8 0.547641
7.816 0.928352
7.832 1.32554
7.848 0.787554
7.864 1.29138
7.88 1.12813
7.896 1.02372
7.912 0.990652
7.928 0.969763
7.944 1.08291
7.96 1.0668
7.976 1.03224
7.992 1.12749
