0.104524 0.0088103
0.136685 0.0390898
0.201008 0.016799
0.217088 0.0281223
0.281411 0.0441104
0.297491 0.0804639
0.313572 0.146275
0.361814 0.0486885
0.393975 0.122288
0.410055 0.11418
0.426136 0.0690091
0.442217 0.132123
0.506539 0.112796
0.5387 0.143493
0.570861 0.0263581
0.586942 0.153472
0.603023 0.455661
0.619103 0.0691007
0.635184 0.117402
0.651265 0.341341
0.667345 0.254311
0.699506 0.123154
0.715587 0.142213
0.731668 0.406266
0.763829 0.550933
0.779909 0.538254
0.79599 0.36289
0.812071 0.473276
0.828151 0.31878
0.860312 1.03482
0.892474 1.35946
0.908554 0.804214
0.924635 1.03516
0.940715 0.822696
0.956796 2.43082
0.988957 0.478006
1.00504 1.13149
1.02112 1.34528
1.0372 1.30484
1.05328 1.70368
1.06936 1.76773
1.08544 1.63571
1.10152 1.56737
1.1176 1.05029
1.13368 0.982765
1.14976 1.71509
1.16584 2.4927
1.18192 1.09556
1.21409 2.26378
1.23017 1.41339
1.24625 1.16058
1.26233 1.19896
1.27841 1.62174
1.29449 0.961829
1.31057 1.05424
1.32665 0.824806
1.34273 1.55526
1.35881 1.19743
1.37489 1.55185
1.39097 1.2567
1.40705 1.3546
1.42313 0.948187
1.43921 1.31936
1.45529 1.27485
1.47138 1.2031
1.48746 0.962715
1.50354 0.460477
1.51962 1.75562
1.5357 0.93058
1.56786 0.963288
1.58394 0.567136
1.6161 0.580731
1.63218 1.27323
1.64826 0.601616
1.66434 0.823716
1.68042 0.501627
1.71258 0.645061
1.72867 0.915558
1.76083 0.505595
1.77691 1.04672
1.79299 0.450398
1.80907 0.578292
1.82515 0.816154
1.84123 0.735775
1.85731 0.650246
1.87339 0.395686
1.88947 0.415936
1.90555 0.717812
1.92163 1.42459
1.93771 1.04099
1.95379 0.754173
1.96987 0.651384
1.98595 0.849213
2.00204 1.183
2.01812 0.42758
2.0342 1.08543
2.05028 1.11845
2.06636 1.56225
2.09852 1.1429
2.1146 0.867287
2.13068 1.11122
2.14676 0.716506
2.16284 0.718176
2.17892 0.516933
2.195 0.37431
2.21108 1.17445
2.22716 1.09671
2.24324 1.12676
2.25933 1.54986
2.27541 1.59202
2.29149 1.39413
2.30757 1.70881
2.32365 1.25019
2.33973 0.94318
2.35581 1.95007
2.37189 0.807065
2.38797 1.75378
2.40405 1.05963
2.42013 1.18418
2.43621 1.02119
2.45229 0.997444
2.46837 0.850791
2.48445 0.699357
2.50053 2.05453
2.51661 0.954324
2.5327 0.593209
2.54878 0.649219
2.56486 1.18577
2.58094 0.998192
2.59702 0.400427
2.6131 1.13594
2.62918 1.02787
2.64526 0.821045
2.66134 1.08887
2.67742 0.623708
2.6935 0.863072
2.70958 1.0184
2.72566 1.04857
2.74174 1.0881
2.75782 1.17205
2.7739 0.718786
2.78998 1.03337
2.80607 0.824906
2.82215 1.04497
2.83823 0.946835
2.85431 0.9062
2.87039 1.07314
2.88647 0.418663
2.90255 1.07256
2.91863 1.22862
2.93471 0.666193
2.95079 1.31943
2.96687 0.77255
2.98295 1.06883
2.99903 0.804515
3.01511 1.38643
3.03119 0.852973
3.04727 0.666693
3.06336 0.767877
3.07944 1.03524
3.09552 0.826149
3.1116 0.884142
3.12768 0.749042
3.14376 0.688276
3.15984 1.49488
3.17592 1.36548
3.192 0.86081
3.20808 0.585895
3.22416 0.988363
3.24024 1.22079
3.25632 1.24796
3.2724 0.580125
3.28848 1.11638
3.30456 1.54666
3.32064 1.22187
3.33673 0.950479
3.35281 0.97971
3.36889 0.849778
3.38497 1.09497
3.40105 1.63292
3.41713 0.656811
3.43321 0.69643
3.44929 0.426637
3.46537 1.06499
3.48145 0.917172
3.49753 1.14737
3.51361 1.23759
3.52969 1.1234
3.54577 0.966753
3.56185 0.784596
3.57793 0.413948
3.59402 1.03796
3.6101 1.12074
3.62618 0.822291
3.64226 1.23596
3.65834 1.44377
3.67442 0.698205
3.6905 0.726333
3.70658 1.41574
3.72266 0.948038
3.73874 1.1154
3.75482 1.01696
3.7709 1.23881
3.78698 1.16257
3.80306 1.11157
3.81914 0.735827
3.83522 1.15409
3.8513 1.16334
3.86739 0.597016
3.88347 0.825202
3.89955 0.649523
3.91563 1.11291
3.93171 0.963874
3.94779 1.61425
3.96387 1.46403
3.97995 0.894431
3.99603 0.853066
4.01211 0.981176
4.02819 1.12562
4.04427 1.12214
4.06035 0.701669
4.07643 0.99482
4.09251 0.748102
4.10859 0.764844
4.12468 1.0754
4.14076 1.59091
4.15684 1.01743
4.17292 1.10904
4.189 1.35594
4.20508 0.897363
4.22116 0.919693
4.23724 0.862587
4.25332 1.29105
4.2694 1.16187
4.28548 0.810125
4.30156 0.938686
4.31764 0.957573
4.33372 1.09834
4.3498 0.934105
4.36588 0.701345
4.38196 0.802563
4.39805 0.646415
4.41413 1.11732
4.43021 0.737023
4.44629 0.897036
4.46237 1.2229
4.47845 0.884247
4.49453 0.913662
4.51061 0.749548
4.52669 0.910017
4.54277 0.994916
4.55885 0.798302
4.57493 0.805839
4.59101 1.08913
4.60709 0.911744
4.62317 0.998648
4.63925 0.788808
4.65534 0.670896
4.67142 0.798134
4.6875 0.922544
4.70358 1.25687
4.71966 0.99074
4.73574 1.12181
4.75182 0.843619
4.7679 1.2516
4.78398 0.971156
4.80006 0.746708
4.81614 0.779942
4.83222 0.81771
4.8483 1.0698
4.86438 0.993488
4.88046 0.906642
4.89654 1.09711
4.91262 1.08329
4.92871 1.24188
4.94479 1.1846
4.96087 1.07789
4.97695 1.07245
4.99303 1.02526
5.00911 1.09398
5.02519 1.20567
5.04127 0.956352
5.05735 1.01297
5.07343 1.17951
5.08951 0.853656
5.10559 0.682959
5.12167 1.0641
5.13775 1.25314
5.15383 1.01054
5.16991 1.137
5.186 1.15783
5.20208 0.845003
5.21816 0.876101
5.23424 0.922797
5.25032 1.12632
5.2664 1.09716
5.28248 1.11231
5.29856 1.49034
5.31464 1.05052
5.33072 0.799543
5.3468 0.955864
5.36288 0.785733
5.37896 1.27283
5.39504 0.995373
5.41112 0.969146
5.4272 1.10628
5.44328 0.930503
5.45937 1.23347
5.47545 1.43667
5.49153 0.899617
5.50761 1.14169
5.52369 1.01394
5.53977 1.02645
5.55585 0.631849
5.57193 1.26772
5.58801 0.828791
5.60409 0.707589
5.62017 0.874269
5.63625 0.857488
5.65233 0.924126
5.66841 0.740577
5.68449 0.913582
5.70057 1.33214
5.71666 0.928428
5.73274 1.23814
5.74882 1.27103
5.7649 0.79996
5.78098 0.739384
5.79706 1.10705
5.81314 1.02438
5.82922 0.952788
5.8453 0.931521
5.86138 0.726098
5.87746 0.749251
5.89354 0.833565
5.90962 0.991527
5.9257 0.913646
5.94178 1.18724
5.95786 1.29984
5.97394 0.895954
5.99003 1.0051
6.00611 1.15992
6.02219 1.09099
6.03827 1.11776
6.05435 0.871907
6.07043 0.981681
6.08651 1.13313
6.10259 0.681266
6.11867 1.1576
6.13475 1.02772
6.15083 0.871027
6.16691 0.861454
6.18299 1.05253
6.19907 0.844585
6.21515 0.995357
6.23123 1.27825
6.24732 1.07972
6.2634 0.900984
6.27948 1.07168
6.29556 1.23333
6.31164 0.945274
6.32772 1.11779
6.3438 1.12025
6.35988 0.864009
6.37596 0.756794
6.39204 0.900828
6.40812 1.09471
6.4242 1.2737
6.44028 1.14383
6.45636 0.952476
6.47244 0.987252
6.48852 0.909192
6.5046 1.05871
6.52069 1.43708
6.53677 0.906287
6.55285 1.01437
6.56893 1.05706
6.58501 0.725599
6.60109 0.668118
6.61717 1.21425
6.63325 0.84411
6.64933 1.17608
6.66541 1.0197
6.68149 0.86977
6.69757 0.896801
6.71365 1.04486
6.72973 0.812128
6.74581 1.20947
6.76189 1.13239
6.77798 0.97576
6.79406 1.20091
6.81014 0.930821
6.82622 0.800596
6.8423 1.17008
6.85838 1.12264
6.87446 1.29916
6.89054 0.837845
6.90662 0.827304
6.9227 0.91028
6.93878 0.941556
6.95486 1.00685
6.97094 1.04845
6.98702 1.04656
7.0031 0.851949
7.01918 0.833579
7.03526 0.936158
7.05135 0.74877
7.06743 0.821549
7.08351 0.79929
7.09959 0.874795
7.11567 1.23097
7.13175 1.00057
7.14783 0.964459
7.16391 1.14737
7.17999 1.11528
7.19607 1.0576
7.21215 0.750033
7.22823 1.06892
7.24431 0.91587
7.26039 0.971441
7.27647 0.90099
7.29255 1.26626
7.30863 0.936899
7.32472 0.783755
7.3408 0.8404
7.35688 1.13154
7.37296 0.771904
7.38904 0.726143
7.40512 1.24596
7.4212 0.902699
7.43728 0.802975
7.45336 1.42592
7.46944 1.13386
7.48552 1.30964
7.5016 0.83717
7.51768 0.744601
7.53376 0.938745
7.54984 0.965875
7.56592 0.91637
7.58201 0.914782
7.59809 1.29125
7.61417 1.15613
7.63025 1.03349
7.64633 1.13166
7.66241 0.704657
7.67849 1.25336
7.69457 0.950595
7.71065 2.04004
7.72673 1.24378
7.74281 1.37252
7.75889 0.812993
7.77497 0.700166
7.79105 1.12457
7.80713 1.2479
7.82321 0.923029
7.83929 1.19033
7.85538 1.11868
7.87146 0.893643
7.88754 1.13641
7.90362 1.08328
7.9197 0.935706
7.93578 0.862595
7.95186 1.02913
7.96794 0.900987
7.98402 0.753912
8.0001 1.01822
8.01618 1.71588
8.03226 1.09663
