0.104 0.000315488
0.136 0.000477922
0.2 0.000429286
0.216 0.00116448
0.28 0.00453618
0.296 0.0094032
0.312 0.00590589
0.36 0.0145519
0.392 0.0197332
0.408 0.0223269
0.424 0.00259248
0.44 0.0249468
0.504 0.0353792
0.536 0.0665406
0.568 0.18012
0.584 0.232544
0.6 0.0651401
0.616 0.168693
0.632 0.239975
0.648 0.14716
0.664 0.153004
0.696 0.735565
0.712 0.345194
0.728 0.158788
0.76 0.104179
0.776 0.273766
0.792 0.251033
0.808 0.390027
0.824 0.628518
0.856 0.91813
0.888 0.563608
0.904 1.76576
0.92 1.38969
0.936 0.610887
0.952 2.08374
0.984 1.15165
1 1.67663
1.016 1.28998
1.032 0.924844
1.048 0.874697
1.064 1.35412
1.08 1.52539
1.096 2.76925
1.112 1.84919
1.128 1.18877
1.144 1.65848
1.16 1.57022
1.176 1.18662
1.208 2.45321
1.224 2.05015
1.24 1.70689
1.256 1.81078
1.272 1.26004
1.288 1.45707
1.304 1.04485
1.32 0.454245
1.336 1.14192
1.352 1.66553
1.368 0.886499
1.384 1.59453
1.4 0.929779
1.416 1.27456
1.432 0.649595
1.448 1.28615
1.464 0.431256
1.48 0.668966
1.496 0.969431
1.512 0.378531
1.528 0.427278
1.56 0.597581
1.576 0.448561
1.608 0.755367
1.624 1.21024
1.64 0.316516
1.656 0.782758
1.672 0.685559
1.704 0.690719
1.72 0.506253
1.752 0.446092
1.768 0.782663
1.784 0.4656
1.8 0.759215
1.816 0.714155
1.832 0.524288
1.848 0.567247
1.864 0.962148
1.88 0.939153
1.896 0.789148
1.912 0.75098
1.928 0.694046
1.944 0.824922
1.96 1.68789
1.976 0.533455
1.992 1.88306
2.008 1.16565
2.024 0.580298
2.04 2.00766
2.056 1.42235
2.088 0.569788
2.104 1.15925
2.12 1.21902
2.136 0.678551
2.152 1.14132
2.168 1.117
2.184 1.42528
2.2 1.4771
2.216 1.63966
2.232 0.989277
2.248 0.823208
2.264 1.22119
2.28 1.42246
2.296 1.27951
2.312 1.00404
2.328 1.04793
2.344 0.969134
2.36 1.13349
2.376 1.57181
2.392 0.690562
2.408 1.33075
2.424 1.4314
2.44 0.996297
2.456 1.82863
2.472 0.815526
2.488 0.813068
2.504 0.805962
2.52 0.892919
2.536 1.04297
2.552 0.744205
2.568 1.42262
2.584 0.501805
2.6 0.86157
2.616 1.28611
2.632 0.945003
2.648 0.975993
2.664 0.361562
2.68 0.848399
2.696 0.71342
2.712 0.668553
2.728 0.933017
2.744 0.776851
2.76 1.22969
2.776 0.736011
2.792 0.792263
2.808 0.959068
2.824 0.739203
2.84 1.32977
2.856 1.00165
2.872 0.561385
2.888 1.3017
2.904 0.959703
2.92 1.15644
2.936 0.758088
2.952 1.06044
2.968 0.646153
2.984 0.58375
3 0.936853
3.016 1.30208
3.032 0.472376
3.048 0.968706
3.064 1.4028
3.08 1.09521
3.096 0.589445
3.112 0.834313
3.128 0.583953
3.144 0.937983
3.16 1.21293
3.176 0.609582
3.192 0.815768
3.208 1.13796
3.224 1.20438
3.24 0.908244
3.256 1.3496
3.272 0.737742
3.288 0.827501
3.304 1.15395
3.32 1.25462
3.336 1.47528
3.352 1.00575
3.368 1.60794
3.384 0.969663
3.4 1.30781
3.416 0.940073
3.432 1.88838
3.448 1.14473
3.464 1.12147
3.48 1.35092
3.496 1.19312
3.512 0.9929
3.528 0.974629
3.544 0.922062
3.56 1.2849
3.576 0.994923
3.592 1.01841
3.608 1.06423
3.624 0.978482
3.64 0.975029
3.656 0.752759
3.672 0.788055
3.688 0.812876
3.704 0.95302
3.72 0.637158
3.736 1.07647
3.752 1.00268
3.768 0.942331
3.784 0.663944
3.8 1.08169
3.816 1.1203
3.832 0.930521
3.848 0.927918
3.864 0.725206
3.88 1.33816
3.896 1.12156
3.912 1.02749
3.928 0.869183
3.944 1.20009
3.96 1.20744
3.976 0.706276
3.992 0.829884
4.008 0.863126
4.024 1.12096
4.04 1.88569
4.056 1.10769
4.072 0.52675
4.088 0.823905
4.104 0.989831
4.12 0.59651
4.136 1.07547
4.152 0.872341
4.168 0.6736
4.184 0.72075
4.2 0.721497
4.216 1.31658
4.232 0.876156
4.248 0.965109
4.264 1.14981
4.28 1.37458
4.296 1.08251
4.312 1.06735
4.328 0.796564
4.344 1.18791
4.36 0.958218
4.376 1.00531
4.392 0.778926
4.408 0.786641
4.424 0.62752
4.44 1.37571
4.456 0.634554
4.472 0.988937
4.488 0.834569
4.504 1.31889
4.52 1.52741
4.536 0.805843
4.552 1.16586
4.568 0.961212
4.584 0.951748
4.6 0.978317
4.616 1.24407
4.632 1.35268
4.648 1.14729
4.664 1.03599
4.68 0.957426
4.696 0.962322
4.712 0.811685
4.728 1.39331
4.744 1.01292
4.76 0.954808
4.776 0.772732
4.792 1.09308
4.808 0.940513
4.824 1.07471
4.84 1.18871
4.856 0.717251
4.872 1.15122
4.888 1.15864
4.904 0.961785
4.92 0.798643
4.936 0.930535
4.952 0.798409
4.968 1.36931
4.984 0.657634
5 1.07045
5.016 1.16609
5.032 0.765569
5.048 0.837821
5.064 0.973234
5.08 1.18268
5.096 0.994545
5.112 0.937904
5.128 0.852979
5.144 0.918756
5.16 1.01334
5.176 1.22914
5.192 0.721828
5.208 0.736653
5.224 1.13123
5.24 0.834492
5.256 1.24922
5.272 0.958789
5.288 0.955183
5.304 0.932736
5.32 0.848114
5.336 1.71532
5.352 0.933606
5.368 0.931378
5.384 1.20084
5.4 1.12931
5.416 0.864383
5.432 1.4976
5.448 1.02161
5.464 0.826942
5.48 1.35711
5.496 1.00113
5.512 0.880174
5.528 0.838754
5.544 0.863536
5.56 1.14992
5.576 0.761513
5.592 0.823358
5.608 0.902495
5.624 0.984283
5.64 1.13303
5.656 1.08821
5.672 0.736393
5.688 1.21327
5.704 1.18947
5.72 1.24697
5.736 1.07274
5.752 1.20604
5.768 0.979916
5.784 1.08346
5.8 1.47398
5.816 0.751458
5.832 1.23391
5.848 0.843769
5.864 0.947012
5.88 0.687043
5.896 1.15963
5.912 0.848264
5.928 1.17364
5.944 1.06375
5.96 0.897696
5.976 1.03267
5.992 0.937535
6.008 0.949135
6.024 0.930993
6.04 0.814054
6.056 1.50605
6.072 1.34919
6.088 0.997571
6.104 1.08602
6.12 0.725004
6.136 0.81819
6.152 0.798121
6.168 0.948241
6.184 0.980306
6.2 0.745733
6.216 1.00077
6.232 0.969228
6.248 1.30145
6.264 1.00268
6.28 0.9957
6.296 0.990233
6.312 1.18132
6.328 0.912662
6.344 0.913906
6.36 1.03526
6.376 0.918277
6.392 1.36299
6.408 0.95124
6.424 0.727315
6.44 0.826786
6.456 1.19244
6.472 1.10735
6.488 0.823138
6.504 0.920618
6.52 0.995482
6.536 0.968332
6.552 0.643181
6.568 0.990515
6.584 1.36426
6.6 1.03344
6.616 0.739132
6.632 0.926988
6.648 0.771731
6.664 1.05137
6.68 1.13981
6.696 1.31296
6.712 0.96254
6.728 1.09384
6.744 1.09499
6.76 0.907358
6.776 0.677126
6.792 1.13448
6.808 1.1088
6.824 1.13764
6.84 0.995138
6.856 1.24634
6.872 0.8594
6.888 0.938514
6.904 0.89826
6.92 1.60108
6.936 1.1616
6.952 0.994938
6.968 1.08607
6.984 0.79345
7 1.16811
7.016 1.09885
7.032 1.02045
7.048 0.885847
7.064 0.984794
7.08 0.799826
7.096 0.936849
7.112 0.798911
7.128 1.27295
7.144 0.925548
7.16 1.10246
7.176 1.04548
7.192 1.06957
7.208 0.846946
7.224 0.730859
7.24 0.713838
7.256 0.949056
7.272 1.1501
7.288 1.21216
7.304 0.962933
7.32 1.14326
7.336 0.952473
7.352 0.809595
7.368 1.13566
7.384 1.45188
7.4 0.997417
7.416 1.04857
7.432 1.08688
7.448 0.823637
7.464 0.924747
7.48 0.942214
7.496 0.90005
7.512 1.09617
7.528 0.878733
7.544 1.11814
7.56 1.05448
7.576 0.948961
7.592 1.04314
7.608 1.20451
7.624 0.736704
7.64 1.45542
7.656 0.900521
7.672 0.765385
7.688 0.81134
7.704 0.850044
7.72 0.811548
7.736 1.03338
7.752 0.958898
7.768 0.906162
7.784 0.882788
7.8 0.962924
7.816 0.994151
7.832 0.748401
7.848 0.987539
7.864 0.969444
7.88 1.04357
7.896 0.995954
7.912 0.908396
7.928 1.00439
7.944 0.983987
7.96 1.03794
7.976 0.615684
7.992 1.05429
