0.104524 7.69596e-05
0.136685 0.00036141
0.201008 0.00109415
0.217088 0.000466549
0.281411 0.00455065
0.297491 0.00477493
0.313572 0.00726576
0.361814 0.00760141
0.393975 0.0114749
0.410055 0.028844
0.426136 0.0299503
0.442217 0.0206417
0.506539 0.0147694
0.5387 0.106913
0.570861 0.0419086
0.586942 0.142993
0.603023 0.342036
0.619103 0.121291
0.635184 0.259169
0.651265 0.160283
0.667345 0.180165
0.699506 0.54649
0.715587 0.141832
0.731668 0.331864
0.763829 0.44212
0.779909 0.199601
0.79599 0.248831
0.812071 0.595137
0.828151 0.402513
0.860312 1.23697
0.892474 2.23857
0.908554 1.42491
0.924635 1.62938
0.940715 1.29263
0.956796 0.201658
0.988957 1.74625
1.00504 1.07225
1.02112 0.58759
1.0372 1.58126
1.05328 1.3689
1.06936 2.03473
1.08544 2.48954
1.10152 0.743748
1.1176 1.71927
1.13368 0.402191
1.14976 0.859427
1.16584 1.98811
1.18192 0.959134
1.21409 1.73086
1.23017 1.48505
1.24625 0.308651
1.26233 0.767898
1.27841 1.32153
1.29449 0.968035
1.31057 1.71267
1.32665 1.08917
1.34273 0.643821
1.35881 0.659464
1.37489 0.965392
1.39097 1.40878
1.40705 1.10404
1.42313 1.26622
1.43921 1.48528
1.45529 1.85761
1.47138 1.35825
1.48746 0.8275
1.50354 0.682148
1.51962 0.837387
1.5357 0.791661
1.56786 0.756418
1.58394 0.878967
1.6161 0.56854
1.63218 0.388617
1.64826 0.373012
1.66434 0.594918
1.68042 0.911702
1.71258 1.00554
1.72867 1.07778
1.76083 0.446936
1.77691 0.262454
1.79299 0.722702
1.80907 0.628717
1.82515 0.572946
1.84123 0.562482
1.85731 1.44627
1.87339 0.554395
1.88947 0.637958
1.90555 1.25879
1.92163 0.867146
1.93771 1.13193
1.95379 1.23898
1.96987 1.58784
1.98595 0.944417
2.00204 1.52653
2.01812 0.551428
2.0342 0.926483
2.05028 0.87583
2.06636 1.06311
2.09852 1.05968
2.1146 1.00238
2.13068 1.43232
2.14676 1.24072
2.16284 0.865484
2.17892 0.543804
2.195 0.970033
2.21108 0.977038
2.22716 1.38627
2.24324 1.37579
2.25933 0.967942
2.27541 1.41164
2.29149 1.30412
2.30757 0.93078
2.32365 0.590804
2.33973 0.807238
2.35581 2.01348
2.37189 1.31021
2.38797 0.721201
2.40405 1.49503
2.42013 0.85514
2.43621 1.22377
2.45229 2.33715
2.46837 1.12574
2.48445 0.952411
2.50053 1.32456
2.51661 1.12285
2.5327 1.11372
2.54878 1.1269
2.56486 0.71295
2.58094 1.30203
2.59702 1.89285
2.6131 0.90327
2.62918 0.763582
2.64526 0.675168
2.66134 0.783402
2.67742 0.859465
2.6935 0.807157
2.70958 0.720779
2.72566 0.825464
2.74174 0.966195
2.75782 1.24828
2.7739 0.704594
2.78998 1.24067
2.80607 1.24836
2.82215 1.12435
2.83823 0.826843
2.85431 1.03053
2.87039 1.46877
2.88647 1.09422
2.90255 0.671893
2.91863 0.721058
2.93471 0.945861
2.95079 0.795386
2.96687 1.11374
2.98295 1.26732
2.99903 0.388789
3.01511 1.24607
3.03119 0.917223
3.04727 1.51349
3.06336 0.857487
3.07944 0.617147
3.09552 1.40684
3.1116 0.947272
3.12768 0.818346
3.14376 0.78864
3.15984 0.60801
3.17592 0.58434
3.192 1.06351
3.20808 0.6901
3.22416 1.03568
3.24024 1.0252
3.25632 1.51123
3.2724 1.05225
3.28848 0.587617
3.30456 1.69336
3.32064 0.880053
3.33673 0.745503
3.35281 0.806184
3.36889 1.45067
3.38497 1.22028
3.40105 0.648335
3.41713 0.953036
3.43321 1.54007
3.44929 0.249609
3.46537 0.938816
3.48145 1.18736
3.49753 0.940931
3.51361 1.44818
3.52969 1.29822
3.54577 1.48581
3.56185 1.0307
3.57793 0.950572
3.59402 1.22033
3.6101 1.42157
3.62618 0.901134
3.64226 1.37816
3.65834 0.869133
3.67442 1.60244
3.6905 0.748896
3.70658 1.24844
3.72266 1.09777
3.73874 0.829885
3.75482 1.02763
3.7709 0.882745
3.78698 0.754178
3.80306 0.693359
3.81914 0.899498
3.83522 1.05663
3.8513 1.09653
3.86739 1.08215
3.88347 0.680223
3.89955 0.682854
3.91563 0.695886
3.93171 0.793063
3.94779 1.06969
3.96387 0.969177
3.97995 0.8216
3.99603 1.08355
4.01211 1.17818
4.02819 0.741056
4.04427 0.972585
4.06035 1.14337
4.07643 0.826014
4.09251 1.00517
4.10859 0.805107
4.12468 0.720853
4.14076 1.66714
4.15684 1.21066
4.17292 0.725316
4.189 1.16812
4.20508 1.2772
4.22116 0.884817
4.23724 1.11668
4.25332 1.20527
4.2694 1.06984
4.28548 1.23092
4.30156 0.94575
4.31764 0.989118
4.33372 0.867131
4.3498 1.20305
4.36588 0.865763
4.38196 0.805101
4.39805 1.21643
4.41413 0.944625
4.43021 1.0328
4.44629 0.928493
4.46237 0.655488
4.47845 0.736239
4.49453 1.08451
4.51061 0.920635
4.52669 1.22537
4.54277 0.754982
4.55885 1.00285
4.57493 0.987625
4.59101 1.23805
4.60709 1.15266
4.62317 0.695132
4.63925 1.07846
4.65534 1.49384
4.67142 1.18118
4.6875 0.835576
4.70358 1.52767
4.71966 0.961992
4.73574 1.31398
4.75182 1.7763
4.7679 0.698521
4.78398 1.31698
4.80006 0.907458
4.81614 0.82507
4.83222 1.15952
4.8483 1.18407
4.86438 0.671046
4.88046 1.20121
4.89654 1.11998
4.91262 0.805648
4.92871 0.876132
4.94479 0.773218
4.96087 1.24522
4.97695 0.667544
4.99303 0.886121
5.00911 0.697206
5.02519 1.11454
5.04127 0.997164
5.05735 1.28543
5.07343 0.891897
5.08951 1.14057
5.10559 1.41333
5.12167 0.823358
5.13775 0.907597
5.15383 0.988838
5.16991 1.17962
5.186 1.00516
5.20208 1.39527
5.21816 0.736524
5.23424 1.14741
5.25032 0.8637
5.2664 0.717368
5.28248 0.932231
5.29856 1.29411
5.31464 0.880112
5.33072 0.698246
5.3468 0.848527
5.36288 0.523729
5.37896 0.99282
5.39504 1.0109
5.41112 1.11345
5.4272 0.910729
5.44328 1.14301
5.45937 1.13171
5.47545 0.916622
5.49153 0.949859
5.50761 1.16348
5.52369 1.15691
5.53977 0.818588
5.55585 0.899393
5.57193 1.09737
5.58801 1.25823
5.60409 1.06153
5.62017 0.946903
5.63625 1.01213
5.65233 1.73651
5.66841 1.55141
5.68449 0.757293
5.70057 1.15521
5.71666 1.21082
5.73274 0.803334
5.74882 1.13816
5.7649 1.0701
5.78098 0.674346
5.79706 1.42535
5.81314 0.856904
5.82922 1.13574
5.8453 1.0886
5.86138 1.28768
5.87746 0.86158
5.89354 0.849981
5.90962 1.09714
5.9257 0.972495
5.94178 1.1791
5.95786 0.999477
5.97394 0.812683
5.99003 1.03581
6.00611 1.16111
6.02219 0.985398
6.03827 0.841101
6.05435 0.833813
6.07043 0.97714
6.08651 0.953179
6.10259 0.868046
6.11867 1.00211
6.13475 0.791815
6.15083 0.845283
6.16691 0.789838
6.18299 0.679551
6.19907 0.850336
6.21515 0.981196
6.23123 0.874694
6.24732 1.22979
6.2634 1.05771
6.27948 1.27308
6.29556 1.12826
6.31164 1.40864
6.32772 0.857878
6.3438 0.962673
6.35988 0.951006
6.37596 0.75176
6.39204 0.738253
6.40812 1.10975
6.4242 1.20473
6.44028 1.09358
6.45636 0.802532
6.47244 0.828977
6.48852 1.03643
6.5046 1.09556
6.52069 1.26751
6.53677 0.788583
6.55285 1.05668
6.56893 1.26918
6.58501 0.942004
6.60109 1.12024
6.61717 0.914713
6.63325 0.881094
6.64933 0.93038
6.66541 0.666286
6.68149 1.23729
6.69757 1.13481
6.71365 1.04105
6.72973 1.0747
6.74581 1.17957
6.76189 1.19827
6.77798 0.863128
6.79406 1.1062
6.81014 0.876247
6.82622 1.18051
6.8423 1.20186
6.85838 0.988045
6.87446 1.14056
6.89054 0.885481
6.90662 1.10954
6.9227 0.97031
6.93878 0.51453
6.95486 0.929347
6.97094 0.956172
6.98702 0.920817
7.0031 0.898453
7.01918 1.03503
7.03526 1.37347
7.05135 1.05829
7.06743 1.11676
7.08351 1.67171
7.09959 1.27558
7.11567 0.940325
7.13175 0.925949
7.14783 0.986041
7.16391 0.812207
7.17999 1.12033
7.19607 1.02276
7.21215 0.990694
7.22823 1.06724
7.24431 0.9072
7.26039 0.66715
7.27647 0.950003
7.29255 0.775235
7.30863 0.793959
7.32472 0.843005
7.3408 0.814466
7.35688 1.05194
7.37296 0.998633
7.38904 0.70539
7.40512 1.22964
7.4212 0.939558
7.43728 0.639722
7.45336 1.0395
7.46944 1.10407
7.48552 1.23178
7.5016 1.11722
7.51768 1.09063
7.53376 0.998769
7.54984 1.0301
7.56592 0.947779
7.58201 0.689643
7.59809 1.05644
7.61417 1.21098
7.63025 0.537016
7.64633 1.1395
7.66241 1.11186
7.67849 0.797686
7.69457 1.13467
7.71065 1.21271
7.72673 0.945205
7.74281 0.871145
7.75889 1.04239
7.77497 1.02423
7.79105 0.930695
7.80713 0.727361
7.82321 1.21486
7.83929 1.19757
7.85538 0.808871
7.87146 0.824652
7.88754 1.0094
7.90362 1.03169
7.9197 1.05276
7.93578 1.20937
7.95186 1.10588
7.96794 0.984242
7.98402 1.0982
8.0001 1.21168
8.01618 1.28292
8.03226 1.07335
