0.0430355 0.345058
0.0562772 0.209407
0.0827606 0.139036
0.0893814 0.0616515
0.115865 0.0179629
0.122486 0.345678
0.129107 0.137967
0.148969 0.0241357
0.162211 0.150451
0.168832 0.0350733
0.175452 0.115018
0.182073 0.0181122
0.208557 0.0821344
0.221798 0.0443841
0.23504 0.0400049
0.241661 0.084687
0.248282 0.334502
0.254903 0.0789774
0.261523 0.0825311
0.268144 0.0297311
0.274765 0.039061
0.288007 0.286198
0.294628 0.0606928
0.301249 0.0847554
0.31449 0.0150237
0.321111 0.0548776
0.327732 0.452707
0.334353 0.0672387
0.340974 0.0687566
0.354215 0.0697501
0.367457 0.0462935
0.374078 0.317347
0.380699 0.0669884
0.38732 0.0200312
0.39394 0.0735582
0.407182 0.0822392
0.413803 0.202658
0.420424 0.0326219
0.427045 0.0570789
0.433665 0.0923891
0.440286 0.0788609
0.446907 0.0900422
0.453528 0.506936
0.460149 0.0849569
0.46677 0.0104509
0.473391 0.0537614
0.480011 0.0944351
0.486632 0.191904
0.499874 0.164811
0.506495 0.101833
0.513116 0.0830814
0.519736 0.121087
0.526357 0.0804749
0.532978 0.140496
0.539599 0.31086
0.54622 0.263547
0.552841 0.286021
0.559462 0.179733
0.566082 0.175675
0.572703 0.0822271
0.579324 0.334617
0.585945 0.239914
0.592566 0.211928
0.599187 0.396848
0.605808 0.357845
0.612428 0.431029
0.619049 0.726832
0.62567 0.597061
0.632291 0.396427
0.645533 0.76226
0.652153 1.09055
0.665395 0.591344
0.672016 0.486977
0.678637 1.3976
0.685258 0.949275
0.691879 1.17324
0.70512 0.583691
0.711741 0.913658
0.724983 1.66114
0.731604 1.29093
0.738224 0.847883
0.744845 0.680209
0.751466 0.490914
0.758087 0.934785
0.764708 0.845479
0.771329 0.512554
0.77795 1.11446
0.78457 1.0508
0.791191 1.18948
0.797812 0.847774
0.804433 0.737722
0.811054 0.283489
0.817675 1.16766
0.824295 1.30951
0.830916 1.11058
0.837537 1.38576
0.844158 0.764354
0.850779 0.861291
0.864021 0.808184
0.870641 0.387952
0.877262 0.611375
0.883883 0.821888
0.890504 0.371059
0.897125 0.455348
0.903746 0.389975
0.910366 0.449126
0.916987 0.543458
0.923608 0.503199
0.930229 0.410006
0.93685 0.489681
0.943471 0.389864
0.950092 0.305603
0.956712 0.450517
0.963333 0.299177
0.969954 0.391757
0.976575 0.339871
0.983196 0.657416
0.989817 0.183135
0.996437 0.455186
1.00306 0.498101
1.00968 0.580432
1.0163 0.314762
1.02292 0.387146
1.02954 0.625191
1.03616 0.533789
1.04278 0.751751
1.0494 0.920481
1.05603 0.66153
1.06265 0.920916
1.06927 0.603662
1.07589 0.736438
1.08251 0.535859
1.08913 0.604334
1.09575 0.729421
1.10237 0.851899
1.10899 0.81113
1.11561 0.997009
1.12223 0.831246
1.12885 0.925563
1.13548 1.57309
1.1421 1.25011
1.14872 0.719738
1.15534 0.864001
1.16196 0.629538
1.16858 0.816983
1.1752 1.47155
1.18182 1.1004
1.18844 0.771815
1.19506 1.01885
1.20168 1.14787
1.2083 1.31289
1.21493 1.36491
1.22155 2.78571
1.22817 1.86938
1.23479 1.24754
1.24141 1.33251
1.24803 0.955018
1.25465 0.557858
1.26127 1.42322
1.26789 1.30543
1.27451 1.07814
1.28113 0.792492
1.28775 1.61142
1.29438 1.58884
1.301 2.24779
1.30762 1.36605
1.31424 1.59643
1.32086 1.70838
1.32748 1.89357
1.3341 1.42135
1.34072 2.46519
1.34734 1.47812
1.35396 1.14107
1.36058 1.85108
1.3672 2.1067
1.37383 2.30723
1.38045 1.77783
1.38707 1.78056
1.39369 1.61066
1.40031 1.57842
1.40693 2.25992
1.41355 1.72527
1.42017 1.76719
1.42679 1.24399
1.43341 1.24078
1.44003 1.71481
1.44666 2.15872
1.45328 1.27509
1.4599 1.47283
1.46652 1.71088
1.47314 1.03545
1.47976 2.31014
1.48638 1.74387
1.493 1.22896
1.49962 1.49061
1.50624 1.67109
1.51286 1.49688
1.51948 1.49105
1.52611 0.923359
1.53273 1.62387
1.53935 1.33685
1.54597 1.52287
1.55259 1.6465
1.55921 2.01193
1.56583 0.99964
1.57245 1.22527
1.57907 1.51187
1.58569 1.58582
1.59231 0.953019
1.59893 0.844206
1.60556 0.807503
1.61218 0.835652
1.6188 1.21375
1.62542 1.13865
1.63204 0.945009
1.63866 0.762262
1.64528 0.662228
1.6519 0.690055
1.65852 0.797785
1.66514 0.860075
1.67176 0.7602
1.67838 1.0884
1.68501 0.348649
1.69163 0.577833
1.69825 0.578605
1.70487 0.732302
1.71149 0.634147
1.71811 0.783267
1.72473 0.542812
1.73135 0.645433
1.73797 0.740086
1.74459 0.591363
1.75121 0.397313
1.75783 0.645363
1.76446 0.494293
1.77108 0.69109
1.7777 0.567337
1.78432 0.501496
1.79094 0.711095
1.79756 0.554342
1.80418 0.570502
1.8108 0.566916
1.81742 0.578337
1.82404 0.494199
1.83066 0.609157
1.83729 0.629779
1.84391 0.444116
1.85053 0.550321
1.85715 0.693466
1.86377 0.482109
1.87039 0.589302
1.87701 0.714862
1.88363 0.649946
1.89025 0.631785
1.89687 0.576623
1.90349 0.750146
1.91011 0.514572
1.91674 0.923838
1.92336 0.610753
1.92998 0.716515
1.9366 0.712561
1.94322 0.821665
1.94984 0.70812
1.95646 1.02534
1.96308 0.644491
1.9697 0.78161
1.97632 0.620371
1.98294 0.872665
1.98956 0.913362
1.99619 0.568527
2.00281 1.03549
2.00943 0.564197
2.01605 0.806221
2.02267 0.731648
2.02929 0.802783
2.03591 0.80423
2.04253 0.890047
2.04915 0.756385
2.05577 0.784517
2.06239 0.60491
2.06901 0.694286
2.07564 0.740239
2.08226 0.761807
2.08888 0.867796
2.0955 1.05281
2.10212 0.840273
2.10874 1.0809
2.11536 0.687411
2.12198 0.848372
2.1286 1.0431
2.13522 0.795458
2.14184 0.731956
2.14846 1.1203
2.15509 1.12998
2.16171 1.01261
2.16833 1.05351
2.17495 0.843127
2.18157 1.0909
2.18819 1.05822
2.19481 0.949539
2.20143 0.793212
2.20805 0.745668
2.21467 0.780286
2.22129 1.16346
2.22792 1.30064
2.23454 1.11494
2.24116 1.1578
2.24778 0.829352
2.2544 1.0846
2.26102 0.845498
2.26764 1.23959
2.27426 1.02264
2.28088 1.09182
2.2875 0.961938
2.29412 1.3887
2.30074 0.969825
2.30737 0.873478
2.31399 1.17888
2.32061 1.13092
2.32723 1.19725
2.33385 1.17059
2.34047 1.64901
2.34709 1.17205
2.35371 1.03482
2.36033 0.907169
2.36695 1.02456
2.37357 1.04395
2.38019 1.10991
2.38682 1.38645
2.39344 1.41848
2.40006 1.373
2.40668 0.94531
2.4133 1.2879
2.41992 1.11885
2.42654 1.09455
2.43316 1.31424
2.43978 0.902781
2.4464 1.11699
2.45302 1.0392
2.45964 1.00063
2.46627 1.03154
2.47289 1.0209
2.47951 0.787074
2.48613 1.05916
2.49275 1.16038
2.49937 1.4488
2.50599 1.01756
2.51261 0.718421
2.51923 1.04945
2.52585 1.14755
2.53247 1.00136
2.53909 0.957841
2.54572 1.05715
2.55234 1.13416
2.55896 1.1581
2.56558 0.944175
2.5722 1.34594
2.57882 1.17488
2.58544 0.92568
2.59206 0.959764
2.59868 0.985576
2.6053 0.982296
2.61192 1.08357
2.61855 1.02933
2.62517 1.04306
2.63179 1.18895
2.63841 1.13857
2.64503 1.05972
2.65165 1.08025
2.65827 0.93896
2.66489 1.01571
2.67151 1.27608
2.67813 0.868237
2.68475 1.1697
2.69137 1.06918
2.698 1.27535
2.70462 1.10138
2.71124 1.23947
2.71786 1.34037
2.72448 0.775328
2.7311 1.06142
2.73772 0.943806
2.74434 1.072
2.75096 0.958877
2.75758 1.04053
2.7642 0.556865
2.77082 1.24327
2.77745 1.2942
2.78407 1.00376
2.79069 1.1262
2.79731 1.34813
2.80393 1.32766
2.81055 0.931397
2.81717 0.965737
2.82379 1.02709
2.83041 1.04225
2.83703 0.953549
2.84365 1.05316
2.85027 1.03688
2.8569 1.1565
2.86352 1.07456
2.87014 1.1139
2.87676 1.23607
2.88338 1.12555
2.89 1.09593
2.89662 1.12354
2.90324 0.879994
2.90986 1.15373
2.91648 0.985646
2.9231 0.98947
2.92972 1.15448
2.93635 0.864336
2.94297 0.908037
2.94959 1.14442
2.95621 0.881677
2.96283 0.846015
2.96945 0.908265
2.97607 0.741885
2.98269 1.13574
2.98931 0.914129
2.99593 0.861528
3.00255 1.0114
3.00918 1.18417
3.0158 1.07343
3.02242 0.95244
3.02904 0.905483
3.03566 0.904676
3.04228 0.906736
3.0489 1.0492
3.05552 0.928991
3.06214 1.05442
3.06876 0.966967
3.07538 0.856351
3.082 0.751207
3.08863 0.719659
3.09525 0.896299
3.10187 0.772405
3.10849 0.970673
3.11511 0.826657
3.12173 1.12765
3.12835 0.954556
3.13497 0.831228
3.14159 0.871815
3.14821 1.15419
3.15483 1.08868
3.16145 0.835802
3.16808 0.885753
3.1747 1.02825
3.18132 1.06175
3.18794 0.859365
3.19456 0.690016
3.20118 1.16377
3.2078 1.22368
3.21442 1.09257
3.22104 0.909384
3.22766 0.97727
3.23428 1.04395
3.2409 1.05928
3.24753 0.839232
3.25415 1.04716
3.26077 1.04091
3.26739 1.24174
3.27401 1.14588
3.28063 0.769109
3.28725 0.91401
3.29387 0.88886
3.30049 0.597356
3.30711 1.1478
