0.104 0.104315
0.136 0.0186082
0.2 0.0880279
0.216 0.0371955
0.28 0.0607711
0.296 0.0436976
0.312 0.141854
0.36 0.120852
0.392 0.16674
0.408 0.0884525
0.424 0.100802
0.44 0.143109
0.504 0.131616
0.536 0.386375
0.568 0.179587
0.584 0.223874
0.6 0.314532
0.616 0.194828
0.632 0.227426
0.648 0.100416
0.664 0.470709
0.696 0.20867
0.712 0.337242
0.728 0.538957
0.76 0.145796
0.776 0.453197
0.792 0.0874156
0.808 0.373902
0.824 0.920528
0.856 0.606054
0.888 0.537829
0.904 1.09694
0.92 0.416062
0.936 2.16952
0.952 0.70972
0.984 0.84539
1 1.06635
1.016 1.39347
1.032 2.13187
1.048 1.71263
1.064 1.45574
1.08 1.01924
1.096 0.768667
1.112 1.66418
1.128 1.80876
1.144 1.36124
1.16 1.94796
1.176 1.14279
1.208 0.895412
1.224 2.17086
1.24 1.97324
1.256 1.09465
1.272 2.87927
1.288 0.19731
1.304 2.23168
1.32 0.721494
1.336 1.9838
1.352 2.02189
1.368 1.0882
1.384 0.545621
1.4 0.662525
1.416 0.606287
1.432 1.16084
1.448 0.682697
1.464 0.719642
1.48 1.87628
1.496 0.616292
1.512 0.468733
1.528 1.47298
1.56 0.936853
1.576 0.756396
1.608 0.817513
1.624 0.681927
1.64 0.791763
1.656 0.83052
1.672 0.614523
1.704 0.978859
1.72 1.05508
1.752 0.763191
1.768 0.781929
1.784 0.530788
1.8 0.695088
1.816 0.159878
1.832 1.02642
1.848 1.3054
1.864 0.868065
1.88 0.787537
1.896 0.462308
1.912 0.348577
1.928 0.412635
1.944 0.80396
1.96 0.320478
1.976 0.575163
1.992 0.655932
2.008 0.938229
2.024 0.885554
2.04 0.78485
2.056 0.766892
2.088 0.531361
2.104 0.784767
2.12 0.946555
2.136 0.485302
2.152 1.01739
2.168 1.49472
2.184 0.752089
2.2 1.01835
2.216 0.984978
2.232 1.16949
2.248 1.63738
2.264 0.896884
2.28 1.23493
2.296 1.46486
2.312 1.01873
2.328 1.7708
2.344 0.982219
2.36 0.898062
2.376 1.48979
2.392 1.85173
2.408 1.16888
2.424 0.82307
2.44 1.46937
2.456 0.825547
2.472 1.08351
2.488 0.912969
2.504 1.0877
2.52 1.33519
2.536 1.5137
2.552 1.25115
2.568 1.0423
2.584 1.12984
2.6 1.78177
2.616 1.29181
2.632 1.50091
2.648 0.854531
2.664 0.915273
2.68 1.84108
2.696 0.824251
2.712 1.43223
2.728 0.939558
2.744 0.550218
2.76 0.567881
2.776 1.15476
2.792 1.33074
2.808 1.82175
2.824 0.979182
2.84 0.895492
2.856 0.808296
2.872 0.742259
2.888 0.743984
2.904 0.806478
2.92 0.876137
2.936 1.11693
2.952 0.789027
2.968 0.701729
2.984 0.966224
3 1.01796
3.016 0.826997
3.032 0.729376
3.048 0.535544
3.064 0.709262
3.08 0.958303
3.096 0.994309
3.112 0.741964
3.128 0.752781
3.144 0.565236
3.16 0.980963
3.176 0.782508
3.192 0.959495
3.208 1.01061
3.224 0.77761
3.24 0.955409
3.256 1.04542
3.272 0.584609
3.288 1.03154
3.304 0.802789
3.32 0.816235
3.336 0.895816
3.352 1.49002
3.368 0.644056
3.384 1.15942
3.4 0.976876
3.416 1.2341
3.432 0.826268
3.448 0.816558
3.464 1.39757
3.48 1.93849
3.496 1.02598
3.512 0.866448
3.528 0.912911
3.544 1.68741
3.56 1.52592
3.576 1.14135
3.592 0.882108
3.608 1.40865
3.624 1.39397
3.64 1.1462
3.656 1.00984
3.672 0.953725
3.688 1.09745
3.704 1.34766
3.72 1.08132
3.736 0.723763
3.752 1.22132
3.768 0.785538
3.784 0.457595
3.8 0.93992
3.816 1.16436
3.832 1.23928
3.848 1.02358
3.864 1.24374
3.88 0.552103
3.896 1.14111
3.912 0.933255
3.928 0.74978
3.944 1.16411
3.96 0.826443
3.976 1.20562
3.992 0.867969
4.008 1.49069
4.024 1.08921
4.04 0.978327
4.056 0.993768
4.072 1.11338
4.088 0.759402
4.104 1.03772
4.12 1.23789
4.136 0.724334
4.152 0.988013
4.168 1.31966
4.184 0.909402
4.2 1.02635
4.216 0.769905
4.232 0.699418
4.248 0.88867
4.264 0.80671
4.28 0.611759
4.296 0.620411
4.312 1.00875
4.328 1.06476
4.344 0.769218
4.36 0.694313
4.376 0.825288
4.392 0.786415
4.408 1.09887
4.424 1.17287
4.44 0.822428
4.456 1.07435
4.472 0.743852
4.488 1.08455
4.504 1.09943
4.52 0.985636
4.536 1.33735
4.552 0.859401
4.568 0.840903
4.584 1.25715
4.6 0.703983
4.616 1.27113
4.632 0.676496
4.648 1.04266
4.664 0.860864
4.68 0.755623
4.696 0.888746
4.712 0.944138
4.728 1.15348
4.744 1.09723
4.76 0.998907
4.776 1.20024
4.792 1.52309
4.808 1.10303
4.824 0.821178
4.84 0.964988
4.856 0.811388
4.872 0.791957
4.888 1.02863
4.904 1.06411
4.92 1.20644
4.936 1.04842
4.952 1.03257
4.968 1.22707
4.984 1.36668
5 1.03101
5.016 1.41088
5.032 1.19464
5.048 0.75152
5.064 0.977591
5.08 1.16768
5.096 0.851067
5.112 1.04631
5.128 0.685776
5.144 1.0586
5.16 1.11449
5.176 1.75868
5.192 0.878479
5.208 0.929218
5.224 1.13661
5.24 0.806214
5.256 1.5466
5.272 1.72362
5.288 1.13479
5.304 1.44467
5.32 1.06311
5.336 1.44595
5.352 0.716392
5.368 0.938235
5.384 0.812167
5.4 1.07014
5.416 0.782145
5.432 1.03708
5.448 0.968337
5.464 0.733493
5.48 1.25198
5.496 0.745879
5.512 0.996921
5.528 0.578339
5.544 1.22613
5.56 1.0688
5.576 0.95627
5.592 0.878211
5.608 0.866231
5.624 0.647353
5.64 0.845206
5.656 0.903341
5.672 0.918183
5.688 1.11876
5.704 0.877771
5.72 1.03305
5.736 1.19172
5.752 0.780568
5.768 1.15695
5.784 1.1473
5.8 0.791339
5.816 1.02104
5.832 0.861651
5.848 0.986439
5.864 0.739547
5.88 1.12558
5.896 1.28812
5.912 1.07554
5.928 0.638204
5.944 1.03134
5.96 0.840945
5.976 0.9001
5.992 1.14587
6.008 0.902994
6.024 0.91935
6.04 1.05266
6.056 0.911056
6.072 0.748375
6.088 0.953751
6.104 0.89577
6.12 1.13068
6.136 1.08523
6.152 1.04811
6.168 1.13783
6.184 1.1749
6.2 1.19392
6.216 1.01732
6.232 1.14084
6.248 1.01523
6.264 0.888431
6.28 1.45543
6.296 1.1141
6.312 1.15152
6.328 1.2548
6.344 0.815211
6.36 0.969761
6.376 1.19503
6.392 1.27304
6.408 1.1024
6.424 0.986733
6.44 0.954963
6.456 1.09535
6.472 1.08284
6.488 1.01614
6.504 1.21239
6.52 1.00795
6.536 0.806699
6.552 1.19571
6.568 0.961135
6.584 1.22023
6.6 0.991913
6.616 0.859578
6.632 0.830915
6.648 0.985547
6.664 0.965892
6.68 0.75679
6.696 0.925705
6.712 0.999893
6.728 0.664867
6.744 0.952049
6.76 0.929784
6.776 1.02418
6.792 0.853945
6.808 1.01052
6.824 0.93656
6.84 0.935674
6.856 0.826425
6.872 0.799204
6.888 1.09322
6.904 0.907638
6.92 0.949037
6.936 0.897302
6.952 1.31308
6.968 0.994683
6.984 0.886841
7 0.906177
7.016 1.07666
7.032 1.06239
7.048 0.801323
7.064 0.937474
7.08 0.99209
7.096 1.22034
7.112 0.90422
7.128 1.03708
7.144 0.86321
7.16 0.779865
7.176 0.582157
7.192 1.22892
7.208 1.00269
7.224 0.703788
7.24 0.892847
7.256 1.13762
7.272 0.899711
7.288 1.08685
7.304 1.21006
7.32 0.963313
7.336 1.3094
7.352 0.887162
7.368 1.00561
7.384 0.930195
7.4 0.866536
7.416 1.45245
7.432 1.05235
7.448 1.02889
7.464 1.16285
7.48 0.961445
7.496 1.06298
7.512 1.14519
7.528 0.925975
7.544 1.08598
7.56 1.04087
7.576 1.07886
7.592 1.38186
7.608 1.10548
7.624 0.965025
7.64 1.1463
7.656 1.03568
7.672 0.969903
7.688 0.991041
7.704 0.99616
7.72 1.06012
7.736 0.849627
7.752 0.836165
7.768 1.13594
7.784 1.21071
7.8 1.79245
7.816 1.18811
7.832 0.83455
7.848 0.800374
7.864 1.1072
7.88 0.994157
7.896 1.47933
7.912 0.955417
7.928 0.899654
7.944 0.928173
7.96 0.863513
7.976 0.842198
7.992 0.894919
