0.0737236 0.125134
0.0964078 0.0932492
0.141776 0.174037
0.153118 0.0414627
0.198487 0.0906404
0.209829 0.15835
0.221171 0.0385035
0.255197 0.0971203
0.277881 0.0425206
0.289224 0.162307
0.300566 0.113561
0.311908 0.0303003
0.357276 0.0750173
0.37996 0.102969
0.402645 0.0103166
0.413987 0.0428255
0.425329 0.233135
0.436671 0.10566
0.448013 0.117055
0.459355 0.0882205
0.470697 0.051476
0.493381 0.440638
0.504723 0.237541
0.516066 0.24796
0.53875 0.198167
0.550092 0.376252
0.561434 0.33662
0.572776 0.223214
0.584118 0.0649499
0.606802 0.454761
0.629487 0.221317
0.640829 0.593381
0.652171 0.227436
0.663513 0.28663
0.674855 0.167113
0.697539 0.52522
0.708881 0.418065
0.720223 0.548496
0.731565 0.818133
0.742908 0.445961
0.75425 0.557398
0.765592 0.566299
0.776934 0.761471
0.788276 0.616703
0.799618 1.36306
0.81096 0.391616
0.822302 0.289828
0.833644 1.2051
0.856328 0.746799
0.867671 1.4
0.879013 0.682968
0.890355 0.3438
0.901697 1.22759
0.913039 1.51105
0.924381 1.0236
0.935723 1.96624
0.947065 1.13176
0.958407 0.949186
0.969749 1.21419
0.981092 0.455456
0.992434 1.24058
1.00378 0.983373
1.01512 1.31022
1.02646 1.4043
1.0378 1.07076
1.04914 1.35507
1.06049 1.41283
1.07183 0.7374
1.08317 0.980474
1.10585 1.27906
1.1172 1.68192
1.13988 1.29432
1.15122 0.690614
1.16257 1.69575
1.17391 1.4735
1.18525 0.784802
1.20793 1.03028
1.21928 2.26301
1.24196 1.17062
1.2533 0.917058
1.26464 2.04459
1.27599 1.37698
1.28733 0.315946
1.29867 1.57445
1.31001 1.89835
1.32135 0.621525
1.3327 1.10795
1.34404 1.5735
1.35538 1.27863
1.36672 0.983053
1.37807 0.546555
1.38941 0.473032
1.40075 1.1298
1.41209 0.721456
1.42343 0.568108
1.43478 1.01687
1.44612 1.23598
1.45746 0.697822
1.48014 0.628601
1.49149 1.26908
1.50283 1.06122
1.51417 0.7035
1.52551 1.20307
1.53685 1.97822
1.5482 0.557643
1.55954 0.805809
1.57088 0.960647
1.58222 0.998574
1.59356 0.618084
1.60491 0.425283
1.61625 0.826972
1.62759 0.853542
1.63893 0.728281
1.65028 0.84094
1.66162 0.734775
1.67296 1.23767
1.6843 1.36663
1.69564 0.75192
1.70699 1.07859
1.71833 1.18351
1.72967 0.991398
1.74101 0.918454
1.75235 0.859685
1.7637 1.00065
1.77504 0.98604
1.78638 0.772298
1.79772 0.955152
1.80906 0.725653
1.82041 0.889257
1.83175 0.719197
1.84309 0.991766
1.85443 0.743398
1.86578 1.15586
1.87712 0.586986
1.88846 1.3861
1.8998 0.726132
1.91114 1.27325
1.92249 1.00584
1.93383 1.142
1.94517 0.801595
1.95651 0.97584
1.96785 0.817779
1.9792 0.593032
1.99054 0.611054
2.00188 1.0949
2.01322 0.935246
2.02456 0.6377
2.03591 0.633885
2.04725 0.902684
2.05859 1.25433
2.06993 1.00915
2.08128 1.70927
2.09262 0.679056
2.10396 1.10837
2.1153 1.44594
2.12664 0.902022
2.13799 0.569301
2.14933 1.28502
2.16067 1.27037
2.17201 0.806456
2.18335 0.902227
2.1947 1.01944
2.20604 1.05067
2.21738 1.27322
2.22872 0.771868
2.24006 1.61618
2.25141 1.16831
2.26275 1.09759
2.27409 1.17577
2.28543 1.12664
2.29678 0.654027
2.30812 0.888774
2.31946 1.25665
2.3308 1.25348
2.34214 1.45707
2.35349 1.20757
2.36483 0.998846
2.37617 0.791288
2.38751 0.910124
2.39885 0.887076
2.4102 0.704005
2.42154 0.479553
2.43288 1.22644
2.44422 1.03857
2.45556 1.12681
2.46691 0.973046
2.47825 0.837452
2.48959 0.716164
2.50093 0.951554
2.51227 0.88384
2.52362 0.560003
2.53496 0.668635
2.5463 1.01877
2.55764 0.949764
2.56899 1.63062
2.58033 1.00155
2.59167 1.16975
2.60301 0.785854
2.61435 1.34715
2.6257 1.25256
2.63704 1.25918
2.64838 1.02497
2.65972 1.06655
2.67106 1.01186
2.68241 0.632487
2.69375 0.973686
2.70509 1.05639
2.71643 0.981138
2.72777 0.771101
2.73912 1.02341
2.75046 0.96236
2.7618 1.15318
2.77314 0.776776
2.78449 0.930278
2.79583 1.14618
2.80717 1.0256
2.81851 0.937937
2.82985 1.04005
2.8412 0.552422
2.85254 1.22049
2.86388 1.169
2.87522 0.93088
2.88656 0.92442
2.89791 1.27742
2.90925 1.20265
2.92059 1.02914
2.93193 0.757946
2.94327 0.949628
2.95462 0.692764
2.96596 0.872977
2.9773 0.920279
2.98864 1.15179
2.99999 1.0859
3.01133 0.880631
3.02267 0.580859
3.03401 1.1544
3.04535 1.06539
3.0567 0.789057
3.06804 0.661882
3.07938 0.585135
3.09072 0.978297
3.10206 0.572283
3.11341 1.25234
3.12475 0.914594
3.13609 0.835236
3.14743 0.870436
3.15877 1.03008
3.17012 0.841396
3.18146 1.33061
3.1928 1.03751
3.20414 1.385
3.21549 1.0097
3.22683 0.914135
3.23817 0.806019
3.24951 1.01115
3.26085 0.9742
3.2722 0.94126
3.28354 0.974942
3.29488 1.09391
3.30622 1.00685
3.31756 0.671761
3.32891 0.889216
3.34025 0.849791
3.35159 1.10677
3.36293 0.886233
3.37427 1.06353
3.38562 1.28562
3.39696 0.811534
3.4083 0.891449
3.41964 1.06462
3.43099 1.04449
3.44233 0.837863
3.45367 1.34883
3.46501 1.34499
3.47635 0.928874
3.4877 1.08285
3.49904 1.03189
3.51038 1.28652
3.52172 0.828224
3.53306 1.20424
3.54441 1.49961
3.55575 1.32987
3.56709 1.04989
3.57843 0.906906
3.58977 0.94725
3.60112 0.619196
3.61246 0.981969
3.6238 1.05617
3.63514 1.16549
3.64648 1.09231
3.65783 0.839581
3.66917 1.5078
3.68051 1.31024
3.69185 1.2358
3.7032 1.10908
3.71454 1.15876
3.72588 1.43556
3.73722 1.00376
3.74856 0.96301
3.75991 0.907559
3.77125 0.983071
3.78259 0.990448
3.79393 0.793219
3.80527 0.961473
3.81662 1.08141
3.82796 1.1602
3.8393 0.781889
3.85064 0.976437
3.86198 0.83504
3.87333 0.77042
3.88467 0.690649
3.89601 0.962518
3.90735 0.95507
3.9187 1.12811
3.93004 1.32752
3.94138 0.772125
3.95272 0.801289
3.96406 0.755607
3.97541 0.959017
3.98675 0.802967
3.99809 0.897771
4.00943 0.80762
4.02077 0.642673
4.03212 1.02298
4.04346 1.13685
4.0548 1.29596
4.06614 1.01495
4.07748 1.25408
4.08883 1.06893
4.10017 0.879915
4.11151 0.826501
4.12285 0.790988
4.1342 0.957103
4.14554 1.36955
4.15688 0.983626
4.16822 1.23705
4.17956 0.718658
4.19091 0.937288
4.20225 1.17324
4.21359 0.935917
4.22493 0.687542
4.23627 0.882298
4.24762 0.521922
4.25896 0.752421
4.2703 1.10555
4.28164 1.27633
4.29298 1.58772
4.30433 0.982126
4.31567 0.945541
4.32701 1.06906
4.33835 1.28091
4.3497 1.10647
4.36104 0.904278
4.37238 1.00169
4.38372 0.924022
4.39506 1.0177
4.40641 1.15188
4.41775 0.903969
4.42909 1.05034
4.44043 0.952349
4.45177 1.12396
4.46312 0.895951
4.47446 1.02219
4.4858 1.15514
4.49714 0.977053
4.50848 0.995492
4.51983 1.11814
4.53117 1.25036
4.54251 0.897704
4.55385 0.962438
4.56519 1.08172
4.57654 0.906491
4.58788 1.66255
4.59922 0.806497
4.61056 1.02056
4.62191 1.34945
4.63325 1.04022
4.64459 0.64548
4.65593 0.91022
4.66727 1.01656
4.67862 0.805885
4.68996 0.807574
4.7013 1.09186
4.71264 0.890072
4.72398 0.939674
4.73533 1.10578
4.74667 1.31563
4.75801 0.721644
4.76935 0.958598
4.78069 0.848681
4.79204 1.44523
4.80338 0.780129
4.81472 1.02589
4.82606 1.05601
4.83741 1.01852
4.84875 0.758412
4.86009 1.21669
4.87143 0.971946
4.88277 1.12474
4.89412 0.969756
4.90546 1.09502
4.9168 1.04437
4.92814 0.795982
4.93948 1.0168
4.95083 1.0334
4.96217 0.798027
4.97351 0.980929
4.98485 0.904937
4.99619 0.703766
5.00754 1.03082
5.01888 1.04291
5.03022 1.16261
5.04156 1.0387
5.05291 0.817427
5.06425 1.11787
5.07559 0.880773
5.08693 0.724433
5.09827 1.21831
5.10962 0.976161
5.12096 0.882364
5.1323 0.907192
5.14364 0.934781
5.15498 1.10102
5.16633 0.934158
5.17767 1.2357
5.18901 1.14356
5.20035 1.20705
5.21169 1.35416
5.22304 1.19811
5.23438 1.0648
5.24572 0.800695
5.25706 0.870781
5.26841 1.02449
5.27975 1.03347
5.29109 0.968943
5.30243 1.01064
5.31377 1.01596
5.32512 1.06271
5.33646 0.863113
5.3478 0.812854
5.35914 0.683958
5.37048 0.99582
5.38183 1.13818
5.39317 1.49701
5.40451 1.39758
5.41585 1.15033
5.42719 1.0414
5.43854 0.730442
5.44988 0.859974
5.46122 1.13054
5.47256 1.04224
5.48391 1.06075
5.49525 1.00972
5.50659 0.879145
5.51793 1.2692
5.52927 1.17064
5.54062 1.05813
5.55196 0.726708
5.5633 1.14836
5.57464 1.09832
5.58598 1.17668
5.59733 0.809067
5.60867 0.873496
5.62001 1.12909
5.63135 0.98249
5.64269 1.01677
5.65404 1.18704
5.66538 0.626209
