0.0530723 0.476557
0.0694022 0.253253
0.102062 0.347015
0.110227 0.139154
0.142887 0.0737355
0.151052 0.298117
0.159217 0.0596738
0.183712 0.0260346
0.200042 0.354496
0.208207 0.0408304
0.216372 0.0237744
0.224537 0.0572047
0.257196 0.0934773
0.273526 0.0340079
0.289856 0.0298681
0.298021 0.0324413
0.306186 0.44299
0.314351 0.0348841
0.322516 0.026102
0.330681 0.0877739
0.338846 0.0303111
0.355176 0.94894
0.363341 0.0351698
0.371506 0.0292634
0.387836 0.0153817
0.396001 0.101707
0.404166 0.799488
0.412331 0.0535151
0.420496 0.0689611
0.436826 0.0520516
0.453156 0.0512667
0.461321 0.35863
0.469486 0.0371579
0.47765 0.0588196
0.485815 0.0434873
0.502145 0.0590197
0.51031 0.288386
0.518475 0.0637381
0.52664 0.0502067
0.534805 0.0246112
0.54297 0.0382322
0.551135 0.0724993
0.5593 1.79122
0.567465 0.0739794
0.57563 0.0509845
0.583795 0.0467621
0.59196 0.0712264
0.600125 0.186139
0.616455 0.329621
0.62462 0.125307
0.632785 0.445397
0.64095 0.225102
0.649115 0.550406
0.65728 0.310221
0.665445 3.24177
0.67361 0.41059
0.681775 0.302154
0.68994 0.213216
0.698105 0.226757
0.70627 0.125199
0.714435 0.66414
0.722599 0.258687
0.730764 0.410786
0.738929 0.316372
0.747094 0.452867
0.755259 0.549846
0.763424 0.761545
0.771589 0.182403
0.779754 0.399295
0.796084 0.670766
0.804249 1.00713
0.820579 2.5669
0.828744 1.8287
0.836909 0.230865
0.845074 3.28002
0.853239 0.742542
0.869569 0.555193
0.877734 0.300386
0.894064 0.189809
0.902229 0.657889
0.910394 0.39967
0.918559 0.563116
0.926724 0.193932
0.934889 0.2147
0.943054 0.604826
0.951219 0.244455
0.959383 0.385482
0.967548 0.255229
0.975713 0.272777
0.983878 0.433596
0.992043 0.15841
1.00021 0.244614
1.00837 0.218388
1.01654 0.728191
1.0247 0.256039
1.03287 0.238938
1.04103 0.187238
1.0492 0.870054
1.06553 0.279526
1.07369 0.398145
1.08186 0.426143
1.09002 0.402903
1.09819 0.736386
1.10635 0.688728
1.11452 0.253012
1.12268 0.433317
1.13085 0.356026
1.13901 0.685064
1.14718 1.01011
1.15534 0.711528
1.16351 0.755111
1.17167 0.711175
1.17984 0.363326
1.188 1.13497
1.19617 1.15015
1.20433 0.849749
1.2125 1.82883
1.22066 1.85671
1.22883 0.808592
1.23699 5.09661
1.24516 1.57443
1.25332 1.79816
1.26149 1.65137
1.26965 1.15039
1.27782 3.62515
1.28598 1.80093
1.29415 1.55871
1.30231 1.8944
1.31048 0.969847
1.31864 2.32242
1.32681 1.99943
1.33497 0.94575
1.34314 1.03728
1.3513 1.53514
1.35947 0.664599
1.36763 2.49021
1.3758 1.41069
1.38396 0.145599
1.39213 1.92163
1.40029 1.24238
1.40846 1.48582
1.41662 1.95275
1.42479 0.520255
1.43295 0.421495
1.44112 1.50715
1.44928 0.633101
1.45745 1.14359
1.46561 3.58433
1.47378 0.404993
1.48194 0.870045
1.49011 0.799161
1.49827 0.567922
1.50644 4.35295
1.5146 0.991636
1.52277 0.279961
1.53093 5.42616
1.5391 1.10306
1.54726 0.493331
1.55543 1.26717
1.56359 0.606125
1.57176 0.861659
1.57992 1.19336
1.58809 0.466479
1.59625 0.339648
1.60442 0.495119
1.61258 0.681355
1.62075 0.442404
1.62891 0.607899
1.63708 0.944198
1.64524 1.19368
1.65341 0.428256
1.66157 0.513277
1.66974 1.17736
1.6779 0.860083
1.68607 0.757834
1.69423 0.585112
1.7024 0.770054
1.71056 0.586964
1.71873 0.98329
1.72689 0.708459
1.73506 0.696286
1.74322 0.317909
1.75139 0.405242
1.75955 0.714225
1.76772 0.468306
1.77588 0.374903
1.78405 0.57221
1.79221 0.318875
1.80037 0.687955
1.80854 0.777601
1.8167 0.513098
1.82487 0.347249
1.83303 0.32419
1.8412 0.762657
1.84936 0.64286
1.85753 0.696876
1.86569 0.268793
1.87386 0.50932
1.88202 0.427458
1.89019 1.13043
1.89835 0.411051
1.90652 1.49111
1.91468 0.707271
1.92285 1.01105
1.93101 0.405823
1.93918 0.790038
1.94734 1.8431
1.95551 4.01364
1.96367 1.04233
1.97184 0.484903
1.98 0.541659
1.98817 1.47135
1.99633 0.980354
2.0045 0.477732
2.01266 0.481283
2.02083 0.933622
2.02899 1.01747
2.03716 0.749524
2.04532 0.831256
2.05349 1.05309
2.06165 1.27297
2.06982 1.19621
2.07798 0.488788
2.08615 0.580943
2.09431 0.603213
2.10248 0.782742
2.11064 0.936911
2.11881 0.739177
2.12697 0.583985
2.13514 0.631326
2.1433 0.52188
2.15147 0.476949
2.15963 0.539674
2.1678 0.492032
2.17596 0.580133
2.18413 0.691523
2.19229 0.698463
2.20046 0.575061
2.20862 0.359147
2.21679 0.665104
2.22495 1.2014
2.23312 0.633689
2.24128 0.546411
2.24945 1.13592
2.25761 0.610648
2.26578 0.998286
2.27394 0.446052
2.28211 1.72052
2.29027 1.14062
2.29844 0.754811
2.3066 1.15513
2.31477 0.988283
2.32293 1.4013
2.3311 1.31134
2.33926 0.543665
2.34743 1.12364
2.35559 0.648179
2.36376 0.978198
2.37192 0.754
2.38009 0.798986
2.38825 0.536173
2.39642 1.59534
2.40458 1.19991
2.41275 1.06321
2.42091 1.14588
2.42908 1.26576
2.43724 0.816261
2.44541 0.938711
2.45357 2.74902
2.46174 1.30141
2.4699 1.67545
2.47807 0.843528
2.48623 0.576684
2.4944 1.97755
2.50256 1.45504
2.51073 1.98507
2.51889 0.95084
2.52706 0.775734
2.53522 1.42122
2.54339 2.74086
2.55155 1.22693
2.55972 1.15523
2.56788 0.869056
2.57605 1.17616
2.58421 1.24284
2.59238 0.838885
2.60054 1.33897
2.60871 0.87709
2.61687 0.744742
2.62504 1.00438
2.6332 0.91357
2.64137 0.840046
2.64953 0.926075
2.6577 0.933222
2.66586 0.932124
2.67403 1.19788
2.68219 0.821773
2.69036 0.586368
2.69852 1.10961
2.70669 1.41798
2.71485 1.28063
2.72302 0.9731
2.73118 0.809471
2.73935 0.948491
2.74751 1.19548
2.75568 0.662767
2.76384 0.971866
2.77201 0.299263
2.78017 0.856309
2.78834 0.959066
2.7965 0.655006
2.80467 0.82954
2.81283 1.10947
2.821 0.634352
2.82916 1.08425
2.83733 0.801469
2.84549 1.0008
2.85366 0.677708
2.86182 0.753416
2.86999 0.773608
2.87815 1.02406
2.88632 0.694677
2.89448 1.05875
2.90265 0.980148
2.91081 1.0781
2.91898 1.17562
2.92714 0.99524
2.93531 0.906954
2.94347 1.10461
2.95164 1.30668
2.9598 0.931446
2.96797 1.06923
2.97613 0.806482
2.9843 0.701077
2.99246 0.773184
3.00062 0.899597
3.00879 0.938238
3.01695 0.710711
3.02512 0.780093
3.03328 0.743972
3.04145 0.667972
3.04961 0.912109
3.05778 1.38141
3.06594 1.11616
3.07411 1.05831
3.08227 0.959404
3.09044 1.06803
3.0986 0.837023
3.10677 0.718861
3.11493 1.80128
3.1231 1.05541
3.13126 1.16754
3.13943 0.774741
3.14759 1.3166
3.15576 1.05145
3.16392 1.52946
3.17209 1.29367
3.18025 1.11029
3.18842 0.808343
3.19658 1.13264
3.20475 0.7737
3.21291 1.48643
3.22108 0.855556
3.22924 1.08224
3.23741 1.43645
3.24557 1.04391
3.25374 0.970845
3.2619 1.18174
3.27007 1.32714
3.27823 1.90852
3.2864 0.92353
3.29456 1.1387
3.30273 1.37789
3.31089 1.16859
3.31906 0.835224
3.32722 0.891118
3.33539 0.992684
3.34355 1.11519
3.35172 0.584043
3.35988 1.31458
3.36805 0.799669
3.37621 1.23454
3.38438 0.852733
3.39254 0.619076
3.40071 0.933907
3.40887 0.842798
3.41704 0.895134
3.4252 0.795933
3.43337 0.73398
3.44153 0.58031
3.4497 0.755923
3.45786 0.818779
3.46603 0.924414
3.47419 0.687852
3.48236 0.75491
3.49052 0.810852
3.49869 0.795029
3.50685 1.32235
3.51502 0.955131
3.52318 0.670708
3.53135 0.760682
3.53951 0.916193
3.54768 0.740411
3.55584 0.932036
3.56401 0.887838
3.57217 0.827497
3.58034 0.774997
3.5885 0.50266
3.59667 1.0213
3.60483 0.881285
3.613 0.752923
3.62116 0.840402
3.62933 0.933595
3.63749 1.02126
3.64566 1.0481
3.65382 1.0418
3.66199 1.0612
3.67015 1.46612
3.67832 0.717081
3.68648 0.794131
3.69465 0.828631
3.70281 0.783855
3.71098 1.35965
3.71914 0.960045
3.72731 0.941507
3.73547 1.23215
3.74364 0.855833
3.7518 1.09179
3.75997 1.1055
3.76813 0.893952
3.7763 1.29316
3.78446 0.943302
3.79263 0.797014
3.80079 0.716946
3.80896 0.891241
3.81712 1.0714
3.82529 0.909847
3.83345 1.36126
3.84162 1.30873
3.84978 1.38288
3.85795 1.1031
3.86611 1.19467
3.87428 0.889808
3.88244 0.801376
3.89061 1.24252
3.89877 1.223
3.90694 1.30105
3.9151 1.38612
3.92327 1.25453
3.93143 0.990481
3.9396 1.33203
3.94776 1.2486
3.95593 1.22379
3.96409 1.06561
3.97226 1.25557
3.98042 1.03112
3.98859 1.50064
3.99675 0.725376
4.00492 1.13965
4.01308 0.830848
4.02125 1.3136
4.02941 1.16255
4.03758 1.56491
4.04574 1.02688
4.05391 1.21481
4.06207 0.984467
4.07024 1.26714
4.0784 0.980443
