0.0430724 0.374957
0.0563254 0.255147
0.0828315 0.250554
0.0894581 0.138597
0.115964 0.0638839
0.122591 0.326426
0.129217 0.15565
0.149097 0.0812287
0.16235 0.109945
0.168976 0.0618304
0.175603 0.0440245
0.182229 0.0246201
0.208735 0.0822474
0.221989 0.0343569
0.235242 0.0382194
0.241868 0.0764225
0.248495 0.175571
0.255121 0.026644
0.261748 0.159644
0.268374 0.0656034
0.275001 0.150561
0.288254 0.567982
0.29488 0.161716
0.301507 0.0865607
0.31476 0.0770198
0.321386 0.0498606
0.328013 0.291093
0.334639 0.0468971
0.341266 0.127743
0.354519 0.074015
0.367772 0.176489
0.374399 0.119988
0.381025 0.104316
0.387652 0.173657
0.394278 0.0886941
0.407531 0.0495909
0.414158 0.0891897
0.420784 0.260851
0.427411 0.07024
0.434037 0.163499
0.440664 0.0341851
0.44729 0.121008
0.453917 0.263638
0.460543 0.0754296
0.46717 0.0453158
0.473796 0.0789033
0.480423 0.180154
0.487049 0.0719102
0.500302 0.17039
0.506929 0.0960815
0.513556 0.250226
0.520182 0.444251
0.526809 0.257013
0.533435 0.0876246
0.540062 0.38168
0.546688 0.319797
0.553315 0.410437
0.559941 0.302537
0.566568 0.202358
0.573194 0.372254
0.579821 0.272401
0.586447 0.349201
0.593074 0.156857
0.5997 0.209913
0.606327 0.490437
0.612953 0.338341
0.61958 0.541631
0.626206 0.594494
0.632833 0.625364
0.646086 0.922411
0.652713 0.913813
0.665966 1.4301
0.672592 1.56127
0.679219 1.49948
0.685845 1.00462
0.692472 0.737654
0.705725 0.692091
0.712351 0.625806
0.725604 1.02101
0.732231 0.655036
0.738857 0.687074
0.745484 0.790101
0.75211 0.4663
0.758737 0.536532
0.765363 0.843583
0.77199 0.72775
0.778616 0.742243
0.785243 0.975209
0.791869 0.558991
0.798496 0.603933
0.805123 0.683152
0.811749 0.739316
0.818376 0.650213
0.825002 0.775347
0.831629 1.29806
0.838255 0.505566
0.844882 0.522804
0.851508 0.723308
0.864761 0.606296
0.871388 0.58426
0.878014 0.57861
0.884641 0.536291
0.891267 0.497729
0.897894 1.02119
0.90452 0.333653
0.911147 0.530747
0.917773 0.240417
0.9244 0.382054
0.931026 0.458465
0.937653 0.413998
0.94428 0.762924
0.950906 0.489816
0.957533 0.502119
0.964159 0.646594
0.970786 0.55804
0.977412 0.743192
0.984039 0.474368
0.990665 0.684613
0.997292 0.424937
1.00392 0.611497
1.01054 0.44733
1.01717 0.65215
1.0238 0.440036
1.03042 0.752545
1.03705 0.588947
1.04368 0.627792
1.0503 0.392046
1.05693 0.583146
1.06356 0.780089
1.07018 0.836831
1.07681 0.77433
1.08344 0.596459
1.09006 0.673085
1.09669 0.616222
1.10332 1.01242
1.10994 1.23458
1.11657 0.96729
1.1232 0.764595
1.12982 1.09599
1.13645 1.35367
1.14308 1.07181
1.1497 1.35765
1.15633 1.35708
1.16295 1.36939
1.16958 1.10096
1.17621 1.1099
1.18283 0.943641
1.18946 1.08522
1.19609 0.956013
1.20271 1.23555
1.20934 0.988799
1.21597 1.5112
1.22259 1.42862
1.22922 1.60795
1.23585 0.838324
1.24247 1.01046
1.2491 1.34657
1.25573 1.521
1.26235 1.19483
1.26898 1.48254
1.27561 1.16034
1.28223 1.36493
1.28886 1.06111
1.29549 1.32757
1.30211 1.51431
1.30874 2.02609
1.31536 1.26935
1.32199 1.78511
1.32862 1.86318
1.33524 1.59422
1.34187 1.55095
1.3485 1.02516
1.35512 1.41302
1.36175 1.83773
1.36838 1.91418
1.375 1.66987
1.38163 2.45343
1.38826 1.51736
1.39488 1.38609
1.40151 1.58116
1.40814 1.43868
1.41476 1.17825
1.42139 2.40694
1.42802 1.87246
1.43464 2.42993
1.44127 1.38578
1.4479 1.72342
1.45452 1.43714
1.46115 1.45265
1.46777 1.32109
1.4744 0.716408
1.48103 1.29777
1.48765 1.22662
1.49428 1.35003
1.50091 0.925771
1.50753 1.51194
1.51416 1.1028
1.52079 1.32862
1.52741 1.44542
1.53404 2.03332
1.54067 1.17831
1.54729 1.27183
1.55392 1.08787
1.56055 0.977967
1.56717 0.653086
1.5738 1.40128
1.58043 1.4529
1.58705 1.35251
1.59368 1.44076
1.60031 1.26044
1.60693 0.9025
1.61356 1.34183
1.62018 1.19099
1.62681 1.43101
1.63344 1.06657
1.64006 0.928617
1.64669 0.80796
1.65332 1.18624
1.65994 0.953189
1.66657 1.02056
1.6732 0.755359
1.67982 0.788223
1.68645 0.517769
1.69308 0.73648
1.6997 1.03221
1.70633 0.837017
1.71296 1.00177
1.71958 0.306265
1.72621 1.6887
1.73284 0.772218
1.73946 0.523792
1.74609 0.640932
1.75272 0.579353
1.75934 0.645171
1.76597 0.705663
1.77259 0.684579
1.77922 0.643249
1.78585 0.778633
1.79247 0.769518
1.7991 0.851494
1.80573 0.805069
1.81235 0.537893
1.81898 0.781926
1.82561 0.609632
1.83223 0.502371
1.83886 0.642304
1.84549 0.519853
1.85211 0.492495
1.85874 0.615492
1.86537 0.588165
1.87199 0.704343
1.87862 0.509115
1.88525 0.659008
1.89187 0.950073
1.8985 0.519189
1.90513 0.789423
1.91175 0.82565
1.91838 0.668633
1.925 0.652317
1.93163 0.951321
1.93826 0.891767
1.94488 0.858716
1.95151 0.557027
1.95814 0.558948
1.96476 0.933949
1.97139 0.902134
1.97802 1.36792
1.98464 0.694539
1.99127 1.04177
1.9979 1.03426
2.00452 0.913032
2.01115 1.2338
2.01778 0.721322
2.0244 1.13007
2.03103 0.729113
2.03766 0.627155
2.04428 1.05294
2.05091 0.923921
2.05754 0.870062
2.06416 1.07263
2.07079 0.860765
2.07741 1.00505
2.08404 0.951364
2.09067 0.80209
2.09729 0.732322
2.10392 0.811034
2.11055 0.825834
2.11717 1.01727
2.1238 0.930034
2.13043 0.837824
2.13705 0.647679
2.14368 0.78193
2.15031 0.943242
2.15693 0.949815
2.16356 0.83222
2.17019 0.872426
2.17681 1.08282
2.18344 1.32338
2.19007 1.16616
2.19669 1.41092
2.20332 0.754707
2.20995 0.90036
2.21657 0.975471
2.2232 1.07688
2.22982 0.95808
2.23645 1.15356
2.24308 0.87743
2.2497 1.28287
2.25633 1.10426
2.26296 0.659714
2.26958 0.756251
2.27621 1.19034
2.28284 0.743858
2.28946 0.840384
2.29609 0.851998
2.30272 0.828045
2.30934 0.877213
2.31597 0.966973
2.3226 0.744897
2.32922 0.633879
2.33585 0.786132
2.34248 1.02765
2.3491 0.868567
2.35573 0.854785
2.36236 1.50911
2.36898 1.19831
2.37561 0.85147
2.38223 1.67801
2.38886 0.823043
2.39549 0.874879
2.40211 0.85814
2.40874 0.824548
2.41537 0.793051
2.42199 0.910913
2.42862 1.22744
2.43525 0.651685
2.44187 1.28705
2.4485 1.23117
2.45513 1.70243
2.46175 1.06123
2.46838 0.854971
2.47501 1.06251
2.48163 1.0669
2.48826 1.22054
2.49489 1.09353
2.50151 0.901619
2.50814 0.595698
2.51477 1.33941
2.52139 1.30947
2.52802 1.08886
2.53465 1.02706
2.54127 1.11493
2.5479 1.03534
2.55452 0.92451
2.56115 1.44259
2.56778 0.931218
2.5744 1.3061
2.58103 1.09374
2.58766 0.822051
2.59428 0.734823
2.60091 1.03922
2.60754 0.867467
2.61416 1.15287
2.62079 1.3727
2.62742 1.29259
2.63404 1.27913
2.64067 1.0037
2.6473 1.1098
2.65392 1.25283
2.66055 1.5103
2.66718 1.1007
2.6738 0.999484
2.68043 1.15034
2.68706 0.981322
2.69368 1.23427
2.70031 0.847734
2.70693 1.03154
2.71356 1.06816
2.72019 1.02589
2.72681 0.83167
2.73344 1.08723
2.74007 1.08539
2.74669 1.21333
2.75332 0.849725
2.75995 0.848987
2.76657 0.804008
2.7732 1.14362
2.77983 0.921787
2.78645 0.911357
2.79308 0.878931
2.79971 1.09314
2.80633 0.752362
2.81296 1.15766
2.81959 1.19243
2.82621 1.16466
2.83284 1.25829
2.83947 0.906466
2.84609 1.03182
2.85272 1.07808
2.85934 1.12263
2.86597 1.13889
2.8726 1.06666
2.87922 1.10911
2.88585 0.820398
2.89248 1.12758
2.8991 1.17024
2.90573 0.865995
2.91236 1.36009
2.91898 1.05782
2.92561 1.10203
2.93224 1.0378
2.93886 1.03964
2.94549 1.27697
2.95212 0.862295
2.95874 1.32237
2.96537 1.04671
2.972 1.05296
2.97862 1.09535
2.98525 0.964784
2.99188 1.42273
2.9985 1.14095
3.00513 1.13215
3.01175 1.36789
3.01838 0.865542
3.02501 1.08112
3.03163 1.10873
3.03826 0.794407
3.04489 1.0225
3.05151 0.977725
3.05814 0.960237
3.06477 0.889668
3.07139 1.0783
3.07802 0.854607
3.08465 1.16881
3.09127 1.02027
3.0979 0.671671
3.10453 0.973854
3.11115 1.13194
3.11778 1.07064
3.12441 0.917878
3.13103 0.839627
3.13766 0.97724
3.14429 0.815106
3.15091 0.780858
3.15754 0.864344
3.16416 1.20733
3.17079 0.936115
3.17742 0.958331
3.18404 1.04122
3.19067 0.826049
3.1973 0.776442
3.20392 0.875856
3.21055 0.801753
3.21718 1.1724
3.2238 1.30376
3.23043 0.909719
3.23706 0.670489
3.24368 1.21576
3.25031 0.754744
3.25694 1.08877
3.26356 0.902512
3.27019 0.610685
3.27682 1.22207
3.28344 0.744774
3.29007 0.974794
3.2967 1.1482
3.30332 1.1142
3.30995 0.800006
