0.104 0.000533858
0.136 0.000677115
0.2 0.000206615
0.216 0.000330754
0.28 0.00979091
0.296 0.0023801
0.312 0.00627295
0.36 0.0253741
0.392 0.0470912
0.408 0.0216411
0.424 0.0192407
0.44 0.00780426
0.504 0.050659
0.536 0.0318767
0.568 0.106761
0.584 0.133232
0.6 0.143242
0.616 0.1803
0.632 0.556891
0.648 0.115103
0.664 0.436233
0.696 0.187558
0.712 0.11926
0.728 0.258084
0.76 0.13903
0.776 0.298087
0.792 1.05325
0.808 0.298443
0.824 0.251573
0.856 0.870718
0.888 1.23653
0.904 1.56145
0.92 0.729044
0.936 1.43181
0.952 1.3947
0.984 1.04169
1 0.900523
1.016 2.68484
1.032 2.17411
1.048 1.64777
1.064 0.424699
1.08 1.50662
1.096 1.56997
1.112 2.61859
1.128 0.585854
1.144 2.13916
1.16 2.57722
1.176 3.0372
1.208 1.91089
1.224 1.97158
1.24 1.49829
1.256 0.56419
1.272 1.55859
1.288 1.09099
1.304 1.21584
1.32 0.889457
1.336 0.825209
1.352 0.56794
1.368 0.688596
1.384 1.61307
1.4 0.492536
1.416 0.480621
1.432 0.622278
1.448 0.613686
1.464 0.89246
1.48 0.950924
1.496 0.451831
1.512 0.431869
1.528 0.775086
1.56 0.720637
1.576 0.641965
1.608 0.621941
1.624 0.957848
1.64 0.46519
1.656 1.30685
1.672 0.609764
1.704 0.643056
1.72 0.818349
1.752 1.0663
1.768 0.55312
1.784 0.724196
1.8 0.722643
1.816 1.07725
1.832 1.09456
1.848 0.769204
1.864 0.755301
1.88 0.461304
1.896 0.991317
1.912 0.790377
1.928 0.88911
1.944 0.867117
1.96 1.79157
1.976 1.073
1.992 1.25784
2.008 1.10817
2.024 1.10123
2.04 1.27595
2.056 1.16098
2.088 1.09872
2.104 1.33468
2.12 1.17253
2.136 1.00521
2.152 1.09299
2.168 3.17341
2.184 1.03168
2.2 1.07254
2.216 0.903107
2.232 1.04923
2.248 1.35151
2.264 0.974966
2.28 0.821248
2.296 1.08154
2.312 1.45787
2.328 1.24163
2.344 1.36166
2.36 0.826657
2.376 0.682429
2.392 2.16557
2.408 1.22446
2.424 1.01031
2.44 0.786893
2.456 1.63213
2.472 0.898086
2.488 1.97363
2.504 1.00174
2.52 1.36552
2.536 0.89358
2.552 0.841161
2.568 0.936472
2.584 1.5742
2.6 0.91286
2.616 1.09111
2.632 1.01652
2.648 1.54665
2.664 0.686767
2.68 0.482578
2.696 0.823805
2.712 0.697528
2.728 0.714201
2.744 1.30517
2.76 0.599573
2.776 0.569363
2.792 0.657589
2.808 0.544677
2.824 0.877166
2.84 0.788305
2.856 1.32932
2.872 0.511375
2.888 0.772965
2.904 1.07462
2.92 0.853512
2.936 0.917313
2.952 0.631236
2.968 1.16666
2.984 0.69662
3 0.890106
3.016 0.980263
3.032 1.17711
3.048 1.2178
3.064 0.581529
3.08 1.06045
3.096 0.953374
3.112 0.89333
3.128 1.3699
3.144 0.835818
3.16 1.47341
3.176 0.996601
3.192 1.17288
3.208 0.896865
3.224 0.986349
3.24 1.28266
3.256 1.4469
3.272 1.33254
3.288 1.27521
3.304 1.33011
3.32 0.859387
3.336 1.01672
3.352 1.29815
3.368 0.805596
3.384 0.595079
3.4 0.737463
3.416 1.09636
3.432 0.918564
3.448 1.15961
3.464 0.851673
3.48 0.533545
3.496 1.33449
3.512 0.588878
3.528 1.22811
3.544 1.14824
3.56 1.01961
3.576 0.826746
3.592 1.01012
3.608 1.0245
3.624 1.02812
3.64 1.24123
3.656 0.844579
3.672 0.49439
3.688 1.43067
3.704 0.856555
3.72 1.2249
3.736 0.596959
3.752 1.02793
3.768 1.27951
3.784 1.03112
3.8 0.913149
3.816 1.80968
3.832 1.12879
3.848 0.768627
3.864 1.3111
3.88 0.811715
3.896 1.09779
3.912 0.841307
3.928 0.80644
3.944 1.16159
3.96 1.16345
3.976 0.674819
3.992 0.740523
4.008 0.858138
4.024 0.835962
4.04 0.876022
4.056 0.447835
4.072 1.17065
4.088 1.2834
4.104 0.908729
4.12 0.958826
4.136 1.08968
4.152 0.873917
4.168 1.19358
4.184 0.887394
4.2 1.08034
4.216 0.967703
4.232 0.720173
4.248 0.781522
4.264 0.83946
4.28 1.01509
4.296 1.09769
4.312 1.05477
4.328 0.731202
4.344 1.097
4.36 0.715459
4.376 1.26035
4.392 0.961001
4.408 0.926968
4.424 1.22731
4.44 1.41565
4.456 0.82642
4.472 1.02023
4.488 1.20383
4.504 0.948472
4.52 1.10304
4.536 1.30632
4.552 0.853482
4.568 0.926889
4.584 0.820664
4.6 1.25849
4.616 1.13449
4.632 0.548563
4.648 2.04478
4.664 0.927029
4.68 1.13358
4.696 1.06626
4.712 0.933892
4.728 0.7855
4.744 0.998481
4.76 0.893844
4.776 1.12653
4.792 0.694184
4.808 1.21928
4.824 1.05396
4.84 1.26386
4.856 0.965472
4.872 0.664389
4.888 0.728901
4.904 0.640626
4.92 0.998218
4.936 0.998971
4.952 0.895681
4.968 0.843223
4.984 1.28217
5 0.891304
5.016 0.940034
5.032 0.807873
5.048 0.870849
5.064 1.22922
5.08 0.954646
5.096 1.04401
5.112 0.911281
5.128 0.838558
5.144 0.852656
5.16 1.0589
5.176 0.601429
5.192 1.03214
5.208 0.885709
5.224 0.993909
5.24 0.977536
5.256 1.2532
5.272 1.084
5.288 1.07481
5.304 1.00553
5.32 0.923058
5.336 0.874984
5.352 0.984865
5.368 1.17079
5.384 1.11231
5.4 1.52266
5.416 0.979644
5.432 0.758463
5.448 0.718302
5.464 1.08512
5.48 1.02182
5.496 1.02211
5.512 1.10162
5.528 1.17137
5.544 1.15778
5.56 0.808952
5.576 0.91432
5.592 1.12999
5.608 0.864242
5.624 1.06263
5.64 1.16562
5.656 0.912068
5.672 0.702155
5.688 1.34768
5.704 1.03157
5.72 1.1906
5.736 0.845459
5.752 0.971966
5.768 0.831437
5.784 1.24141
5.8 0.790154
5.816 1.03506
5.832 1.31795
5.848 1.03424
5.864 1.09945
5.88 0.941318
5.896 0.98962
5.912 0.804661
5.928 1.00371
5.944 1.15001
5.96 0.80892
5.976 1.14723
5.992 0.607296
6.008 0.925543
6.024 0.787993
6.04 1.03049
6.056 1.08681
6.072 0.759313
6.088 0.923851
6.104 0.759636
6.12 1.21768
6.136 0.943315
6.152 0.977217
6.168 1.39473
6.184 0.891047
6.2 1.16908
6.216 1.32178
6.232 1.16495
6.248 1.08811
6.264 0.806096
6.28 0.90598
6.296 0.734589
6.312 1.12886
6.328 1.02733
6.344 1.1026
6.36 1.04764
6.376 0.689141
6.392 1.1492
6.408 1.04034
6.424 0.933555
6.44 0.943647
6.456 0.770531
6.472 1.32574
6.488 1.02653
6.504 0.950509
6.52 1.17025
6.536 0.721274
6.552 0.856578
6.568 0.831897
6.584 0.945684
6.6 1.13447
6.616 0.928352
6.632 1.09574
6.648 0.958304
6.664 1.0498
6.68 1.08785
6.696 0.931358
6.712 1.22516
6.728 1.04499
6.744 0.804377
6.76 1.22101
6.776 1.01898
6.792 1.12988
6.808 0.945132
6.824 1.15933
6.84 1.28589
6.856 1.22315
6.872 0.873284
6.888 1.11097
6.904 1.06629
6.92 1.00217
6.936 0.877712
6.952 0.950431
6.968 0.912579
6.984 1.26013
7 0.804043
7.016 0.84765
7.032 0.780058
7.048 0.647463
7.064 0.999617
7.08 0.813048
7.096 1.04974
7.112 0.942597
7.128 0.997167
7.144 0.809112
7.16 0.996134
7.176 0.981841
7.192 0.875847
7.208 1.12008
7.224 1.35033
7.24 1.00427
7.256 1.07976
7.272 0.974023
7.288 1.13872
7.304 0.936476
7.32 0.774366
7.336 0.867589
7.352 0.980493
7.368 0.803152
7.384 0.903589
7.4 0.987708
7.416 1.18161
7.432 1.07303
7.448 1.13141
7.464 0.953195
7.48 1.0631
7.496 0.988293
7.512 0.944149
7.528 1.11506
7.544 1.03699
7.56 0.988664
7.576 1.08674
7.592 1.15676
7.608 0.870833
7.624 1.05079
7.64 1.02578
7.656 0.855823
7.672 1.02008
7.688 0.819921
7.704 1.09347
7.72 1.00177
7.736 0.915968
7.752 0.585336
7.768 0.858273
7.784 1.49313
7.8 0.984253
7.816 1.06402
7.832 0.921417
7.848 1.0641
7.864 0.776743
7.88 1.06235
7.896 0.815335
7.912 0.770914
7.928 1.31392
7.944 1.1986
7.96 1.05348
7.976 0.728643
7.992 0.634907
