0.160475 0.996923
0.209853 0.273901
0.308607 0.508599
0.333295 0.25418
0.432049 0.406615
0.456738 0.121937
0.481426 0.530898
0.555492 0.233751
0.604869 0.20069
0.629558 0.270953
0.654246 0.26595
0.678935 0.930785
0.777689 0.914177
0.827066 0.2532
0.876443 0.651934
0.901132 0.650474
0.92582 0.975862
0.950509 0.663689
0.975197 0.992566
0.999886 0.647742
1.02457 0.158227
1.07395 0.524804
1.09864 0.624927
1.12333 0.609522
1.17271 1.09108
1.19739 1.19135
1.22208 1.9778
1.24677 1.15441
1.27146 1.09364
1.32084 1.43155
1.37021 0.957203
1.3949 1.16369
1.41959 1.48208
1.44428 0.412099
1.46897 1.23801
1.51834 2.23216
1.54303 1.18518
1.56772 1.575
1.59241 0.797604
1.6171 0.620273
1.64179 0.640142
1.66648 1.67131
1.69116 1.78677
1.71585 0.844871
1.74054 1.13587
1.76523 1.25536
1.78992 2.22442
1.81461 0.750428
1.86398 0.86709
1.88867 1.30337
1.91336 0.735944
1.93805 0.614655
1.96274 0.904213
1.98743 0.925932
2.01212 0.644335
2.0368 0.560543
2.06149 0.757342
2.08618 1.37166
2.11087 0.821701
2.13556 0.653095
2.16025 0.943301
2.18494 1.09147
2.20962 0.669704
2.23431 0.631813
2.259 1.40247
2.28369 0.794318
2.30838 0.892146
2.33307 0.755035
2.35776 0.603521
2.40713 0.729218
2.43182 1.60026
2.4812 1.15243
2.50589 1.13878
2.53057 2.0137
2.55526 0.884197
2.57995 1.15198
2.62933 0.91417
2.65402 1.63733
2.70339 0.841957
2.72808 0.971667
2.75277 0.737661
2.77746 0.7421
2.80215 1.32711
2.82684 1.038
2.85153 1.00752
2.87621 1.22953
2.9009 0.802054
2.92559 1.27411
2.95028 1.0122
2.97497 1.35701
2.99966 1.21688
3.02435 1.15013
3.04903 0.811913
3.07372 0.863102
3.09841 1.28089
3.1231 0.995153
3.14779 0.845232
3.17248 1.01418
3.22185 1.43569
3.24654 1.24127
3.27123 0.781599
3.29592 0.486358
3.32061 1.31728
3.3453 0.521328
3.36999 1.60943
3.39467 0.634252
3.41936 0.762429
3.44405 1.48618
3.46874 0.652628
3.49343 0.86964
3.51812 1.13247
3.5428 0.832337
3.56749 0.916813
3.59218 0.946722
3.61687 1.09471
3.64156 0.485315
3.66625 0.820929
3.69094 1.22029
3.71562 0.594988
3.74031 0.944109
3.765 0.837614
3.78969 0.975124
3.81438 0.848388
3.83907 1.44855
3.86376 1.18356
3.88844 0.783172
3.91313 0.853686
3.93782 0.999352
3.96251 1.08638
3.9872 1.64862
4.01189 1.12662
4.03658 1.49283
4.06126 0.860268
4.08595 0.980389
4.11064 0.808208
4.13533 1.23203
4.16002 1.65716
4.18471 1.58689
4.2094 0.950126
4.23408 1.03201
4.25877 0.956438
4.28346 1.08076
4.30815 1.09727
4.33284 0.865372
4.35753 1.23
4.38222 1.16722
4.4069 0.567396
4.43159 0.54891
4.45628 0.396937
4.48097 1.31037
4.50566 0.748765
4.53035 1.18949
4.55503 0.596218
4.57972 0.792103
4.60441 0.801009
4.6291 1.14819
4.65379 0.928459
4.67848 1.54472
4.70317 0.973764
4.72785 0.723592
4.75254 0.947153
4.77723 0.893998
4.80192 0.874673
4.82661 0.80706
4.8513 0.925796
4.87599 0.852515
4.90067 0.854476
4.92536 0.971688
4.95005 1.33689
4.97474 1.07804
4.99943 0.583618
5.02412 1.06423
5.04881 0.972259
5.07349 1.63025
5.09818 0.662737
5.12287 1.07425
5.14756 1.03557
5.17225 0.958282
5.19694 0.820333
5.22163 0.898917
5.24631 0.980648
5.271 0.778277
5.29569 0.866371
5.32038 1.18157
5.34507 1.14025
5.36976 1.11628
5.39445 1.10751
5.41913 1.27296
5.44382 1.03813
5.46851 1.27317
5.4932 0.759241
5.51789 1.07585
5.54258 0.994873
5.56726 0.84781
5.59195 0.878241
5.61664 1.07236
5.64133 1.193
5.66602 1.15558
5.69071 0.658085
5.7154 1.02682
5.74008 0.756446
5.76477 1.02281
5.78946 1.39348
5.81415 1.33182
5.83884 1.14613
5.86353 0.826693
5.88822 1.19023
5.9129 0.894397
5.93759 0.809138
5.96228 1.08412
5.98697 0.872305
6.01166 0.949149
6.03635 0.720058
6.06104 0.948319
6.08572 1.16083
6.11041 0.924125
6.1351 1.12646
6.15979 0.926563
6.18448 0.778074
6.20917 1.08001
6.23386 0.79786
6.25854 0.897627
6.28323 0.942373
6.30792 0.61413
6.33261 0.846651
6.3573 0.775874
6.38199 1.26108
6.40668 1.46688
6.43136 1.01726
6.45605 1.15056
6.48074 0.912807
6.50543 1.30572
6.53012 1.88405
6.55481 0.950432
6.57949 1.39999
6.60418 0.848369
6.62887 0.843059
6.65356 0.738543
6.67825 1.37588
6.70294 1.05854
6.72763 0.846674
6.75231 1.2754
6.777 0.971151
6.80169 1.06164
6.82638 1.17279
6.85107 1.5786
6.87576 1.11027
6.90045 0.702644
6.92513 0.71091
6.94982 0.84296
6.97451 1.00823
6.9992 0.804261
7.02389 0.509254
7.04858 1.07001
7.07327 1.13674
7.09795 1.00474
7.12264 1.24231
7.14733 1.46065
7.17202 1.17932
7.19671 0.75723
7.2214 1.16897
7.24609 0.818045
7.27077 0.995286
7.29546 0.678543
7.32015 0.871868
7.34484 1.05356
7.36953 1.22262
7.39422 1.1607
7.41891 0.904439
7.44359 1.22382
7.46828 1.16492
7.49297 1.32252
7.51766 0.981929
7.54235 0.863038
7.56704 0.688368
7.59172 0.699561
7.61641 0.777175
7.6411 1.06502
7.66579 0.971836
7.69048 1.03116
7.71517 0.77489
7.73986 0.837504
7.76454 1.10407
7.78923 0.991415
7.81392 0.917163
7.83861 1.07917
7.8633 1.18464
7.88799 0.912869
7.91268 1.13955
7.93736 1.03797
7.96205 0.886357
7.98674 1.52345
8.01143 0.911173
8.03612 1.05751
8.06081 1.26196
8.0855 0.965823
8.11018 1.09669
8.13487 1.04921
8.15956 0.974389
8.18425 1.14195
8.20894 1.20106
8.23363 1.0149
8.25832 1.27276
8.283 0.951595
8.30769 0.997628
8.33238 0.91086
8.35707 1.03552
8.38176 1.14
8.40645 0.75454
8.43114 0.973089
8.45582 1.03826
8.48051 0.856951
8.5052 0.879462
8.52989 0.900456
8.55458 1.09257
8.57927 1.01565
8.60395 1.26564
8.62864 0.875618
8.65333 1.06917
8.67802 0.941308
8.70271 0.982183
8.7274 1.22484
8.75209 1.11599
8.77677 0.518846
8.80146 1.19928
8.82615 1.14937
8.85084 1.07153
8.87553 1.0736
8.90022 0.849053
8.92491 0.906695
8.94959 1.05065
8.97428 0.794825
8.99897 0.996287
9.02366 0.928378
9.04835 0.972757
9.07304 0.999685
9.09773 0.750874
9.12241 0.814936
9.1471 1.05707
9.17179 0.962604
9.19648 1.08196
9.22117 0.948087
9.24586 1.47155
9.27055 1.18362
9.29523 0.959645
9.31992 1.19341
9.34461 0.937748
9.3693 0.8221
9.39399 0.797287
9.41868 0.779794
9.44337 1.00729
9.46805 0.903685
9.49274 0.838636
9.51743 1.31787
9.54212 1.06722
9.56681 0.951469
9.5915 0.988474
9.61618 0.977552
9.64087 1.07478
9.66556 1.18724
9.69025 0.868017
9.71494 1.05486
9.73963 1.19079
9.76432 0.966596
9.789 1.12477
9.81369 1.3901
9.83838 1.13165
9.86307 0.689138
9.88776 0.648074
9.91245 1.03115
9.93714 0.845019
9.96182 1.01905
9.98651 1.17192
10.0112 0.873877
10.0359 1.10032
10.0606 1.00939
10.0853 0.91339
10.11 1.32735
10.1346 0.441157
10.1593 0.787939
10.184 0.970916
10.2087 0.949387
10.2334 0.801009
10.2581 1.13701
10.2828 1.01372
10.3075 0.959336
10.3322 0.819951
10.3568 1.04007
10.3815 0.912618
10.4062 0.967461
10.4309 0.841814
10.4556 0.919981
10.4803 0.916735
10.505 1.1544
10.5297 1.29843
10.5543 1.00041
10.579 0.954352
10.6037 1.23322
10.6284 1.17831
10.6531 1.11911
10.6778 1.05199
10.7025 1.11332
10.7272 1.01195
10.7519 0.92854
10.7765 0.960581
10.8012 1.03054
10.8259 1.13241
10.8506 1.10685
10.8753 1.26869
10.9 1.08715
10.9247 1.10679
10.9494 0.830691
10.9741 0.91863
10.9987 1.05081
11.0234 0.802284
11.0481 0.826878
11.0728 0.70506
11.0975 0.981728
11.1222 1.08088
11.1469 1.08271
11.1716 1.00165
11.1963 0.880249
11.2209 0.65665
11.2456 0.735203
11.2703 1.09877
11.295 1.28436
11.3197 0.834539
11.3444 0.821931
11.3691 0.785545
11.3938 1.2068
11.4184 0.990724
11.4431 1.14957
11.4678 0.797259
11.4925 1.02223
11.5172 1.00372
11.5419 0.790904
11.5666 0.996915
11.5913 1.15301
11.616 0.967409
11.6406 1.34286
11.6653 0.802653
11.69 0.967872
11.7147 1.1911
11.7394 1.01733
11.7641 1.0798
11.7888 0.804044
11.8135 1.32625
11.8382 0.779558
11.8628 1.16587
11.8875 1.194
11.9122 0.972697
11.9369 0.964761
11.9616 0.908671
11.9863 0.508975
12.011 1.0883
12.0357 0.915468
12.0603 0.729708
12.085 1.0366
12.1097 1.09128
12.1344 0.882111
12.1591 1.00155
12.1838 1.20035
12.2085 0.745487
12.2332 0.820246
12.2579 1.15692
12.2825 1.06357
12.3072 0.998484
12.3319 1.25564
