0.0600444 0.000134169
0.0785196 9.50751e-06
0.11547 0.000767092
0.124708 0.000272467
0.161658 0.00319805
0.170896 0.000733218
0.180133 0.00430592
0.207846 0.0120287
0.226321 0.00169007
0.235559 0.0110747
0.244797 0.00852309
0.254034 0.00293849
0.290985 0.0154975
0.30946 0.0189354
0.327935 0.0261699
0.337173 0.0175758
0.34641 0.0394707
0.355648 0.0313085
0.364885 0.0391812
0.374123 0.0537765
0.383361 0.0317006
0.401836 0.0134231
0.411073 0.0449803
0.420311 0.0220042
0.438786 0.0527435
0.448024 0.0908
0.457261 0.0470214
0.466499 0.056808
0.475737 0.0899603
0.494212 0.0717926
0.512687 0.113416
0.521925 0.039627
0.531162 0.143747
0.5404 0.186345
0.549637 0.192544
0.568113 0.0957398
0.57735 0.10905
0.586588 0.0986654
0.595825 0.202709
0.605063 0.10493
0.614301 0.25072
0.623538 0.183763
0.632776 0.28865
0.642013 0.0719882
0.651251 0.227838
0.660489 0.151384
0.669726 0.126309
0.678964 0.116364
0.697439 0.292779
0.706677 0.286214
0.715914 0.132072
0.725152 0.261658
0.73439 0.163771
0.743627 0.0989264
0.752865 0.355039
0.762102 0.672072
0.77134 0.305338
0.780578 0.441988
0.789815 0.464586
0.799053 0.479115
0.80829 0.509459
0.817528 0.365356
0.826766 0.231078
0.836003 0.48831
0.845241 0.419698
0.854478 0.71614
0.863716 0.624339
0.872954 0.479931
0.882191 0.738738
0.900666 0.599385
0.909904 0.935841
0.928379 1.2432
0.937617 1.66289
0.946854 0.763449
0.956092 1.02725
0.96533 0.566892
0.983805 1.16763
0.993042 1.24506
1.01152 1.87279
1.02076 1.93749
1.02999 1.12501
1.03923 1.44723
1.04847 0.928705
1.05771 2.31351
1.06694 2.12946
1.07618 1.65854
1.08542 2.80374
1.09466 1.53378
1.10389 1.70933
1.11313 2.18188
1.12237 2.11268
1.13161 2.41209
1.14084 2.58188
1.15008 2.37482
1.15932 2.59345
1.16856 3.14855
1.17779 0.97525
1.18703 2.28081
1.20551 2.34589
1.21474 1.72015
1.22398 2.06595
1.23322 1.31853
1.24246 1.41731
1.2517 2.85946
1.26093 3.82192
1.27017 1.27328
1.27941 0.973138
1.28865 0.906269
1.29788 1.38428
1.30712 0.735274
1.31636 1.02497
1.3256 0.798844
1.33483 0.700024
1.34407 0.759698
1.35331 1.56338
1.36255 0.850454
1.37178 1.29389
1.38102 0.999774
1.39026 0.618994
1.3995 0.804792
1.40873 0.795198
1.41797 1.0301
1.42721 0.552711
1.43645 0.544232
1.44569 0.789896
1.45492 0.952642
1.46416 0.355478
1.4734 0.595199
1.48264 1.09629
1.49187 0.304933
1.50111 0.787154
1.51035 0.518949
1.51959 0.445477
1.52882 0.842144
1.53806 0.541076
1.5473 0.623168
1.55654 0.599792
1.56577 0.415772
1.57501 1.03224
1.58425 0.732269
1.59349 0.802147
1.60272 0.555237
1.61196 0.945824
1.6212 1.02837
1.63044 0.511939
1.63967 0.739044
1.64891 0.535044
1.65815 0.919799
1.66739 0.798677
1.67663 0.567613
1.68586 0.493308
1.6951 0.75563
1.70434 0.801079
1.71358 0.531159
1.72281 0.316031
1.73205 0.381219
1.74129 0.682761
1.75053 0.449677
1.75976 0.59278
1.769 0.635981
1.77824 0.659151
1.78748 1.04755
1.79671 0.640643
1.80595 0.871846
1.81519 0.589499
1.82443 0.472148
1.83366 0.546906
1.8429 1.20525
1.85214 0.730815
1.86138 0.798385
1.87061 0.726757
1.87985 0.677458
1.88909 0.520981
1.89833 0.564866
1.90757 0.593746
1.9168 0.739897
1.92604 0.921918
1.93528 1.26226
1.94452 0.574629
1.95375 0.850078
1.96299 0.783172
1.97223 0.98454
1.98147 0.624916
1.9907 0.938124
1.99994 0.56484
2.00918 0.81654
2.01842 0.930818
2.02765 0.703873
2.03689 1.26367
2.04613 0.824399
2.05537 1.20449
2.0646 1.3372
2.07384 0.613497
2.08308 1.00049
2.09232 0.615403
2.10155 1.53693
2.11079 0.987675
2.12003 1.32762
2.12927 1.42806
2.13851 1.34035
2.14774 1.41258
2.15698 1.27673
2.16622 1.06114
2.17546 1.67186
2.18469 2.219
2.19393 1.6258
2.20317 1.29064
2.21241 1.76504
2.22164 1.54272
2.23088 1.45468
2.24012 1.11828
2.24936 1.49541
2.25859 1.13187
2.26783 1.86242
2.27707 1.04704
2.28631 1.69871
2.29554 1.28106
2.30478 1.56829
2.31402 1.36762
2.32326 1.56858
2.3325 1.88459
2.34173 1.32277
2.35097 1.98139
2.36021 1.69224
2.36945 1.07325
2.37868 1.14391
2.38792 1.20554
2.39716 1.16013
2.4064 1.51907
2.41563 1.32342
2.42487 1.14143
2.43411 1.03747
2.44335 1.43374
2.45258 1.27031
2.46182 1.49
2.47106 0.947349
2.4803 1.26217
2.48953 0.807816
2.49877 0.634922
2.50801 1.0075
2.51725 1.17555
2.52648 1.19172
2.53572 1.20998
2.54496 1.00483
2.5542 1.124
2.56344 0.651439
2.57267 0.810604
2.58191 0.863069
2.59115 1.0397
2.60039 1.14388
2.60962 0.777578
2.61886 0.723439
2.6281 0.731935
2.63734 0.835861
2.64657 1.00821
2.65581 0.873802
2.66505 0.780757
2.67429 0.576731
2.68352 0.844968
2.69276 0.6926
2.702 0.734049
2.71124 0.336776
2.72047 0.619042
2.72971 1.18483
2.73895 0.701508
2.74819 0.456319
2.75742 0.543749
2.76666 0.784218
2.7759 0.694754
2.78514 0.666671
2.79438 0.875737
2.80361 0.791951
2.81285 0.735231
2.82209 0.683437
2.83133 0.811955
2.84056 0.650367
2.8498 0.823437
2.85904 0.52434
2.86828 0.628444
2.87751 0.555425
2.88675 0.461458
2.89599 0.921057
2.90523 0.596408
2.91446 0.578502
2.9237 0.571297
2.93294 1.26222
2.94218 0.662045
2.95141 0.761883
2.96065 0.793971
2.96989 0.850536
2.97913 0.757343
2.98836 0.774523
2.9976 1.1263
3.00684 0.592383
3.01608 0.573827
3.02532 0.915777
3.03455 0.886122
3.04379 0.745736
3.05303 0.792174
3.06227 0.728568
3.0715 0.898823
3.08074 0.761946
3.08998 0.607328
3.09922 1.16153
3.10845 0.722405
3.11769 1.00364
3.12693 1.09172
3.13617 1.42882
3.1454 0.665366
3.15464 0.947347
3.16388 1.0211
3.17312 1.02734
3.18235 0.873269
3.19159 1.25789
3.20083 1.07828
3.21007 1.27498
3.21931 1.86415
3.22854 1.09834
3.23778 1.17332
3.24702 1.52892
3.25626 1.41999
3.26549 1.23829
3.27473 1.58395
3.28397 1.4149
3.29321 1.66849
3.30244 1.36908
3.31168 1.31008
3.32092 1.42237
3.33016 1.35083
3.33939 1.57703
3.34863 1.24221
3.35787 0.937984
3.36711 1.85492
3.37634 1.213
3.38558 1.10873
3.39482 1.59914
3.40406 1.35229
3.41329 1.08691
3.42253 1.09465
3.43177 1.02361
3.44101 1.16945
3.45025 0.960766
3.45948 1.37675
3.46872 1.38679
3.47796 1.38883
3.4872 1.3683
3.49643 1.58417
3.50567 1.47921
3.51491 1.39105
3.52415 1.02233
3.53338 0.788702
3.54262 1.18673
3.55186 1.15431
3.5611 1.14319
3.57033 1.27901
3.57957 0.674491
3.58881 1.16991
3.59805 1.24138
3.60728 1.20741
3.61652 0.99755
3.62576 1.12206
3.635 0.907147
3.64423 0.950176
3.65347 0.747219
3.66271 1.08679
3.67195 0.882553
3.68119 0.740647
3.69042 1.02447
3.69966 0.759971
3.7089 0.79905
3.71814 1.11113
3.72737 0.80897
3.73661 1.23142
3.74585 0.933108
3.75509 0.816131
3.76432 0.88766
3.77356 0.81974
3.7828 0.722658
3.79204 0.822779
3.80127 0.751245
3.81051 0.666977
3.81975 0.773202
3.82899 0.70922
3.83822 0.780616
3.84746 0.719643
3.8567 1.1567
3.86594 1.09003
3.87518 0.813635
3.88441 0.878407
3.89365 1.04973
3.90289 0.69314
3.91213 0.901159
3.92136 0.641193
3.9306 0.629335
3.93984 0.810081
3.94908 0.69055
3.95831 0.703636
3.96755 0.685005
3.97679 0.854979
3.98603 0.684538
3.99526 0.449944
4.0045 0.87125
4.01374 0.757466
4.02298 0.59145
4.03221 0.837237
4.04145 0.72766
4.05069 1.12839
4.05993 0.74422
4.06916 0.524221
4.0784 0.838748
4.08764 0.777978
4.09688 0.847059
4.10612 0.843957
4.11535 0.699658
4.12459 0.748534
4.13383 0.79465
4.14307 0.894434
4.1523 0.841877
4.16154 0.811993
4.17078 1.0484
4.18002 0.98211
4.18925 0.874935
4.19849 1.085
4.20773 1.02068
4.21697 0.953327
4.2262 1.13046
4.23544 0.694425
4.24468 0.888993
4.25392 1.19287
4.26315 0.889947
4.27239 0.966731
4.28163 0.987305
4.29087 1.02313
4.3001 1.27833
4.30934 1.14822
4.31858 1.00379
4.32782 1.48084
4.33706 1.07438
4.34629 1.25444
4.35553 0.629246
4.36477 1.13841
4.37401 1.13779
4.38324 1.5144
4.39248 1.19584
4.40172 1.41768
4.41096 1.38552
4.42019 1.24015
4.42943 1.20374
4.43867 1.70803
4.44791 1.20863
4.45714 1.52569
4.46638 1.03466
4.47562 1.26974
4.48486 1.58301
4.49409 1.10798
4.50333 1.29657
4.51257 1.2578
4.52181 1.38043
4.53104 1.20541
4.54028 1.2089
4.54952 1.52717
4.55876 1.82316
4.568 1.10837
4.57723 1.47297
4.58647 1.21609
4.59571 1.00703
4.60495 0.672116
4.61418 0.932173
