0.0431094 0.334408
0.0563738 0.164547
0.0829027 0.241895
0.0895349 0.0706191
0.116064 0.0149101
0.122696 0.244284
0.129328 0.0963766
0.149225 0.0415176
0.162489 0.347835
0.169121 0.07215
0.175754 0.0100261
0.182386 0.0774679
0.208915 0.111734
0.222179 0.0351841
0.235444 0.0372893
0.242076 0.0766685
0.248708 0.191921
0.25534 0.069956
0.261972 0.0389394
0.268605 0.0235225
0.275237 0.0342273
0.288501 0.185419
0.295133 0.0506563
0.301766 0.0540048
0.31503 0.0370747
0.321662 0.0797565
0.328295 0.425374
0.334927 0.0671136
0.341559 0.0319319
0.354823 0.0406053
0.368088 0.0782215
0.37472 0.117742
0.381352 0.0637867
0.387984 0.0668236
0.394617 0.122691
0.407881 0.0978173
0.414513 0.115145
0.421146 0.0144084
0.427778 0.0908231
0.43441 0.0964746
0.441042 0.0529757
0.447674 0.0506233
0.454307 0.318753
0.460939 0.064415
0.467571 0.0752444
0.474203 0.0873273
0.480835 0.174828
0.487468 0.0827997
0.500732 0.0804762
0.507364 0.0896722
0.513997 0.0830767
0.520629 0.189571
0.527261 0.116782
0.533893 0.11325
0.540525 0.215775
0.547158 0.129693
0.55379 0.212397
0.560422 0.310831
0.567054 0.309005
0.573686 0.398228
0.580319 0.314228
0.586951 0.240165
0.593583 0.11971
0.600215 0.179978
0.606848 0.413208
0.61348 0.293234
0.620112 0.394507
0.626744 0.37589
0.633376 0.423889
0.646641 0.550646
0.653273 0.634882
0.666537 0.733416
0.67317 1.07784
0.679802 0.371457
0.686434 0.741801
0.693066 0.566498
0.706331 0.916199
0.712963 0.695427
0.726227 1.44787
0.73286 0.989363
0.739492 0.977661
0.746124 1.05908
0.752756 0.778739
0.759388 1.62752
0.766021 1.07077
0.772653 1.02509
0.779285 1.7414
0.785917 1.36021
0.792549 0.8049
0.799182 1.34137
0.805814 0.969694
0.812446 1.00403
0.819078 0.971854
0.825711 1.04074
0.832343 0.827971
0.838975 1.65502
0.845607 0.679321
0.852239 0.679043
0.865504 0.736379
0.872136 0.651053
0.878768 0.458897
0.8854 0.665955
0.892033 0.401705
0.898665 0.254073
0.905297 0.272332
0.911929 0.356515
0.918562 0.582753
0.925194 0.231807
0.931826 0.405287
0.938458 0.312289
0.94509 0.406639
0.951723 0.433959
0.958355 0.420827
0.964987 0.29201
0.971619 0.337871
0.978251 0.44781
0.984884 0.466425
0.991516 0.291828
0.998148 0.339378
1.00478 0.451454
1.01141 0.389137
1.01804 0.637832
1.02468 0.388316
1.03131 0.674664
1.03794 0.761221
1.04457 0.618518
1.05121 0.486516
1.05784 0.896522
1.06447 0.575067
1.0711 0.360303
1.07773 0.64174
1.08437 0.559684
1.091 0.536621
1.09763 0.886076
1.10426 0.550884
1.1109 1.09354
1.11753 0.519211
1.12416 1.09875
1.13079 0.844202
1.13742 1.03135
1.14406 1.011
1.15069 1.04852
1.15732 1.41724
1.16395 0.957503
1.17059 1.20875
1.17722 1.35341
1.18385 1.11721
1.19048 1.62201
1.19711 0.523783
1.20375 0.857867
1.21038 1.25369
1.21701 0.707037
1.22364 1.44988
1.23028 1.03903
1.23691 0.974136
1.24354 1.20352
1.25017 1.14846
1.2568 0.989195
1.26344 1.3869
1.27007 1.15386
1.2767 2.11742
1.28333 1.62687
1.28997 2.26167
1.2966 1.5643
1.30323 1.75644
1.30986 1.57388
1.31649 1.60238
1.32313 1.46856
1.32976 1.70665
1.33639 1.70813
1.34302 1.44698
1.34966 1.54887
1.35629 1.85745
1.36292 2.26026
1.36955 2.23082
1.37618 1.37072
1.38282 3.06306
1.38945 1.64561
1.39608 2.74674
1.40271 2.62929
1.40935 2.37259
1.41598 2.34495
1.42261 1.78766
1.42924 0.972133
1.43587 1.94571
1.44251 1.71572
1.44914 1.77301
1.45577 1.38453
1.4624 1.78649
1.46904 1.55143
1.47567 1.46659
1.4823 1.62455
1.48893 1.47282
1.49556 1.35332
1.5022 1.17184
1.50883 1.82473
1.51546 0.931378
1.52209 1.59318
1.52873 2.05387
1.53536 1.55352
1.54199 1.50405
1.54862 1.69472
1.55525 1.08774
1.56189 1.09724
1.56852 1.41093
1.57515 1.05928
1.58178 0.867465
1.58842 0.741954
1.59505 0.722983
1.60168 1.09564
1.60831 0.589711
1.61494 1.15215
1.62158 0.746474
1.62821 0.795397
1.63484 0.633996
1.64147 1.07907
1.64811 0.937741
1.65474 0.662031
1.66137 0.821881
1.668 0.797151
1.67463 0.67705
1.68127 0.842417
1.6879 0.682534
1.69453 0.580424
1.70116 0.63825
1.70779 0.530353
1.71443 0.628702
1.72106 0.411768
1.72769 0.602502
1.73432 0.57213
1.74096 0.550648
1.74759 0.662521
1.75422 0.443978
1.76085 0.549798
1.76748 0.547414
1.77412 0.582404
1.78075 0.567914
1.78738 0.458532
1.79401 0.473949
1.80065 0.560237
1.80728 0.388966
1.81391 0.594786
1.82054 0.625831
1.82717 0.485032
1.83381 0.556432
1.84044 0.54924
1.84707 0.516557
1.8537 0.654189
1.86034 0.578403
1.86697 0.642101
1.8736 0.599971
1.88023 0.642119
1.88686 0.395059
1.8935 0.665783
1.90013 0.610426
1.90676 0.549324
1.91339 0.552628
1.92003 0.950958
1.92666 0.871713
1.93329 0.423118
1.93992 0.874229
1.94655 0.721646
1.95319 0.694194
1.95982 0.518362
1.96645 0.815801
1.97308 0.340378
1.97972 0.646931
1.98635 0.745439
1.99298 0.722224
1.99961 0.746998
2.00624 0.855637
2.01288 0.573285
2.01951 0.737361
2.02614 0.980572
2.03277 0.714367
2.03941 0.904806
2.04604 1.18241
2.05267 1.41718
2.0593 0.947045
2.06593 0.807979
2.07257 0.835189
2.0792 0.801578
2.08583 1.01233
2.09246 0.860044
2.0991 0.831748
2.10573 0.782119
2.11236 1.145
2.11899 1.05373
2.12562 0.75625
2.13226 1.00485
2.13889 0.76003
2.14552 0.551802
2.15215 1.1455
2.15879 1.21387
2.16542 1.30107
2.17205 0.976783
2.17868 0.866917
2.18531 0.852646
2.19195 1.14974
2.19858 0.9312
2.20521 1.27574
2.21184 1.05087
2.21848 0.96559
2.22511 0.868792
2.23174 0.884504
2.23837 1.3903
2.245 0.977286
2.25164 1.28196
2.25827 1.00034
2.2649 0.828102
2.27153 1.00441
2.27817 1.1028
2.2848 1.1594
2.29143 0.865041
2.29806 1.08973
2.30469 1.27367
2.31133 1.3064
2.31796 1.10773
2.32459 1.00629
2.33122 1.35078
2.33786 1.07346
2.34449 0.919635
2.35112 0.980736
2.35775 1.15023
2.36438 1.17333
2.37102 1.10134
2.37765 1.29933
2.38428 1.35132
2.39091 1.54033
2.39755 0.853645
2.40418 1.29608
2.41081 1.17238
2.41744 1.14767
2.42407 0.777134
2.43071 1.23983
2.43734 1.00397
2.44397 1.15613
2.4506 1.73591
2.45724 1.11254
2.46387 0.930389
2.4705 1.31333
2.47713 1.20306
2.48376 1.45121
2.4904 0.996726
2.49703 0.653744
2.50366 1.07286
2.51029 0.894103
2.51692 1.34145
2.52356 1.2219
2.53019 0.884489
2.53682 1.34262
2.54345 0.642631
2.55009 1.56981
2.55672 1.29682
2.56335 1.30885
2.56998 1.23831
2.57661 0.806785
2.58325 0.81071
2.58988 1.09401
2.59651 1.20397
2.60314 1.22787
2.60978 0.985249
2.61641 0.981675
2.62304 1.13246
2.62967 0.922358
2.6363 0.896786
2.64294 1.49664
2.64957 1.41459
2.6562 1.09389
2.66283 1.44407
2.66947 1.56811
2.6761 1.05971
2.68273 1.22461
2.68936 1.24662
2.69599 1.11511
2.70263 1.13595
2.70926 1.08117
2.71589 1.12942
2.72252 1.13805
2.72916 1.09909
2.73579 0.955581
2.74242 0.865724
2.74905 1.15545
2.75568 1.1509
2.76232 0.71779
2.76895 1.00832
2.77558 0.967361
2.78221 1.1968
2.78885 1.15761
2.79548 1.09081
2.80211 1.14204
2.80874 1.1586
2.81537 0.976967
2.82201 0.898457
2.82864 1.03241
2.83527 1.21144
2.8419 0.829715
2.84854 0.921553
2.85517 1.03984
2.8618 0.754259
2.86843 1.15016
2.87506 1.10348
2.8817 0.650751
2.88833 0.906361
2.89496 0.754679
2.90159 0.917757
2.90823 0.944742
2.91486 0.866808
2.92149 0.976896
2.92812 0.943978
2.93475 1.037
2.94139 0.971219
2.94802 1.07095
2.95465 0.769047
2.96128 1.22342
2.96792 1.01323
2.97455 0.573768
2.98118 0.868465
2.98781 1.00275
2.99444 1.03269
3.00108 1.00456
3.00771 0.907569
3.01434 0.908051
3.02097 0.980283
3.02761 0.796483
3.03424 0.695303
3.04087 0.883032
3.0475 1.04395
3.05413 1.25799
3.06077 0.612511
3.0674 1.07703
3.07403 0.846091
3.08066 1.23108
3.0873 1.01777
3.09393 0.758794
3.10056 0.716588
3.10719 0.803778
3.11382 0.874276
3.12046 0.677592
3.12709 0.937705
3.13372 0.94794
3.14035 0.868652
3.14699 0.822705
3.15362 0.872682
3.16025 0.907447
3.16688 0.733914
3.17351 1.12381
3.18015 0.71186
3.18678 1.27117
3.19341 0.962289
3.20004 1.1658
3.20668 0.787584
3.21331 0.978156
3.21994 1.48557
3.22657 0.919859
3.2332 0.707758
3.23984 1.03373
3.24647 1.05232
3.2531 0.699918
3.25973 0.84623
3.26637 0.98517
3.273 0.815794
3.27963 0.99348
3.28626 1.08528
3.29289 0.871063
3.29953 0.912372
3.30616 1.64684
3.31279 0.885712
