0.087896 0.000373624
0.114941 0.000128537
0.169031 7.95855e-05
0.182553 0.000473892
0.236643 0.00142357
0.250166 0.000169967
0.263688 0.00176455
0.304256 0.0022006
0.3313 0.00194701
0.344823 0.00695983
0.358345 0.00281036
0.371868 0.0209268
0.425958 0.0119676
0.453003 0.0103965
0.480048 0.0417123
0.49357 0.0216446
0.507093 0.0243368
0.520615 0.0270321
0.534137 0.0257362
0.54766 0.0483401
0.561182 0.0340104
0.588227 0.101004
0.60175 0.0966038
0.615272 0.0737347
0.642317 0.151255
0.65584 0.203411
0.669362 0.175791
0.682885 0.208284
0.696407 0.0848041
0.723452 0.233186
0.750497 0.170081
0.764019 0.101016
0.777542 0.118899
0.791064 0.191341
0.804587 0.422565
0.831632 0.863511
0.845154 0.585607
0.858677 1.41962
0.872199 0.923986
0.885722 0.467949
0.899244 1.69495
0.912767 2.29233
0.926289 2.47268
0.939812 1.68555
0.953334 0.927946
0.966856 0.809115
0.980379 2.23466
0.993901 2.11182
1.02095 0.672289
1.03447 1.22
1.04799 1.43683
1.06151 1.67778
1.07504 0.848714
1.08856 2.97914
1.10208 2.41381
1.1156 1.49126
1.12913 3.49018
1.14265 2.57324
1.15617 2.80105
1.16969 2.33679
1.18322 2.59546
1.19674 1.0511
1.21026 1.34369
1.22378 0.733815
1.23731 1.54209
1.25083 1.30927
1.26435 0.384668
1.27787 0.510012
1.2914 0.63905
1.31844 0.899165
1.33196 0.614938
1.35901 0.744648
1.37253 0.890656
1.38605 1.77733
1.39958 0.97327
1.4131 1.03336
1.44014 1.0857
1.45367 1.04328
1.48071 0.339908
1.49423 0.789802
1.50776 0.731448
1.52128 0.535864
1.5348 1.02023
1.54832 0.593452
1.56185 0.831437
1.57537 0.517476
1.58889 0.691437
1.60241 1.04745
1.61593 0.576649
1.62946 0.756422
1.64298 1.10881
1.6565 0.828135
1.67002 0.520445
1.68355 0.64703
1.69707 0.53319
1.71059 0.691823
1.72411 0.398281
1.73764 0.651957
1.76468 0.60271
1.7782 0.602692
1.79173 0.813186
1.80525 1.07069
1.81877 0.673747
1.83229 0.630532
1.84582 0.879476
1.85934 0.669163
1.87286 1.18444
1.88638 0.641541
1.89991 0.855882
1.91343 0.59339
1.92695 0.98975
1.94047 0.580506
1.954 1.32762
1.96752 1.47932
1.98104 1.90784
1.99456 1.30969
2.00809 0.964714
2.02161 0.445503
2.03513 0.808007
2.04865 1.10572
2.06218 1.28359
2.0757 0.669189
2.08922 1.13724
2.10274 0.817048
2.11627 1.06792
2.12979 0.552893
2.14331 0.860085
2.15683 1.02543
2.17036 1.53795
2.18388 2.25286
2.1974 2.00457
2.21092 1.41482
2.22445 2.15021
2.23797 1.2731
2.25149 1.34261
2.26501 0.545528
2.27854 1.53551
2.29206 1.17034
2.30558 0.805905
2.3191 0.708364
2.33263 1.00593
2.34615 0.88367
2.35967 0.706378
2.37319 0.970541
2.38672 0.823707
2.40024 1.26945
2.41376 1.38097
2.42728 0.976187
2.44081 0.406903
2.45433 0.823454
2.46785 1.23305
2.48137 1.01127
2.4949 1.29787
2.50842 1.49565
2.52194 1.27802
2.53546 0.814996
2.54899 1.05591
2.56251 0.984998
2.57603 1.00402
2.58955 0.555544
2.60308 0.799401
2.6166 0.375725
2.63012 1.07797
2.64364 0.704152
2.65716 0.758779
2.67069 1.31333
2.68421 0.766432
2.69773 1.1479
2.71125 1.05938
2.72478 0.767477
2.7383 0.238895
2.75182 0.984347
2.76534 1.14724
2.77887 1.26229
2.79239 0.915329
2.80591 0.988499
2.81943 0.797317
2.83296 0.65491
2.84648 0.841859
2.86 1.35893
2.87352 0.803097
2.88705 0.548874
2.90057 0.615648
2.91409 0.93374
2.92761 0.963101
2.94114 0.621259
2.95466 0.97373
2.96818 1.33018
2.9817 0.957179
2.99523 1.33534
3.00875 0.716769
3.02227 0.691835
3.03579 1.06705
3.04932 0.821663
3.06284 1.34457
3.07636 1.30961
3.08988 0.852487
3.10341 0.973119
3.11693 1.09692
3.13045 0.85403
3.14397 0.69692
3.1575 1.01871
3.17102 1.03387
3.18454 1.11333
3.19806 0.895925
3.21159 0.880293
3.22511 1.12305
3.23863 1.21085
3.25215 1.1535
3.26568 1.05524
3.2792 1.34051
3.29272 1.14849
3.30624 0.609743
3.31977 1.0182
3.33329 0.941798
3.34681 1.27739
3.36033 1.00459
3.37386 0.714173
3.38738 1.07601
3.4009 0.872899
3.41442 1.06905
3.42795 1.20868
3.44147 0.951634
3.45499 0.912884
3.46851 1.10182
3.48204 1.09929
3.49556 1.2592
3.50908 1.48685
3.5226 0.947708
3.53613 1.14889
3.54965 1.43291
3.56317 1.0783
3.57669 1.1906
3.59022 1.00019
3.60374 0.727898
3.61726 1.22256
3.63078 0.917075
3.64431 1.21309
3.65783 1.27684
3.67135 1.07039
3.68487 1.06389
3.6984 1.23822
3.71192 0.744405
3.72544 0.989876
3.73896 1.0934
3.75248 1.03504
3.76601 1.01968
3.77953 0.856525
3.79305 0.556437
3.80657 0.771994
3.8201 0.985678
3.83362 1.30188
3.84714 1.15873
3.86066 1.01707
3.87419 0.921673
3.88771 0.847603
3.90123 0.771479
3.91475 0.641271
3.92828 0.864953
3.9418 0.903269
3.95532 0.825693
3.96884 1.01876
3.98237 0.970649
3.99589 0.597271
4.00941 0.67677
4.02293 0.809886
4.03646 1.01964
4.04998 1.18242
4.0635 1.06867
4.07702 1.14961
4.09055 1.07807
4.10407 1.44808
4.11759 0.928126
4.13111 1.07382
4.14464 0.874338
4.15816 0.984011
4.17168 0.790237
4.1852 0.684103
4.19873 0.80303
4.21225 1.47073
4.22577 1.0887
4.23929 1.10781
4.25282 1.21894
4.26634 1.19137
4.27986 0.716387
4.29338 0.693736
4.30691 1.10386
4.32043 1.14729
4.33395 0.896292
4.34747 1.09136
4.361 1.07869
4.37452 0.880993
4.38804 1.05891
4.40156 0.903704
4.41509 1.23191
4.42861 1.1005
4.44213 0.914006
4.45565 1.38021
4.46918 0.812145
4.4827 1.07088
4.49622 0.869296
4.50974 0.711516
4.52327 0.921673
4.53679 0.988998
4.55031 1.05905
4.56383 1.13043
4.57736 1.10855
4.59088 1.11211
4.6044 0.919934
4.61792 0.930177
4.63145 1.14014
4.64497 0.81579
4.65849 1.33991
4.67201 0.813421
4.68554 0.91733
4.69906 1.31433
4.71258 1.2636
4.7261 1.10827
4.73963 0.790973
4.75315 1.0103
4.76667 0.967015
4.78019 0.987786
4.79371 1.06272
4.80724 1.04051
4.82076 1.02275
4.83428 1.0685
4.8478 1.32477
4.86133 1.13353
4.87485 1.00025
4.88837 0.976783
4.90189 1.28692
4.91542 0.960422
4.92894 0.93217
4.94246 0.897998
4.95598 0.923238
4.96951 1.01198
4.98303 0.975194
4.99655 0.86988
5.01007 1.12851
5.0236 0.875545
5.03712 0.853549
5.05064 0.823207
5.06416 0.798227
5.07769 0.971927
5.09121 0.861881
5.10473 0.779509
5.11825 1.0949
5.13178 0.761292
5.1453 1.08576
5.15882 0.875276
5.17234 0.947547
5.18587 1.2771
5.19939 0.880638
5.21291 1.28795
5.22643 0.962814
5.23996 0.886299
5.25348 0.818718
5.267 0.996146
5.28052 1.02071
5.29405 1.07179
5.30757 0.709087
5.32109 1.07507
5.33461 0.767479
5.34814 1.29171
5.36166 1.09606
5.37518 1.15121
5.3887 0.838354
5.40223 1.00165
5.41575 1.27149
5.42927 1.01003
5.44279 1.00077
5.45632 0.900576
5.46984 1.04168
5.48336 1.13003
5.49688 0.80135
5.51041 1.19765
5.52393 0.674542
5.53745 0.88291
5.55097 1.29909
5.5645 0.987497
5.57802 1.07787
5.59154 0.850156
5.60506 1.21298
5.61859 1.24283
5.63211 0.92168
5.64563 0.892731
5.65915 0.816224
5.67268 0.791214
5.6862 0.776365
5.69972 0.901654
5.71324 0.935236
5.72677 1.29626
5.74029 0.973253
5.75381 0.978869
5.76733 0.781917
5.78086 0.881354
5.79438 1.28279
5.8079 0.92468
5.82142 0.987522
5.83494 0.960829
5.84847 1.2756
5.86199 1.39478
5.87551 1.2045
5.88903 1.20286
5.90256 1.03062
5.91608 0.78873
5.9296 1.09052
5.94312 0.956546
5.95665 1.03735
5.97017 0.991439
5.98369 1.09313
5.99721 1.12533
6.01074 0.816205
6.02426 0.883191
6.03778 0.781126
6.0513 0.99338
6.06483 0.702538
6.07835 1.26349
6.09187 1.01371
6.10539 0.607944
6.11892 1.06121
6.13244 1.05028
6.14596 1.02522
6.15948 0.985939
6.17301 1.2015
6.18653 0.869519
6.20005 1.38332
6.21357 1.06549
6.2271 0.589808
6.24062 0.923239
6.25414 0.872147
6.26766 0.912278
6.28119 1.04247
6.29471 1.12606
6.30823 0.771943
6.32175 0.71004
6.33528 0.808176
6.3488 1.1566
6.36232 1.04009
6.37584 1.27273
6.38937 1.07215
6.40289 0.943361
6.41641 1.32761
6.42993 1.21876
6.44346 1.01019
6.45698 1.03999
6.4705 1.34828
6.48402 1.18882
6.49755 0.569743
6.51107 1.14082
6.52459 1.08534
6.53811 0.898762
6.55164 1.12353
6.56516 0.774407
6.57868 1.09951
6.5922 0.812978
6.60573 0.936186
6.61925 0.910562
6.63277 0.781463
6.64629 0.700646
6.65982 1.11137
6.67334 1.37013
6.68686 0.681865
6.70038 0.937441
6.71391 1.52097
6.72743 0.751885
6.74095 0.928547
6.75447 0.73525
