0.08 2.42018e-05
0.104615 1.3357e-05
0.153846 0.000212186
0.166154 0.00020573
0.215385 0.00110973
0.227692 0.0015584
0.24 0.00293625
0.276923 0.00395191
0.301538 0.00209627
0.313846 0.0131556
0.326154 0.000925747
0.338462 0.00954008
0.387692 0.013285
0.412308 0.0236236
0.436923 0.0118019
0.449231 0.0857628
0.461538 0.0291709
0.473846 0.107001
0.486154 0.0726509
0.498462 0.0600072
0.510769 0.076871
0.535385 0.0194331
0.547692 0.0982546
0.56 0.113738
0.584615 0.237798
0.596923 0.226808
0.609231 0.416392
0.621538 0.553154
0.633846 1.15452
0.658462 0.711273
0.683077 0.818601
0.695385 0.228603
0.707692 1.0334
0.72 0.194886
0.732308 0.297421
0.756923 0.862619
0.769231 1.49852
0.781538 0.885
0.793846 1.79449
0.806154 1.69618
0.818462 1.35515
0.830769 1.23807
0.843077 2.05468
0.855385 1.06793
0.867692 0.459093
0.88 1.54355
0.892308 0.382142
0.904615 0.443718
0.929231 0.939151
0.941538 0.579759
0.953846 0.598269
0.966154 1.08612
0.978462 0.651489
0.990769 0.710438
1.00308 0.637695
1.01538 0.906047
1.02769 1.14847
1.04 0.565664
1.05231 0.710442
1.06462 0.535672
1.07692 0.742648
1.08923 0.467079
1.10154 0.291234
1.11385 0.612562
1.12615 1.23695
1.13846 0.818675
1.15077 0.873469
1.16308 0.53335
1.17538 1.01026
1.2 1.11416
1.21231 0.823225
1.23692 0.668526
1.24923 0.475519
1.26154 1.02127
1.27385 1.15798
1.28615 1.03211
1.31077 0.807589
1.32308 1.18613
1.34769 1.09712
1.36 0.930648
1.37231 2.9106
1.38462 1.09733
1.39692 0.186562
1.40923 2.41595
1.42154 2.53756
1.43385 1.7805
1.44615 1.03233
1.45846 1.29647
1.47077 2.39414
1.48308 1.09289
1.49538 0.566359
1.50769 1.0954
1.52 0.835804
1.53231 1.51681
1.54462 1.80632
1.55692 1.1122
1.56923 2.59783
1.58154 1.38194
1.60615 2.22348
1.61846 1.34315
1.63077 0.914382
1.64308 1.02747
1.65538 0.759135
1.66769 1.12343
1.68 1.66672
1.69231 0.85275
1.70462 1.27297
1.71692 1.34405
1.72923 0.685853
1.74154 0.660323
1.75385 0.916067
1.76615 0.75015
1.77846 1.39575
1.79077 0.79147
1.80308 1.67655
1.81538 0.858741
1.82769 1.11228
1.84 0.615677
1.85231 0.723357
1.86462 0.86897
1.87692 0.496799
1.88923 0.913373
1.90154 0.847256
1.91385 0.773771
1.92615 0.775746
1.93846 1.08709
1.95077 0.938478
1.96308 0.947615
1.97538 1.15602
1.98769 1.50509
2 0.776186
2.01231 0.787166
2.02462 0.854664
2.03692 0.598173
2.04923 1.36216
2.06154 0.711743
2.07385 0.524213
2.08615 0.889989
2.09846 0.656046
2.11077 0.881836
2.12308 0.66051
2.13538 0.608829
2.14769 0.710297
2.16 0.85574
2.17231 0.904521
2.18462 0.503677
2.19692 0.569498
2.20923 1.57599
2.22154 1.15138
2.23385 0.853011
2.24615 0.874287
2.25846 0.538262
2.27077 0.833055
2.28308 0.845969
2.29538 1.21426
2.30769 0.757569
2.32 0.711372
2.33231 0.728034
2.34462 0.798857
2.35692 0.886461
2.36923 1.22903
2.38154 1.42543
2.39385 0.760291
2.40615 1.12704
2.41846 1.09753
2.43077 0.83726
2.44308 1.09014
2.45538 1.23025
2.46769 0.946399
2.48 0.968676
2.49231 0.805493
2.50462 0.84198
2.51692 1.25009
2.52923 0.983735
2.54154 0.749397
2.55385 1.12981
2.56615 0.967045
2.57846 0.826021
2.59077 1.10201
2.60308 0.989113
2.61538 1.17873
2.62769 1.01891
2.64 0.966298
2.65231 0.833018
2.66462 0.942628
2.67692 0.774959
2.68923 1.15354
2.70154 1.01065
2.71385 0.758651
2.72615 0.823994
2.73846 1.0487
2.75077 0.909683
2.76308 2.13908
2.77538 1.1063
2.78769 0.963609
2.8 1.06081
2.81231 1.36666
2.82462 0.985475
2.83692 1.01775
2.84923 1.2697
2.86154 1.12468
2.87385 0.690497
2.88615 1.43967
2.89846 1.3815
2.91077 1.87509
2.92308 1.11681
2.93538 1.31336
2.94769 1.16363
2.96 1.30899
2.97231 1.26535
2.98462 1.21764
2.99692 1.02723
3.00923 1.10509
3.02154 1.05761
3.03385 1.10234
3.04615 1.15807
3.05846 1.18086
3.07077 1.03016
3.08308 1.05408
3.09538 1.41777
3.10769 0.986525
3.12 1.48627
3.13231 1.10064
3.14462 1.1913
3.15692 0.978245
3.16923 1.28419
3.18154 0.920681
3.19385 0.850976
3.20615 1.05728
3.21846 1.17348
3.23077 0.963523
3.24308 1.10494
3.25538 0.730112
3.26769 1.00923
3.28 1.37829
3.29231 1.06487
3.30462 0.883255
3.31692 0.900608
3.32923 0.753761
3.34154 0.976873
3.35385 0.746829
3.36615 0.525016
3.37846 0.862107
3.39077 1.06243
3.40308 0.972748
3.41538 0.727229
3.42769 1.2833
3.44 0.973911
3.45231 0.681871
3.46462 0.720579
3.47692 0.761227
3.48923 0.907298
3.50154 0.779763
3.51385 0.599243
3.52615 0.684915
3.53846 0.591466
3.55077 0.695915
3.56308 1.10744
3.57538 0.776869
3.58769 0.761871
3.6 1.22168
3.61231 0.887323
3.62462 0.961785
3.63692 0.748349
3.64923 0.842762
3.66154 0.967715
3.67385 0.627706
3.68615 0.883069
3.69846 1.00625
3.71077 0.809973
3.72308 0.926277
3.73538 1.02227
3.74769 0.54826
3.76 1.09596
3.77231 1.13189
3.78462 0.834332
3.79692 0.649426
3.80923 0.741848
3.82154 0.647929
3.83385 0.915467
3.84615 0.920286
3.85846 1.22719
3.87077 1.12943
3.88308 0.697444
3.89538 1.00529
3.90769 0.968857
3.92 0.919026
3.93231 0.84463
3.94462 1.02991
3.95692 0.783284
3.96923 1.34053
3.98154 0.905334
3.99385 0.787138
4.00615 1.00322
4.01846 0.905226
4.03077 0.922737
4.04308 1.26507
4.05538 1.34686
4.06769 1.13053
4.08 1.10232
4.09231 1.05242
4.10462 1.04791
4.11692 1.45314
4.12923 1.08754
4.14154 1.07439
4.15385 1.28656
4.16615 1.25691
4.17846 0.775172
4.19077 1.1269
4.20308 1.18561
4.21538 1.66838
4.22769 1.18637
4.24 1.25812
4.25231 1.19667
4.26462 1.32519
4.27692 1.34043
4.28923 1.14736
4.30154 1.07658
4.31385 1.40468
4.32615 0.812941
4.33846 1.11444
4.35077 0.912099
4.36308 1.35597
4.37538 0.895028
4.38769 1.06211
4.4 0.794586
4.41231 1.40594
4.42462 1.35957
4.43692 0.773729
4.44923 1.00184
4.46154 1.09816
4.47385 1.40742
4.48615 0.785772
4.49846 1.19941
4.51077 0.904185
4.52308 1.14217
4.53538 1.44118
4.54769 0.917583
4.56 0.878841
4.57231 0.95521
4.58462 1.05455
4.59692 1.21419
4.60923 1.05803
4.62154 0.885583
4.63385 0.890667
4.64615 0.94927
4.65846 0.722507
4.67077 0.699368
4.68308 0.693241
4.69538 1.08562
4.70769 1.21159
4.72 0.875088
4.73231 0.897314
4.74462 0.911016
4.75692 1.38199
4.76923 1.11302
4.78154 0.887954
4.79385 0.903594
4.80615 0.911864
4.81846 0.863229
4.83077 0.818391
4.84308 0.970279
4.85538 0.945898
4.86769 0.833245
4.88 0.6119
4.89231 0.863643
4.90462 0.68472
4.91692 1.20199
4.92923 0.824145
4.94154 1.00895
4.95385 0.935514
4.96615 0.817055
4.97846 0.862241
4.99077 0.638286
5.00308 0.774056
5.01538 0.916081
5.02769 0.769504
5.04 0.805291
5.05231 0.765849
5.06462 1.15581
5.07692 0.957573
5.08923 0.854762
5.10154 0.823512
5.11385 0.922779
5.12615 0.813704
5.13846 0.629412
5.15077 1.42479
5.16308 0.894253
5.17538 0.747674
5.18769 0.723291
5.2 0.942286
5.21231 1.17016
5.22462 0.82786
5.23692 0.865362
5.24923 0.935946
5.26154 1.03682
5.27385 0.93039
5.28615 1.13782
5.29846 0.851066
5.31077 1.14414
5.32308 0.979505
5.33538 0.8933
5.34769 0.915494
5.36 1.06694
5.37231 1.06971
5.38462 1.05065
5.39692 0.953928
5.40923 1.45286
5.42154 0.810511
5.43385 1.21243
5.44615 1.19743
5.45846 1.32933
5.47077 0.96904
5.48308 0.869346
5.49538 1.03422
5.50769 1.09511
5.52 1.55514
5.53231 0.800718
5.54462 1.09328
5.55692 0.915698
5.56923 0.995287
5.58154 1.22875
5.59385 1.41905
5.60615 0.954501
5.61846 1.03044
5.63077 1.21578
5.64308 1.40262
5.65538 1.36046
5.66769 1.10964
5.68 0.944372
5.69231 1.19657
5.70462 0.964084
5.71692 1.06631
5.72923 1.33434
5.74154 1.15845
5.75385 1.35592
5.76615 1.14999
5.77846 1.15029
5.79077 1.01548
5.80308 1.24362
5.81538 1.00138
5.82769 1.11635
5.84 1.03472
5.85231 1.02676
5.86462 1.36939
5.87692 0.88426
5.88923 0.917167
5.90154 1.33686
5.91385 1.10077
5.92615 0.989907
5.93846 1.07382
5.95077 1.11194
5.96308 0.6315
5.97538 0.662996
5.98769 1.0966
6 0.960313
6.01231 1.45547
6.02462 0.904115
6.03692 0.769917
6.04923 1.26171
6.06154 0.95313
6.07385 0.820551
6.08615 0.777443
6.09846 1.03247
6.11077 1.09823
6.12308 0.684956
6.13538 0.772737
6.14769 0.935102
