0.0838824333333 0.965484666667
0.996974 0.423687333333
0.0318490166667 0.0445005372
0.0356718833333 0.0765967666667
0.992198333333 0.273198
0.977793333333 0.608054333333
0.991613666667 0.638922333333
0.994156 0.555925
0.970438 0.957655333333
0.995946666667 0.829525
0.608741333333 0.965931666667
0.259226666667 0.515508666667
0.607369 0.0808003666667
0.339799333333 0.521818666667
0.0632508333333 0.506867666667
0.0720620333333 0.423769666667
0.292744666667 0.202541
0.147916666667 0.100366666667
0.108313633333 0.0922884
0.0725111666667 0.0316281038667
0.0763340333333 0.0637243333333
0.0508495 0.543713666667
0.0497495 0.81135
0.0784966 0.840876
0.0616157 0.930413
0.0819636333333 0.90099
0.064612 0.871026666667
0.0259857666667 0.879970333333
0.0358649 0.841500666667
0.888826 0.573068333333
0.961628666667 0.582828333333
0.894677666667 0.495383333333
0.93885 0.983487333333
0.834445 0.993939666667
0.783280333333 0.987347
0.974156333333 0.889521
0.966663 0.92528
0.907865333333 0.935512333333
0.935075 0.951112
0.590248333333 0.711836666667
0.326661333333 0.54938
0.287125 0.545829333333
0.354704 0.582417666667
0.710787333333 0.595527
0.624310666667 0.435343
0.633618 0.409008666667
0.987280666667 0.208639
0.638196333333 0.173676666667
0.640184333333 0.213776666667
0.601849333333 0.160329666667
0.565809 0.0342298833333
0.596571666667 0.0410839166667
0.509243666667 0.0157200166667
0.280731433333 0.0069468872
0.396991333333 0.0139760833333
0.434270333333 0.0622205666667
0.47454 0.120831866667
0.467197333333 0.0926918666667
0.514350333333 0.137977
0.498541666667 0.0666311
0.533531666667 0.069456
0.479243333333 0.484711
0.313634333333 0.492320333333
0.272598 0.489561
0.0672514666667 0.388096
0.0427763433333 0.334461333333
0.03165101 0.366747666667
0.0100476266667 0.218301433333
0.02691071 0.284012333333
0.0477978666667 0.479362
0.0411821333333 0.443243
0.0151112433333 0.399351666667
0.127825766667 0.00953517053333
0.1068401 0.0235773372
0.153932 0.0281823333333
0.489435666667 0.0381374
0.467860333333 0.0224524333333
0.446351333333 0.0388176666667
0.302991666667 0.1330378
0.278937666667 0.119017466667
0.282598333333 0.170478666667
0.258544333333 0.156458333333
0.264465666667 0.0871701666667
0.0388158 0.611558666667
0.0489003333333 0.654451
0.0303657 0.701188
0.00876264333333 0.471188666667
0.0319924333333 0.562267333333
0.0230434333333 0.522351666667
0.17758 0.656214333333
0.172033666667 0.626122
0.0764014666667 0.602080333333
0.107492366667 0.620395666667
0.136413666667 0.605810666667
0.0754708333333 0.569953333333
0.191569666667 0.605608
0.0491777666667 0.781511
0.0493253333333 0.752138666667
0.0885160333333 0.769838333333
0.0886636 0.740466
0.22486 0.87858
0.979807666667 0.334315
0.962848 0.360639333333
0.847018666667 0.56682
0.835947333333 0.542151
0.662179666667 0.391837333333
0.817337 0.338767666667
0.783426 0.322713333333
0.888410333333 0.362588
0.857 0.492297333333
0.840882 0.513304666667
0.950323333333 0.553728333333
0.951128333333 0.521719666667
0.914539666667 0.554125
0.915344666667 0.522116333333
0.883719333333 0.949744333333
0.852476666667 0.973237
0.719709 0.967972
0.732553333333 0.649242333333
0.705629333333 0.639101666667
0.672625666667 0.653474333333
0.651748666667 0.68083
0.953974 0.665423
0.892963666667 0.609605666667
0.865981666667 0.63117
0.929982666667 0.619762333333
0.924532333333 0.659066666667
0.890122666667 0.666196333333
0.391874333333 0.576054333333
0.420475 0.586194333333
0.442443666667 0.555785333333
0.652485666667 0.617697
0.678464333333 0.581181666667
0.487244 0.608261
0.634556666667 0.730804666667
0.699001 0.762276
0.695436333333 0.720904666667
0.665048666667 0.710805333333
0.675152 0.794442333333
0.515616 0.675507
0.628030666667 0.757859666667
0.639610666667 0.786879333333
0.501999666667 0.723455
0.528903333333 0.713449
0.564142333333 0.729730666667
0.583994666667 0.759591
0.548516333333 0.657939333333
0.624228666667 0.624449333333
0.610887666667 0.5975
0.618918 0.66698
0.587909666667 0.677987333333
0.276869 0.57915
0.23114 0.609831
0.240844333333 0.578489666667
0.427844333333 0.620562
0.466870666667 0.630008
0.480541 0.666212333333
0.433833 0.697532
0.466652333333 0.693461
0.202087666667 0.671420333333
0.226357 0.678768333333
0.168686 0.736143
0.196046333333 0.714883
0.220315666667 0.722231
0.601689333333 0.340217333333
0.600005666667 0.278803
0.578783666667 0.305695666667
0.582944333333 0.428908666667
0.592251666667 0.402574333333
0.535222666667 0.460293333333
0.562424 0.454581666667
0.509120333333 0.447803666667
0.973276333333 0.0887707333333
0.974498 0.181367
0.594143333333 0.1065569
0.589128333333 0.130572666667
0.551068666667 0.102066566667
0.546053666667 0.126082333333
0.584339666667 0.187000333333
0.551941 0.240553
0.610779 0.219536333333
0.588111 0.242095
0.647442666667 0.0176527766667
0.854923666667 0.0229975266667
0.457335766667 0.00444981386667
0.637393333333 0.0757759
0.668828 0.0358929933333
0.696669333333 0.05031246
0.521246666667 0.278803
0.514092 0.170564333333
0.533935333333 0.219365666667
0.543666 0.188371666667
0.358916 0.172743
0.338312666667 0.200109666667
0.397921333333 0.280311666667
0.361604333333 0.232767333333
0.399666 0.236125333333
0.373753666667 0.0373348666667
0.405172666667 0.0581257666667
0.342910666667 0.0610779666667
0.153112 0.411086666667
0.0882947333333 0.369499666667
0.0714846666667 0.330909
0.168737666667 0.136812
0.201823666667 0.199738
0.207119 0.136056333333
0.228716666667 0.164095
0.0945657666667 0.1168294
0.0484829333333 0.247432333333
0.275066333333 0.228669
0.251458666667 0.241772666667
0.197024666667 0.234425333333
0.222620666667 0.250682333333
0.201709666667 0.293165
0.211897 0.105893366667
0.230754 0.0813274
0.213255333333 0.0452105666667
0.173412666667 0.0838187
0.177078666667 0.0482492
0.307547666667 0.0497008333333
0.273249666667 0.0536905666667
0.234924666667 0.0275232666667
0.338390666667 0.0259577333333
0.288901666667 0.0189439333333
0.0775121333333 0.678659666667
0.0985185 0.654082666667
0.132986133333 0.66959
0.130133466667 0.706056
0.0983157666667 0.713724
0.0961221666667 0.511949
0.1089534 0.545460333333
0.219497 0.520184333333
0.211370666667 0.549844666667
0.190997 0.488038666667
0.165726333333 0.495404666667
0.148902 0.538580333333
0.151775333333 0.568205333333
0.177169666667 0.569341333333
0.106174566667 0.831878666667
0.116765733333 0.79068
0.1171395 0.903107333333
0.127465833333 0.864146666667
0.155314666667 0.864490666667
0.202998666667 0.908703
0.21923 0.933353333333
0.168237666667 0.908233666667
0.147271666667 0.928806333333
0.134362533333 0.961760666667
0.171559866667 0.965838333333
0.955640666667 0.286971666667
0.960633666667 0.253826333333
0.915759666667 0.221743333333
0.947851 0.226554333333
0.906588333333 0.322758666667
0.938681 0.313296
0.794571333333 0.611839
0.809684333333 0.584493
0.757075 0.617688333333
0.739882666667 0.584575333333
0.798613 0.559824
0.881557333333 0.423211
0.947959666667 0.393261
0.905614666667 0.385747
0.810588 0.943732666667
0.648268333333 0.954266666667
0.680058666667 0.958174
0.811724 0.642396666667
0.841662333333 0.642863333333
0.728786666667 0.831601666667
0.751869 0.865333666667
0.733797666667 0.896777666667
0.686839 0.826832
0.980717 0.701118
0.954018666667 0.695119666667
0.964116 0.739028
0.937417666667 0.733029666667
0.694592333333 0.522001666667
0.676354333333 0.551035666667
0.499624 0.509948666667
0.532703333333 0.501492666667
0.482173 0.546642
0.497544 0.572698
0.576786333333 0.858381
0.585557 0.825092
0.620217666667 0.824308333333
0.603533 0.889903666667
0.554275666667 0.801509333333
0.556291666667 0.776354
0.51892 0.610206
0.55262 0.623449666667
0.583302333333 0.602735666667
0.561589 0.567728
0.52922 0.574643
0.347490666667 0.610246
0.225322666667 0.851693
0.190538333333 0.838073
0.267746333333 0.824440333333
0.777440666667 0.02493806
0.807975333333 0.0221952933333
0.906244333333 0.100084033333
0.862536666667 0.0430194666667
0.935794666667 0.0665413333333
0.909485 0.0438217
0.894628666667 0.161536666667
0.916468333333 0.179964333333
0.917787666667 0.125721766667
0.957124666667 0.1263061
0.955957333333 0.156803666667
0.804878333333 0.0553927333333
0.840571 0.0657944333333
0.792905 0.282381333333
0.423914666667 0.281087
0.492242 0.275703
0.497113 0.238879333333
0.463996333333 0.241206666667
0.554087333333 0.317886
0.525117333333 0.315814
0.50278 0.345395
0.521979333333 0.375449333333
0.576993 0.352407666667
0.567222333333 0.38039
0.456969 0.211041
0.418632 0.206735
0.477184 0.179019
0.401173666667 0.176010333333
0.456255333333 0.141340866667
0.418582 0.1426382
0.395475333333 0.1229752
0.396708333333 0.0894430666667
0.354125333333 0.0878056666667
0.35612 0.145307666667
0.334032333333 0.123928466667
0.337363666667 0.475632333333
0.346546 0.449269666667
0.497115 0.397242666667
0.492875 0.429314
0.106114766667 0.442683
0.135770333333 0.433018666667
0.117666433333 0.477579
0.147322 0.467914666667
0.221578 0.411467
0.193285 0.423294666667
0.206648333333 0.460147666667
0.248519666667 0.466345666667
0.260116333333 0.439866666667
0.119349133333 0.150598666667
0.153918 0.162503
0.165406333333 0.197390333333
0.0502189666667 0.207880333333
0.03057405 0.1615071
0.0971831 0.166799666667
0.0899137333333 0.201504333333
0.04548545 0.121361833333
0.0723997333333 0.1330304
0.166419333333 0.308986666667
0.166867333333 0.345705
0.141872 0.370830333333
0.111520866667 0.355252666667
0.149493666667 0.250351666667
0.135971666667 0.226437333333
0.1033631 0.227965333333
0.139799333333 0.282430333333
0.0770640333333 0.259330333333
0.0842001333333 0.292358
0.1098962 0.303571
0.220433 0.316585333333
0.199715666667 0.350461666667
0.223139333333 0.376638
0.255822333333 0.369678666667
0.282577333333 0.382596666667
0.288432666667 0.417955666667
0.327054666667 0.420831333333
0.355959666667 0.389972333333
0.358648333333 0.360192666667
0.296832333333 0.263024
0.273224666667 0.276127666667
0.26311 0.308457666667
0.275075666667 0.335374666667
0.335418333333 0.338722
0.301830666667 0.348292666667
0.370356 0.926326333333
0.375275 0.894477333333
0.218434866667 0.979544333333
0.512126333333 0.988178666667
0.4573062 0.996497333333
0.642468333333 0.992904333333
0.288777666667 0.843585333333
0.342750333333 0.882065333333
0.266847333333 0.879516
0.337831333333 0.913914333333
0.338391666667 0.847179333333
0.320483 0.825415666667
0.549579333333 0.870652666667
0.521503333333 0.876645
0.465140666667 0.892661
0.435876666667 0.897430666667
0.492620333333 0.861405666667
0.404662 0.875395
0.839923 0.314886
0.878153 0.301874
0.821189666667 0.278411
0.758798666667 0.384011
0.731296333333 0.386985666667
0.762170333333 0.342258666667
0.731702666667 0.321956333333
0.709899 0.344842333333
0.696013333333 0.416911666667
0.725363333333 0.414950666667
0.693851666667 0.456550333333
0.787966 0.398099
0.825248666667 0.372401
0.853119333333 0.382981
0.802602 0.438869666667
0.851871 0.421305
0.838636333333 0.451495666667
0.681572333333 0.329465666667
0.658836333333 0.355966666667
0.629941666667 0.338763333333
0.634351333333 0.295057333333
0.660280666667 0.288983666667
0.751505 0.206172666667
0.684357666667 0.261287
0.727453 0.278883
0.767399666667 0.258853333333
0.772449 0.228824
0.914755666667 0.467294
0.907858666667 0.442739333333
0.951110333333 0.426366333333
0.975571333333 0.464865333333
0.957669333333 0.490628
0.757168 0.954382333333
0.778850666667 0.944253
0.752476333333 0.929963666667
0.863815 0.912615
0.827880666667 0.911689
0.909910333333 0.883744333333
0.879813333333 0.877483333333
0.867224 0.845616333333
0.944613333333 0.863585
0.876132 0.810605666667
0.904974333333 0.79802
0.983456666667 0.796566666667
0.965006666667 0.772273333333
0.953518666667 0.835663
0.935068666667 0.811369666667
0.739077333333 0.686489
0.721664 0.713803333333
0.725228666667 0.755174666667
0.689627666667 0.922574666667
0.702105666667 0.888156333333
0.657837333333 0.918667333333
0.639235333333 0.889288333333
0.678229333333 0.851942666667
0.647149333333 0.856982
0.643744 0.539446666667
0.586996333333 0.489475
0.661982 0.510412666667
0.616266 0.556186333333
0.625160333333 0.467458
0.658007333333 0.477538333333
0.581862 0.543106
0.567201333333 0.515509
0.291375 0.613335
0.318328666667 0.620994333333
0.281284666667 0.694853
0.255821333333 0.665067333333
0.265576 0.63185
0.207260333333 0.79046
0.187305333333 0.807956666667
0.169046666667 0.767126333333
0.149091666667 0.784623
0.242395333333 0.781644333333
0.275503666667 0.790276333333
0.242115 0.746101666667
0.273619666667 0.732424666667
0.295367666667 0.758923666667
0.777735 0.0664822333333
0.750297333333 0.03602756
0.725680666667 0.0511195933333
0.766748666667 0.110566666667
0.866696 0.1111606
0.841427666667 0.0991460333333
0.664497666667 0.146423
0.717888 0.0904745
0.731518333333 0.1194669
0.66319 0.104035766667
0.688876666667 0.0896673666667
0.424845 0.318618666667
0.460055666667 0.315562
0.466723 0.348243
0.396935 0.354482333333
0.459751333333 0.380684666667
0.421312666667 0.399576333333
0.394246333333 0.384262
0.377405333333 0.507371333333
0.377223666667 0.477531666667
0.427538 0.518046333333
0.401437666667 0.528569333333
0.446886666667 0.483665333333
0.450592666667 0.449145333333
0.386406 0.451169
0.416394 0.435965666667
0.347954666667 0.259334666667
0.322808 0.274503
0.369900333333 0.289784666667
0.344753666667 0.304953
0.434286 0.934520333333
0.398152333333 0.944333666667
0.372798666667 0.970046666667
0.442146 0.980564333333
0.278401666667 0.966549333333
0.317583666667 0.968259
0.249736666667 0.936166333333
0.275492666667 0.912452
0.310412666667 0.930134
0.415491333333 0.722878666667
0.426532333333 0.758344333333
0.330819333333 0.753344333333
0.345849333333 0.779968333333
0.520516333333 0.915825
0.493584666667 0.924266333333
0.568795666667 0.952833
0.511027333333 0.965974666667
0.477813666667 0.945643666667
0.575887 0.918541333333
0.548592333333 0.909832666667
0.452398666667 0.817045333333
0.456669666667 0.773622
0.511144 0.802978666667
0.486335333333 0.823593666667
0.492622333333 0.755015
0.51316 0.777823333333
0.856834333333 0.233677666667
0.846213666667 0.261072
0.893404 0.244760333333
0.882783333333 0.272154666667
0.782487666667 0.464636333333
0.748481666667 0.455138666667
0.802404 0.498269666667
0.751077666667 0.541745333333
0.784527666667 0.533369666667
0.724654 0.508488
0.727888 0.475911
0.726113666667 0.205264333333
0.689239 0.173181333333
0.716660333333 0.166894333333
0.667585 0.213809333333
0.688784666667 0.230740333333
0.784318666667 0.8669
0.809914333333 0.880589666667
0.833259333333 0.849648666667
0.794854 0.685386333333
0.771886666667 0.702197333333
0.319849333333 0.683795666667
0.336413333333 0.654047666667
0.347636 0.715788
0.380865 0.708627
0.399206666667 0.683280333333
0.393886666667 0.652751
0.365575333333 0.643299333333
0.787942 0.145098433333
0.816224333333 0.132067433333
0.779202333333 0.182193333333
0.834002333333 0.203509333333
0.800146333333 0.204844666667
0.857882 0.168820333333
0.841492666667 0.144082
0.404440333333 0.784041666667
0.375200333333 0.782361
0.368179 0.821383333333
0.401924666667 0.837187
0.426682333333 0.821419
0.826696333333 0.714585
0.888586333333 0.763917333333
0.904867333333 0.739194666667
0.878321666667 0.697623
0.846175666667 0.688881666667
0.837590666667 0.788946333333
0.841791333333 0.763521
0.817061333333 0.746761666667
0.789711 0.822977
0.816667333333 0.813350666667
0.781575666667 0.743839333333
0.756659666667 0.807476333333
0.752331 0.769502333333
