2
300

200
0.0296406
0.132971
0.589489	0.746129
0.214727	0.062354
0.989355	0.924943
0.230977	0.606652
0.952518	0.869645
0.849311	0.288929
0.121048	0.914598
0.160187	0.447968
0.908795	0.402889
0.191675	0.841235
0.541821	0.313707
0.550571	0.90125
0.770919	0.616995
0.00313149	0.696061
0.236044	0.989217
0.0384295	0.321265
0.420819	0.93955
0.7814	0.686229
0.00705991	0.562734
0.335327	0.130539
0.493404	0.206869
0.980742	0.811376
0.132184	0.839014
0.111191	0.279928
0.419338	0.26546
0.582781	0.823822
0.532664	0.143789
0.407211	0.80291
0.755349	0.74249
0.106424	0.531465
0.773507	0.0592699
0.274488	0.832765
0.887455	0.903392
0.171206	0.534663
0.984565	0.270884
0.399355	0.109502
0.695266	0.909283
0.93851	0.529378
0.627876	0.203325
0.966837	0.0686578
0.472167	0.791085
0.5935	0.981533
0.650426	0.0352213
0.344094	0.412545
0.060337	0.407764
0.420323	0.363064
0.228175	0.346945
0.839066	0.645842
0.665188	0.270095
0.0839184	0.0786612
0.94778	0.131475
0.406663	0.442577
0.579887	0.0638055
0.596109	0.560358
0.107064	0.145335
0.523875	0.739833
0.331432	0.563786
0.0881917	0.704394
0.462019	0.610527
0.861911	0.521569
0.40673	0.534569
0.851768	0.100541
0.468203	0.00860445
0.333406	0.731242
0.63401	0.512415
0.648012	0.602387
0.909012	0.783599
0.0762397	0.590573
0.0292064	0.753484
0.162781	0.742876
0.713365	0.803954
0.846754	0.966843
0.689717	0.70182
0.705486	0.644354
0.868455	0.591144
0.295843	0.959323
0.790782	0.810985
0.106203	0.00800048
0.619223	0.897849
0.187178	0.155523
0.052022	0.828582
0.259057	0.667636
0.263929	0.734293
0.111279	0.208185
0.746099	0.364983
0.543662	0.388331
0.738566	0.22821
0.744357	0.873897
0.155382	0.385367
0.449027	0.679541
0.303221	0.208627
0.777124	0.478334
0.714189	0.509126
0.871133	0.70666
0.933734	0.340595
0.574644	0.640647
0.721047	0.130042
0.867872	0.219159
0.288063	0.301867
0.944584	0.598794
0.64572	0.109044
0.661703	0.451572
0.671073	0.363461
0.591336	0.440304
0.453238	0.864978
0.489246	0.925306
0.361272	0.336813
0.479457	0.545396
0.656616	0.763971
0.783308	0.949662
0.477537	0.278817
0.620987	0.683203
0.523483	0.824986
0.875823	0.838301
0.534953	0.579338
0.790132	0.135955
0.802288	0.199921
0.798792	0.402544
0.370128	0.195657
0.232971	0.426557
0.412685	0.0314295
0.654361	0.837797
0.292724	0.0387757
0.722356	0.303562
0.467339	0.483894
0.0337255	0.0309885
0.375412	0.87308
0.268037	0.55343
0.925287	0.466275
0.242564	0.901426
0.512199	0.0652046
0.947172	0.205992
0.269908	0.107671
0.0513996	0.888158
0.547756	0.492767
0.372608	0.682787
0.710199	0.0563724
0.847385	0.359461
0.885023	0.156494
0.178222	0.234346
0.244615	0.249289
0.611928	0.368721
0.351665	0.270235
0.119278	0.652617
0.659311	0.962974
0.911316	0.968513
0.0299952	0.500764
0.992637	0.374275
0.425354	0.738051
0.317086	0.637546
0.918444	0.277458
0.292488	0.471015
0.351621	0.0464763
0.830224	0.0304256
0.518396	0.670804
0.33106	0.798616
0.850692	0.453917
0.688688	0.186808
0.225832	0.495903
0.835294	0.761913
0.0237201	0.115762
0.0440331	0.236814
0.605131	0.288194
0.353894	0.494052
0.974154	0.992036
0.902455	0.0465176
0.789776	0.28782
0.165204	0.00212408
0.932968	0.657094
0.466353	0.111421
0.478649	0.350306
0.554388	0.232395
0.162953	0.60065
0.0990222	0.347844
0.0951252	0.463992
0.719919	0.427062
0.316695	0.886447
0.0263392	0.635276
0.531959	0.985035
0.219644	0.780701
0.814596	0.879361
0.990624	0.443288
0.798016	0.545965
0.733573	0.985064
0.0238573	0.179811
0.94553	0.72836
0.159233	0.091775
0.713265	0.568954
0.248408	0.171166
0.103185	0.780251
0.290953	0.376632
0.592073	0.144121
0.184048	0.928039
0.488736	0.428279
0.178268	0.309073
0.190977	0.683621
0.363033	0.962707
0.434057	0.180163
0.0578461	0.958554
0.390468	0.610304
//###########################


100
0.00948501
0.18805
0.612094	0.796666
0.434034	0.505099
0.0962367	0.968754
0.482846	0.753315
0.219007	0.869306
0.6889	0.741582
0.721733	0.466949
0.314145	0.438083
0.0264934	0.427434
0.058634	0.133644
0.901589	0.681716
0.75775	0.113762
0.0120668	0.890147
0.27536	0.792335
0.0430696	0.79043
0.208822	0.265514
0.414555	0.87595
0.954516	0.493551
0.432872	0.310407
0.3527	0.596668
0.635559	0.422381
0.517878	0.864425
0.590625	0.101817
0.430426	0.633623
0.515922	0.530538
0.256538	0.0238806
0.775165	0.338731
0.0767021	0.260474
0.591189	0.497068
0.286138	0.160186
0.368405	0.812375
0.863749	0.00232368
0.828925	0.707317
0.114819	0.74237
0.794904	0.585573
0.408097	0.209723
0.534242	0.620521
0.296975	0.679284
0.433556	0.0899996
0.119039	0.0607121
0.146406	0.331781
0.630742	0.63772
0.515898	0.270893
0.682733	0.32517
0.674644	0.135831
0.592462	0.220993
0.944876	0.384123
0.110445	0.610639
0.228412	0.556788
0.907084	0.226568
0.171276	0.485496
0.845086	0.813433
0.908161	0.869148
0.789328	0.9104
0.58586	0.918396
0.694358	0.981698
0.675022	0.558548
0.376527	0.999482
0.503944	0.392169
0.948448	0.955505
0.196866	0.115503
0.201899	0.745098
0.149777	0.197113
0.326288	0.240265
0.98504	0.187327
0.0354803	0.673447
0.741809	0.659594
0.994881	0.0367197
0.683529	0.871615
0.812142	0.49617
0.316171	0.330272
0.517696	0.0249873
0.38979	0.72136
0.892036	0.55979
0.848793	0.139576
0.778154	0.0198456
0.796026	0.239111
0.835499	0.417051
0.752478	0.801552
0.0665745	0.533389
0.111281	0.872309
0.495892	0.160007
0.619199	0.0115712
0.874256	0.319656
0.335447	0.08289
0.587936	0.337134
0.926212	0.0921328
0.457617	0.95494
0.294389	0.918768
0.951977	0.767751
0.699184	0.229629
0.108419	0.415182
0.409396	0.403322
0.231112	0.387054
0.558971	0.715156
0.312114	0.519431
0.195473	0.643997
0.185599	0.968008
0.983466	0.603625
0.00244833	0.305897
//###########################


