0.0735391 0.000212905
0.0961665 0.000289177
0.141421 0.000103538
0.152735 6.60392e-05
0.19799 0.000118657
0.209304 0.000135721
0.220617 0.000263807
0.254558 0.00043831
0.277186 0.00185112
0.2885 0.00171553
0.299813 0.00691371
0.311127 0.0043773
0.356382 0.00672757
0.379009 0.018127
0.401637 0.00163505
0.41295 0.00524967
0.424264 0.00452805
0.435578 0.0115392
0.446891 0.0237523
0.458205 0.0132758
0.469519 0.00894918
0.492146 0.0100051
0.50346 0.0173062
0.514774 0.00875284
0.537401 0.0140319
0.548715 0.0581208
0.560029 0.148538
0.571342 0.0659876
0.582656 0.109159
0.605283 0.17736
0.627911 0.211807
0.639225 0.445592
0.650538 0.247196
0.661852 0.0425969
0.673166 0.167558
0.695793 0.334173
0.707107 0.27454
0.71842 0.40431
0.729734 0.28753
0.741048 0.22126
0.752362 0.126445
0.763675 0.242242
0.774989 0.46161
0.786303 0.412606
0.797616 0.736602
0.80893 0.490572
0.820244 0.658227
0.831558 1.22288
0.854185 1.31133
0.865499 1.56575
0.876812 0.983711
0.888126 1.39437
0.89944 0.832039
0.910754 4.53004
0.922067 2.05809
0.933381 0.663879
0.944695 0.832283
0.956008 0.490366
0.967322 0.72022
0.978636 1.23334
0.989949 1.21531
1.00126 0.655012
1.01258 0.698868
1.02389 1.20723
1.0352 0.795406
1.04652 1.26881
1.05783 0.904984
1.06915 1.61107
1.08046 1.00725
1.10309 0.829441
1.1144 1.8658
1.13703 2.51363
1.14834 1.34298
1.15966 2.24279
1.17097 1.40231
1.18228 2.27115
1.20491 1.5537
1.21622 1.75733
1.23885 1.29611
1.25016 1.25231
1.26148 0.991401
1.27279 0.749772
1.28411 1.04893
1.29542 1.08326
1.30673 1.43633
1.31805 0.940582
1.32936 0.884305
1.34067 0.828367
1.35199 0.78868
1.3633 2.05731
1.37462 1.50218
1.38593 1.28825
1.39724 0.677685
1.40856 0.965673
1.41987 1.18351
1.43118 2.09649
1.4425 1.39285
1.45381 1.24713
1.47644 1.47839
1.48775 1.10586
1.49907 0.54121
1.51038 1.08562
1.52169 0.987723
1.53301 0.24123
1.54432 0.248833
1.55563 0.805311
1.56695 0.689246
1.57826 0.910824
1.58958 0.869019
1.60089 0.600701
1.6122 0.688109
1.62352 0.297938
1.63483 0.828826
1.64614 0.387595
1.65746 0.683666
1.66877 0.604986
1.68009 0.760406
1.6914 0.549824
1.70271 0.700614
1.71403 0.655209
1.72534 0.506704
1.73665 0.639691
1.74797 0.567171
1.75928 0.961685
1.7706 0.838853
1.78191 0.65143
1.79322 1.32894
1.80454 0.593629
1.81585 0.365946
1.82716 0.278648
1.83848 0.633109
1.84979 0.524124
1.86111 0.572937
1.87242 0.915028
1.88373 0.67924
1.89505 1.16323
1.90636 0.62119
1.91767 0.602669
1.92899 1.04925
1.9403 0.875389
1.95161 1.16913
1.96293 1.4503
1.97424 1.17073
1.98556 1.11532
1.99687 1.04106
2.00818 1.02455
2.0195 1.01919
2.03081 0.632
2.04212 0.975584
2.05344 1.06196
2.06475 1.12265
2.07607 0.772476
2.08738 0.754542
2.09869 0.798033
2.11001 1.18586
2.12132 1.7037
2.13263 0.857191
2.14395 1.0017
2.15526 0.8954
2.16658 1.16648
2.17789 0.569386
2.1892 1.41709
2.20052 1.4262
2.21183 0.995714
2.22314 1.1899
2.23446 1.45444
2.24577 1.23482
2.25708 1.74212
2.2684 0.98051
2.27971 1.00844
2.29103 0.994599
2.30234 1.20726
2.31365 1.97467
2.32497 1.19838
2.33628 0.982715
2.34759 0.903999
2.35891 1.37023
2.37022 1.2769
2.38154 1.22034
2.39285 0.531122
2.40416 1.65818
2.41548 1.34931
2.42679 1.47026
2.4381 0.805834
2.44942 1.13961
2.46073 1.13905
2.47205 1.23023
2.48336 1.78842
2.49467 1.25138
2.50599 0.820062
2.5173 0.909031
2.52861 0.97313
2.53993 0.814138
2.55124 0.640486
2.56255 1.27383
2.57387 1.12252
2.58518 0.895062
2.5965 0.861322
2.60781 0.889759
2.61912 0.803681
2.63044 0.687477
2.64175 0.995108
2.65306 0.671354
2.66438 0.579517
2.67569 0.930686
2.68701 0.793502
2.69832 0.980272
2.70963 0.987884
2.72095 0.996329
2.73226 1.10722
2.74357 1.11944
2.75489 0.961659
2.7662 0.79872
2.77752 1.15991
2.78883 0.437785
2.80014 0.863891
2.81146 0.566604
2.82277 0.880913
2.83408 0.99737
2.8454 0.726635
2.85671 0.889793
2.86803 0.913126
2.87934 0.520955
2.89065 1.08867
2.90197 1.02935
2.91328 0.913535
2.92459 1.01325
2.93591 1.80938
2.94722 0.750859
2.95853 0.978142
2.96985 0.788366
2.98116 1.0219
2.99248 1.09966
3.00379 1.18735
3.0151 0.897174
3.02642 1.06353
3.03773 0.631709
3.04904 1.22592
3.06036 0.808667
3.07167 1.25293
3.08299 1.29443
3.0943 0.858426
3.10561 0.815
3.11693 1.22359
3.12824 1.10737
3.13955 1.21751
3.15087 1.21507
3.16218 1.01523
3.1735 1.22209
3.18481 0.927672
3.19612 0.919836
3.20744 0.777379
3.21875 1.00685
3.23006 1.30677
3.24138 1.03163
3.25269 0.817048
3.264 0.796425
3.27532 1.25604
3.28663 1.26951
3.29795 1.17204
3.30926 1.00052
3.32057 0.825389
3.33189 1.24644
3.3432 0.885756
3.35451 0.941515
3.36583 0.877674
3.37714 1.37435
3.38846 0.686963
3.39977 0.824998
3.41108 0.623196
3.4224 1.23697
3.43371 0.710403
3.44502 0.921977
3.45634 0.941495
3.46765 0.949693
3.47897 0.888431
3.49028 1.19486
3.50159 0.817852
3.51291 1.0531
3.52422 1.49051
3.53553 1.20036
3.54685 1.10002
3.55816 1.06822
3.56948 1.04666
3.58079 1.00927
3.5921 0.986623
3.60342 1.08322
3.61473 0.774943
3.62604 1.23906
3.63736 0.732138
3.64867 0.936076
3.65998 1.20692
3.6713 1.17801
3.68261 0.89714
3.69393 0.990478
3.70524 1.07944
3.71655 1.18725
3.72787 1.21125
3.73918 1.23587
3.75049 1.13261
3.76181 0.966691
3.77312 0.872976
3.78444 0.850691
3.79575 0.80147
3.80706 0.971659
3.81838 0.741616
3.82969 1.17917
3.841 0.883713
3.85232 1.06357
3.86363 1.19737
3.87495 1.44366
3.88626 1.23601
3.89757 1.05934
3.90889 0.938656
3.9202 0.91053
3.93151 0.666518
3.94283 0.884495
3.95414 0.586684
3.96545 1.03077
3.97677 0.818588
3.98808 0.824703
3.9994 1.07901
4.01071 0.705407
4.02202 0.852194
4.03334 0.849209
4.04465 1.13101
4.05596 0.802592
4.06728 1.19565
4.07859 1.05324
4.08991 1.23864
4.10122 0.939809
4.11253 0.913341
4.12385 1.50479
4.13516 1.3481
4.14647 1.12211
4.15779 0.701528
4.1691 1.07937
4.18042 0.736044
4.19173 0.853694
4.20304 1.03335
4.21436 0.992195
4.22567 0.342456
4.23698 0.956568
4.2483 1.00512
4.25961 0.957394
4.27092 0.847585
4.28224 1.50876
4.29355 1.25993
4.30487 1.15152
4.31618 0.835355
4.32749 1.1172
4.33881 1.0701
4.35012 1.22806
4.36143 0.952827
4.37275 1.03111
4.38406 0.675203
4.39538 1.0362
4.40669 1.1027
4.418 1.09664
4.42932 0.731192
4.44063 0.891095
4.45194 1.27499
4.46326 0.817096
4.47457 1.06813
4.48589 0.819546
4.4972 0.730805
4.50851 1.19964
4.51983 0.889475
4.53114 1.08922
4.54245 1.0118
4.55377 0.940376
4.56508 0.818232
4.5764 1.22801
4.58771 1.02299
4.59902 1.33706
4.61034 1.01825
4.62165 1.12974
4.63296 1.07692
4.64428 1.46271
4.65559 0.904842
4.6669 1.12482
4.67822 0.925865
4.68953 0.720554
4.70085 0.854369
4.71216 1.0045
4.72347 1.05577
4.73479 0.955933
4.7461 1.05122
4.75741 0.759142
4.76873 0.875771
4.78004 0.886637
4.79136 1.01623
4.80267 0.923776
4.81398 0.990613
4.8253 0.985686
4.83661 1.183
4.84792 0.75988
4.85924 0.807781
4.87055 1.09872
4.88187 0.912202
4.89318 1.17915
4.90449 1.27168
4.91581 0.945799
4.92712 1.21194
4.93843 0.774162
4.94975 0.992739
4.96106 1.14005
4.97237 0.610821
4.98369 0.857282
4.995 1.05562
5.00632 0.878418
5.01763 1.08045
5.02894 0.954093
5.04026 0.967759
5.05157 0.88012
5.06288 1.07209
5.0742 0.961074
5.08551 0.903119
5.09683 0.996606
5.10814 0.900685
5.11945 0.98168
5.13077 1.46921
5.14208 1.58435
5.15339 1.33182
5.16471 1.0034
5.17602 1.18738
5.18734 1.2132
5.19865 1.03244
5.20996 0.853943
5.22128 0.903369
5.23259 0.997915
5.2439 1.12246
5.25522 1.19044
5.26653 1.0214
5.27785 1.2776
5.28916 0.855687
5.30047 0.993886
5.31179 0.731458
5.3231 0.874987
5.33441 0.86271
5.34573 0.925932
5.35704 0.679175
5.36835 0.575191
5.37967 0.872799
5.39098 1.22796
5.4023 0.945905
5.41361 1.11902
5.42492 1.07418
5.43624 0.98272
5.44755 1.10573
5.45886 1.1072
5.47018 1.27038
5.48149 0.787576
5.49281 1.22395
5.50412 0.946476
5.51543 1.30283
5.52675 0.868631
5.53806 0.915886
5.54937 0.847765
5.56069 0.96861
5.572 1.10377
5.58332 1.06912
5.59463 0.791948
5.60594 1.41256
5.61726 0.627847
5.62857 0.990681
5.63988 1.13512
5.6512 1.24308
