0.0600444 6.85776e-05
0.0785196 0.000108278
0.11547 0.000178481
0.124708 0.000221572
0.161658 0.00184196
0.170896 0.00415656
0.180133 0.000599641
0.207846 0.00755503
0.226321 0.00164848
0.235559 0.0113237
0.244797 0.0130501
0.254034 0.0113037
0.290985 0.00908884
0.30946 0.0184093
0.327935 0.0496785
0.337173 0.0359727
0.34641 0.0128389
0.355648 0.0693485
0.364885 0.0674654
0.374123 0.0472588
0.383361 0.0616042
0.401836 0.00631984
0.411073 0.0376055
0.420311 0.0762222
0.438786 0.0451825
0.448024 0.0183426
0.457261 0.0919947
0.466499 0.136323
0.475737 0.18481
0.494212 0.1623
0.512687 0.11032
0.521925 0.1515
0.531162 0.0896369
0.5404 0.0820322
0.549637 0.359879
0.568113 0.189012
0.57735 0.238046
0.586588 0.235649
0.595825 0.0689407
0.605063 0.241392
0.614301 0.154029
0.623538 0.208006
0.632776 0.0897509
0.642013 0.144374
0.651251 0.159119
0.660489 0.375349
0.669726 0.17324
0.678964 0.105796
0.697439 0.149078
0.706677 0.32
0.715914 0.462838
0.725152 0.292683
0.73439 0.250293
0.743627 1.42733
0.752865 0.612869
0.762102 0.35101
0.77134 0.366532
0.780578 0.562628
0.789815 0.334908
0.799053 0.278572
0.80829 0.407697
0.817528 0.364274
0.826766 0.602798
0.836003 0.769967
0.845241 0.24711
0.854478 0.536868
0.863716 0.545948
0.872954 1.04312
0.882191 0.60032
0.900666 0.604936
0.909904 1.05706
0.928379 1.67062
0.937617 0.890185
0.946854 1.93122
0.956092 1.24239
0.96533 1.43632
0.983805 1.37093
0.993042 1.20852
1.01152 1.24943
1.02076 0.865226
1.02999 0.819821
1.03923 0.747857
1.04847 0.965703
1.05771 1.76545
1.06694 1.44242
1.07618 1.11073
1.08542 1.39817
1.09466 0.952443
1.10389 0.944926
1.11313 2.57083
1.12237 2.73469
1.13161 1.25575
1.14084 1.28522
1.15008 1.08803
1.15932 1.61601
1.16856 3.12689
1.17779 2.00239
1.18703 1.89384
1.20551 2.15708
1.21474 1.93928
1.22398 1.20132
1.23322 1.60348
1.24246 1.48127
1.2517 0.533497
1.26093 0.899217
1.27017 1.87807
1.27941 1.53236
1.28865 1.83247
1.29788 1.85295
1.30712 0.817747
1.31636 0.786715
1.3256 0.583768
1.33483 1.36045
1.34407 0.611413
1.35331 1.3747
1.36255 1.11346
1.37178 1.33314
1.38102 0.991225
1.39026 0.828297
1.3995 0.727894
1.40873 0.975124
1.41797 1.21647
1.42721 0.880917
1.43645 1.95534
1.44569 1.08479
1.45492 1.19146
1.46416 1.94069
1.4734 0.97808
1.48264 0.850796
1.49187 0.314724
1.50111 0.780273
1.51035 0.622704
1.51959 0.597075
1.52882 0.906606
1.53806 0.567141
1.5473 2.0087
1.55654 0.676821
1.56577 0.705672
1.57501 1.0584
1.58425 0.747187
1.59349 1.06199
1.60272 1.49164
1.61196 1.02571
1.6212 0.91176
1.63044 0.848795
1.63967 0.7085
1.64891 1.0221
1.65815 0.558378
1.66739 0.730457
1.67663 0.617356
1.68586 0.682397
1.6951 1.04499
1.70434 0.423698
1.71358 0.532365
1.72281 1.11119
1.73205 0.853953
1.74129 0.48444
1.75053 1.0545
1.75976 0.551418
1.769 0.47751
1.77824 0.365015
1.78748 0.742415
1.79671 0.877751
1.80595 0.683746
1.81519 0.987129
1.82443 0.790285
1.83366 0.560956
1.8429 0.638775
1.85214 0.780829
1.86138 0.816729
1.87061 1.08418
1.87985 0.677825
1.88909 1.03169
1.89833 0.819524
1.90757 0.787453
1.9168 0.593986
1.92604 0.85455
1.93528 0.889214
1.94452 0.987416
1.95375 0.568828
1.96299 1.04824
1.97223 1.16667
1.98147 0.708403
1.9907 0.515137
1.99994 0.862221
2.00918 0.985837
2.01842 0.932373
2.02765 1.17823
2.03689 1.04334
2.04613 0.545764
2.05537 1.29008
2.0646 0.658911
2.07384 0.61274
2.08308 0.586065
2.09232 0.73921
2.10155 0.770549
2.11079 0.68574
2.12003 1.11622
2.12927 1.06229
2.13851 0.969258
2.14774 0.671008
2.15698 1.12187
2.16622 0.745374
2.17546 0.700305
2.18469 0.887656
2.19393 0.957344
2.20317 1.01202
2.21241 1.09749
2.22164 1.12162
2.23088 1.27632
2.24012 1.42832
2.24936 1.19971
2.25859 1.02606
2.26783 1.30646
2.27707 1.18441
2.28631 1.00238
2.29554 0.698482
2.30478 1.16567
2.31402 1.43649
2.32326 1.21225
2.3325 1.10831
2.34173 1.0966
2.35097 0.618062
2.36021 1.33059
2.36945 1.44732
2.37868 1.38496
2.38792 1.56459
2.39716 2.04292
2.4064 1.08846
2.41563 1.41625
2.42487 1.21865
2.43411 1.2888
2.44335 1.60466
2.45258 1.42595
2.46182 1.52437
2.47106 1.37143
2.4803 1.14553
2.48953 1.75774
2.49877 1.06944
2.50801 1.71679
2.51725 1.32841
2.52648 1.15886
2.53572 1.28093
2.54496 1.61595
2.5542 1.47447
2.56344 1.29654
2.57267 1.2761
2.58191 1.10841
2.59115 1.40038
2.60039 1.12507
2.60962 1.03665
2.61886 0.833757
2.6281 1.16273
2.63734 1.12099
2.64657 0.845851
2.65581 1.00827
2.66505 0.958446
2.67429 1.44751
2.68352 1.1201
2.69276 0.961473
2.702 0.950881
2.71124 0.685999
2.72047 1.35888
2.72971 1.07766
2.73895 1.02532
2.74819 0.908732
2.75742 1.34962
2.76666 0.473808
2.7759 0.835283
2.78514 0.770281
2.79438 1.26863
2.80361 0.713857
2.81285 0.764963
2.82209 0.77769
2.83133 0.683979
2.84056 0.720715
2.8498 1.13186
2.85904 0.778365
2.86828 0.731778
2.87751 1.02659
2.88675 0.861433
2.89599 0.790566
2.90523 0.849444
2.91446 0.780737
2.9237 0.718507
2.93294 0.735306
2.94218 0.81531
2.95141 0.49325
2.96065 0.875714
2.96989 0.636284
2.97913 0.963484
2.98836 0.604408
2.9976 0.621811
3.00684 0.668431
3.01608 0.629861
3.02532 0.773205
3.03455 0.638651
3.04379 0.590972
3.05303 0.957697
3.06227 0.809625
3.0715 0.793334
3.08074 0.643657
3.08998 0.558719
3.09922 0.637255
3.10845 0.782751
3.11769 0.541984
3.12693 0.84693
3.13617 0.601228
3.1454 0.871557
3.15464 0.821318
3.16388 1.09766
3.17312 0.964238
3.18235 0.854468
3.19159 0.828967
3.20083 0.534526
3.21007 0.892997
3.21931 0.730974
3.22854 0.579767
3.23778 0.94175
3.24702 0.896047
3.25626 0.825476
3.26549 0.832239
3.27473 0.891938
3.28397 0.971964
3.29321 0.90901
3.30244 1.0527
3.31168 0.902836
3.32092 1.35255
3.33016 1.11859
3.33939 1.18829
3.34863 0.839121
3.35787 1.03943
3.36711 1.63658
3.37634 1.43276
3.38558 0.984114
3.39482 0.838644
3.40406 1.27071
3.41329 0.834384
3.42253 0.940182
3.43177 1.13704
3.44101 1.0757
3.45025 0.468262
3.45948 1.16675
3.46872 1.22379
3.47796 0.828919
3.4872 1.09429
3.49643 1.62571
3.50567 1.48414
3.51491 1.41181
3.52415 1.1086
3.53338 1.38188
3.54262 1.36277
3.55186 1.53407
3.5611 1.21094
3.57033 1.54238
3.57957 1.07209
3.58881 1.49679
3.59805 1.39561
3.60728 1.74773
3.61652 0.890383
3.62576 1.10472
3.635 1.32564
3.64423 1.06573
3.65347 1.47874
3.66271 1.20924
3.67195 1.07838
3.68119 1.42163
3.69042 1.13299
3.69966 1.30965
3.7089 1.68152
3.71814 1.07765
3.72737 1.1753
3.73661 0.926355
3.74585 1.41053
3.75509 1.43602
3.76432 1.04594
3.77356 1.22355
3.7828 1.48184
3.79204 1.17559
3.80127 0.996739
3.81051 1.34381
3.81975 0.771662
3.82899 0.831507
3.83822 0.825372
3.84746 1.33229
3.8567 1.1787
3.86594 1.03044
3.87518 1.18343
3.88441 0.698132
3.89365 0.835446
3.90289 0.872209
3.91213 1.22612
3.92136 0.883884
3.9306 0.861731
3.93984 0.984949
3.94908 1.00585
3.95831 0.81918
3.96755 0.850734
3.97679 1.0403
3.98603 0.854841
3.99526 0.998852
4.0045 0.833606
4.01374 0.735317
4.02298 1.03125
4.03221 0.663611
4.04145 0.704164
4.05069 0.867295
4.05993 0.61249
4.06916 0.901705
4.0784 0.849719
4.08764 0.676868
4.09688 0.775442
4.10612 0.706657
4.11535 0.887069
4.12459 0.600271
4.13383 0.855163
4.14307 0.67286
4.1523 0.836782
4.16154 0.73325
4.17078 0.807131
4.18002 0.853903
4.18925 0.940307
4.19849 1.03043
4.20773 0.908489
4.21697 0.825363
4.2262 0.696512
4.23544 0.823404
4.24468 0.655062
4.25392 0.677164
4.26315 0.713093
4.27239 0.833559
4.28163 0.920802
4.29087 1.05598
4.3001 0.705213
4.30934 0.910044
4.31858 0.855345
4.32782 0.961596
4.33706 0.503324
4.34629 0.880993
4.35553 0.876139
4.36477 0.802035
4.37401 0.586917
4.38324 0.710042
4.39248 0.754134
4.40172 1.11126
4.41096 0.924449
4.42019 1.00833
4.42943 0.736266
4.43867 0.873957
4.44791 1.28365
4.45714 0.85767
4.46638 1.47864
4.47562 0.84635
4.48486 0.948672
4.49409 0.910753
4.50333 0.984401
4.51257 1.01532
4.52181 0.897493
4.53104 0.992074
4.54028 0.769241
4.54952 1.26493
4.55876 1.1069
4.568 0.952496
4.57723 1.51286
4.58647 0.911367
4.59571 1.22615
4.60495 1.18272
4.61418 1.43256
