0.0735391 6.12531e-05
0.0961665 4.66464e-05
0.141421 0.000201229
0.152735 0.000144838
0.19799 0.000353447
0.209304 0.000168366
0.220617 0.000207111
0.254558 0.000385838
0.277186 0.000537196
0.2885 0.000884276
0.299813 0.00101602
0.311127 0.00163527
0.356382 0.0073404
0.379009 0.00421402
0.401637 0.0108634
0.41295 0.00326694
0.424264 0.00369737
0.435578 0.00971606
0.446891 0.00444942
0.458205 0.00153912
0.469519 0.00769385
0.492146 0.0110487
0.50346 0.0114543
0.514774 0.010263
0.537401 0.0106447
0.548715 0.011557
0.560029 0.0557077
0.571342 0.0126281
0.582656 0.0361827
0.605283 0.0774437
0.627911 0.0954963
0.639225 0.147659
0.650538 0.258417
0.661852 0.116085
0.673166 0.139676
0.695793 0.130654
0.707107 0.0561842
0.71842 0.0959819
0.729734 0.0894786
0.741048 0.17915
0.752362 0.141968
0.763675 0.197008
0.774989 0.612354
0.786303 0.136641
0.797616 0.283355
0.80893 0.305171
0.820244 0.928175
0.831558 0.574885
0.854185 0.740334
0.865499 0.418131
0.876812 1.99784
0.888126 0.769841
0.89944 2.27344
0.910754 2.31265
0.922067 2.55834
0.933381 1.72906
0.944695 1.84
0.956008 2.03322
0.967322 0.982752
0.978636 0.901659
0.989949 1.1351
1.00126 0.8063
1.01258 1.0439
1.02389 0.636352
1.0352 0.278339
1.04652 0.659601
1.05783 0.705935
1.06915 0.500451
1.08046 1.4785
1.10309 2.85167
1.1144 5.28189
1.13703 3.47766
1.14834 3.93441
1.15966 2.46442
1.17097 3.41257
1.18228 2.53214
1.20491 1.01184
1.21622 0.812729
1.23885 0.82107
1.25016 1.10951
1.26148 0.450051
1.27279 0.403792
1.28411 0.57104
1.29542 0.561086
1.30673 0.683582
1.31805 0.857374
1.32936 0.841536
1.34067 0.451974
1.35199 1.0849
1.3633 0.518468
1.37462 0.967652
1.38593 0.611981
1.39724 0.86782
1.40856 1.02902
1.41987 0.874991
1.43118 0.820401
1.4425 0.21077
1.45381 0.808779
1.47644 0.747663
1.48775 0.61515
1.49907 0.83538
1.51038 0.661234
1.52169 0.640968
1.53301 0.235086
1.54432 0.712234
1.55563 0.530997
1.56695 0.449706
1.57826 0.553917
1.58958 0.666642
1.60089 0.622416
1.6122 0.771241
1.62352 0.685286
1.63483 1.02211
1.64614 0.704421
1.65746 1.26148
1.66877 0.896618
1.68009 1.03099
1.6914 1.23688
1.70271 1.22451
1.71403 0.891575
1.72534 1.18181
1.73665 0.35921
1.74797 0.734855
1.75928 0.632533
1.7706 0.81407
1.78191 0.663551
1.79322 1.33481
1.80454 0.923092
1.81585 0.591788
1.82716 1.10005
1.83848 0.499989
1.84979 0.800627
1.86111 0.575328
1.87242 0.796818
1.88373 0.777041
1.89505 0.915651
1.90636 1.10687
1.91767 1.3224
1.92899 1.04952
1.9403 1.1887
1.95161 1.01744
1.96293 0.652621
1.97424 0.538137
1.98556 1.42536
1.99687 1.17461
2.00818 1.00584
2.0195 1.22997
2.03081 1.59881
2.04212 1.48788
2.05344 1.09682
2.06475 0.805015
2.07607 0.877495
2.08738 1.01216
2.09869 1.3507
2.11001 0.775937
2.12132 0.904005
2.13263 0.831881
2.14395 2.3765
2.15526 1.09175
2.16658 1.04774
2.17789 0.962475
2.1892 1.18542
2.20052 1.38673
2.21183 1.06616
2.22314 1.49771
2.23446 1.31258
2.24577 1.95764
2.25708 1.29448
2.2684 1.15925
2.27971 0.845814
2.29103 1.2558
2.30234 1.03556
2.31365 0.994013
2.32497 1.16997
2.33628 0.992126
2.34759 1.10601
2.35891 1.25662
2.37022 1.0399
2.38154 0.866845
2.39285 1.13545
2.40416 1.0426
2.41548 1.08622
2.42679 0.548255
2.4381 1.08176
2.44942 1.23227
2.46073 0.782337
2.47205 1.08705
2.48336 1.31196
2.49467 1.12247
2.50599 1.04659
2.5173 1.60845
2.52861 1.24831
2.53993 1.31327
2.55124 0.731879
2.56255 0.592854
2.57387 0.934156
2.58518 1.64435
2.5965 0.881124
2.60781 1.30376
2.61912 0.712864
2.63044 0.549704
2.64175 0.578244
2.65306 0.896187
2.66438 0.88339
2.67569 0.82931
2.68701 0.712899
2.69832 1.45182
2.70963 1.0293
2.72095 1.18542
2.73226 0.844193
2.74357 1.21698
2.75489 0.889906
2.7662 1.02648
2.77752 1.06314
2.78883 0.731012
2.80014 1.10803
2.81146 0.767274
2.82277 0.58138
2.83408 1.24431
2.8454 0.935908
2.85671 0.764341
2.86803 1.12644
2.87934 0.683622
2.89065 1.15806
2.90197 0.692852
2.91328 0.615257
2.92459 0.744647
2.93591 0.492792
2.94722 1.08201
2.95853 0.756842
2.96985 0.628751
2.98116 1.01732
2.99248 1.6542
3.00379 0.841249
3.0151 1.18486
3.02642 1.02292
3.03773 1.05757
3.04904 1.30685
3.06036 1.4449
3.07167 0.945093
3.08299 1.05839
3.0943 1.42543
3.10561 1.02398
3.11693 0.781104
3.12824 0.965495
3.13955 0.73407
3.15087 0.766416
3.16218 1.21375
3.1735 1.05676
3.18481 0.828905
3.19612 1.07366
3.20744 0.623187
3.21875 0.774956
3.23006 1.11781
3.24138 0.930776
3.25269 0.98191
3.264 1.32953
3.27532 1.53729
3.28663 1.33374
3.29795 0.774387
3.30926 0.99122
3.32057 1.06263
3.33189 1.14851
3.3432 1.09352
3.35451 1.26332
3.36583 0.611554
3.37714 0.941396
3.38846 1.14841
3.39977 1.40125
3.41108 1.27328
3.4224 0.750585
3.43371 0.752108
3.44502 1.14584
3.45634 1.42801
3.46765 1.03897
3.47897 0.856303
3.49028 1.14869
3.50159 0.662365
3.51291 1.07237
3.52422 0.716499
3.53553 0.878961
3.54685 1.04596
3.55816 1.10064
3.56948 1.36667
3.58079 1.18993
3.5921 0.913145
3.60342 0.943075
3.61473 1.1997
3.62604 0.911766
3.63736 1.1404
3.64867 0.922031
3.65998 1.22576
3.6713 1.27859
3.68261 1.01984
3.69393 0.889784
3.70524 0.738307
3.71655 0.738132
3.72787 0.544079
3.73918 0.813077
3.75049 1.04451
3.76181 0.951408
3.77312 1.33066
3.78444 0.989567
3.79575 0.868124
3.80706 0.882454
3.81838 0.909316
3.82969 0.681811
3.841 0.760642
3.85232 1.01476
3.86363 1.22693
3.87495 1.07074
3.88626 0.6205
3.89757 1.33654
3.90889 0.986047
3.9202 0.828385
3.93151 1.33021
3.94283 0.702959
3.95414 0.705126
3.96545 0.908792
3.97677 1.1375
3.98808 1.02025
3.9994 0.87966
4.01071 0.925052
4.02202 0.910957
4.03334 1.13786
4.04465 0.889904
4.05596 1.1611
4.06728 1.08243
4.07859 0.909554
4.08991 0.971462
4.10122 1.17005
4.11253 1.41084
4.12385 0.729751
4.13516 1.02007
4.14647 1.142
4.15779 1.2783
4.1691 1.12132
4.18042 0.867518
4.19173 1.30487
4.20304 0.803175
4.21436 1.2444
4.22567 0.746636
4.23698 0.753722
4.2483 0.872273
4.25961 1.04358
4.27092 1.22989
4.28224 0.874154
4.29355 0.493595
4.30487 1.05582
4.31618 0.819367
4.32749 0.696689
4.33881 1.11801
4.35012 0.840667
4.36143 0.830938
4.37275 0.909311
4.38406 0.653414
4.39538 1.26593
4.40669 1.05865
4.418 1.10465
4.42932 0.973098
4.44063 1.0521
4.45194 0.993857
4.46326 0.92179
4.47457 1.07615
4.48589 0.762676
4.4972 0.860474
4.50851 0.910378
4.51983 1.11589
4.53114 1.34801
4.54245 0.975132
4.55377 1.25453
4.56508 1.16205
4.5764 0.863662
4.58771 0.823761
4.59902 0.921559
4.61034 0.854873
4.62165 1.04281
4.63296 1.12031
4.64428 1.04262
4.65559 1.13925
4.6669 0.974121
4.67822 1.10601
4.68953 1.03013
4.70085 0.978686
4.71216 0.968389
4.72347 0.948231
4.73479 1.04498
4.7461 1.17316
4.75741 0.887166
4.76873 1.56005
4.78004 0.937707
4.79136 1.33892
4.80267 1.0507
4.81398 0.95221
4.8253 0.915237
4.83661 1.09795
4.84792 0.891375
4.85924 1.31163
4.87055 1.07639
4.88187 0.892958
4.89318 0.901148
4.90449 1.29251
4.91581 0.870765
4.92712 1.04519
4.93843 0.911797
4.94975 0.796995
4.96106 0.846239
4.97237 0.91041
4.98369 1.04562
4.995 1.02969
5.00632 0.874558
5.01763 1.09527
5.02894 0.740195
5.04026 0.893832
5.05157 0.928731
5.06288 1.3237
5.0742 0.704835
5.08551 0.986436
5.09683 1.00006
5.10814 0.935902
5.11945 0.934754
5.13077 0.745867
5.14208 1.11032
5.15339 1.2052
5.16471 1.02753
5.17602 0.881856
5.18734 0.82812
5.19865 1.00181
5.20996 1.03703
5.22128 0.864389
5.23259 1.08842
5.2439 0.77001
5.25522 0.716152
5.26653 0.991274
5.27785 1.06213
5.28916 1.35017
5.30047 1.11554
5.31179 0.920264
5.3231 0.800047
5.33441 0.954658
5.34573 0.937592
5.35704 0.812847
5.36835 1.09887
5.37967 1.07266
5.39098 1.00037
5.4023 0.868683
5.41361 1.28176
5.42492 1.10906
5.43624 0.972986
5.44755 1.0048
5.45886 0.815086
5.47018 1.10099
5.48149 1.31168
5.49281 1.11925
5.50412 0.94084
5.51543 1.03088
5.52675 1.13791
5.53806 1.10379
5.54937 1.15142
5.56069 1.02556
5.572 0.969636
5.58332 0.914302
5.59463 0.980777
5.60594 1.08374
5.61726 0.939604
5.62857 1.04119
5.63988 1.24803
5.6512 1.19504
