0.0430355 0.327142
0.0562772 0.223494
0.0827606 0.191922
0.0893814 0.0897868
0.115865 0.0285094
0.122486 0.196498
0.129107 0.053223
0.148969 0.038309
0.162211 0.157137
0.168832 0.0771619
0.175452 0.0185826
0.182073 0.0141204
0.208557 0.102461
0.221798 0.0634732
0.23504 0.0647809
0.241661 0.0204649
0.248282 0.218833
0.254903 0.0364023
0.261523 0.113419
0.268144 0.0318356
0.274765 0.0683541
0.288007 0.236494
0.294628 0.09135
0.301249 0.0632624
0.31449 0.0386927
0.321111 0.0736643
0.327732 0.157251
0.334353 0.115064
0.340974 0.113218
0.354215 0.089131
0.367457 0.0613016
0.374078 0.205935
0.380699 0.185834
0.38732 0.0543476
0.39394 0.142833
0.407182 0.158023
0.413803 0.11772
0.420424 0.127872
0.427045 0.114595
0.433665 0.0410716
0.440286 0.143931
0.446907 0.052679
0.453528 0.433526
0.460149 0.0709591
0.46677 0.0572056
0.473391 0.0785581
0.480011 0.0535229
0.486632 0.19816
0.499874 0.204292
0.506495 0.107087
0.513116 0.218992
0.519736 0.197626
0.526357 0.207997
0.532978 0.220549
0.539599 0.39414
0.54622 0.38897
0.552841 0.306087
0.559462 0.59456
0.566082 0.380309
0.572703 0.399921
0.579324 0.308921
0.585945 0.262819
0.592566 0.198756
0.599187 0.27728
0.605808 0.243319
0.612428 0.277362
0.619049 0.386575
0.62567 0.18364
0.632291 0.545928
0.645533 0.997084
0.652153 1.8915
0.665395 1.57997
0.672016 1.57188
0.678637 2.19234
0.685258 1.12769
0.691879 1.51598
0.70512 0.76286
0.711741 0.78298
0.724983 0.756558
0.731604 0.623028
0.738224 0.191122
0.744845 0.414386
0.751466 0.500678
0.758087 0.607628
0.764708 0.604039
0.771329 0.853469
0.77795 0.87493
0.78457 0.440843
0.791191 0.920074
0.797812 0.795932
0.804433 0.996416
0.811054 0.536557
0.817675 0.504971
0.824295 0.832371
0.830916 0.617384
0.837537 0.608271
0.844158 0.648347
0.850779 0.55668
0.864021 0.78328
0.870641 0.737238
0.877262 0.74323
0.883883 0.506553
0.890504 0.529915
0.897125 0.688029
0.903746 0.464122
0.910366 0.52492
0.916987 0.739896
0.923608 0.53229
0.930229 0.627121
0.93685 0.533055
0.943471 0.436171
0.950092 0.798286
0.956712 0.518895
0.963333 0.622348
0.969954 0.45708
0.976575 0.434307
0.983196 0.59825
0.989817 0.365961
0.996437 0.434012
1.00306 0.404136
1.00968 1.06184
1.0163 0.713426
1.02292 0.658726
1.02954 0.522794
1.03616 0.799739
1.04278 0.323151
1.0494 0.698377
1.05603 0.599863
1.06265 0.815982
1.06927 0.594979
1.07589 0.50729
1.08251 0.567824
1.08913 0.660627
1.09575 0.853898
1.10237 1.56232
1.10899 0.805385
1.11561 0.822963
1.12223 0.590473
1.12885 1.17644
1.13548 0.818706
1.1421 1.19571
1.14872 0.746195
1.15534 1.36396
1.16196 1.00308
1.16858 1.23355
1.1752 1.29496
1.18182 1.23216
1.18844 1.6722
1.19506 1.04208
1.20168 0.950975
1.2083 1.32522
1.21493 0.797867
1.22155 1.05366
1.22817 1.79417
1.23479 0.920324
1.24141 0.963129
1.24803 1.09133
1.25465 1.33736
1.26127 1.57623
1.26789 1.45021
1.27451 1.77695
1.28113 1.29261
1.28775 2.03815
1.29438 1.32473
1.301 1.47035
1.30762 0.676882
1.31424 1.27576
1.32086 0.939748
1.32748 1.32276
1.3341 1.56155
1.34072 1.28079
1.34734 1.17346
1.35396 1.10079
1.36058 2.25958
1.3672 1.79463
1.37383 1.80511
1.38045 2.28296
1.38707 1.04974
1.39369 1.39641
1.40031 1.50021
1.40693 1.31074
1.41355 2.15668
1.42017 1.56191
1.42679 1.25089
1.43341 0.920196
1.44003 0.842133
1.44666 1.25731
1.45328 2.13631
1.4599 1.5424
1.46652 2.08208
1.47314 1.61533
1.47976 1.80228
1.48638 1.00795
1.493 1.36784
1.49962 1.485
1.50624 1.25774
1.51286 1.42202
1.51948 1.39239
1.52611 1.46337
1.53273 1.63734
1.53935 1.26689
1.54597 1.0773
1.55259 1.16671
1.55921 1.14148
1.56583 0.740613
1.57245 1.13857
1.57907 1.02524
1.58569 1.10381
1.59231 1.08441
1.59893 1.70341
1.60556 1.12801
1.61218 1.18151
1.6188 1.06874
1.62542 1.18365
1.63204 1.11612
1.63866 1.01397
1.64528 1.0444
1.6519 1.38589
1.65852 0.691603
1.66514 0.962482
1.67176 0.947086
1.67838 0.842578
1.68501 1.0402
1.69163 0.880831
1.69825 1.12027
1.70487 0.91891
1.71149 0.843856
1.71811 0.55436
1.72473 0.642604
1.73135 0.974342
1.73797 0.660911
1.74459 0.917553
1.75121 0.863617
1.75783 0.896913
1.76446 0.809689
1.77108 0.826418
1.7777 0.792954
1.78432 0.791826
1.79094 0.497186
1.79756 0.971745
1.80418 0.668552
1.8108 0.862399
1.81742 0.552363
1.82404 0.590185
1.83066 0.667978
1.83729 0.828687
1.84391 0.699305
1.85053 0.615404
1.85715 0.905683
1.86377 0.555088
1.87039 0.942659
1.87701 0.810099
1.88363 0.689574
1.89025 0.543671
1.89687 0.853301
1.90349 0.928067
1.91011 0.736157
1.91674 1.29104
1.92336 0.889852
1.92998 1.03578
1.9366 0.640621
1.94322 0.853368
1.94984 0.50342
1.95646 0.680302
1.96308 0.808421
1.9697 0.874776
1.97632 0.988459
1.98294 0.672681
1.98956 0.85393
1.99619 0.725084
2.00281 0.91145
2.00943 0.89245
2.01605 0.827824
2.02267 0.59237
2.02929 0.774115
2.03591 0.690703
2.04253 1.02308
2.04915 1.15104
2.05577 0.944967
2.06239 0.662598
2.06901 1.03846
2.07564 1.14933
2.08226 1.01676
2.08888 1.05889
2.0955 1.12543
2.10212 1.37877
2.10874 0.858776
2.11536 0.646933
2.12198 0.799381
2.1286 0.997074
2.13522 1.05017
2.14184 1.28134
2.14846 0.689193
2.15509 0.898038
2.16171 1.6124
2.16833 0.887309
2.17495 1.01205
2.18157 0.623734
2.18819 0.728288
2.19481 0.751128
2.20143 1.07334
2.20805 1.21495
2.21467 1.39156
2.22129 1.17105
2.22792 0.976622
2.23454 1.02858
2.24116 0.807927
2.24778 0.845746
2.2544 0.861184
2.26102 1.21359
2.26764 0.467575
2.27426 0.72678
2.28088 0.794156
2.2875 1.10564
2.29412 0.739388
2.30074 1.22389
2.30737 0.807852
2.31399 1.01254
2.32061 1.18721
2.32723 0.676869
2.33385 1.02581
2.34047 1.11389
2.34709 1.11845
2.35371 1.08276
2.36033 0.756726
2.36695 0.669523
2.37357 0.963533
2.38019 1.25119
2.38682 1.20045
2.39344 0.860205
2.40006 0.867978
2.40668 1.07269
2.4133 0.938115
2.41992 1.03546
2.42654 1.03243
2.43316 0.772878
2.43978 0.788925
2.4464 0.978167
2.45302 0.978803
2.45964 0.999089
2.46627 0.481442
2.47289 0.944702
2.47951 0.781312
2.48613 1.06328
2.49275 0.85759
2.49937 1.02732
2.50599 0.842917
2.51261 1.23115
2.51923 0.976314
2.52585 0.83897
2.53247 1.14741
2.53909 0.811421
2.54572 1.02767
2.55234 0.866592
2.55896 0.937043
2.56558 0.971705
2.5722 1.05724
2.57882 1.20164
2.58544 1.35085
2.59206 0.747822
2.59868 0.845089
2.6053 1.22021
2.61192 0.923767
2.61855 1.19389
2.62517 1.0126
2.63179 0.751707
2.63841 1.0356
2.64503 0.915846
2.65165 0.989145
2.65827 0.9605
2.66489 1.03319
2.67151 1.12316
2.67813 1.36468
2.68475 1.01032
2.69137 1.2576
2.698 1.367
2.70462 1.15812
2.71124 1.30976
2.71786 1.187
2.72448 0.955725
2.7311 1.4625
2.73772 1.1734
2.74434 0.760556
2.75096 0.928913
2.75758 0.842152
2.7642 0.998964
2.77082 1.22941
2.77745 1.02333
2.78407 0.936535
2.79069 1.33695
2.79731 1.05549
2.80393 1.03854
2.81055 0.795017
2.81717 1.31435
2.82379 1.11194
2.83041 1.19049
2.83703 0.912087
2.84365 0.872014
2.85027 1.14614
2.8569 1.01521
2.86352 1.19435
2.87014 1.2123
2.87676 0.96529
2.88338 1.15562
2.89 1.34795
2.89662 1.20224
2.90324 1.26456
2.90986 0.988148
2.91648 1.12445
2.9231 1.53739
2.92972 1.12487
2.93635 1.1426
2.94297 0.960145
2.94959 1.02422
2.95621 0.949262
2.96283 1.07943
2.96945 1.15417
2.97607 1.25877
2.98269 0.963598
2.98931 1.04951
2.99593 1.2072
3.00255 1.26085
3.00918 1.35411
3.0158 1.22208
3.02242 1.24419
3.02904 0.933048
3.03566 0.764323
3.04228 0.955838
3.0489 0.932064
3.05552 0.972661
3.06214 1.22549
3.06876 1.10982
3.07538 1.14159
3.082 0.947097
3.08863 0.840705
3.09525 1.03508
3.10187 1.01582
3.10849 0.942989
3.11511 0.941682
3.12173 0.928848
3.12835 1.1435
3.13497 1.17536
3.14159 0.899952
3.14821 0.975762
3.15483 1.10307
3.16145 0.818711
3.16808 1.29339
3.1747 1.02682
3.18132 1.05928
3.18794 1.01955
3.19456 1.36938
3.20118 0.805042
3.2078 0.792927
3.21442 0.904723
3.22104 0.816842
3.22766 1.02577
3.23428 0.719927
3.2409 0.628085
3.24753 0.86703
3.25415 1.06344
3.26077 1.03495
3.26739 0.452143
3.27401 1.14844
3.28063 0.96602
3.28725 0.721574
3.29387 0.772668
3.30049 1.30264
3.30711 1.27342
