0.0600444 2.03874e-05
0.0785196 5.93198e-05
0.11547 5.02607e-05
0.124708 0.000166906
0.161658 4.83499e-05
0.170896 0.000254928
0.180133 0.000467769
0.207846 0.00186302
0.226321 0.000555153
0.235559 0.00137886
0.244797 0.00192455
0.254034 0.00677948
0.290985 0.0056628
0.30946 0.00759176
0.327935 0.00847508
0.337173 0.0152458
0.34641 0.0305513
0.355648 0.0143612
0.364885 0.0693638
0.374123 0.0501112
0.383361 0.0743505
0.401836 0.0134102
0.411073 0.0426002
0.420311 0.0286477
0.438786 0.0683532
0.448024 0.0611465
0.457261 0.0153236
0.466499 0.0731703
0.475737 0.172093
0.494212 0.213955
0.512687 0.152408
0.521925 0.45431
0.531162 0.448065
0.5404 0.0954788
0.549637 0.20317
0.568113 0.332647
0.57735 0.181792
0.586588 0.189225
0.595825 0.312591
0.605063 0.202545
0.614301 0.215659
0.623538 0.228551
0.632776 0.208961
0.642013 0.394365
0.651251 0.312929
0.660489 0.394314
0.669726 0.207051
0.678964 0.110016
0.697439 0.313841
0.706677 0.230255
0.715914 0.748889
0.725152 0.741503
0.73439 0.713707
0.743627 0.774331
0.752865 0.683497
0.762102 0.519548
0.77134 0.546696
0.780578 0.61117
0.789815 0.634681
0.799053 0.74157
0.80829 0.362588
0.817528 0.322436
0.826766 0.434981
0.836003 0.446531
0.845241 0.192944
0.854478 0.607692
0.863716 0.355051
0.872954 0.139459
0.882191 0.771134
0.900666 1.3742
0.909904 2.98163
0.928379 2.13564
0.937617 2.21573
0.946854 2.2918
0.956092 1.98133
0.96533 2.02566
0.983805 0.990752
0.993042 0.831633
1.01152 1.017
1.02076 0.503845
1.02999 0.25023
1.03923 0.68179
1.04847 0.615959
1.05771 0.573264
1.06694 0.662737
1.07618 1.40231
1.08542 1.02848
1.09466 0.765543
1.10389 1.85633
1.11313 1.00709
1.12237 1.08215
1.13161 1.00612
1.14084 0.765159
1.15008 1.77406
1.15932 1.78059
1.16856 1.12458
1.17779 0.724974
1.18703 1.04991
1.20551 1.31512
1.21474 1.3346
1.22398 1.03906
1.23322 1.07198
1.24246 1.09764
1.2517 0.468261
1.26093 1.70185
1.27017 1.40492
1.27941 1.2047
1.28865 0.749572
1.29788 1.31911
1.30712 1.33873
1.31636 1.49945
1.3256 1.32321
1.33483 1.61063
1.34407 1.13402
1.35331 2.05622
1.36255 1.71463
1.37178 1.14537
1.38102 1.73
1.39026 1.54388
1.3995 1.64732
1.40873 1.86267
1.41797 0.344784
1.42721 1.19429
1.43645 1.38494
1.44569 1.22246
1.45492 1.04958
1.46416 1.45695
1.4734 1.35762
1.48264 0.839626
1.49187 1.8773
1.50111 0.782249
1.51035 1.05093
1.51959 0.849465
1.52882 0.928077
1.53806 0.497276
1.5473 1.27061
1.55654 1.20699
1.56577 1.62869
1.57501 1.31626
1.58425 1.18072
1.59349 0.978433
1.60272 0.937103
1.61196 0.977483
1.6212 1.41428
1.63044 0.951922
1.63967 1.45493
1.64891 1.00149
1.65815 0.74816
1.66739 1.21003
1.67663 0.824861
1.68586 0.87864
1.6951 0.789483
1.70434 0.868715
1.71358 1.20173
1.72281 0.973726
1.73205 0.978796
1.74129 0.83805
1.75053 1.58118
1.75976 1.01269
1.769 1.1829
1.77824 0.705862
1.78748 0.821434
1.79671 0.913306
1.80595 0.852839
1.81519 1.36462
1.82443 1.08147
1.83366 1.60958
1.8429 0.765598
1.85214 0.824523
1.86138 0.424613
1.87061 0.89411
1.87985 0.889328
1.88909 0.804092
1.89833 0.773546
1.90757 0.721819
1.9168 1.01955
1.92604 0.724341
1.93528 0.607257
1.94452 0.694784
1.95375 0.667255
1.96299 0.629412
1.97223 0.861945
1.98147 0.232372
1.9907 0.693328
1.99994 1.03121
2.00918 0.382922
2.01842 0.697493
2.02765 0.800883
2.03689 0.764815
2.04613 0.758669
2.05537 1.30918
2.0646 0.641989
2.07384 0.752265
2.08308 0.690962
2.09232 0.642394
2.10155 0.957562
2.11079 1.27085
2.12003 0.795815
2.12927 0.766813
2.13851 0.620687
2.14774 0.634038
2.15698 0.642143
2.16622 0.877932
2.17546 0.65263
2.18469 0.518996
2.19393 0.712282
2.20317 0.831298
2.21241 0.711361
2.22164 1.02413
2.23088 0.561136
2.24012 0.90979
2.24936 0.871604
2.25859 0.757222
2.26783 0.873294
2.27707 0.925086
2.28631 0.766739
2.29554 0.903227
2.30478 0.564263
2.31402 1.32571
2.32326 1.119
2.3325 0.440805
2.34173 1.20257
2.35097 1.06225
2.36021 1.29687
2.36945 0.602378
2.37868 0.662673
2.38792 0.83927
2.39716 1.0391
2.4064 1.37881
2.41563 0.925053
2.42487 0.981488
2.43411 1.18037
2.44335 1.54656
2.45258 1.17922
2.46182 1.27157
2.47106 1.19178
2.4803 1.27925
2.48953 1.58684
2.49877 1.80585
2.50801 1.00121
2.51725 0.998105
2.52648 1.55375
2.53572 1.36964
2.54496 1.02767
2.5542 1.10029
2.56344 1.12306
2.57267 1.05561
2.58191 1.47675
2.59115 1.45835
2.60039 1.43072
2.60962 1.20499
2.61886 0.708005
2.6281 0.960127
2.63734 1.72984
2.64657 1.32234
2.65581 1.11684
2.66505 1.61037
2.67429 1.93486
2.68352 1.56698
2.69276 1.03681
2.702 1.21248
2.71124 1.26551
2.72047 1.37705
2.72971 1.27415
2.73895 1.59813
2.74819 0.450021
2.75742 0.970169
2.76666 1.41155
2.7759 1.62007
2.78514 1.23552
2.79438 0.970298
2.80361 0.868498
2.81285 1.18907
2.82209 1.24024
2.83133 1.44171
2.84056 0.854618
2.8498 0.871068
2.85904 0.665702
2.86828 1.21235
2.87751 0.951669
2.88675 0.796683
2.89599 1.16583
2.90523 1.1587
2.91446 1.36667
2.9237 1.05757
2.93294 0.81793
2.94218 0.83166
2.95141 1.21729
2.96065 0.957354
2.96989 1.29828
2.97913 0.821913
2.98836 1.89389
2.9976 1.09297
3.00684 0.94453
3.01608 0.993232
3.02532 0.806913
3.03455 0.700505
3.04379 0.694049
3.05303 0.795831
3.06227 0.876583
3.0715 0.902759
3.08074 0.928126
3.08998 0.766076
3.09922 0.660903
3.10845 0.772949
3.11769 0.506117
3.12693 0.554141
3.13617 0.51364
3.1454 0.686528
3.15464 0.965161
3.16388 0.806461
3.17312 0.54932
3.18235 0.780459
3.19159 0.75183
3.20083 0.461854
3.21007 1.12262
3.21931 0.423981
3.22854 0.469353
3.23778 0.841542
3.24702 1.07777
3.25626 0.689837
3.26549 0.826484
3.27473 0.624429
3.28397 0.754028
3.29321 0.854891
3.30244 0.922656
3.31168 1.0434
3.32092 1.08162
3.33016 0.611703
3.33939 0.99765
3.34863 0.850886
3.35787 0.882701
3.36711 0.701818
3.37634 0.82564
3.38558 0.815368
3.39482 0.963502
3.40406 0.726209
3.41329 0.690042
3.42253 1.29151
3.43177 0.707492
3.44101 1.19736
3.45025 0.742818
3.45948 0.826192
3.46872 0.847806
3.47796 0.791935
3.4872 1.09992
3.49643 0.940578
3.50567 0.653608
3.51491 0.916571
3.52415 0.920579
3.53338 0.709831
3.54262 1.02296
3.55186 0.88936
3.5611 0.7033
3.57033 0.753011
3.57957 0.668011
3.58881 1.18327
3.59805 1.05774
3.60728 1.34084
3.61652 0.954569
3.62576 1.0486
3.635 1.09453
3.64423 0.842768
3.65347 1.15618
3.66271 0.983448
3.67195 1.09269
3.68119 1.06412
3.69042 1.09379
3.69966 1.31232
3.7089 1.37779
3.71814 1.36212
3.72737 1.3413
3.73661 0.860517
3.74585 1.01692
3.75509 1.18546
3.76432 1.13562
3.77356 0.957967
3.7828 1.30643
3.79204 1.21885
3.80127 1.20642
3.81051 1.0826
3.81975 1.27814
3.82899 1.1614
3.83822 1.07394
3.84746 1.43846
3.8567 1.21403
3.86594 1.20833
3.87518 1.4156
3.88441 0.99874
3.89365 1.34142
3.90289 1.49349
3.91213 1.50446
3.92136 1.40213
3.9306 1.18639
3.93984 0.951472
3.94908 1.38843
3.95831 1.01943
3.96755 1.44851
3.97679 1.16665
3.98603 1.11438
3.99526 0.903733
4.0045 1.53402
4.01374 1.25047
4.02298 1.31944
4.03221 0.918592
4.04145 1.04732
4.05069 1.15415
4.05993 1.21773
4.06916 1.31582
4.0784 1.03342
4.08764 1.00357
4.09688 1.11098
4.10612 0.781317
4.11535 1.0087
4.12459 1.15716
4.13383 1.32349
4.14307 0.72791
4.1523 1.11969
4.16154 1.02624
4.17078 1.10461
4.18002 0.960286
4.18925 0.860184
4.19849 1.12635
4.20773 1.03652
4.21697 1.09514
4.2262 0.793264
4.23544 0.640211
4.24468 0.924956
4.25392 0.893081
4.26315 0.967302
4.27239 1.08784
4.28163 0.667651
4.29087 0.819777
4.3001 0.940687
4.30934 0.904946
4.31858 1.16024
4.32782 1.03864
4.33706 0.80612
4.34629 0.757415
4.35553 0.671695
4.36477 0.650301
4.37401 0.710995
4.38324 0.756492
4.39248 0.880867
4.40172 1.04228
4.41096 0.612173
4.42019 1.10273
4.42943 0.964429
4.43867 0.77984
4.44791 1.20986
4.45714 0.831452
4.46638 0.957749
4.47562 0.981048
4.48486 0.85928
4.49409 0.799519
4.50333 0.86394
4.51257 0.835621
4.52181 0.874485
4.53104 0.907149
4.54028 0.902163
4.54952 0.65093
4.55876 0.846668
4.568 0.690006
4.57723 0.963228
4.58647 0.856734
4.59571 0.633042
4.60495 0.822063
4.61418 0.887219
