0.0735391 9.41255e-05
0.0961665 8.66963e-05
0.141421 3.47643e-05
0.152735 6.57813e-05
0.19799 2.07997e-05
0.209304 0.000119458
0.220617 0.000173
0.254558 0.00023118
0.277186 0.000962371
0.2885 0.000731655
0.299813 0.000202047
0.311127 0.00133116
0.356382 0.00455585
0.379009 0.00500289
0.401637 0.004094
0.41295 0.00518073
0.424264 0.00700891
0.435578 0.00280891
0.446891 0.00203181
0.458205 0.00439981
0.469519 0.00809217
0.492146 0.0122695
0.50346 0.00877607
0.514774 0.0117834
0.537401 0.0171588
0.548715 0.0366152
0.560029 0.0288509
0.571342 0.0146623
0.582656 0.0238059
0.605283 0.0883395
0.627911 0.0791699
0.639225 0.0606669
0.650538 0.13658
0.661852 0.187602
0.673166 0.138924
0.695793 0.0225575
0.707107 0.0629019
0.71842 0.0672324
0.729734 0.0853528
0.741048 0.081453
0.752362 0.133882
0.763675 0.0773742
0.774989 0.0283167
0.786303 0.161969
0.797616 0.144742
0.80893 0.347912
0.820244 0.718543
0.831558 0.515661
0.854185 1.05901
0.865499 0.937864
0.876812 2.59561
0.888126 2.22024
0.89944 1.20886
0.910754 3.32529
0.922067 2.6786
0.933381 2.57796
0.944695 0.589733
0.956008 0.161413
0.967322 1.11172
0.978636 0.452058
0.989949 0.406762
1.00126 1.03429
1.01258 1.04256
1.02389 0.162114
1.0352 0.619365
1.04652 0.369058
1.05783 0.579615
1.06915 1.70528
1.08046 1.19504
1.10309 3.20709
1.1144 3.08616
1.13703 4.40488
1.14834 2.78508
1.15966 6.82002
1.17097 4.10336
1.18228 1.28999
1.20491 1.73007
1.21622 0.899041
1.23885 0.984896
1.25016 0.463687
1.26148 0.573251
1.27279 0.696021
1.28411 0.322686
1.29542 0.321127
1.30673 0.456374
1.31805 0.577332
1.32936 0.616488
1.34067 0.502073
1.35199 0.729603
1.3633 0.476921
1.37462 0.72335
1.38593 0.415021
1.39724 0.936188
1.40856 1.74449
1.41987 0.397772
1.43118 0.894464
1.4425 1.27497
1.45381 0.806766
1.47644 1.00783
1.48775 0.676922
1.49907 0.46146
1.51038 0.287299
1.52169 0.486299
1.53301 0.464715
1.54432 0.462878
1.55563 0.448915
1.56695 0.554311
1.57826 0.266318
1.58958 1.13871
1.60089 0.775186
1.6122 0.685516
1.62352 0.841033
1.63483 0.552994
1.64614 0.596264
1.65746 1.05067
1.66877 0.505068
1.68009 0.92311
1.6914 0.520143
1.70271 0.849588
1.71403 0.851802
1.72534 1.00475
1.73665 0.52079
1.74797 0.871497
1.75928 0.311148
1.7706 0.765457
1.78191 0.747963
1.79322 0.560888
1.80454 0.456723
1.81585 0.998497
1.82716 0.848418
1.83848 0.679055
1.84979 0.588527
1.86111 0.7666
1.87242 0.756062
1.88373 0.547542
1.89505 0.790294
1.90636 1.15936
1.91767 1.21157
1.92899 1.01223
1.9403 0.901416
1.95161 1.29612
1.96293 1.04199
1.97424 2.41924
1.98556 1.12632
1.99687 1.74727
2.00818 1.32518
2.0195 1.30512
2.03081 0.761204
2.04212 1.33512
2.05344 0.873063
2.06475 0.743664
2.07607 1.68541
2.08738 0.718459
2.09869 0.878028
2.11001 1.43062
2.12132 0.994532
2.13263 1.2791
2.14395 1.37144
2.15526 1.18403
2.16658 1.48568
2.17789 0.635797
2.1892 1.1032
2.20052 1.27443
2.21183 0.987077
2.22314 1.58052
2.23446 2.24872
2.24577 1.53899
2.25708 1.77916
2.2684 1.45986
2.27971 1.1379
2.29103 1.37363
2.30234 0.599114
2.31365 1.20917
2.32497 1.30711
2.33628 1.42382
2.34759 0.711777
2.35891 0.803502
2.37022 0.651794
2.38154 0.535418
2.39285 0.760706
2.40416 0.912714
2.41548 0.844839
2.42679 0.85811
2.4381 0.850983
2.44942 1.05644
2.46073 1.05329
2.47205 1.30518
2.48336 0.881667
2.49467 0.977475
2.50599 0.931172
2.5173 1.07749
2.52861 0.629002
2.53993 1.48493
2.55124 1.01332
2.56255 1.06782
2.57387 1.10035
2.58518 0.816293
2.5965 1.05745
2.60781 0.530037
2.61912 0.978708
2.63044 0.715261
2.64175 0.854035
2.65306 0.676926
2.66438 0.880752
2.67569 1.00471
2.68701 0.529449
2.69832 0.797951
2.70963 0.84182
2.72095 1.11631
2.73226 0.942158
2.74357 0.96391
2.75489 1.17053
2.7662 1.04971
2.77752 1.17422
2.78883 1.27628
2.80014 0.896278
2.81146 0.83673
2.82277 0.788619
2.83408 0.596695
2.8454 0.856817
2.85671 0.763729
2.86803 1.05465
2.87934 1.04428
2.89065 0.735269
2.90197 0.791579
2.91328 0.690525
2.92459 0.860943
2.93591 0.555769
2.94722 0.752473
2.95853 0.9615
2.96985 0.93554
2.98116 0.71742
2.99248 1.61147
3.00379 1.09139
3.0151 1.08665
3.02642 1.13136
3.03773 1.1193
3.04904 0.930185
3.06036 0.99445
3.07167 1.15114
3.08299 1.26864
3.0943 0.857058
3.10561 1.07238
3.11693 1.12924
3.12824 1.20401
3.13955 1.45396
3.15087 0.887851
3.16218 1.07339
3.1735 0.939235
3.18481 0.989951
3.19612 0.890194
3.20744 1.02019
3.21875 1.10654
3.23006 1.38454
3.24138 1.04331
3.25269 1.01392
3.264 1.22993
3.27532 0.754545
3.28663 1.09989
3.29795 1.15417
3.30926 1.38774
3.32057 1.00546
3.33189 1.36648
3.3432 1.07756
3.35451 1.18716
3.36583 1.06513
3.37714 0.948949
3.38846 1.22774
3.39977 0.922364
3.41108 0.917041
3.4224 0.835236
3.43371 1.03867
3.44502 0.792095
3.45634 1.08398
3.46765 0.881641
3.47897 0.786624
3.49028 1.2677
3.50159 1.11679
3.51291 0.807457
3.52422 0.527852
3.53553 1.46832
3.54685 1.06339
3.55816 1.01802
3.56948 1.14248
3.58079 1.01849
3.5921 1.13076
3.60342 1.0489
3.61473 0.868086
3.62604 0.856681
3.63736 0.8512
3.64867 1.00651
3.65998 0.695884
3.6713 0.902288
3.68261 0.780998
3.69393 0.787745
3.70524 1.20251
3.71655 0.772858
3.72787 1.2311
3.73918 0.880641
3.75049 0.787122
3.76181 1.01597
3.77312 0.89713
3.78444 1.04541
3.79575 0.692361
3.80706 1.02927
3.81838 0.883663
3.82969 1.05045
3.841 1.00973
3.85232 1.49897
3.86363 1.05238
3.87495 0.770122
3.88626 0.885586
3.89757 1.10707
3.90889 1.04692
3.9202 1.06668
3.93151 1.22706
3.94283 0.552263
3.95414 1.13666
3.96545 0.908154
3.97677 0.763935
3.98808 1.13599
3.9994 1.07054
4.01071 0.723628
4.02202 1.05699
4.03334 0.682279
4.04465 1.01768
4.05596 1.07928
4.06728 0.842757
4.07859 0.868632
4.08991 1.32809
4.10122 1.19312
4.11253 1.18279
4.12385 0.820274
4.13516 1.07744
4.14647 0.773603
4.15779 0.755137
4.1691 1.02571
4.18042 0.99331
4.19173 1.11323
4.20304 1.23175
4.21436 1.07666
4.22567 1.61669
4.23698 0.767484
4.2483 0.979459
4.25961 0.847201
4.27092 0.626224
4.28224 0.733546
4.29355 1.0361
4.30487 0.86178
4.31618 1.23579
4.32749 1.14959
4.33881 1.05841
4.35012 1.02069
4.36143 1.07771
4.37275 0.803326
4.38406 1.09456
4.39538 1.26396
4.40669 1.07902
4.418 0.959332
4.42932 0.825376
4.44063 1.02909
4.45194 1.25871
4.46326 0.974018
4.47457 1.22406
4.48589 0.808025
4.4972 0.855104
4.50851 0.559422
4.51983 0.975982
4.53114 0.838413
4.54245 0.848904
4.55377 1.0602
4.56508 0.850943
4.5764 1.58952
4.58771 0.934131
4.59902 1.07961
4.61034 0.837193
4.62165 1.02275
4.63296 1.23213
4.64428 0.972602
4.65559 0.955503
4.6669 1.25128
4.67822 1.24693
4.68953 0.910273
4.70085 1.1598
4.71216 0.912425
4.72347 0.923802
4.73479 0.939582
4.7461 1.13823
4.75741 1.10443
4.76873 0.988406
4.78004 0.696733
4.79136 0.873335
4.80267 0.762589
4.81398 0.931303
4.8253 0.891208
4.83661 0.829824
4.84792 1.13138
4.85924 1.27194
4.87055 0.94675
4.88187 1.05394
4.89318 0.896279
4.90449 1.05369
4.91581 1.29773
4.92712 1.62271
4.93843 0.888289
4.94975 0.984173
4.96106 1.04404
4.97237 0.869809
4.98369 1.23651
4.995 1.18309
5.00632 0.954476
5.01763 0.750747
5.02894 0.788917
5.04026 1.09576
5.05157 0.903021
5.06288 0.984528
5.0742 0.732957
5.08551 1.27638
5.09683 1.08989
5.10814 0.898749
5.11945 0.796525
5.13077 1.03787
5.14208 0.776026
5.15339 1.00744
5.16471 0.93056
5.17602 1.04837
5.18734 1.05497
5.19865 1.24468
5.20996 1.20052
5.22128 0.945427
5.23259 1.07181
5.2439 1.21553
5.25522 1.0795
5.26653 0.84318
5.27785 0.970825
5.28916 1.20112
5.30047 0.827078
5.31179 1.04543
5.3231 1.29921
5.33441 0.884926
5.34573 0.674344
5.35704 1.02132
5.36835 0.839127
5.37967 1.02063
5.39098 0.809641
5.4023 0.973366
5.41361 0.906265
5.42492 0.951857
5.43624 0.950977
5.44755 0.849028
5.45886 1.17206
5.47018 1.04511
5.48149 0.863836
5.49281 0.742622
5.50412 0.936777
5.51543 1.01915
5.52675 1.37818
5.53806 1.15452
5.54937 0.887391
5.56069 1.13333
5.572 1.19915
5.58332 0.722739
5.59463 1.10655
5.60594 0.857968
5.61726 0.803046
5.62857 1.02133
5.63988 0.519574
5.6512 0.803443
