0.0819635 0.000491648
0.107183 6.38866e-05
0.157622 0.00031705
0.170232 0.000208636
0.220671 0.000360649
0.233281 0.000558422
0.24589 0.000465112
0.28372 0.00178515
0.308939 0.000644989
0.321549 0.00297983
0.334159 0.00364885
0.346769 0.00805035
0.397208 0.00882874
0.422427 0.00809642
0.447647 0.0252244
0.460256 0.00655561
0.472866 0.0166123
0.485476 0.0155437
0.498086 0.0125805
0.510696 0.00770887
0.523305 0.0120006
0.548525 0.016718
0.561135 0.0158729
0.573744 0.0324214
0.598964 0.0810401
0.611574 0.0774253
0.624183 0.0756542
0.636793 0.188587
0.649403 0.0682516
0.674623 0.196805
0.699842 0.0923082
0.712452 0.0392599
0.725062 0.135487
0.737671 0.208632
0.750281 0.205817
0.775501 0.468991
0.78811 0.371457
0.80072 1.00487
0.81333 0.321118
0.82594 0.590192
0.838549 0.514361
0.851159 1.94831
0.863769 0.165845
0.876379 2.0362
0.888989 3.42758
0.901598 1.05913
0.914208 0.788135
0.926818 0.886114
0.952037 1.38652
0.964647 1.17849
0.977257 1.14542
0.989867 0.65354
1.00248 0.785937
1.01509 1.09122
1.0277 0.939341
1.04031 0.915468
1.05292 0.822008
1.06553 0.864903
1.07814 1.59714
1.09074 1.94958
1.10335 1.95222
1.11596 1.4669
1.12857 3.72423
1.14118 1.10495
1.15379 1.55775
1.1664 3.83133
1.17901 2.01043
1.19162 0.75701
1.20423 2.64596
1.22945 1.42061
1.24206 0.977012
1.26728 0.950803
1.27989 0.801838
1.2925 0.890545
1.30511 0.806505
1.31772 0.425796
1.34294 0.621471
1.35555 1.48605
1.38077 0.925939
1.39338 0.617788
1.40599 0.962243
1.4186 0.79142
1.43121 0.832058
1.44382 0.760606
1.45643 0.707016
1.46904 1.41363
1.48165 0.643042
1.49426 0.988013
1.50687 0.796786
1.51948 0.872376
1.53209 0.521813
1.5447 0.87295
1.55731 0.50076
1.56992 0.684016
1.58253 0.752442
1.59514 0.861665
1.60775 0.930435
1.62035 0.684235
1.64557 0.548294
1.65818 0.901166
1.67079 0.809316
1.6834 0.788281
1.69601 0.8958
1.70862 1.94141
1.72123 0.910116
1.73384 0.632048
1.74645 0.557539
1.75906 1.1439
1.77167 0.562412
1.78428 0.715515
1.79689 0.440081
1.8095 0.824271
1.82211 0.465046
1.83472 0.803815
1.84733 0.555052
1.85994 0.411556
1.87255 0.687782
1.88516 1.25175
1.89777 0.851541
1.91038 0.793179
1.92299 1.22283
1.9356 1.39595
1.94821 0.666773
1.96082 0.978537
1.97343 1.23528
1.98604 0.878149
1.99865 1.22544
2.01126 0.875117
2.02387 0.91839
2.03648 1.21733
2.04909 1.19715
2.0617 0.824946
2.07431 1.28643
2.08692 1.23595
2.09953 1.27451
2.11214 1.43367
2.12475 1.1084
2.13736 1.18898
2.14997 1.37152
2.16257 0.464775
2.17518 0.910018
2.18779 1.67264
2.2004 0.607413
2.21301 1.51174
2.22562 1.29573
2.23823 1.41918
2.25084 1.25044
2.26345 1.42654
2.27606 2.33128
2.28867 0.815227
2.30128 1.08242
2.31389 1.47995
2.3265 1.15468
2.33911 1.27627
2.35172 1.28878
2.36433 1.10687
2.37694 1.44704
2.38955 0.583918
2.40216 1.12975
2.41477 0.886547
2.42738 1.07968
2.43999 1.34251
2.4526 1.18736
2.46521 1.17364
2.47782 1.02828
2.49043 1.06766
2.50304 0.775839
2.51565 1.35404
2.52826 0.817922
2.54087 1.00309
2.55348 0.551962
2.56609 1.04554
2.5787 0.798165
2.59131 0.224447
2.60392 0.909207
2.61653 0.743853
2.62914 1.30545
2.64175 0.794913
2.65436 0.55725
2.66697 0.776253
2.67958 0.718676
2.69219 1.11079
2.70479 0.320566
2.7174 0.826694
2.73001 1.21747
2.74262 0.770601
2.75523 1.04316
2.76784 1.41496
2.78045 1.05488
2.79306 0.914057
2.80567 0.339442
2.81828 0.770202
2.83089 0.883674
2.8435 0.578292
2.85611 0.851145
2.86872 0.703742
2.88133 0.59029
2.89394 0.863193
2.90655 1.21022
2.91916 0.746188
2.93177 0.51193
2.94438 1.99575
2.95699 0.978251
2.9696 0.684285
2.98221 0.695098
2.99482 1.04424
3.00743 1.21175
3.02004 1.16651
3.03265 0.813107
3.04526 0.72241
3.05787 0.854012
3.07048 1.10099
3.08309 1.25509
3.0957 1.13938
3.10831 0.905767
3.12092 0.943605
3.13353 0.846968
3.14614 0.980958
3.15875 1.03086
3.17136 0.960589
3.18397 1.47672
3.19658 1.13901
3.20919 1.09843
3.2218 1.14646
3.23441 1.53567
3.24701 1.12367
3.25962 0.930522
3.27223 1.09946
3.28484 0.967213
3.29745 1.00519
3.31006 1.41985
3.32267 0.818198
3.33528 1.83631
3.34789 1.28563
3.3605 0.808819
3.37311 0.899638
3.38572 0.93873
3.39833 0.77361
3.41094 0.811235
3.42355 1.13047
3.43616 1.05738
3.44877 1.07929
3.46138 1.06667
3.47399 0.815506
3.4866 1.24335
3.49921 0.794927
3.51182 0.583939
3.52443 1.38293
3.53704 0.983794
3.54965 0.860012
3.56226 1.04546
3.57487 1.00682
3.58748 0.826368
3.60009 0.690506
3.6127 1.18484
3.62531 0.785034
3.63792 1.19288
3.65053 0.862279
3.66314 1.16604
3.67575 0.800966
3.68836 0.816728
3.70097 1.16083
3.71358 1.09727
3.72619 1.64208
3.7388 0.988467
3.75141 0.85969
3.76402 1.33784
3.77663 0.736566
3.78923 0.802968
3.80184 1.15863
3.81445 0.978847
3.82706 0.979285
3.83967 0.932369
3.85228 0.851312
3.86489 0.7637
3.8775 1.10697
3.89011 0.737832
3.90272 0.829763
3.91533 0.726107
3.92794 0.638324
3.94055 0.849072
3.95316 0.985623
3.96577 1.11676
3.97838 1.19814
3.99099 0.856436
4.0036 1.55808
4.01621 1.31167
4.02882 1.15199
4.04143 1.11043
4.05404 0.961239
4.06665 0.872434
4.07926 1.19498
4.09187 1.16871
4.10448 0.95887
4.11709 1.1472
4.1297 0.851101
4.14231 0.800971
4.15492 1.02376
4.16753 1.08166
4.18014 1.23963
4.19275 0.999639
4.20536 0.945372
4.21797 0.434037
4.23058 1.14126
4.24319 1.02075
4.2558 0.895066
4.26841 0.714442
4.28102 0.758897
4.29363 1.08264
4.30624 0.83039
4.31885 1.16991
4.33145 0.981792
4.34406 1.14925
4.35667 1.14527
4.36928 0.876459
4.38189 1.22235
4.3945 0.803173
4.40711 1.00323
4.41972 1.39536
4.43233 1.3047
4.44494 0.835726
4.45755 1.14206
4.47016 0.813752
4.48277 1.17544
4.49538 0.937333
4.50799 0.52091
4.5206 1.10235
4.53321 1.27603
4.54582 0.858367
4.55843 1.04981
4.57104 0.723528
4.58365 1.303
4.59626 0.980527
4.60887 0.696203
4.62148 1.09392
4.63409 1.17992
4.6467 1.26487
4.65931 0.828713
4.67192 1.25269
4.68453 1.2205
4.69714 1.23376
4.70975 0.786031
4.72236 0.652277
4.73497 1.04797
4.74758 0.723437
4.76019 1.09565
4.7728 1.36559
4.78541 0.735961
4.79802 1.08002
4.81063 1.02941
4.82324 0.558739
4.83585 1.24792
4.84846 1.00345
4.86106 1.17963
4.87367 1.25338
4.88628 0.729967
4.89889 1.07851
4.9115 0.884961
4.92411 0.938981
4.93672 0.863713
4.94933 0.832041
4.96194 1.03557
4.97455 0.8857
4.98716 1.13463
4.99977 0.518589
5.01238 1.27129
5.02499 1.01622
5.0376 0.756283
5.05021 0.867881
5.06282 0.652771
5.07543 0.840706
5.08804 1.35664
5.10065 1.50012
5.11326 0.792577
5.12587 0.976411
5.13848 0.886954
5.15109 1.16065
5.1637 0.874493
5.17631 1.00413
5.18892 0.93227
5.20153 1.01333
5.21414 1.51588
5.22675 0.9172
5.23936 1.08197
5.25197 0.897582
5.26458 0.875706
5.27719 0.913668
5.2898 0.854418
5.30241 1.01638
5.31502 0.891007
5.32763 1.01396
5.34024 0.921811
5.35285 0.76858
5.36546 1.02929
5.37807 1.17185
5.39068 0.802655
5.40328 1.44271
5.41589 1.14858
5.4285 0.949571
5.44111 1.12033
5.45372 0.954843
5.46633 0.883277
5.47894 1.23521
5.49155 1.0355
5.50416 1.13699
5.51677 1.14722
5.52938 1.04873
5.54199 1.20762
5.5546 0.980532
5.56721 1.00035
5.57982 0.987006
5.59243 1.12089
5.60504 1.18355
5.61765 1.23432
5.63026 0.860455
5.64287 0.921974
5.65548 1.00815
5.66809 0.718204
5.6807 0.920343
5.69331 0.777608
5.70592 0.929524
5.71853 0.895542
5.73114 0.701058
5.74375 1.04739
5.75636 0.879115
5.76897 1.01468
5.78158 0.952924
5.79419 0.873911
5.8068 1.22011
5.81941 1.072
5.83202 0.933176
5.84463 0.850417
5.85724 0.968735
5.86985 1.31946
5.88246 0.657888
5.89507 1.13542
5.90768 0.879635
5.92029 0.972478
5.9329 0.939426
5.9455 0.940729
5.95811 1.1552
5.97072 0.850821
5.98333 1.33246
5.99594 1.2235
6.00855 1.05732
6.02116 0.962898
6.03377 0.971231
6.04638 1.07719
6.05899 0.741109
6.0716 1.00944
6.08421 1.02172
6.09682 0.95149
6.10943 0.812703
6.12204 1.23658
6.13465 0.720648
6.14726 0.824371
6.15987 1.22638
6.17248 1.20878
6.18509 1.05726
6.1977 1.14376
6.21031 1.15373
6.22292 1.01
6.23553 1.72569
6.24814 0.871008
6.26075 1.10558
6.27336 1.06904
6.28597 0.978727
6.29858 0.997427
