0.0600444 7.04855e-05
0.0785196 5.40078e-05
0.11547 2.88074e-05
0.124708 0.000116867
0.161658 0.000379251
0.170896 0.000214852
0.180133 0.00112207
0.207846 0.00266407
0.226321 0.00401625
0.235559 0.00772484
0.244797 0.00509673
0.254034 0.0029375
0.290985 0.0062993
0.30946 0.00666033
0.327935 0.0267717
0.337173 0.0529269
0.34641 0.00990484
0.355648 0.00722112
0.364885 0.0296707
0.374123 0.0343853
0.383361 0.0302327
0.401836 0.0396496
0.411073 0.053223
0.420311 0.0823182
0.438786 0.075116
0.448024 0.0566264
0.457261 0.0344751
0.466499 0.100651
0.475737 0.153791
0.494212 0.221414
0.512687 0.59554
0.521925 0.299272
0.531162 0.290792
0.5404 0.466511
0.549637 0.516735
0.568113 0.284262
0.57735 0.205279
0.586588 0.201286
0.595825 0.340523
0.605063 0.428666
0.614301 0.238357
0.623538 0.485223
0.632776 0.350087
0.642013 0.282146
0.651251 0.464888
0.660489 0.472436
0.669726 0.072197
0.678964 0.314513
0.697439 0.360298
0.706677 0.357692
0.715914 0.410398
0.725152 0.587988
0.73439 0.414711
0.743627 0.922828
0.752865 0.981064
0.762102 1.36486
0.77134 0.415516
0.780578 0.200202
0.789815 0.310449
0.799053 0.242353
0.80829 0.267223
0.817528 0.58842
0.826766 0.517788
0.836003 0.594481
0.845241 0.324832
0.854478 0.227552
0.863716 0.30011
0.872954 0.678048
0.882191 0.707029
0.900666 1.91118
0.909904 2.50047
0.928379 2.30772
0.937617 1.46381
0.946854 3.74235
0.956092 2.50853
0.96533 0.661343
0.983805 1.49483
0.993042 0.592369
1.01152 0.947144
1.02076 0.409395
1.02999 0.577867
1.03923 1.04422
1.04847 0.309196
1.05771 0.445442
1.06694 0.596868
1.07618 0.470935
1.08542 0.704426
1.09466 0.780993
1.10389 0.592404
1.11313 0.79
1.12237 0.859218
1.13161 0.521604
1.14084 0.907116
1.15008 2.03277
1.15932 0.715234
1.16856 1.41739
1.17779 1.81445
1.18703 1.25049
1.20551 1.9339
1.21474 1.1743
1.22398 1.1946
1.23322 0.766629
1.24246 0.90722
1.2517 1.01838
1.26093 1.08983
1.27017 0.835962
1.27941 1.19725
1.28865 0.714096
1.29788 1.58526
1.30712 1.43563
1.31636 1.09629
1.3256 1.18565
1.33483 0.962419
1.34407 1.00194
1.35331 2.31811
1.36255 0.969755
1.37178 1.41056
1.38102 0.681936
1.39026 1.22753
1.3995 1.60268
1.40873 1.52101
1.41797 1.13375
1.42721 1.12569
1.43645 0.294265
1.44569 1.03753
1.45492 1.01115
1.46416 1.32603
1.4734 0.979843
1.48264 1.3966
1.49187 0.782041
1.50111 0.902328
1.51035 0.721167
1.51959 1.01228
1.52882 0.933624
1.53806 0.718966
1.5473 0.762735
1.55654 1.21269
1.56577 1.45862
1.57501 1.10901
1.58425 1.16307
1.59349 1.55785
1.60272 0.895229
1.61196 2.24736
1.6212 1.4548
1.63044 1.42233
1.63967 1.60525
1.64891 1.10122
1.65815 1.08115
1.66739 1.41232
1.67663 1.0078
1.68586 0.825144
1.6951 1.20175
1.70434 0.890739
1.71358 0.803473
1.72281 1.19922
1.73205 0.979187
1.74129 1.04956
1.75053 1.8743
1.75976 1.18978
1.769 1.29397
1.77824 0.958375
1.78748 1.09389
1.79671 0.755709
1.80595 0.887036
1.81519 1.24361
1.82443 1.64964
1.83366 1.15237
1.8429 1.23349
1.85214 1.54013
1.86138 1.05316
1.87061 1.20178
1.87985 0.835404
1.88909 1.24623
1.89833 0.778378
1.90757 0.928107
1.9168 0.919649
1.92604 1.00096
1.93528 0.797092
1.94452 0.559462
1.95375 0.907696
1.96299 0.61339
1.97223 0.684046
1.98147 0.694982
1.9907 0.610464
1.99994 0.833107
2.00918 0.635107
2.01842 0.768134
2.02765 0.657771
2.03689 0.554472
2.04613 0.866021
2.05537 0.421059
2.0646 0.793522
2.07384 0.857534
2.08308 0.593055
2.09232 0.718813
2.10155 0.822156
2.11079 0.501371
2.12003 0.893616
2.12927 0.668232
2.13851 0.61763
2.14774 0.668363
2.15698 0.54135
2.16622 0.585504
2.17546 0.786566
2.18469 0.969825
2.19393 0.587685
2.20317 0.826719
2.21241 0.697401
2.22164 1.04829
2.23088 0.705755
2.24012 1.2585
2.24936 0.922535
2.25859 0.973943
2.26783 0.849031
2.27707 1.10453
2.28631 0.712135
2.29554 0.7999
2.30478 0.757438
2.31402 0.500237
2.32326 0.783815
2.3325 0.559515
2.34173 1.17866
2.35097 0.930927
2.36021 0.816033
2.36945 0.539629
2.37868 0.922267
2.38792 1.0284
2.39716 0.69336
2.4064 0.958392
2.41563 1.00773
2.42487 0.958191
2.43411 0.645773
2.44335 1.88959
2.45258 0.994595
2.46182 1.30177
2.47106 1.07523
2.4803 1.1072
2.48953 0.871663
2.49877 1.14309
2.50801 1.26788
2.51725 1.24754
2.52648 0.937547
2.53572 1.03694
2.54496 1.32614
2.5542 1.09918
2.56344 1.39472
2.57267 0.857588
2.58191 1.52516
2.59115 0.901087
2.60039 0.946151
2.60962 0.847605
2.61886 1.63354
2.6281 1.27082
2.63734 1.49704
2.64657 1.14988
2.65581 1.27407
2.66505 1.35835
2.67429 0.944625
2.68352 1.36924
2.69276 1.24971
2.702 1.30941
2.71124 1.57225
2.72047 1.3696
2.72971 1.02694
2.73895 1.38849
2.74819 0.819697
2.75742 1.49868
2.76666 1.27444
2.7759 1.04513
2.78514 0.8654
2.79438 1.14666
2.80361 1.42922
2.81285 1.24853
2.82209 1.26662
2.83133 1.18467
2.84056 0.970632
2.8498 1.22657
2.85904 1.65664
2.86828 0.977745
2.87751 0.733202
2.88675 1.53091
2.89599 1.04986
2.90523 1.04702
2.91446 1.03854
2.9237 1.1834
2.93294 1.1867
2.94218 1.21301
2.95141 1.32573
2.96065 1.01633
2.96989 1.03299
2.97913 0.92566
2.98836 1.08746
2.9976 0.874757
3.00684 0.98799
3.01608 0.806967
3.02532 1.13472
3.03455 0.944445
3.04379 1.28215
3.05303 1.1897
3.06227 0.889717
3.0715 1.09248
3.08074 1.02647
3.08998 1.03658
3.09922 0.79159
3.10845 0.856509
3.11769 1.00783
3.12693 0.861942
3.13617 0.963157
3.1454 1.08419
3.15464 1.06488
3.16388 0.690908
3.17312 0.803931
3.18235 0.943792
3.19159 1.11413
3.20083 1.08179
3.21007 1.21799
3.21931 0.727859
3.22854 0.948946
3.23778 0.774198
3.24702 0.871266
3.25626 0.954492
3.26549 0.936564
3.27473 0.818693
3.28397 0.921808
3.29321 0.60499
3.30244 0.914761
3.31168 1.2352
3.32092 0.813396
3.33016 0.72774
3.33939 0.91977
3.34863 0.875353
3.35787 1.04205
3.36711 0.860244
3.37634 0.745704
3.38558 0.774587
3.39482 0.863333
3.40406 0.90189
3.41329 0.807788
3.42253 0.777568
3.43177 0.887136
3.44101 1.21152
3.45025 1.18016
3.45948 0.781511
3.46872 0.92899
3.47796 0.7861
3.4872 0.675056
3.49643 0.620378
3.50567 0.703335
3.51491 0.822571
3.52415 0.928045
3.53338 1.12058
3.54262 0.821951
3.55186 0.904992
3.5611 1.12634
3.57033 0.695754
3.57957 0.705243
3.58881 0.949659
3.59805 0.782513
3.60728 0.751374
3.61652 0.839177
3.62576 1.11738
3.635 0.802261
3.64423 0.690092
3.65347 1.02938
3.66271 0.697123
3.67195 0.818128
3.68119 0.47305
3.69042 1.15131
3.69966 0.993265
3.7089 0.931842
3.71814 0.981779
3.72737 0.696527
3.73661 1.20993
3.74585 0.932134
3.75509 1.00812
3.76432 0.899743
3.77356 1.07398
3.7828 1.06932
3.79204 0.937101
3.80127 1.01643
3.81051 1.13682
3.81975 1.1756
3.82899 0.786474
3.83822 1.01957
3.84746 0.938003
3.8567 1.06895
3.86594 0.883622
3.87518 1.16801
3.88441 1.31356
3.89365 0.945391
3.90289 0.718269
3.91213 0.830987
3.92136 0.970349
3.9306 1.17422
3.93984 0.937516
3.94908 0.909459
3.95831 1.22623
3.96755 1.29208
3.97679 0.941016
3.98603 1.07767
3.99526 1.00077
4.0045 1.12646
4.01374 1.3515
4.02298 1.52098
4.03221 1.23436
4.04145 1.16134
4.05069 1.15376
4.05993 1.14938
4.06916 1.65656
4.0784 1.23394
4.08764 1.24034
4.09688 1.12148
4.10612 1.06491
4.11535 1.13188
4.12459 1.14739
4.13383 1.14543
4.14307 1.23912
4.1523 1.61131
4.16154 1.39552
4.17078 0.936166
4.18002 0.957386
4.18925 0.938102
4.19849 0.827156
4.20773 1.07526
4.21697 1.06005
4.2262 1.31169
4.23544 1.08641
4.24468 1.30146
4.25392 1.11298
4.26315 0.940242
4.27239 1.28664
4.28163 1.42901
4.29087 1.22583
4.3001 0.914611
4.30934 1.23559
4.31858 1.43316
4.32782 0.973196
4.33706 1.12843
4.34629 1.49713
4.35553 1.02886
4.36477 0.825839
4.37401 1.2325
4.38324 0.981963
4.39248 1.00124
4.40172 0.852181
4.41096 0.914364
4.42019 1.05416
4.42943 1.06672
4.43867 0.874803
4.44791 0.903429
4.45714 1.2157
4.46638 0.923148
4.47562 1.22986
4.48486 0.669999
4.49409 0.858305
4.50333 0.76024
4.51257 1.17584
4.52181 0.843042
4.53104 0.638855
4.54028 1.1752
4.54952 0.981798
4.55876 0.891601
4.568 0.862247
4.57723 0.795502
4.58647 0.853851
4.59571 0.970083
4.60495 0.467571
4.61418 0.760402
