0.971026666667 0.0745610333333
0.984252 0.639981
0.0476905 0.575691666667
0.0881338333333 0.02448325
0.940634333333 0.0458356
0.760683666667 0.24454
0.942902333333 0.967893
0.706986666667 0.720885
0.701407 0.759683666667
0.0507135 0.608806333333
0.0301792 0.643850333333
0.033485 0.217677333333
0.0300025466667 0.253493
0.00835649 0.491852666667
0.0144065133333 0.231790666667
0.236696 0.0181258233333
0.0420209 0.685024
0.929919666667 0.321618333333
0.967177 0.362074666667
0.967844 0.172520333333
0.983254333333 0.261463666667
0.972399666667 0.325812666667
0.943027333333 0.209888
0.855633 0.397882333333
0.736503 0.655978666667
0.723453666667 0.578516
0.524353 0.399755333333
0.753226333333 0.276667
0.602642666667 0.305807666667
0.616825666667 0.338121
0.859179333333 0.329645333333
0.912117666667 0.0594646666667
0.872152333333 0.0327188
0.720583333333 0.228855
0.906188 0.974615333333
0.882527666667 0.946391333333
0.670194666667 0.766459
0.0340399 0.100629766667
0.0562707 0.0515664
0.0665808 0.115327066667
0.0380287333333 0.133856733333
0.118466033333 0.310579333333
0.184408666667 0.294075
0.149833 0.286249333333
0.295868666667 0.412031333333
0.0714652333333 0.546561666667
0.0720239333333 0.287201
0.03879908 0.289402333333
0.0831086666667 0.315621666667
0.0689781666667 0.351906666667
0.0221936133333 0.340532
0.0412879666667 0.374615666667
0.0964039666667 0.250759
0.138855666667 0.254849666667
0.159989 0.917379666667
0.197592 0.894108666667
0.0760276666667 0.959503666667
0.03636227 0.946468333333
0.0402996366667 0.909294
0.129887333333 0.912811
0.0731993666667 0.905531333333
0.0983199666667 0.93076
0.02442251 0.751741
0.0454616333333 0.726429333333
0.458017333333 0.944162333333
0.888804666667 0.395251
0.883892 0.358323333333
0.914168666667 0.349671666667
0.877970666667 0.464575666667
0.867217333333 0.496782
0.63076 0.462743666667
0.847291 0.448197
0.836235 0.419754333333
0.793125333333 0.398537666667
0.753587333333 0.582024666667
0.759286666667 0.618763333333
0.668360333333 0.473065666667
0.716373666667 0.53449
0.295306333333 0.379941
0.285625666667 0.0307221066667
0.580776333333 0.425305666667
0.560285333333 0.393442333333
0.630558666667 0.407715
0.617756 0.43437
0.568971333333 0.362667666667
0.602265 0.367876
0.545959333333 0.326702333333
0.56507 0.299597333333
0.661313 0.402117666667
0.718982333333 0.303907333333
0.685200333333 0.306388666667
0.736140666667 0.338089
0.718552333333 0.364728
0.659417666667 0.342994666667
0.675611333333 0.367152333333
0.778827333333 0.293766666667
0.810737333333 0.289493666667
0.766268 0.330763333333
0.789719 0.357799666667
0.820966 0.359583666667
0.829425 0.328274333333
0.875043666667 0.293942333333
0.915507333333 0.294567
0.930094666667 0.240167
0.944056666667 0.267148333333
0.874044666667 0.134245
0.925949333333 0.173383
0.893259333333 0.168879333333
0.949935333333 0.106299933333
0.950766 0.136015333333
0.917150666667 0.0964984333333
0.888933666667 0.105202166667
0.793905333333 0.223823666667
0.83196 0.13755
0.788929666667 0.184490666667
0.817027 0.167861666667
0.666396333333 0.00436916
0.666220666667 0.28188
0.680662333333 0.246662666667
0.626255 0.286172666667
0.797203 0.822666
0.732007333333 0.777958333333
0.812688333333 0.790725666667
0.899294333333 0.520419666667
0.86541 0.564062666667
0.900626 0.555748
0.947263666667 0.936001333333
0.966103666667 0.901101666667
0.914288 0.921890333333
0.960847666667 0.777113666667
0.977854666667 0.732778
0.971077666667 0.841248
0.948175666667 0.807251666667
0.623199333333 0.969623666667
0.804845333333 0.988587
0.294299033333 0.991348333333
0.502749 0.976755666667
0.422842333333 0.98407
0.851396 0.936304
0.626199666667 0.526945666667
0.666293666667 0.504561333333
0.686133333333 0.530258333333
0.594622666667 0.482780666667
0.592129 0.515487
0.383737666667 0.455137666667
0.356927333333 0.429771
0.327234333333 0.437351333333
0.326197 0.476228
0.316112 0.553676666667
0.682333666667 0.702446666667
0.654306333333 0.727043666667
0.629200666667 0.713077
0.120843033333 0.343026
0.0929488666667 0.364703333333
0.160457666667 0.383957333333
0.156664666667 0.351178666667
0.188863333333 0.326557666667
0.0524121 0.510600666667
0.0286373666667 0.539730666667
0.0231410333333 0.591037333333
0.0131271433333 0.557693333333
0.01394361 0.657522666667
0.0867337666667 0.400691666667
0.0675744 0.475357333333
0.0536049333333 0.407462666667
0.0392812333333 0.439219666667
0.0903711333333 0.217542
0.0578424 0.200719666667
0.0517703666667 0.165141333333
0.0803224333333 0.146611666667
0.189951666667 0.0308046833333
0.197928666667 0.0621886
0.119520733333 0.03396135
0.153669333333 0.0373363166667
0.161646333333 0.0687202333333
0.133819 0.0958789666667
0.0876576 0.0610445
0.0939788666667 0.0915782
0.142342333333 0.126033833333
0.116243833333 0.153017666667
0.203148333333 0.956747666667
0.166769 0.943778
0.150754366667 0.980922666667
0.114375033333 0.967953
0.0839194666667 0.860976666667
0.0825405666667 0.615941333333
0.0691260333333 0.679419
0.0891114 0.645380333333
0.123753766667 0.653028666667
0.298423 0.492628333333
0.288927 0.534056666667
0.234073 0.53181
0.253397333333 0.5544
0.274328 0.431299333333
0.277919666667 0.473019666667
0.249099333333 0.491858
0.216394666667 0.479606
0.429736333333 0.926997
0.364605666667 0.920928
0.391091 0.945100333333
0.33336 0.936241
0.311374333333 0.909400666667
0.319915 0.972777
0.359845333333 0.960413333333
0.356343 0.851735666667
0.32417 0.869525333333
0.210734666667 0.866245333333
0.194278 0.839954666667
0.255696666667 0.861739
0.920258666667 0.406806333333
0.965705 0.399008
0.938672666667 0.378722
0.913864333333 0.46707
0.966381333333 0.443903333333
0.934036666667 0.440374666667
0.977415 0.482834
0.960344 0.517259666667
0.929138 0.505024333333
0.799474 0.553817
0.825396333333 0.53737
0.828535333333 0.505417666667
0.808028 0.475650666667
0.779536333333 0.473050666667
0.768497333333 0.547267666667
0.749544 0.488796
0.74392 0.516799
0.44109 0.409629
0.414530666667 0.382203
0.359089666667 0.38834
0.387984 0.369736333333
0.328834333333 0.36383
0.429361666667 0.0571562
0.396944333333 0.0754665
0.583178 0.140183333333
0.549641 0.268233333333
0.727406666667 0.392064
0.765044666667 0.409026666667
0.762859333333 0.44196
0.732867 0.457705333333
0.699069333333 0.449981
0.691423666667 0.417273
0.826423666667 0.227158
0.834069666667 0.257837333333
0.868621666667 0.260915
0.895123333333 0.234558333333
0.875366 0.199775666667
0.841218333333 0.195453
0.822208666667 0.108089366667
0.845119666667 0.0512249333333
0.856868 0.0866745333333
0.606271 0.0157362333333
0.642241333333 0.0316738033333
0.618707666667 0.0678598
0.648249666667 0.232262666667
0.618666666667 0.255055333333
0.579625333333 0.243326333333
0.574289666667 0.208171
0.769341 0.827237
0.739529333333 0.8079
0.940415333333 0.723491
0.946804666667 0.693581
0.756796333333 0.751807666667
0.793328666667 0.760181333333
0.739371333333 0.719516666667
0.750426 0.692284666667
0.969254 0.557449333333
0.979927666667 0.615820666667
0.971389333333 0.664681
0.912479666667 0.887838666667
0.943376 0.867515
0.935678 0.837799333333
0.920921 0.783756333333
0.911061333333 0.743193333333
0.851316 0.788594
0.874257666667 0.816901333333
0.908423333333 0.814304
0.632635333333 0.940905333333
0.623171666667 0.868977333333
0.621602666667 0.836542
0.654361666667 0.793815
0.663100666667 0.824392
0.819997 0.952227
0.724748333333 0.958313
0.683472 0.973763
0.749786 0.976286
0.665017333333 0.564596333333
0.630479666667 0.560020666667
0.556119666667 0.444129666667
0.556962 0.473231
0.519387666667 0.433654
0.527123333333 0.503441
0.273292333333 0.708965666667
0.148814666667 0.633829666667
0.24245 0.723416333333
0.337942333333 0.6098
0.313459333333 0.58551
0.191503 0.393006666667
0.223988 0.383586666667
0.241178666667 0.417417333333
0.179671666667 0.43578
0.212065666667 0.446885666667
0.276661333333 0.353374
0.243412 0.354747666667
0.227946 0.324607
0.163183666667 0.841539333333
0.135271666667 0.874303
0.1144244 0.847697333333
0.0634918 0.835706
0.0184924466667 0.843245666667
0.03531167 0.871004333333
0.0336735433333 0.794583333333
0.0641281 0.799237
0.174459 0.587436333333
0.145128333333 0.600612666667
0.105444266667 0.554107666667
0.1134966 0.590372666667
0.101693933333 0.467543666667
0.131899333333 0.482481333333
0.151914666667 0.454512333333
0.133363 0.419524333333
0.1065296 0.424635
0.555828 0.878615
0.593425 0.885783
0.601242 0.920596333333
0.442886 0.867114
0.427778 0.896942666667
0.414428 0.840587333333
0.384315 0.862421
0.385823 0.894935
0.263304 0.894622333333
0.282460333333 0.921696333333
0.264515666667 0.960900333333
0.231092333333 0.944868
0.232316 0.908627333333
0.221748 0.804565666667
0.239519 0.755441
0.210580333333 0.773631
0.222938333333 0.272513
0.247479333333 0.292991333333
0.236234666667 0.236852333333
0.270778666667 0.224663
0.436902666667 0.345914666667
0.477084666667 0.287195
0.358048 0.0280319733333
0.365407666667 0.0602399
0.322294666667 0.0319106733333
0.329654333333 0.0641186
0.398608666667 0.109854666667
0.431932333333 0.155889333333
0.434341 0.124431666667
0.444843 0.0311364666667
0.453721333333 0.00779587
0.405066 0.01723884
0.399418666667 0.175969666667
0.481815333333 0.254899
0.510711666667 0.247893
0.451209 0.219233
0.579572333333 0.112089766667
0.590665666667 0.0805371333333
0.649866333333 0.0869344666667
0.783902666667 0.02843676
0.803626333333 0.0511968333333
0.791962 0.0955264333333
0.763671666667 0.108282733333
0.643303666667 0.201576666667
0.610907333333 0.153235
0.608385 0.189214
0.934274333333 0.662645
0.958859 0.633745
0.924796333333 0.588931333333
0.952046 0.591785666667
0.860774333333 0.594483666667
0.823348 0.588990666667
0.900156 0.661860333333
0.897491 0.630106
0.868685 0.627343666667
0.877759 0.875985333333
0.863917 0.845199333333
0.82549 0.848832333333
0.820256666667 0.884107
0.848435666667 0.899949666667
0.856421333333 0.755136333333
0.879579 0.728973
0.870954 0.692074
0.819578 0.737625
0.693687 0.938024
0.661846666667 0.924755666667
0.6602 0.887641
0.639006333333 0.671299666667
0.704041666667 0.648208666667
0.677287333333 0.67125
0.696691666667 0.607484666667
0.668495666667 0.597796666667
0.563512666667 0.547504
0.536167666667 0.545007666667
0.522683 0.583499
0.392535333333 0.659345
0.48895 0.580173
0.477693 0.617357
0.450854666667 0.623759
0.48927 0.453694
0.447314 0.440934333333
0.418670666667 0.457478666667
0.364941 0.680343666667
0.331368 0.67962
0.371556333333 0.717994333333
0.306403333333 0.71473
0.331915 0.734997
0.172745 0.654846333333
0.21538 0.699847
0.179527666667 0.773686333333
0.159601 0.806205666667
0.1269694 0.807433666667
0.503852333333 0.649713
0.488140333333 0.679976
0.429080333333 0.681691666667
0.455426333333 0.668404
0.345802 0.819791
0.357912 0.790652333333
0.3215 0.766924666667
0.276667 0.775018666667
0.263060666667 0.802677666667
0.313629 0.837580666667
0.280552666667 0.833560333333
0.270614666667 0.672623333333
0.286557333333 0.606067333333
0.305901333333 0.658903333333
0.311040333333 0.630357333333
0.253680333333 0.594577333333
0.218835333333 0.612014
0.237476333333 0.666780333333
0.213435 0.646207
0.190297 0.50523
0.204292666667 0.536239333333
0.176081333333 0.557309333333
0.150087 0.506369
0.138698333333 0.534220666667
0.536494333333 0.911233333333
0.488682666667 0.935632
0.503922333333 0.909186333333
0.56227 0.930355666667
0.533414333333 0.968225333333
0.574429666667 0.960902
0.297298 0.244775333333
0.328964333333 0.226613333333
0.331734333333 0.316883333333
0.301011 0.307685
0.287295 0.277443
0.201813333333 0.219532666667
0.156727666667 0.230575666667
0.1223895 0.20518
0.135306166667 0.180887666667
0.461887333333 0.352284333333
0.503265333333 0.381158
0.470195666667 0.388821333333
0.516185666667 0.338879666667
0.491636333333 0.323730333333
0.469098 0.109351033333
0.540393333333 0.103648133333
0.465783 0.0764637333333
0.481264333333 0.050444
0.551486666667 0.0720955
0.543558333333 0.0434805966667
0.513533 0.03621783
0.369819 0.129309666667
0.373037666667 0.163967
0.519141333333 0.128537033333
0.489533666667 0.131900366667
0.502949666667 0.203318666667
0.465599666667 0.165562
0.472493666667 0.189972
0.542909333333 0.156495
0.536543333333 0.188503666667
0.723880333333 0.200412
0.759005 0.176764
0.749060666667 0.143430666667
0.709010333333 0.0857956
0.740847666667 0.0785036333333
0.689247333333 0.0351203366667
0.681674666667 0.0653863666667
0.725149666667 0.0200131966667
0.749414333333 0.04298726
0.785059 0.630846
0.814889666667 0.617015
0.839533666667 0.647490666667
0.839137666667 0.680466666667
0.781484666667 0.680709333333
0.810919333333 0.699854333333
0.693448333333 0.877835666667
0.697918 0.847022
0.727913333333 0.839611333333
0.757725 0.858948333333
0.717137666667 0.909737666667
0.748199 0.930026666667
0.780353666667 0.889652
0.777133666667 0.921417666667
0.617868666667 0.648081666667
0.63324 0.614686
0.572710666667 0.659888
0.609574 0.586566666667
0.576677666667 0.585508666667
0.54931 0.607460333333
0.541736333333 0.636490333333
0.425495333333 0.600746
0.367363 0.602769
0.393522 0.623044333333
0.421609333333 0.492407
0.417721333333 0.56389
0.385007666667 0.564398666667
0.358239666667 0.539596333333
0.358828666667 0.503576
0.386676333333 0.490066
0.473323333333 0.549419
0.498012 0.511178333333
0.480514 0.488073666667
0.438688333333 0.543413
0.441496666667 0.510242333333
0.159445333333 0.749858333333
0.158087333333 0.691171666667
0.176681 0.715599
0.1257331 0.691976666667
0.0981150666667 0.709132333333
0.08297 0.737950666667
0.0923854333333 0.767916
0.122649066667 0.772552
0.425719333333 0.808793
0.358572 0.236365333333
0.420298666667 0.229761
0.393439666667 0.21419
0.173744666667 0.171001333333
0.205913666667 0.184250666667
0.237210666667 0.163913333333
0.175938333333 0.1350745
0.337592666667 0.133812333333
0.284695 0.187641
0.271014666667 0.163040333333
0.320782666667 0.190359666667
0.340811333333 0.168469666667
0.659866 0.118936033333
0.645343333333 0.144465666667
0.696227 0.1180907
0.713453333333 0.145946666667
0.664851 0.176344666667
0.6966 0.178671
0.393579666667 0.771976
0.420733 0.780005666667
0.396809 0.731245666667
0.426738666667 0.715941666667
0.445830666667 0.743514666667
0.356721 0.300268333333
0.365608333333 0.268154333333
0.382715333333 0.328611333333
0.402035666667 0.266331666667
0.417782333333 0.318265333333
0.428215333333 0.288099666667
0.239031 0.1300381
0.261936666667 0.0609934666667
0.220984 0.0797811
0.209927666667 0.1144486
0.272835 0.1291651
0.299215666667 0.0789906333333
0.304407 0.114002766667
0.470529333333 0.853936333333
0.498942 0.874484666667
0.464392666667 0.814252333333
0.497913666667 0.804677333333
0.533471333333 0.855500666667
0.538579666667 0.825377333333
0.562061666667 0.691855666667
0.478739 0.746708333333
0.503778333333 0.776309666667
0.503103 0.711085666667
0.534815666667 0.712303666667
0.604628666667 0.740723
0.579401333333 0.724259
0.613901333333 0.782045666667
0.545482 0.773090333333
0.552155333333 0.744707
0.594851 0.808397333333
0.563931333333 0.803541333333
