0.066716 6.98522e-05
0.087244 5.74713e-05
0.1283 8.26661e-05
0.138564 6.4907e-05
0.17962 0.000836364
0.189884 0.00043221
0.200148 0.000316224
0.23094 0.00238214
0.251468 0.00950265
0.261732 0.00229497
0.271996 0.00112996
0.28226 0.0053094
0.323316 0.00400055
0.343844 0.00429416
0.364372 0.00275319
0.374636 0.00898513
0.3849 0.0262574
0.395164 0.0104264
0.405428 0.0417567
0.415692 0.0298567
0.425956 0.0146516
0.446484 0.052109
0.456748 0.0384708
0.467012 0.0444903
0.48754 0.095157
0.497804 0.10277
0.508068 0.120595
0.518332 0.106715
0.528596 0.175056
0.549124 0.4196
0.569652 0.779496
0.579916 1.12643
0.59018 0.610195
0.600444 0.502839
0.610708 0.80778
0.631236 0.305827
0.6415 0.44295
0.651764 0.628625
0.662028 0.418838
0.672292 0.889192
0.682556 2.0313
0.69282 1.0525
0.703084 0.745517
0.713348 1.64334
0.723612 2.19339
0.733876 1.6419
0.74414 1.7072
0.754404 0.447039
0.774932 0.621926
0.785196 0.560159
0.79546 0.210096
0.805724 0.443816
0.815988 0.270001
0.826252 0.577801
0.836516 0.583786
0.84678 2.15154
0.857044 2.60336
0.867308 1.79434
0.877572 2.0194
0.887836 1.70688
0.8981 1.93902
0.908364 2.19948
0.918628 0.964555
0.928892 0.982333
0.939156 1.0497
0.94942 0.519762
0.959684 0.291809
0.969948 0.457611
0.980212 0.679234
1.00074 0.469957
1.011 0.574938
1.03153 0.394591
1.0418 0.715971
1.05206 0.464376
1.06232 0.444672
1.07259 0.679356
1.09312 0.862494
1.10338 0.597348
1.12391 0.552413
1.13417 0.940858
1.14444 0.491973
1.1547 0.729124
1.16496 0.406721
1.17523 0.337448
1.18549 0.96289
1.19576 0.249452
1.20602 0.996779
1.21628 0.761741
1.22655 1.87183
1.23681 0.501256
1.24708 1.13661
1.25734 0.7318
1.2676 0.84519
1.27787 0.933368
1.28813 0.498514
1.2984 1.23283
1.30866 1.41914
1.31892 0.864665
1.33945 1.62378
1.34972 0.769727
1.35998 0.651868
1.37024 0.61598
1.38051 1.00939
1.39077 0.652177
1.40104 0.509206
1.4113 1.25166
1.42156 1.57125
1.43183 1.28062
1.44209 0.94954
1.45236 1.10925
1.46262 1.11802
1.47288 0.79724
1.48315 1.03255
1.49341 0.914281
1.50368 0.930635
1.51394 2.56621
1.5242 1.94156
1.53447 1.11143
1.54473 1.17528
1.555 0.958579
1.56526 1.28263
1.57552 0.798834
1.58579 0.712016
1.59605 1.35509
1.60632 1.13072
1.61658 1.29901
1.62684 0.726821
1.63711 1.08378
1.64737 0.824983
1.65764 0.751136
1.6679 1.0066
1.67816 0.566168
1.68843 1.20258
1.69869 1.65747
1.70896 1.7348
1.71922 1.03531
1.72948 1.70015
1.73975 0.981802
1.75001 1.43063
1.76028 1.39503
1.77054 1.49122
1.7808 1.49852
1.79107 1.94237
1.80133 0.901648
1.8116 0.850207
1.82186 0.940043
1.83212 0.897708
1.84239 0.607509
1.85265 1.3228
1.86292 0.92255
1.87318 1.2296
1.88344 1.534
1.89371 1.1181
1.90397 1.37306
1.91424 0.818056
1.9245 1.12832
1.93476 0.829857
1.94503 0.647512
1.95529 1.1175
1.96556 0.887308
1.97582 1.21771
1.98608 1.24347
1.99635 0.792016
2.00661 0.998885
2.01688 0.576754
2.02714 1.1643
2.0374 0.900021
2.04767 0.902082
2.05793 0.856759
2.0682 0.823145
2.07846 0.842839
2.08872 1.15725
2.09899 0.848077
2.10925 1.05732
2.11952 1.21073
2.12978 1.04344
2.14004 0.827334
2.15031 1.05236
2.16057 1.03033
2.17084 0.43755
2.1811 1.09845
2.19137 0.861194
2.20163 0.318438
2.21189 0.849261
2.22216 1.0745
2.23242 2.06155
2.24269 1.28988
2.25295 0.709357
2.26321 0.736276
2.27348 1.15348
2.28374 0.413623
2.29401 0.962585
2.30427 1.29531
2.31453 1.12746
2.3248 0.819922
2.33506 0.95279
2.34533 0.955252
2.35559 0.707495
2.36585 0.914564
2.37612 1.19568
2.38638 0.879838
2.39665 0.805898
2.40691 1.08594
2.41717 1.46359
2.42744 1.87303
2.4377 1.23157
2.44797 1.01503
2.45823 0.946551
2.46849 0.991541
2.47876 0.984617
2.48902 0.866755
2.49929 0.704864
2.50955 0.841238
2.51981 1.04025
2.53008 0.786706
2.54034 1.16864
2.55061 1.21425
2.56087 0.891936
2.57113 0.554168
2.5814 0.851562
2.59166 0.969032
2.60193 0.893186
2.61219 0.851195
2.62245 1.02555
2.63272 0.897095
2.64298 1.09969
2.65325 0.894621
2.66351 1.00983
2.67377 0.979845
2.68404 1.26068
2.6943 0.965694
2.70457 0.756548
2.71483 0.855405
2.72509 1.17091
2.73536 0.714864
2.74562 0.535037
2.75589 0.800357
2.76615 0.770393
2.77641 0.61659
2.78668 1.38358
2.79694 0.676107
2.80721 0.98198
2.81747 0.652388
2.82773 0.894315
2.838 1.08875
2.84826 1.12447
2.85853 0.754166
2.86879 1.02845
2.87905 0.822855
2.88932 0.82149
2.89958 0.829249
2.90985 0.737545
2.92011 0.809613
2.93037 1.13065
2.94064 0.757248
2.9509 0.91379
2.96117 1.0037
2.97143 1.17908
2.98169 1.39563
2.99196 0.869103
3.00222 0.93967
3.01249 0.572267
3.02275 1.16772
3.03301 0.798748
3.04328 0.895223
3.05354 0.624025
3.06381 0.73671
3.07407 0.815293
3.08433 1.01304
3.0946 1.02562
3.10486 0.916678
3.11513 1.08456
3.12539 1.33531
3.13565 1.04583
3.14592 0.945659
3.15618 0.890331
3.16645 0.609603
3.17671 1.13816
3.18697 1.1992
3.19724 0.864812
3.2075 0.878657
3.21777 1.10639
3.22803 0.654778
3.23829 0.965195
3.24856 0.758023
3.25882 1.29445
3.26909 0.93383
3.27935 1.15093
3.28961 1.48757
3.29988 0.873497
3.31014 0.892791
3.32041 0.90011
3.33067 1.1953
3.34093 0.867386
3.3512 1.65015
3.36146 0.85627
3.37173 1.1985
3.38199 1.2048
3.39225 0.999049
3.40252 1.00348
3.41278 1.00689
3.42305 0.839384
3.43331 1.1354
3.44357 1.08207
3.45384 1.0946
3.4641 1.13952
3.47437 1.24559
3.48463 0.746786
3.49489 0.904994
3.50516 0.822868
3.51542 1.20127
3.52569 1.12051
3.53595 0.73035
3.54621 1.15427
3.55648 0.974677
3.56674 1.22564
3.57701 1.10063
3.58727 0.909961
3.59753 1.20062
3.6078 1.27188
3.61806 1.0847
3.62833 0.892531
3.63859 0.763208
3.64885 1.48174
3.65912 0.968375
3.66938 1.18921
3.67965 1.49315
3.68991 1.05042
3.70017 1.24384
3.71044 0.998233
3.7207 1.17337
3.73097 0.731185
3.74123 1.05208
3.75149 1.1069
3.76176 0.842883
3.77202 1.13654
3.78229 0.933501
3.79255 1.20108
3.80281 1.04924
3.81308 1.27146
3.82334 1.00736
3.83361 1.07087
3.84387 1.28651
3.85413 1.04198
3.8644 0.956034
3.87466 1.19539
3.88493 1.15216
3.89519 1.29322
3.90545 0.705561
3.91572 0.909628
3.92598 1.33541
3.93625 0.97269
3.94651 1.16562
3.95677 0.827816
3.96704 0.954181
3.9773 0.963211
3.98757 1.01188
3.99783 1.04707
4.00809 1.1087
4.01836 0.979034
4.02862 1.09375
4.03889 0.871274
4.04915 1.10072
4.05941 1.03153
4.06968 1.19994
4.07994 0.997596
4.09021 0.937694
4.10047 1.04842
4.11073 1.03796
4.121 1.04147
4.13126 0.861687
4.14153 1.22505
4.15179 1.00682
4.16205 1.2585
4.17232 1.02437
4.18258 0.803403
4.19285 0.813388
4.20311 0.822292
4.21337 1.06578
4.22364 0.889578
4.2339 0.736958
4.24417 0.916766
4.25443 0.871928
4.26469 0.982302
4.27496 1.21842
4.28522 0.785129
4.29549 1.17737
4.30575 0.938461
4.31601 0.857972
4.32628 0.946582
4.33654 1.0229
4.34681 1.14368
4.35707 1.05628
4.36733 0.843363
4.3776 0.932712
4.38786 0.942009
4.39813 1.03296
4.40839 0.930568
4.41865 1.41139
4.42892 0.901292
4.43918 0.69477
4.44945 0.897414
4.45971 1.11804
4.46997 1.46343
4.48024 1.32661
4.4905 1.0171
4.50077 0.755096
4.51103 1.13246
4.52129 0.80128
4.53156 1.12466
4.54182 0.846335
4.55209 0.955579
4.56235 0.917866
4.57261 0.79412
4.58288 1.19715
4.59314 0.908487
4.60341 1.25248
4.61367 0.654996
4.62393 0.78153
4.6342 0.743164
4.64446 0.731624
4.65473 0.901443
4.66499 0.734967
4.67525 0.71625
4.68552 0.826097
4.69578 1.27866
4.70605 1.06997
4.71631 0.663377
4.72657 1.19562
4.73684 0.969247
4.7471 0.922134
4.75737 1.06282
4.76763 1.18329
4.77789 1.11886
4.78816 1.01548
4.79842 0.969543
4.80869 0.786886
4.81895 0.886364
4.82921 0.895037
4.83948 0.891025
4.84974 0.753812
4.86001 0.779274
4.87027 1.03834
4.88053 0.694474
4.8908 0.880839
4.90106 0.965048
4.91133 0.98729
4.92159 0.741165
4.93185 0.655226
4.94212 0.950496
4.95238 1.05382
4.96265 1.0601
4.97291 1.25632
4.98317 1.0429
4.99344 0.96639
5.0037 0.53338
5.01397 1.00504
5.02423 0.8824
5.03449 0.815313
5.04476 0.685883
5.05502 1.2079
5.06529 1.19005
5.07555 1.0573
5.08581 1.10574
5.09608 0.7389
5.10634 0.811409
5.11661 1.51218
5.12687 1.04152
