0.0431465 0.347095
0.0564223 0.107201
0.082974 0.266017
0.0896119 0.106538
0.116164 0.0823131
0.122801 0.237776
0.129439 0.0458821
0.149353 0.0719465
0.162629 0.204081
0.169267 0.0624337
0.175905 0.132432
0.182543 0.0140013
0.209094 0.0775769
0.22237 0.0842548
0.235646 0.0322371
0.242284 0.0654674
0.248922 0.245157
0.25556 0.0262352
0.262198 0.0214523
0.268836 0.0350556
0.275474 0.019481
0.288749 0.183781
0.295387 0.0328091
0.302025 0.0287894
0.315301 0.0260356
0.321939 0.0538105
0.328577 0.47138
0.335215 0.0608401
0.341853 0.0487383
0.355129 0.0521085
0.368404 0.069147
0.375042 0.164106
0.38168 0.0597975
0.388318 0.0480813
0.394956 0.0538801
0.408232 0.0320052
0.41487 0.0727677
0.421508 0.039901
0.428146 0.0440346
0.434784 0.0328547
0.441422 0.0577691
0.448059 0.0346187
0.454697 0.0117818
0.461335 0.0696615
0.467973 0.0221727
0.474611 0.0843374
0.481249 0.0263942
0.487887 0.0319467
0.501163 0.103521
0.507801 0.0977383
0.514439 0.140478
0.521077 0.145161
0.527715 0.080483
0.534352 0.0516498
0.54099 0.10786
0.547628 0.0871759
0.554266 0.168706
0.560904 0.140772
0.567542 0.174142
0.57418 0.0816073
0.580818 0.221002
0.587456 0.229457
0.594094 0.347291
0.600732 0.193023
0.60737 0.397309
0.614007 0.327678
0.620645 0.205037
0.627283 0.278067
0.633921 0.132966
0.647197 0.985914
0.653835 0.615751
0.667111 0.995164
0.673749 0.565778
0.680387 0.624712
0.687025 1.34143
0.693662 0.899191
0.706938 1.33315
0.713576 0.840257
0.726852 1.00709
0.73349 1.16856
0.740128 0.973422
0.746766 1.11292
0.753404 1.16862
0.760042 1.48759
0.76668 0.75849
0.773318 0.516051
0.779955 1.59619
0.786593 0.621463
0.793231 1.47161
0.799869 0.907097
0.806507 1.302
0.813145 1.60865
0.819783 1.0683
0.826421 1.07573
0.833059 0.657627
0.839697 0.66994
0.846335 0.803344
0.852973 0.785903
0.866248 0.575531
0.872886 0.78444
0.879524 0.744349
0.886162 0.786377
0.8928 0.649414
0.899438 0.455903
0.906076 0.198875
0.912714 0.49453
0.919352 0.30447
0.92599 0.568512
0.932628 0.230817
0.939265 0.458576
0.945903 0.281267
0.952541 0.588301
0.959179 0.483574
0.965817 0.545774
0.972455 0.292012
0.979093 0.371782
0.985731 0.307942
0.992369 0.659255
0.999007 0.357504
1.00564 0.488346
1.01228 0.409072
1.01892 0.490966
1.02556 0.364172
1.0322 0.296599
1.03883 0.503877
1.04547 0.672314
1.05211 0.650704
1.05875 0.484958
1.06539 0.697172
1.07202 0.728753
1.07866 0.827143
1.0853 0.561924
1.09194 0.573649
1.09858 0.568955
1.10521 1.3122
1.11185 0.631095
1.11849 0.584766
1.12513 0.352508
1.13177 0.911932
1.1384 0.699893
1.14504 1.43402
1.15168 1.15151
1.15832 0.660686
1.16495 1.19167
1.17159 1.42726
1.17823 1.09466
1.18487 1.1099
1.19151 1.45922
1.19814 0.735825
1.20478 0.969842
1.21142 1.7655
1.21806 1.07139
1.2247 1.14496
1.23133 1.30209
1.23797 1.35135
1.24461 1.92548
1.25125 1.39693
1.25789 0.618574
1.26452 1.35902
1.27116 1.3901
1.2778 2.74327
1.28444 1.17736
1.29108 1.80214
1.29771 1.61854
1.30435 1.37041
1.31099 2.64747
1.31763 1.5772
1.32426 2.25451
1.3309 1.68281
1.33754 1.70833
1.34418 1.01283
1.35082 1.4457
1.35745 1.63421
1.36409 1.7447
1.37073 1.54456
1.37737 1.88735
1.38401 1.4061
1.39064 1.13133
1.39728 1.801
1.40392 1.25307
1.41056 2.39734
1.4172 1.52183
1.42383 1.68164
1.43047 2.53916
1.43711 2.16858
1.44375 0.672702
1.45039 2.41573
1.45702 1.14542
1.46366 1.76474
1.4703 1.43434
1.47694 0.647318
1.48357 1.51827
1.49021 1.79705
1.49685 1.48437
1.50349 2.26347
1.51013 1.46524
1.51676 1.27164
1.5234 1.39008
1.53004 1.7311
1.53668 1.46002
1.54332 0.886918
1.54995 1.48352
1.55659 1.0236
1.56323 1.32806
1.56987 1.21431
1.57651 0.840742
1.58314 1.81255
1.58978 0.915522
1.59642 1.28844
1.60306 0.632165
1.6097 1.02869
1.61633 0.797016
1.62297 1.04646
1.62961 0.825042
1.63625 0.724435
1.64288 0.689427
1.64952 1.06209
1.65616 0.9315
1.6628 0.736995
1.66944 0.899842
1.67607 1.14364
1.68271 0.585342
1.68935 0.9964
1.69599 0.4541
1.70263 0.698046
1.70926 0.508366
1.7159 0.78218
1.72254 0.637269
1.72918 0.636776
1.73582 0.639075
1.74245 0.441895
1.74909 0.559526
1.75573 0.525481
1.76237 0.592651
1.76901 0.96016
1.77564 0.50385
1.78228 0.404255
1.78892 0.484939
1.79556 0.748846
1.80219 0.369297
1.80883 0.747864
1.81547 0.687077
1.82211 0.609062
1.82875 0.510657
1.83538 0.525466
1.84202 0.793573
1.84866 0.716859
1.8553 0.549143
1.86194 0.566434
1.86857 0.483283
1.87521 0.810699
1.88185 0.568503
1.88849 0.388634
1.89513 0.491209
1.90176 0.557402
1.9084 0.747127
1.91504 0.67909
1.92168 0.674839
1.92832 0.44052
1.93495 0.575091
1.94159 0.739994
1.94823 0.974886
1.95487 0.896515
1.9615 0.933088
1.96814 0.846281
1.97478 0.472599
1.98142 0.916214
1.98806 0.718438
1.99469 0.625647
2.00133 0.57167
2.00797 0.746186
2.01461 0.956092
2.02125 0.701333
2.02788 0.718958
2.03452 0.807299
2.04116 0.861528
2.0478 0.984949
2.05444 0.732034
2.06107 1.02077
2.06771 0.816167
2.07435 0.86273
2.08099 0.992188
2.08763 0.823394
2.09426 0.794517
2.1009 0.869243
2.10754 0.789242
2.11418 1.16175
2.12081 1.10062
2.12745 0.985657
2.13409 0.924649
2.14073 0.978843
2.14737 1.53859
2.154 0.841506
2.16064 1.01885
2.16728 1.24801
2.17392 0.952559
2.18056 1.14228
2.18719 1.26275
2.19383 1.0463
2.20047 1.39612
2.20711 0.92236
2.21375 1.35036
2.22038 1.19651
2.22702 1.01931
2.23366 1.38887
2.2403 0.634609
2.24694 1.00413
2.25357 0.606125
2.26021 0.964084
2.26685 0.916428
2.27349 1.33059
2.28013 0.887478
2.28676 1.12967
2.2934 0.918536
2.30004 1.02539
2.30668 1.17077
2.31331 1.17838
2.31995 1.1785
2.32659 1.23288
2.33323 0.955577
2.33987 0.825151
2.3465 1.46436
2.35314 1.18085
2.35978 1.05078
2.36642 1.28231
2.37306 1.16907
2.37969 1.16012
2.38633 0.967574
2.39297 0.936261
2.39961 1.11754
2.40625 1.06117
2.41288 1.13045
2.41952 1.07069
2.42616 0.769867
2.4328 1.30618
2.43944 1.08822
2.44607 1.07678
2.45271 1.11139
2.45935 1.60504
2.46599 1.13349
2.47262 0.990324
2.47926 0.842025
2.4859 1.11735
2.49254 0.898558
2.49918 1.20084
2.50581 1.24903
2.51245 0.944621
2.51909 1.1544
2.52573 0.862719
2.53237 0.82104
2.539 0.836884
2.54564 1.1528
2.55228 1.09602
2.55892 1.49775
2.56556 0.80429
2.57219 1.21036
2.57883 0.935426
2.58547 1.19315
2.59211 1.20693
2.59875 1.41956
2.60538 0.754332
2.61202 1.18154
2.61866 1.09968
2.6253 1.17114
2.63193 0.932906
2.63857 1.12872
2.64521 1.24458
2.65185 0.914655
2.65849 1.10202
2.66512 1.0371
2.67176 0.970356
2.6784 1.28392
2.68504 1.15444
2.69168 1.03083
2.69831 0.997606
2.70495 1.16284
2.71159 1.62908
2.71823 1.0655
2.72487 1.22388
2.7315 0.825665
2.73814 1.03029
2.74478 0.857095
2.75142 1.14837
2.75806 1.26297
2.76469 0.909624
2.77133 0.885191
2.77797 1.28985
2.78461 1.34933
2.79124 1.19232
2.79788 1.0468
2.80452 1.3081
2.81116 0.658313
2.8178 1.12503
2.82443 0.997259
2.83107 0.928872
2.83771 1.32831
2.84435 0.837648
2.85099 1.20714
2.85762 1.17421
2.86426 0.862055
2.8709 1.02504
2.87754 0.945748
2.88418 0.87155
2.89081 0.926782
2.89745 0.720245
2.90409 1.02912
2.91073 0.979318
2.91737 0.808832
2.924 1.15566
2.93064 0.617958
2.93728 0.769387
2.94392 0.762809
2.95055 0.868912
2.95719 1.01702
2.96383 0.947923
2.97047 0.919231
2.97711 0.902589
2.98374 0.813997
2.99038 1.11697
2.99702 1.08795
3.00366 1.04225
3.0103 1.21
3.01693 0.899381
3.02357 1.01466
3.03021 1.06039
3.03685 1.0922
3.04349 1.13292
3.05012 0.917868
3.05676 1.12265
3.0634 0.969424
3.07004 0.728334
3.07668 1.20148
3.08331 0.606945
3.08995 0.889788
3.09659 0.742253
3.10323 1.02867
3.10986 0.833677
3.1165 0.926833
3.12314 1.10246
3.12978 0.962849
3.13642 1.05291
3.14305 1.05875
3.14969 1.08406
3.15633 0.864215
3.16297 0.779087
3.16961 0.976878
3.17624 0.84587
3.18288 0.813206
3.18952 0.864834
3.19616 0.839623
3.2028 0.969148
3.20943 0.905124
3.21607 0.865837
3.22271 1.09116
3.22935 0.903836
3.23599 0.906254
3.24262 0.862955
3.24926 0.83406
3.2559 1.0472
3.26254 0.90193
3.26917 0.629059
3.27581 0.988515
3.28245 1.3758
3.28909 0.762685
3.29573 1.11754
3.30236 1.13414
3.309 0.626683
3.31564 0.868654
