0.104 0.000113555
0.136 8.90907e-05
0.2 5.38479e-05
0.216 9.2522e-05
0.28 0.00168088
0.296 0.0011637
0.312 0.00114871
0.36 0.00412129
0.392 0.00879422
0.408 0.00428786
0.424 0.0082615
0.44 0.00915606
0.504 0.00570746
0.536 0.00952112
0.568 0.0141158
0.584 0.0241402
0.6 0.0693897
0.616 0.0165555
0.632 0.0954451
0.648 0.0979945
0.664 0.0210206
0.696 0.110377
0.712 0.0742141
0.728 0.0729572
0.76 0.0939322
0.776 0.0973012
0.792 0.175118
0.808 0.140765
0.824 0.318875
0.856 0.806037
0.888 2.5715
0.904 2.5929
0.92 1.68381
0.936 1.47722
0.952 1.85015
0.984 0.624726
1 0.783317
1.016 1.66268
1.032 0.887024
1.048 0.768721
1.064 1.06461
1.08 1.21726
1.096 2.17316
1.112 2.46266
1.128 9.39991
1.144 6.87566
1.16 2.98319
1.176 2.18682
1.208 0.84741
1.224 0.734726
1.24 0.332677
1.256 0.593514
1.272 0.711557
1.288 0.659035
1.304 0.643168
1.32 0.37831
1.336 0.470568
1.352 0.946732
1.368 0.681074
1.384 0.498612
1.4 0.644672
1.416 0.771718
1.432 1.1208
1.448 0.641162
1.464 0.261574
1.48 0.386947
1.496 0.364198
1.512 0.349394
1.528 0.460248
1.56 0.676648
1.576 0.58953
1.608 0.466847
1.624 1.12152
1.64 0.559991
1.656 0.732284
1.672 0.526967
1.704 0.954084
1.72 0.425631
1.752 0.825291
1.768 0.595979
1.784 0.460495
1.8 0.807446
1.816 1.17967
1.832 0.692051
1.848 1.6167
1.864 0.810155
1.88 0.977177
1.896 0.924978
1.912 1.53496
1.928 0.904318
1.944 1.30199
1.96 2.48175
1.976 1.37161
1.992 1.19888
2.008 1.03683
2.024 0.945717
2.04 1.06863
2.056 1.37762
2.088 1.29869
2.104 0.946719
2.12 1.30553
2.136 0.896049
2.152 1.20917
2.168 1.50196
2.184 0.982662
2.2 1.41014
2.216 1.69834
2.232 1.90609
2.248 1.01687
2.264 0.918416
2.28 1.12943
2.296 0.65154
2.312 1.24323
2.328 0.784386
2.344 0.706422
2.36 0.606594
2.376 1.1871
2.392 1.17603
2.408 0.874972
2.424 1.09786
2.44 0.620122
2.456 1.07905
2.472 0.928269
2.488 0.810109
2.504 0.933586
2.52 0.702218
2.536 0.655508
2.552 1.08137
2.568 0.856316
2.584 0.454566
2.6 0.65209
2.616 0.554483
2.632 0.389085
2.648 0.860814
2.664 0.84133
2.68 1.05218
2.696 1.3497
2.712 0.901521
2.728 0.890119
2.744 0.99002
2.76 1.45041
2.776 1.31408
2.792 0.589293
2.808 1.12865
2.824 0.713893
2.84 0.48208
2.856 0.876422
2.872 0.554893
2.888 1.07673
2.904 1.01129
2.92 1.11126
2.936 0.914063
2.952 0.915204
2.968 1.01499
2.984 0.89239
3 1.05535
3.016 0.925496
3.032 0.699328
3.048 1.41595
3.064 1.3738
3.08 1.40875
3.096 1.1494
3.112 1.02673
3.128 1.20696
3.144 0.957574
3.16 0.807762
3.176 1.15362
3.192 0.885056
3.208 0.975086
3.224 0.693644
3.24 0.887849
3.256 1.51188
3.272 0.839207
3.288 0.916457
3.304 1.37509
3.32 1.36658
3.336 0.926253
3.352 1.10511
3.368 0.764405
3.384 0.670506
3.4 0.967136
3.416 0.880448
3.432 0.242385
3.448 1.18939
3.464 1.03284
3.48 1.13576
3.496 1.06894
3.512 0.748811
3.528 0.781881
3.544 1.23769
3.56 0.925487
3.576 1.07934
3.592 1.21742
3.608 0.94978
3.624 0.86384
3.64 0.941491
3.656 1.33975
3.672 0.766398
3.688 0.746855
3.704 0.897883
3.72 1.01282
3.736 1.23873
3.752 1.10908
3.768 0.934179
3.784 1.54671
3.8 0.940434
3.816 0.94661
3.832 0.698476
3.848 1.06678
3.864 1.30052
3.88 1.55854
3.896 0.944213
3.912 0.844075
3.928 0.955527
3.944 0.659864
3.96 1.14914
3.976 0.817185
3.992 0.886596
4.008 0.650317
4.024 0.906037
4.04 0.89584
4.056 1.18834
4.072 1.54266
4.088 0.481857
4.104 0.952754
4.12 1.28884
4.136 1.02462
4.152 1.14482
4.168 1.23433
4.184 1.28594
4.2 1.03035
4.216 0.775865
4.232 0.589447
4.248 1.30531
4.264 0.970183
4.28 0.802743
4.296 1.08721
4.312 0.675033
4.328 1.15926
4.344 1.11089
4.36 0.787872
4.376 1.17214
4.392 0.923302
4.408 1.32857
4.424 1.04189
4.44 1.15259
4.456 0.849281
4.472 0.886307
4.488 0.822594
4.504 1.04134
4.52 0.934886
4.536 0.8076
4.552 0.829191
4.568 1.3461
4.584 0.738759
4.6 1.14573
4.616 1.0989
4.632 0.914357
4.648 1.26075
4.664 1.07194
4.68 0.917296
4.696 0.66204
4.712 1.33668
4.728 0.76763
4.744 0.960792
4.76 0.67126
4.776 0.694321
4.792 1.03306
4.808 1.02586
4.824 0.909968
4.84 0.905132
4.856 0.979253
4.872 0.994481
4.888 1.16738
4.904 0.984482
4.92 1.2261
4.936 1.066
4.952 1.34302
4.968 0.947404
4.984 0.82791
5 0.768662
5.016 1.01286
5.032 0.857697
5.048 1.10436
5.064 0.828612
5.08 1.50558
5.096 0.958163
5.112 0.781766
5.128 0.871062
5.144 1.11938
5.16 1.36961
5.176 0.677413
5.192 1.15233
5.208 0.942845
5.224 1.37952
5.24 0.806807
5.256 0.741598
5.272 1.02742
5.288 1.06461
5.304 1.11362
5.32 1.03347
5.336 0.881593
5.352 0.842324
5.368 1.01813
5.384 1.03235
5.4 1.02164
5.416 1.24931
5.432 0.596692
5.448 1.03034
5.464 0.845299
5.48 1.15908
5.496 0.995089
5.512 0.882188
5.528 1.11573
5.544 0.827893
5.56 1.24744
5.576 0.847912
5.592 1.01517
5.608 1.09156
5.624 1.02695
5.64 0.950997
5.656 0.83135
5.672 0.973152
5.688 1.27333
5.704 0.904006
5.72 1.13515
5.736 0.931365
5.752 0.709301
5.768 0.875877
5.784 0.892185
5.8 1.13607
5.816 1.00437
5.832 0.7666
5.848 1.00462
5.864 0.928756
5.88 0.992102
5.896 0.955893
5.912 0.75853
5.928 0.959565
5.944 1.01415
5.96 0.925419
5.976 0.713331
5.992 1.44709
6.008 1.18655
6.024 0.869954
6.04 1.04377
6.056 1.17386
6.072 1.04805
6.088 0.96861
6.104 0.853463
6.12 1.59278
6.136 1.12492
6.152 0.782766
6.168 0.977842
6.184 0.773968
6.2 0.979688
6.216 1.11623
6.232 0.940692
6.248 1.50062
6.264 0.855917
6.28 1.05847
6.296 1.13715
6.312 1.02365
6.328 0.846707
6.344 0.998061
6.36 1.17056
6.376 1.04191
6.392 1.00185
6.408 1.10661
6.424 1.09577
6.44 0.824348
6.456 1.26787
6.472 0.877581
6.488 1.01451
6.504 0.973037
6.52 1.26669
6.536 1.0327
6.552 0.702923
6.568 0.896001
6.584 0.861721
6.6 0.736182
6.616 0.947447
6.632 0.955515
6.648 0.929894
6.664 1.07186
6.68 0.796752
6.696 0.984621
6.712 0.989919
6.728 0.822282
6.744 1.16504
6.76 1.43868
6.776 1.03129
6.792 0.954251
6.808 1.00895
6.824 0.818621
6.84 0.894577
6.856 0.887524
6.872 0.699379
6.888 0.931973
6.904 1.00234
6.92 0.936622
6.936 1.04178
6.952 1.12749
6.968 0.975936
6.984 1.02219
7 0.784201
7.016 0.977825
7.032 1.13411
7.048 1.17052
7.064 1.19876
7.08 0.858597
7.096 1.14747
7.112 1.05286
7.128 0.743477
7.144 1.55822
7.16 0.880385
7.176 1.23694
7.192 0.912127
7.208 1.16288
7.224 1.03833
7.24 0.909001
7.256 0.750308
7.272 0.896102
7.288 0.863737
7.304 0.901824
7.32 1.19327
7.336 1.25546
7.352 1.06687
7.368 1.18819
7.384 0.862392
7.4 0.911494
7.416 0.923464
7.432 1.29794
7.448 0.943657
7.464 1.09865
7.48 1.01213
7.496 1.10383
7.512 1.04043
7.528 0.833886
7.544 1.05276
7.56 0.87703
7.576 1.13412
7.592 0.897357
7.608 0.810448
7.624 0.936541
7.64 0.888514
7.656 1.16103
7.672 0.903962
7.688 0.688133
7.704 0.954298
7.72 0.842255
7.736 0.905279
7.752 0.861764
7.768 0.929857
7.784 1.04214
7.8 0.646684
7.816 1.23011
7.832 0.84913
7.848 0.851707
7.864 0.847882
7.88 1.21809
7.896 0.684184
7.912 0.826619
7.928 1.07568
7.944 1.0587
7.96 0.756033
7.976 1.51592
7.992 1.10057
