0.0432583 0.388639
0.0565685 0.0764315
0.083189 0.371786
0.0898442 0.0650924
0.116465 0.0756118
0.12312 0.284369
0.129775 0.0196654
0.14974 0.0423636
0.163051 0.238277
0.169706 0.04271
0.176361 0.00597507
0.183016 0.0810421
0.209636 0.0943475
0.222947 0.0963
0.236257 0.0280057
0.242912 0.0395832
0.249567 0.379908
0.256222 0.0576243
0.262877 0.132707
0.269532 0.0848229
0.276188 0.076239
0.289498 0.408582
0.296153 0.0712607
0.302808 0.037773
0.316118 0.137266
0.322773 0.0271881
0.329429 0.33264
0.336084 0.0562566
0.342739 0.069607
0.356049 0.0672558
0.369359 0.207629
0.376014 0.18566
0.38267 0.0970601
0.389325 0.10588
0.39598 0.198802
0.40929 0.0386448
0.415945 0.119926
0.4226 0.133457
0.429255 0.0454618
0.435911 0.120931
0.442566 0.0952753
0.449221 0.0883202
0.455876 0.198685
0.462531 0.0834022
0.469186 0.0836089
0.475841 0.0660573
0.482496 0.0341896
0.489152 0.0873845
0.502462 0.133904
0.509117 0.305906
0.515772 0.222934
0.522427 0.13559
0.529082 0.182833
0.535737 0.627857
0.542392 0.409499
0.549048 0.263705
0.555703 0.243437
0.562358 0.382572
0.569013 0.234602
0.575668 0.192305
0.582323 0.270174
0.588978 0.192298
0.595633 0.353876
0.602289 0.246048
0.608944 0.140065
0.615599 0.346713
0.622254 0.392487
0.628909 0.515764
0.635564 0.562426
0.648874 0.752078
0.65553 1.28055
0.66884 1.76004
0.675495 1.68583
0.68215 0.636084
0.688805 2.07839
0.69546 0.903211
0.708771 0.851028
0.715426 0.995441
0.728736 0.988613
0.735391 0.523161
0.742046 0.411347
0.748701 0.4075
0.755356 0.194394
0.762012 0.557069
0.768667 0.994381
0.775322 0.825765
0.781977 0.89763
0.788632 0.676196
0.795287 0.49399
0.801942 0.580747
0.808597 0.949397
0.815253 0.816259
0.821908 0.650536
0.828563 1.32135
0.835218 1.33211
0.841873 0.547003
0.848528 0.813793
0.855183 0.643754
0.868494 0.425134
0.875149 0.498019
0.881804 0.43465
0.888459 0.50519
0.895114 0.702512
0.901769 0.519863
0.908424 0.575458
0.915079 0.457429
0.921734 0.634934
0.92839 0.447351
0.935045 0.575606
0.9417 0.567456
0.948355 0.347698
0.95501 1.09192
0.961665 0.391959
0.96832 0.355177
0.974975 0.494718
0.981631 0.203647
0.988286 0.401883
0.994941 0.340554
1.0016 0.626324
1.00825 0.486028
1.01491 0.776472
1.02156 0.552266
1.02822 0.875034
1.03487 0.391581
1.04153 0.594038
1.04818 0.906264
1.05484 0.430707
1.06149 0.895918
1.06815 0.612331
1.0748 1.60307
1.08146 0.614897
1.08811 0.797632
1.09477 0.549711
1.10142 0.728836
1.10808 1.08631
1.11473 0.553357
1.12139 1.24388
1.12804 0.97833
1.1347 1.00667
1.14135 0.914653
1.14801 0.794493
1.15466 0.946776
1.16132 1.40629
1.16797 0.868155
1.17463 1.0241
1.18128 1.33434
1.18794 1.20743
1.19459 1.2765
1.20125 1.71069
1.2079 1.05443
1.21456 1.40276
1.22122 0.898733
1.22787 1.48061
1.23453 1.55528
1.24118 1.40242
1.24784 1.50165
1.25449 1.0252
1.26115 2.95894
1.2678 1.26678
1.27446 1.76137
1.28111 1.06569
1.28777 1.09096
1.29442 1.44121
1.30108 1.22796
1.30773 1.46989
1.31439 1.20019
1.32104 1.2555
1.3277 1.2126
1.33435 1.4215
1.34101 1.35574
1.34766 0.921106
1.35432 0.846164
1.36097 1.76585
1.36763 2.13061
1.37428 2.19103
1.38094 1.81604
1.38759 0.864179
1.39425 1.62307
1.4009 1.38653
1.40756 1.42851
1.41421 1.23156
1.42087 1.67253
1.42752 1.94953
1.43418 1.66409
1.44083 1.83679
1.44749 1.76174
1.45414 1.70425
1.4608 1.7564
1.46745 1.33298
1.47411 1.78311
1.48076 0.958763
1.48742 0.931811
1.49408 1.55473
1.50073 1.16518
1.50739 1.28431
1.51404 1.4266
1.5207 1.45867
1.52735 1.68509
1.53401 1.08816
1.54066 1.35322
1.54732 0.90048
1.55397 1.61855
1.56063 1.8589
1.56728 1.52955
1.57394 1.31091
1.58059 1.1752
1.58725 0.789802
1.5939 0.959152
1.60056 1.6761
1.60721 0.886566
1.61387 0.587683
1.62052 1.09458
1.62718 1.23942
1.63383 0.691178
1.64049 0.880581
1.64714 1.03393
1.6538 1.10281
1.66045 1.34557
1.66711 0.91245
1.67376 1.10691
1.68042 0.507466
1.68707 0.631234
1.69373 0.823531
1.70038 0.997146
1.70704 0.898977
1.71369 0.997084
1.72035 0.833168
1.727 0.696963
1.73366 0.818059
1.74031 0.953526
1.74697 0.817916
1.75362 0.791083
1.76028 0.597304
1.76694 0.924771
1.77359 0.523363
1.78025 0.628791
1.7869 0.94242
1.79356 0.835219
1.80021 0.775359
1.80687 0.680908
1.81352 0.964842
1.82018 0.749196
1.82683 0.757673
1.83349 0.784345
1.84014 0.961325
1.8468 0.955916
1.85345 0.508802
1.86011 0.908824
1.86676 0.75191
1.87342 0.888477
1.88007 0.677972
1.88673 0.842105
1.89338 0.705311
1.90004 0.764815
1.90669 0.819219
1.91335 0.800051
1.92 0.777731
1.92666 0.41299
1.93331 0.642748
1.93997 0.598709
1.94662 0.859891
1.95328 0.917795
1.95993 0.742585
1.96659 0.650365
1.97324 0.789025
1.9799 0.714145
1.98655 0.475551
1.99321 0.935763
1.99986 0.713538
2.00652 0.661199
2.01317 0.593072
2.01983 0.689642
2.02648 0.789093
2.03314 0.529976
2.0398 0.812894
2.04645 1.00846
2.05311 1.13145
2.05976 0.9273
2.06642 0.994332
2.07307 1.26678
2.07973 0.889455
2.08638 0.97509
2.09304 0.702304
2.09969 0.913204
2.10635 0.910839
2.113 0.89044
2.11966 0.918395
2.12631 0.802793
2.13297 1.12172
2.13962 1.1991
2.14628 1.20154
2.15293 0.996045
2.15959 0.888673
2.16624 1.18281
2.1729 1.12468
2.17955 1.07443
2.18621 0.884552
2.19286 1.01891
2.19952 1.1777
2.20617 0.766561
2.21283 0.820601
2.21948 1.43873
2.22614 0.864078
2.23279 0.997227
2.23945 1.01133
2.2461 0.999267
2.25276 1.11642
2.25941 1.14827
2.26607 0.619352
2.27272 0.893493
2.27938 0.946981
2.28603 1.32862
2.29269 1.08979
2.29934 1.11044
2.306 0.843957
2.31266 0.694742
2.31931 0.764385
2.32597 0.965024
2.33262 0.919592
2.33928 0.806308
2.34593 1.11194
2.35259 1.08385
2.35924 1.11275
2.3659 1.01625
2.37255 1.16611
2.37921 0.938369
2.38586 1.24818
2.39252 0.846666
2.39917 1.21748
2.40583 1.35358
2.41248 1.21588
2.41914 0.986955
2.42579 1.00817
2.43245 0.91373
2.4391 0.961458
2.44576 1.13523
2.45241 0.807126
2.45907 0.747187
2.46572 0.970028
2.47238 0.739342
2.47903 0.754876
2.48569 0.826267
2.49234 0.78287
2.499 1.06207
2.50565 1.00526
2.51231 0.853701
2.51896 0.860253
2.52562 0.724729
2.53227 0.897202
2.53893 0.627334
2.54558 1.28827
2.55224 0.925293
2.55889 1.17099
2.56555 1.05372
2.5722 1.03293
2.57886 1.11481
2.58552 1.06339
2.59217 0.992527
2.59883 1.25041
2.60548 1.17827
2.61214 1.31666
2.61879 1.06052
2.62545 0.892404
2.6321 1.11032
2.63876 1.25191
2.64541 1.1233
2.65207 1.02038
2.65872 1.34986
2.66538 1.23413
2.67203 1.06987
2.67869 1.04034
2.68534 0.727122
2.692 1.06464
2.69865 0.746487
2.70531 1.13805
2.71196 1.08991
2.71862 1.06152
2.72527 0.876349
2.73193 1.08175
2.73858 1.09544
2.74524 1.09203
2.75189 0.958495
2.75855 1.43543
2.7652 1.08899
2.77186 1.22949
2.77851 0.995719
2.78517 0.847926
2.79182 0.935726
2.79848 0.82821
2.80513 1.10223
2.81179 1.21206
2.81844 0.672962
2.8251 1.01078
2.83175 1.02437
2.83841 0.854885
2.84506 1.08076
2.85172 0.888314
2.85838 1.40858
2.86503 1.06435
2.87169 1.06666
2.87834 1.16186
2.885 0.899355
2.89165 0.987286
2.89831 0.812034
2.90496 0.959292
2.91162 1.14044
2.91827 1.07608
2.92493 0.785392
2.93158 0.843513
2.93824 1.27925
2.94489 0.878303
2.95155 1.04546
2.9582 1.12659
2.96486 0.967248
2.97151 1.1883
2.97817 0.97275
2.98482 1.00379
2.99148 1.17909
2.99813 1.00938
3.00479 1.20346
3.01144 0.735498
3.0181 1.58768
3.02475 1.23364
3.03141 1.24832
3.03806 0.925308
3.04472 1.00933
3.05137 1.30744
3.05803 1.21512
3.06468 0.899316
3.07134 1.04488
3.07799 0.932389
3.08465 1.34529
3.0913 1.33583
3.09796 0.976365
3.10461 0.962252
3.11127 1.2551
3.11792 1.09571
3.12458 1.25088
3.13124 1.32472
3.13789 1.37501
3.14455 1.22291
3.1512 1.05845
3.15786 0.965503
3.16451 1.13504
3.17117 1.19061
3.17782 0.94153
3.18448 1.14905
3.19113 0.992401
3.19779 1.17111
3.20444 0.829694
3.2111 0.882333
3.21775 0.895406
3.22441 0.642322
3.23106 0.997476
3.23772 1.07007
3.24437 0.79674
3.25103 0.962525
3.25768 0.863486
3.26434 0.761804
3.27099 0.697821
3.27765 1.00413
3.2843 1.09359
3.29096 1.29056
3.29761 1.1269
3.30427 0.978959
3.31092 1.1628
3.31758 0.927586
3.32423 0.928729
