0.0600444 0.0166465
0.0785196 0.0961709
0.11547 0.0650139
0.124708 0.0702025
0.161658 0.0132451
0.170896 0.0685108
0.180133 0.116642
0.207846 0.0338652
0.226321 0.179454
0.235559 0.0926649
0.244797 0.191573
0.254034 0.126781
0.290985 0.1259
0.30946 0.0517134
0.327935 0.196789
0.337173 0.108596
0.34641 0.185341
0.355648 0.185855
0.364885 0.151518
0.374123 0.0734881
0.383361 0.192827
0.401836 0.0221699
0.411073 0.216587
0.420311 0.0722358
0.438786 0.217612
0.448024 0.13279
0.457261 0.112148
0.466499 0.154559
0.475737 0.2167
0.494212 0.473311
0.512687 0.102492
0.521925 0.369037
0.531162 0.57408
0.5404 0.214841
0.549637 0.0921452
0.568113 0.364778
0.57735 0.196971
0.586588 0.798557
0.595825 0.433387
0.605063 0.234124
0.614301 0.34065
0.623538 0.738084
0.632776 0.222848
0.642013 0.794846
0.651251 0.37939
0.660489 0.63966
0.669726 0.32782
0.678964 0.353118
0.697439 0.484953
0.706677 0.494473
0.715914 0.450518
0.725152 0.631906
0.73439 0.53749
0.743627 0.420703
0.752865 0.665086
0.762102 1.32723
0.77134 1.08288
0.780578 0.702456
0.789815 0.753572
0.799053 0.732696
0.80829 0.370668
0.817528 0.508442
0.826766 0.610436
0.836003 0.503527
0.845241 0.509746
0.854478 0.869697
0.863716 0.871003
0.872954 0.570489
0.882191 1.09423
0.900666 1.47981
0.909904 1.07413
0.928379 1.15756
0.937617 0.648521
0.946854 1.69419
0.956092 1.22178
0.96533 1.0711
0.983805 1.17726
0.993042 0.714026
1.01152 0.982454
1.02076 0.561363
1.02999 1.00807
1.03923 0.994254
1.04847 0.696471
1.05771 0.638276
1.06694 0.871958
1.07618 0.77033
1.08542 1.13919
1.09466 0.786769
1.10389 0.950688
1.11313 1.12777
1.12237 1.55243
1.13161 0.672676
1.14084 0.887517
1.15008 0.644534
1.15932 1.22735
1.16856 0.863473
1.17779 1.52859
1.18703 0.674651
1.20551 1.17309
1.21474 0.873891
1.22398 1.13257
1.23322 1.27969
1.24246 1.01496
1.2517 0.989787
1.26093 1.01226
1.27017 1.26008
1.27941 1.13677
1.28865 1.10803
1.29788 0.866605
1.30712 0.79979
1.31636 0.833976
1.3256 0.921129
1.33483 1.42715
1.34407 0.984833
1.35331 1.71095
1.36255 1.16627
1.37178 0.901917
1.38102 1.1818
1.39026 1.16155
1.3995 0.859225
1.40873 0.772896
1.41797 0.793656
1.42721 1.70747
1.43645 1.17644
1.44569 1.38133
1.45492 0.953363
1.46416 0.856001
1.4734 1.09233
1.48264 0.849251
1.49187 0.156572
1.50111 1.2448
1.51035 1.06403
1.51959 0.965626
1.52882 1.06477
1.53806 0.743656
1.5473 1.2374
1.55654 1.24858
1.56577 1.189
1.57501 1.5702
1.58425 1.32353
1.59349 1.12805
1.60272 0.916612
1.61196 0.712511
1.6212 1.25199
1.63044 1.17737
1.63967 1.5333
1.64891 0.966223
1.65815 1.6558
1.66739 1.3432
1.67663 1.14428
1.68586 1.68488
1.6951 1.02283
1.70434 0.806992
1.71358 0.795527
1.72281 1.21364
1.73205 1.32924
1.74129 0.977689
1.75053 1.0437
1.75976 0.856244
1.769 0.848235
1.77824 0.875563
1.78748 0.697856
1.79671 0.917507
1.80595 1.25816
1.81519 1.0172
1.82443 0.931678
1.83366 1.63545
1.8429 1.14512
1.85214 1.08013
1.86138 1.20872
1.87061 0.755774
1.87985 1.08706
1.88909 1.15536
1.89833 1.25476
1.90757 1.12625
1.9168 1.03296
1.92604 1.05108
1.93528 1.90289
1.94452 1.06728
1.95375 0.564798
1.96299 1.21589
1.97223 0.872756
1.98147 0.578946
1.9907 0.718927
1.99994 1.75481
2.00918 0.432167
2.01842 0.705848
2.02765 1.05914
2.03689 1.06084
2.04613 1.05042
2.05537 1.01322
2.0646 0.847842
2.07384 1.17585
2.08308 0.916343
2.09232 1.12524
2.10155 0.856786
2.11079 0.556466
2.12003 1.03875
2.12927 0.729409
2.13851 0.564589
2.14774 0.968428
2.15698 0.877703
2.16622 1.12717
2.17546 0.84524
2.18469 0.791147
2.19393 1.00697
2.20317 0.56011
2.21241 0.651941
2.22164 0.862843
2.23088 0.727362
2.24012 1.10788
2.24936 1.22318
2.25859 0.864027
2.26783 1.10193
2.27707 0.973534
2.28631 1.16067
2.29554 0.857743
2.30478 0.942316
2.31402 1.07511
2.32326 0.745774
2.3325 0.847891
2.34173 0.636631
2.35097 1.23067
2.36021 1.06893
2.36945 0.62949
2.37868 0.875768
2.38792 0.712281
2.39716 0.8041
2.4064 0.84388
2.41563 0.746329
2.42487 0.751491
2.43411 0.785359
2.44335 0.569279
2.45258 0.859159
2.46182 0.943932
2.47106 1.03883
2.4803 0.790875
2.48953 1.1
2.49877 0.850908
2.50801 0.79813
2.51725 1.0605
2.52648 0.798829
2.53572 0.720236
2.54496 0.701521
2.5542 1.02985
2.56344 1.08955
2.57267 0.734164
2.58191 1.28349
2.59115 0.674887
2.60039 0.633185
2.60962 0.851931
2.61886 1.26435
2.6281 0.790497
2.63734 1.05863
2.64657 0.838635
2.65581 1.3734
2.66505 1.08652
2.67429 1.05218
2.68352 1.54512
2.69276 1.07065
2.702 0.822427
2.71124 1.05596
2.72047 0.973066
2.72971 1.32257
2.73895 0.835558
2.74819 1.29396
2.75742 0.854084
2.76666 0.877691
2.7759 0.836188
2.78514 0.974506
2.79438 0.784339
2.80361 1.02775
2.81285 0.754301
2.82209 0.791855
2.83133 1.17327
2.84056 0.973733
2.8498 1.00099
2.85904 0.797814
2.86828 0.983389
2.87751 1.12906
2.88675 0.980303
2.89599 1.00393
2.90523 1.21913
2.91446 1.31532
2.9237 1.26537
2.93294 1.34275
2.94218 1.00808
2.95141 1.11069
2.96065 1.02405
2.96989 1.08383
2.97913 1.07763
2.98836 1.13315
2.9976 1.20295
3.00684 1.11479
3.01608 1.09941
3.02532 1.12762
3.03455 0.688524
3.04379 1.37494
3.05303 0.919395
3.06227 1.09344
3.0715 0.960037
3.08074 1.53768
3.08998 1.17897
3.09922 0.99544
3.10845 1.05167
3.11769 1.44124
3.12693 1.0592
3.13617 0.833979
3.1454 0.935833
3.15464 0.966379
3.16388 1.62895
3.17312 0.893339
3.18235 1.04514
3.19159 0.867592
3.20083 0.975692
3.21007 1.04161
3.21931 1.21039
3.22854 1.09406
3.23778 1.25158
3.24702 1.22858
3.25626 0.808024
3.26549 1.32275
3.27473 0.970382
3.28397 0.866814
3.29321 1.55506
3.30244 0.970142
3.31168 0.789868
3.32092 0.6336
3.33016 1.1492
3.33939 1.03538
3.34863 1.44475
3.35787 1.23363
3.36711 1.10837
3.37634 1.29685
3.38558 1.15712
3.39482 1.12284
3.40406 1.07577
3.41329 0.930251
3.42253 1.61555
3.43177 0.804562
3.44101 0.919771
3.45025 1.12976
3.45948 1.12011
3.46872 1.35067
3.47796 0.956236
3.4872 1.10061
3.49643 1.37605
3.50567 1.13361
3.51491 0.807738
3.52415 0.762417
3.53338 0.882012
3.54262 1.01813
3.55186 0.662592
3.5611 0.85924
3.57033 0.851627
3.57957 1.27946
3.58881 0.799082
3.59805 0.795416
3.60728 0.871185
3.61652 1.34556
3.62576 0.805076
3.635 0.880265
3.64423 0.991882
3.65347 0.81383
3.66271 0.942143
3.67195 0.843162
3.68119 0.612075
3.69042 0.87859
3.69966 1.03802
3.7089 0.995916
3.71814 0.910887
3.72737 1.02134
3.73661 1.00096
3.74585 1.10098
3.75509 0.972298
3.76432 0.854258
3.77356 0.945959
3.7828 0.74721
3.79204 1.19043
3.80127 1.20914
3.81051 1.00866
3.81975 0.991598
3.82899 1.00667
3.83822 0.86134
3.84746 1.23057
3.8567 0.828492
3.86594 0.868728
3.87518 0.952073
3.88441 0.74759
3.89365 1.0062
3.90289 0.836064
3.91213 0.990474
3.92136 1.13749
3.9306 0.960041
3.93984 0.776493
3.94908 0.857542
3.95831 0.929632
3.96755 0.999781
3.97679 0.913222
3.98603 0.743836
3.99526 1.01012
4.0045 0.953681
4.01374 0.959474
4.02298 0.71226
4.03221 1.05135
4.04145 0.847618
4.05069 1.15444
4.05993 0.62316
4.06916 0.77024
4.0784 1.14605
4.08764 1.13634
4.09688 0.645533
4.10612 0.937107
4.11535 0.794635
4.12459 1.34402
4.13383 1.14232
4.14307 1.19437
4.1523 0.9701
4.16154 1.03905
4.17078 0.782898
4.18002 1.00498
4.18925 1.01028
4.19849 0.908351
4.20773 1.00634
4.21697 0.811735
4.2262 1.02651
4.23544 0.884158
4.24468 0.774242
4.25392 0.96156
4.26315 1.14653
4.27239 0.956192
4.28163 0.951545
4.29087 1.04021
4.3001 0.773132
4.30934 0.939192
4.31858 1.05692
4.32782 1.20396
4.33706 0.864783
4.34629 0.936515
4.35553 1.18603
4.36477 0.962657
4.37401 0.979857
4.38324 1.03277
4.39248 0.938166
4.40172 0.794074
4.41096 0.839797
4.42019 1.34597
4.42943 1.05525
4.43867 0.903326
4.44791 0.787411
4.45714 1.14305
4.46638 0.922031
4.47562 0.949496
4.48486 0.881978
4.49409 1.01714
4.50333 1.38803
4.51257 1.68983
4.52181 0.897165
4.53104 0.925716
4.54028 0.657613
4.54952 1.00885
4.55876 0.953868
4.568 1.16133
4.57723 0.722666
4.58647 1.04924
4.59571 0.803978
4.60495 1.25272
4.61418 1.20045
