0.0600444 0.000297916
0.0785196 0.000112876
0.11547 0.000210824
0.124708 0.0010567
0.161658 0.000383722
0.170896 0.00185628
0.180133 0.00576137
0.207846 0.00812937
0.226321 0.00293838
0.235559 0.00366423
0.244797 0.00914643
0.254034 0.007836
0.290985 0.00679383
0.30946 0.00756633
0.327935 0.00972587
0.337173 0.0285593
0.34641 0.0296157
0.355648 0.0482894
0.364885 0.00978583
0.374123 0.0218028
0.383361 0.0264024
0.401836 0.123762
0.411073 0.034251
0.420311 0.0474764
0.438786 0.0382496
0.448024 0.185763
0.457261 0.228852
0.466499 0.113295
0.475737 0.0468773
0.494212 0.298185
0.512687 0.113877
0.521925 0.0541708
0.531162 0.160593
0.5404 0.389126
0.549637 0.207627
0.568113 0.194317
0.57735 0.275959
0.586588 0.422383
0.595825 0.471069
0.605063 0.109162
0.614301 0.439862
0.623538 0.136125
0.632776 0.109721
0.642013 0.2018
0.651251 0.0469573
0.660489 0.173405
0.669726 0.0901002
0.678964 0.304693
0.697439 0.172054
0.706677 0.301815
0.715914 0.713913
0.725152 0.398771
0.73439 0.356589
0.743627 0.52624
0.752865 0.463964
0.762102 0.294245
0.77134 0.532152
0.780578 0.491993
0.789815 0.738695
0.799053 0.30549
0.80829 0.343214
0.817528 0.379874
0.826766 0.425065
0.836003 0.321116
0.845241 0.307322
0.854478 0.510054
0.863716 0.77306
0.872954 1.21838
0.882191 0.582808
0.900666 1.26617
0.909904 2.15891
0.928379 1.68996
0.937617 1.50911
0.946854 4.15974
0.956092 2.4477
0.96533 2.07326
0.983805 0.969754
0.993042 0.617689
1.01152 0.676406
1.02076 1.2706
1.02999 1.59246
1.03923 0.733221
1.04847 1.01155
1.05771 1.09328
1.06694 1.1285
1.07618 0.737829
1.08542 1.09045
1.09466 1.20761
1.10389 0.892009
1.11313 1.33234
1.12237 1.23542
1.13161 1.62528
1.14084 2.07381
1.15008 0.814248
1.15932 1.56169
1.16856 1.26947
1.17779 2.01866
1.18703 1.81456
1.20551 1.45849
1.21474 1.17442
1.22398 0.710597
1.23322 1.8032
1.24246 0.999414
1.2517 1.44779
1.26093 1.34725
1.27017 1.58784
1.27941 1.25331
1.28865 1.4303
1.29788 1.20267
1.30712 1.48917
1.31636 0.953978
1.3256 2.10628
1.33483 1.2645
1.34407 1.63277
1.35331 1.34387
1.36255 1.44902
1.37178 1.62467
1.38102 0.629002
1.39026 1.41137
1.3995 1.61632
1.40873 1.61281
1.41797 1.15397
1.42721 0.794196
1.43645 0.946845
1.44569 1.17381
1.45492 1.84245
1.46416 0.822951
1.4734 1.14171
1.48264 0.427884
1.49187 1.50514
1.50111 0.729458
1.51035 0.512418
1.51959 0.874846
1.52882 0.645906
1.53806 1.23514
1.5473 1.48382
1.55654 0.9322
1.56577 1.37155
1.57501 0.86768
1.58425 1.23443
1.59349 0.936721
1.60272 0.691044
1.61196 1.41521
1.6212 0.757281
1.63044 0.856026
1.63967 1.12864
1.64891 0.999772
1.65815 1.26396
1.66739 0.738168
1.67663 0.762023
1.68586 0.805663
1.6951 0.948415
1.70434 0.699587
1.71358 0.816784
1.72281 0.495915
1.73205 0.862988
1.74129 0.725717
1.75053 1.0153
1.75976 0.789968
1.769 0.877674
1.77824 0.690793
1.78748 0.949292
1.79671 1.08324
1.80595 1.09224
1.81519 0.924792
1.82443 1.35306
1.83366 0.864113
1.8429 0.91328
1.85214 1.04236
1.86138 0.713372
1.87061 0.346404
1.87985 1.13167
1.88909 0.617169
1.89833 0.470869
1.90757 0.799965
1.9168 0.779227
1.92604 0.563382
1.93528 0.692079
1.94452 0.472183
1.95375 0.620081
1.96299 0.742309
1.97223 0.425964
1.98147 0.322641
1.9907 0.822657
1.99994 0.700461
2.00918 0.670363
2.01842 0.659307
2.02765 1.17431
2.03689 0.873699
2.04613 1.05843
2.05537 0.803645
2.0646 0.577908
2.07384 1.09392
2.08308 0.664406
2.09232 0.708892
2.10155 0.739317
2.11079 0.78296
2.12003 0.6373
2.12927 0.870616
2.13851 0.67727
2.14774 0.653997
2.15698 0.694345
2.16622 0.562078
2.17546 0.61676
2.18469 1.7799
2.19393 1.01057
2.20317 0.627731
2.21241 0.904566
2.22164 0.952325
2.23088 1.08281
2.24012 0.932462
2.24936 1.03882
2.25859 0.807591
2.26783 0.935317
2.27707 1.0161
2.28631 1.30873
2.29554 1.33107
2.30478 0.880899
2.31402 1.18211
2.32326 0.986547
2.3325 0.850094
2.34173 1.12084
2.35097 0.963944
2.36021 0.842221
2.36945 1.30748
2.37868 0.919339
2.38792 0.79287
2.39716 1.32128
2.4064 1.03982
2.41563 1.36452
2.42487 1.19412
2.43411 1.78641
2.44335 2.32307
2.45258 1.35392
2.46182 1.56436
2.47106 1.4611
2.4803 1.01997
2.48953 1.35787
2.49877 1.22924
2.50801 1.90329
2.51725 1.21482
2.52648 1.72949
2.53572 1.30576
2.54496 1.32946
2.5542 1.43977
2.56344 1.80318
2.57267 1.49027
2.58191 1.74275
2.59115 0.800325
2.60039 1.14459
2.60962 1.12659
2.61886 1.29331
2.6281 1.09391
2.63734 1.20429
2.64657 0.958114
2.65581 1.25885
2.66505 1.30044
2.67429 1.55595
2.68352 1.23129
2.69276 1.13899
2.702 1.33021
2.71124 1.43363
2.72047 0.860885
2.72971 1.44654
2.73895 1.29662
2.74819 1.46036
2.75742 0.814176
2.76666 0.602236
2.7759 0.883487
2.78514 0.981147
2.79438 1.36522
2.80361 0.597998
2.81285 0.895184
2.82209 1.01144
2.83133 1.33961
2.84056 0.890901
2.8498 1.16012
2.85904 1.02516
2.86828 0.681383
2.87751 0.625868
2.88675 0.709112
2.89599 0.64919
2.90523 0.802818
2.91446 0.837558
2.9237 0.738871
2.93294 1.03253
2.94218 0.786836
2.95141 0.957868
2.96065 0.662036
2.96989 1.05502
2.97913 0.641983
2.98836 0.856861
2.9976 0.73743
3.00684 1.19069
3.01608 0.790626
3.02532 0.722467
3.03455 0.700383
3.04379 0.751778
3.05303 0.877247
3.06227 0.748673
3.0715 0.899554
3.08074 0.579262
3.08998 0.523157
3.09922 0.555178
3.10845 1.0457
3.11769 0.832915
3.12693 0.771467
3.13617 0.92654
3.1454 0.518961
3.15464 0.920173
3.16388 0.51402
3.17312 0.783415
3.18235 0.958408
3.19159 0.591507
3.20083 0.563716
3.21007 0.778328
3.21931 0.740418
3.22854 0.602649
3.23778 0.681052
3.24702 0.804505
3.25626 0.71502
3.26549 0.697458
3.27473 0.817281
3.28397 0.828581
3.29321 0.861478
3.30244 0.654348
3.31168 0.819627
3.32092 1.02403
3.33016 0.775567
3.33939 1.03521
3.34863 0.783528
3.35787 1.04642
3.36711 0.966706
3.37634 0.933456
3.38558 0.939846
3.39482 0.75381
3.40406 0.944129
3.41329 1.24005
3.42253 0.832013
3.43177 0.671283
3.44101 1.12685
3.45025 0.714244
3.45948 0.984872
3.46872 0.977128
3.47796 0.775263
3.4872 1.19439
3.49643 0.795317
3.50567 1.19535
3.51491 1.12934
3.52415 1.35828
3.53338 1.31211
3.54262 0.950729
3.55186 1.20405
3.5611 1.28517
3.57033 1.16069
3.57957 1.18672
3.58881 1.84084
3.59805 1.33434
3.60728 2.61909
3.61652 1.12205
3.62576 0.990365
3.635 1.12755
3.64423 1.33277
3.65347 1.60814
3.66271 1.35333
3.67195 1.30125
3.68119 1.55761
3.69042 1.6362
3.69966 1.47352
3.7089 1.66757
3.71814 1.21063
3.72737 0.907831
3.73661 1.35101
3.74585 1.18331
3.75509 1.10032
3.76432 1.1805
3.77356 1.17332
3.7828 1.72494
3.79204 1.3209
3.80127 1.34098
3.81051 1.17451
3.81975 1.05245
3.82899 1.13546
3.83822 0.794181
3.84746 1.21346
3.8567 1.16779
3.86594 1.35525
3.87518 1.03969
3.88441 0.933094
3.89365 0.97671
3.90289 0.861585
3.91213 1.07243
3.92136 1.03371
3.9306 1.03195
3.93984 1.1331
3.94908 1.24863
3.95831 0.940653
3.96755 1.18442
3.97679 0.664146
3.98603 0.954956
3.99526 0.826371
4.0045 0.871996
4.01374 0.96568
4.02298 1.1138
4.03221 1.03202
4.04145 0.994104
4.05069 1.13416
4.05993 0.990328
4.06916 1.11077
4.0784 0.795457
4.08764 1.08053
4.09688 0.926086
4.10612 1.04466
4.11535 1.06749
4.12459 0.857485
4.13383 0.670646
4.14307 0.718972
4.1523 0.978024
4.16154 0.88179
4.17078 0.66374
4.18002 0.675428
4.18925 0.641929
4.19849 0.762641
4.20773 0.638774
4.21697 0.778869
4.2262 0.893249
4.23544 0.584153
4.24468 1.10668
4.25392 0.767855
4.26315 1.02798
4.27239 0.84656
4.28163 0.679817
4.29087 0.75542
4.3001 0.60699
4.30934 0.724335
4.31858 0.84159
4.32782 0.884551
4.33706 0.91576
4.34629 0.916508
4.35553 0.810407
4.36477 0.743901
4.37401 0.937822
4.38324 0.840714
4.39248 0.563763
4.40172 0.722144
4.41096 0.656949
4.42019 0.829387
4.42943 0.667303
4.43867 0.969113
4.44791 0.925396
4.45714 0.756724
4.46638 0.744492
4.47562 0.699958
4.48486 0.819597
4.49409 0.734329
4.50333 0.849078
4.51257 0.799822
4.52181 1.02256
4.53104 1.21372
4.54028 0.922098
4.54952 1.02081
4.55876 0.933629
4.568 0.797315
4.57723 0.738145
4.58647 0.997629
4.59571 1.00778
4.60495 0.938489
4.61418 1.11005
