0.104 0.0388791
0.136 0.234594
0.2 0.103163
0.216 0.144118
0.28 0.0936534
0.296 0.0587589
0.312 0.0809013
0.36 0.0592571
0.392 0.0570992
0.408 0.200849
0.424 0.214875
0.44 0.117936
0.504 0.120998
0.536 0.248996
0.568 0.0735118
0.584 0.129246
0.6 0.189068
0.616 0.123202
0.632 0.249104
0.648 0.265706
0.664 0.513817
0.696 0.286437
0.712 0.304883
0.728 0.295423
0.76 0.540186
0.776 0.580437
0.792 0.264666
0.808 0.430503
0.824 0.595916
0.856 0.798984
0.888 0.400808
0.904 0.887549
0.92 0.641509
0.936 1.68325
0.952 1.09429
0.984 1.52849
1 1.53929
1.016 0.446739
1.032 0.678872
1.048 1.75172
1.064 1.48908
1.08 1.59192
1.096 1.70051
1.112 2.00128
1.128 0.399782
1.144 1.29633
1.16 1.23557
1.176 0.420327
1.208 1.46342
1.224 1.54183
1.24 3.52898
1.256 2.2047
1.272 1.43457
1.288 1.72093
1.304 1.55214
1.32 1.03175
1.336 0.721359
1.352 0.902221
1.368 1.03131
1.384 1.01118
1.4 1.02187
1.416 0.496947
1.432 1.27845
1.448 0.743885
1.464 1.63702
1.48 1.00479
1.496 1.07629
1.512 0.625484
1.528 1.07429
1.56 0.925536
1.576 1.28235
1.608 0.484142
1.624 0.81993
1.64 0.406642
1.656 0.499973
1.672 0.616846
1.704 0.99096
1.72 0.423469
1.752 0.591794
1.768 0.921391
1.784 1.05635
1.8 0.717392
1.816 0.905374
1.832 1.20942
1.848 0.918439
1.864 0.692032
1.88 1.43155
1.896 0.380545
1.912 0.623016
1.928 0.813711
1.944 0.816449
1.96 1.01173
1.976 0.60732
1.992 1.34322
2.008 0.787743
2.024 0.893745
2.04 1.59974
2.056 1.20759
2.088 1.11512
2.104 0.937979
2.12 1.12029
2.136 0.822616
2.152 1.37292
2.168 0.232375
2.184 1.0818
2.2 1.5348
2.216 1.04117
2.232 0.9075
2.248 1.55574
2.264 0.77612
2.28 0.95123
2.296 0.867319
2.312 1.11407
2.328 1.50732
2.344 0.63608
2.36 0.561643
2.376 0.914934
2.392 1.91156
2.408 1.1321
2.424 0.7978
2.44 0.947884
2.456 0.872385
2.472 1.01431
2.488 0.530325
2.504 1.4199
2.52 0.970158
2.536 0.881117
2.552 0.954827
2.568 1.26538
2.584 1.26459
2.6 0.748979
2.616 0.489405
2.632 1.41259
2.648 0.725416
2.664 0.831816
2.68 1.05647
2.696 1.39472
2.712 0.857055
2.728 1.10122
2.744 1.45743
2.76 1.35113
2.776 0.538729
2.792 1.77447
2.808 0.662513
2.824 0.941726
2.84 0.650383
2.856 1.05606
2.872 0.742442
2.888 0.587527
2.904 0.912212
2.92 0.925921
2.936 0.739839
2.952 0.838226
2.968 1.00957
2.984 1.71015
3 0.884387
3.016 1.01864
3.032 1.5146
3.048 0.612315
3.064 0.757965
3.08 1.34792
3.096 0.963224
3.112 0.984066
3.128 0.696729
3.144 1.11553
3.16 1.33104
3.176 0.780973
3.192 1.50612
3.208 0.785183
3.224 0.716829
3.24 0.623165
3.256 1.32605
3.272 0.99901
3.288 0.7424
3.304 1.35677
3.32 1.04961
3.336 0.661024
3.352 0.838785
3.368 0.624274
3.384 1.39515
3.4 0.910597
3.416 1.04289
3.432 0.693658
3.448 1.33994
3.464 0.67717
3.48 2.05472
3.496 1.04541
3.512 1.37544
3.528 0.924833
3.544 1.00207
3.56 0.483066
3.576 1.22365
3.592 0.779177
3.608 1.18526
3.624 1.16948
3.64 0.987799
3.656 1.2537
3.672 0.92309
3.688 1.32738
3.704 0.912514
3.72 0.826058
3.736 1.14987
3.752 1.15725
3.768 0.788979
3.784 1.3264
3.8 0.842529
3.816 0.645708
3.832 1.15834
3.848 1.06917
3.864 1.22061
3.88 2.28315
3.896 0.868034
3.912 0.726472
3.928 0.987543
3.944 0.661634
3.96 0.941557
3.976 0.730063
3.992 1.33629
4.008 1.03945
4.024 1.05461
4.04 0.982865
4.056 0.914243
4.072 0.562582
4.088 0.746044
4.104 1.03508
4.12 0.821297
4.136 1.03035
4.152 0.833822
4.168 0.737687
4.184 0.988066
4.2 0.676631
4.216 1.33783
4.232 1.84136
4.248 1.03483
4.264 1.61377
4.28 0.86795
4.296 1.60286
4.312 0.670018
4.328 0.450946
4.344 1.19739
4.36 0.862938
4.376 0.958343
4.392 0.975249
4.408 1.19747
4.424 1.09168
4.44 1.50234
4.456 0.880093
4.472 0.837814
4.488 0.656907
4.504 1.13484
4.52 0.984418
4.536 1.49008
4.552 0.770241
4.568 0.826479
4.584 0.847194
4.6 0.94639
4.616 1.08865
4.632 0.980234
4.648 0.8749
4.664 1.38356
4.68 0.996536
4.696 1.271
4.712 0.834214
4.728 0.606587
4.744 1.22888
4.76 0.614238
4.776 0.608193
4.792 1.15708
4.808 0.952303
4.824 1.16611
4.84 0.88364
4.856 0.915952
4.872 1.45795
4.888 0.768096
4.904 1.06344
4.92 1.15797
4.936 0.977357
4.952 1.39198
4.968 0.763002
4.984 0.709208
5 1.00481
5.016 0.747099
5.032 1.012
5.048 1.03495
5.064 0.832612
5.08 0.784443
5.096 1.0497
5.112 0.940124
5.128 1.1577
5.144 1.25999
5.16 1.11059
5.176 0.88594
5.192 0.873302
5.208 0.766395
5.224 1.16636
5.24 0.963013
5.256 1.10067
5.272 1.04269
5.288 0.894027
5.304 0.939578
5.32 1.07448
5.336 0.564856
5.352 1.18696
5.368 1.21062
5.384 1.09046
5.4 0.887304
5.416 0.993042
5.432 1.06556
5.448 0.735384
5.464 0.884913
5.48 0.73811
5.496 1.12196
5.512 0.795941
5.528 1.18133
5.544 1.18132
5.56 0.877462
5.576 1.26429
5.592 1.27834
5.608 0.898077
5.624 0.988376
5.64 0.909529
5.656 1.0437
5.672 0.824781
5.688 1.10205
5.704 1.25377
5.72 1.00704
5.736 1.0579
5.752 0.84978
5.768 1.01314
5.784 0.896606
5.8 0.933832
5.816 1.44451
5.832 1.28138
5.848 0.793972
5.864 0.886698
5.88 0.950234
5.896 1.0278
5.912 1.17804
5.928 0.961115
5.944 1.02767
5.96 0.857339
5.976 0.770766
5.992 1.07982
6.008 0.971277
6.024 0.963404
6.04 0.804881
6.056 0.897112
6.072 1.01918
6.088 1.04732
6.104 1.10595
6.12 1.00007
6.136 0.909943
6.152 0.915329
6.168 1.18688
6.184 1.03477
6.2 0.958167
6.216 0.881661
6.232 0.9199
6.248 1.07327
6.264 0.923349
6.28 1.01524
6.296 0.80702
6.312 0.902391
6.328 1.16009
6.344 1.15699
6.36 0.834424
6.376 0.858954
6.392 1.06975
6.408 0.848863
6.424 1.30887
6.44 0.871571
6.456 1.20055
6.472 1.46682
6.488 0.832663
6.504 0.991603
6.52 1.41133
6.536 0.941441
6.552 1.28383
6.568 1.05895
6.584 0.982109
6.6 1.02946
6.616 0.868657
6.632 0.993652
6.648 0.8813
6.664 1.03268
6.68 0.847632
6.696 1.10135
6.712 1.01587
6.728 1.10146
6.744 1.01938
6.76 0.82674
6.776 0.940692
6.792 1.31597
6.808 1.05572
6.824 1.00973
6.84 0.888759
6.856 0.749889
6.872 1.01885
6.888 0.755827
6.904 1.02963
6.92 0.993721
6.936 0.870721
6.952 1.25826
6.968 0.782846
6.984 0.927965
7 1.05404
7.016 0.993012
7.032 0.865723
7.048 1.07021
7.064 1.43346
7.08 1.11614
7.096 0.954975
7.112 0.837009
7.128 0.919421
7.144 0.901918
7.16 1.21684
7.176 1.09205
7.192 1.17003
7.208 1.00396
7.224 0.725757
7.24 0.847051
7.256 1.33286
7.272 0.893992
7.288 1.19146
7.304 0.810469
7.32 1.35382
7.336 1.09668
7.352 0.767063
7.368 0.672157
7.384 0.821669
7.4 0.961457
7.416 0.964609
7.432 0.999605
7.448 1.62346
7.464 0.876625
7.48 1.26247
7.496 1.14846
7.512 1.10034
7.528 1.14844
7.544 1.0369
7.56 1.04427
7.576 0.938688
7.592 0.928281
7.608 0.718991
7.624 1.25494
7.64 0.875557
7.656 0.837983
7.672 0.841963
7.688 0.868764
7.704 0.917428
7.72 0.838609
7.736 0.580575
7.752 1.29115
7.768 0.658003
7.784 0.888117
7.8 1.04841
7.816 1.21611
7.832 0.811631
7.848 0.95042
7.864 1.10274
7.88 1.06895
7.896 1.14564
7.912 0.997488
7.928 1.45531
7.944 1.19788
7.96 1.30163
7.976 1.10381
7.992 0.750139
