0.0740969 0.0469236
0.096896 0.0472168
0.142494 0.014751
0.153894 0.102549
0.199492 0.0731261
0.210891 0.320151
0.222291 0.0192336
0.256489 0.0818027
0.279288 0.0529327
0.290688 0.0827094
0.302087 0.147934
0.313487 0.0840327
0.359085 0.0769603
0.381884 0.0807108
0.404683 0.0675187
0.416083 0.123136
0.427482 0.269213
0.438882 0.14588
0.450281 0.118541
0.461681 0.0742052
0.47308 0.351844
0.495879 0.160429
0.507279 0.399712
0.518679 0.206045
0.541478 0.25319
0.552877 0.134059
0.564277 0.158946
0.575676 0.15128
0.587076 0.118388
0.609875 0.173903
0.632674 0.226354
0.644073 0.634387
0.655473 0.164922
0.666872 0.409995
0.678272 0.347796
0.701071 0.630556
0.71247 0.553974
0.72387 0.626423
0.73527 0.709613
0.746669 0.620234
0.758069 0.48271
0.769468 0.594585
0.780868 0.942311
0.792267 0.751648
0.803667 0.458963
0.815066 0.942291
0.826466 0.550848
0.837865 0.419442
0.860664 0.53587
0.872064 0.84563
0.883463 1.36471
0.894863 0.725785
0.906262 1.66201
0.917662 1.08469
0.929062 1.10966
0.940461 0.338734
0.951861 0.95763
0.96326 2.27502
0.97466 1.34713
0.986059 0.653236
0.997459 0.672488
1.00886 1.22683
1.02026 0.863009
1.03166 1.64713
1.04306 1.44476
1.05446 1.89033
1.06586 0.630777
1.07726 0.883749
1.08865 1.08931
1.11145 1.34289
1.12285 1.09035
1.14565 1.32264
1.15705 0.819193
1.16845 0.530346
1.17985 1.03876
1.19125 1.85766
1.21405 1.17917
1.22545 1.01484
1.24825 1.29896
1.25965 1.40077
1.27105 1.07556
1.28245 2.18068
1.29385 0.988723
1.30525 1.37191
1.31665 1.06084
1.32805 1.12653
1.33944 0.83128
1.35084 1.41275
1.36224 0.977397
1.37364 1.16966
1.38504 0.613876
1.39644 1.2115
1.40784 1.171
1.41924 1.14673
1.43064 0.792434
1.44204 1.09388
1.45344 1.47068
1.46484 0.779863
1.48764 1.12634
1.49904 0.749419
1.51044 1.09253
1.52184 0.30957
1.53324 0.824246
1.54464 1.56661
1.55604 0.426313
1.56744 0.976982
1.57883 0.662881
1.59023 1.10835
1.60163 1.05511
1.61303 1.16895
1.62443 1.35528
1.63583 1.49386
1.64723 0.792821
1.65863 1.17476
1.67003 0.762473
1.68143 1.24295
1.69283 0.812146
1.70423 1.54242
1.71563 0.878229
1.72703 1.03798
1.73843 0.596699
1.74983 0.550719
1.76123 1.03585
1.77263 1.39266
1.78403 0.822747
1.79543 1.22923
1.80683 0.585822
1.81822 1.09893
1.82962 1.27891
1.84102 0.446571
1.85242 1.03809
1.86382 1.13826
1.87522 1.00446
1.88662 1.23416
1.89802 1.48286
1.90942 0.875345
1.92082 1.02788
1.93222 1.06198
1.94362 0.91003
1.95502 0.813008
1.96642 0.631119
1.97782 1.13902
1.98922 0.91287
2.00062 0.87485
2.01202 0.69487
2.02342 1.03184
2.03482 1.46707
2.04622 0.856832
2.05761 1.39126
2.06901 1.181
2.08041 0.736184
2.09181 1.05294
2.10321 0.94424
2.11461 0.831565
2.12601 0.713882
2.13741 0.987893
2.14881 0.981621
2.16021 1.13766
2.17161 1.03008
2.18301 0.73123
2.19441 0.945649
2.20581 1.31718
2.21721 0.899293
2.22861 1.47045
2.24001 0.848395
2.25141 0.983683
2.26281 0.74704
2.27421 0.514812
2.28561 0.715322
2.297 0.672398
2.3084 0.392911
2.3198 0.97335
2.3312 0.989326
2.3426 2.15496
2.354 0.887959
2.3654 0.851949
2.3768 1.2455
2.3882 0.703608
2.3996 0.667496
2.411 0.848545
2.4224 1.1143
2.4338 1.08332
2.4452 1.13729
2.4566 0.586955
2.468 0.783877
2.4794 1.67379
2.4908 1.26286
2.5022 0.60182
2.5136 0.750774
2.525 1.38371
2.53639 1.31622
2.54779 1.25078
2.55919 0.762542
2.57059 1.08724
2.58199 0.843146
2.59339 1.25818
2.60479 1.5515
2.61619 0.881154
2.62759 1.5657
2.63899 1.09442
2.65039 0.841103
2.66179 1.04126
2.67319 1.17559
2.68459 1.2672
2.69599 0.317364
2.70739 1.18322
2.71879 1.6003
2.73019 0.958544
2.74159 0.957752
2.75299 0.984973
2.76439 0.916783
2.77579 0.844311
2.78718 0.882349
2.79858 1.29826
2.80998 1.6834
2.82138 1.06244
2.83278 0.785127
2.84418 0.989366
2.85558 0.826122
2.86698 1.02445
2.87838 0.673727
2.88978 0.743626
2.90118 0.829485
2.91258 0.924549
2.92398 1.2203
2.93538 1.13158
2.94678 0.881174
2.95818 0.864189
2.96958 0.875606
2.98098 1.22822
2.99238 0.824653
3.00378 0.915148
3.01518 1.29164
3.02657 1.1049
3.03797 0.719351
3.04937 1.14084
3.06077 0.964307
3.07217 1.20256
3.08357 1.02608
3.09497 0.991411
3.10637 1.23382
3.11777 0.833182
3.12917 0.638768
3.14057 0.728509
3.15197 0.998603
3.16337 1.04403
3.17477 1.14083
3.18617 0.915934
3.19757 0.835214
3.20897 1.02481
3.22037 1.20186
3.23177 0.55964
3.24317 0.939848
3.25457 1.10308
3.26596 0.886965
3.27736 0.715862
3.28876 0.955218
3.30016 1.14694
3.31156 1.07729
3.32296 0.997607
3.33436 1.29411
3.34576 1.30012
3.35716 0.958759
3.36856 1.16253
3.37996 0.931266
3.39136 0.89922
3.40276 0.819454
3.41416 1.27056
3.42556 0.830502
3.43696 1.29474
3.44836 0.905601
3.45976 1.00772
3.47116 1.00523
3.48256 0.682821
3.49396 0.806743
3.50535 1.18166
3.51675 0.80566
3.52815 0.829932
3.53955 0.799732
3.55095 1.20066
3.56235 0.810768
3.57375 1.17735
3.58515 0.917753
3.59655 0.915833
3.60795 1.23376
3.61935 0.801394
3.63075 1.01462
3.64215 0.969244
3.65355 0.83731
3.66495 1.20322
3.67635 0.84347
3.68775 1.70842
3.69915 1.08799
3.71055 0.747581
3.72195 0.785115
3.73335 1.42402
3.74474 0.922583
3.75614 1.2347
3.76754 0.647693
3.77894 1.38103
3.79034 1.11319
3.80174 0.750624
3.81314 1.30115
3.82454 1.22643
3.83594 1.12883
3.84734 0.82502
3.85874 0.861673
3.87014 1.23024
3.88154 0.822007
3.89294 0.886275
3.90434 0.850897
3.91574 1.35404
3.92714 0.985711
3.93854 0.778979
3.94994 1.22907
3.96134 1.03525
3.97274 1.22749
3.98414 0.897537
3.99553 1.0841
4.00693 1.22557
4.01833 0.750734
4.02973 1.20653
4.04113 0.692759
4.05253 1.24147
4.06393 0.837847
4.07533 0.887489
4.08673 1.05413
4.09813 1.19777
4.10953 1.23284
4.12093 1.05697
4.13233 0.978865
4.14373 0.856316
4.15513 0.894106
4.16653 1.08981
4.17793 0.97996
4.18933 0.894473
4.20073 1.16675
4.21213 1.13242
4.22353 0.811173
4.23492 0.873841
4.24632 0.863593
4.25772 0.818958
4.26912 0.968722
4.28052 0.803129
4.29192 0.825575
4.30332 1.08811
4.31472 1.04052
4.32612 0.905922
4.33752 1.27754
4.34892 0.968324
4.36032 0.678671
4.37172 1.0153
4.38312 1.17066
4.39452 0.897234
4.40592 1.12885
4.41732 1.3773
4.42872 0.853313
4.44012 0.967984
4.45152 0.726941
4.46292 1.16133
4.47431 0.681185
4.48571 0.848742
4.49711 0.848482
4.50851 1.13738
4.51991 1.00378
4.53131 0.93994
4.54271 0.856645
4.55411 0.716924
4.56551 0.971533
4.57691 1.09623
4.58831 0.864235
4.59971 1.21599
4.61111 0.766086
4.62251 0.702424
4.63391 1.13349
4.64531 1.16511
4.65671 0.686416
4.66811 1.04613
4.67951 1.20589
4.69091 1.03681
4.70231 1.09512
4.7137 1.15637
4.7251 1.03412
4.7365 1.25433
4.7479 1.08166
4.7593 0.969545
4.7707 0.934822
4.7821 1.0802
4.7935 0.828753
4.8049 0.909456
4.8163 1.47614
4.8277 1.16717
4.8391 0.808495
4.8505 0.920829
4.8619 1.1205
4.8733 1.22368
4.8847 1.3562
4.8961 0.900764
4.9075 1.03816
4.9189 0.942552
4.9303 0.89232
4.9417 1.0359
4.95309 0.936399
4.96449 1.38275
4.97589 0.885132
4.98729 0.878047
4.99869 1.17967
5.01009 0.751375
5.02149 0.618325
5.03289 1.00394
5.04429 1.00269
5.05569 1.02223
5.06709 1.02827
5.07849 0.906741
5.08989 0.610264
5.10129 0.861397
5.11269 1.00209
5.12409 1.32257
5.13549 0.974381
5.14689 0.870323
5.15829 0.900143
5.16969 0.989448
5.18109 0.587241
5.19249 1.03896
5.20388 0.914577
5.21528 0.829204
5.22668 1.0137
5.23808 1.4256
5.24948 0.770015
5.26088 0.845614
5.27228 1.26864
5.28368 0.785214
5.29508 1.11948
5.30648 0.924596
5.31788 1.31882
5.32928 1.22842
5.34068 1.04123
5.35208 0.727217
5.36348 0.931683
5.37488 0.924376
5.38628 1.05455
5.39768 0.905512
5.40908 1.21442
5.42048 1.2119
5.43188 1.10808
5.44327 0.831593
5.45467 1.2289
5.46607 1.0403
5.47747 0.750021
5.48887 0.961584
5.50027 1.24911
5.51167 0.969376
5.52307 0.921235
5.53447 0.623858
5.54587 0.912538
5.55727 0.821716
5.56867 0.640082
5.58007 1.19633
5.59147 0.729102
5.60287 1.01725
5.61427 0.836217
5.62567 0.940853
5.63707 0.948447
5.64847 0.699659
5.65987 0.899024
5.67127 1.29943
5.68266 1.01514
5.69406 1.3133
