0.00266695333333 0.441677666667
0.0243701266667 0.531187
0.583409333333 0.989196
0.0467332066667 0.580809666667
0.0455179866667 0.495317333333
0.544269333333 0.484113
0.478614 0.979217666667
0.00178010666667 0.573671666667
0.0237223866667 0.937655333333
0.104946066667 0.801923333333
0.0230429 0.825821333333
0.20860338 0.979344666667
0.0274577833333 0.611295333333
0.0846797333333 0.762631333333
0.0439530933333 0.772713333333
0.918268 0.21048
0.898052666667 0.249252
0.959023666667 0.256356666667
0.665585333333 0.0117017633333
0.622498333333 0.0483253
0.771454666667 0.0249552
0.644713666667 0.0872165333333
0.895375 0.932895
0.02320878 0.378993666667
0.0447975533333 0.440216
0.0857172333333 0.417838666667
0.0665880766667 0.0331595966667
0.4112 0.84277
0.453732333333 0.841750666667
0.513094333333 0.522638666667
0.471946333333 0.503371666667
0.475135666667 0.880167333333
0.456211333333 0.922092
0.084341 0.841683333333
0.0431644733333 0.855499333333
0.04341194 0.906988666667
0.105252266667 0.881131333333
0.0848581333333 0.920273666667
0.146618333333 0.805171333333
0.309568 0.966964666667
0.269065 0.935339666667
0.415026 0.686301
0.395509666667 0.646005333333
0.145986 0.449223666667
0.084923 0.499753333333
0.105349966667 0.458897333333
0.02367208 0.740846666667
0.00446177 0.635637
0.0275943966667 0.659198333333
0.0464004533333 0.68912
0.00235763333333 0.718666666667
0.00276188666667 0.793954666667
0.525125 0.450413333333
0.482807666667 0.457649333333
0.877542666667 0.0369552666667
0.732310666667 0.236206333333
0.730029 0.0890712
0.665051333333 0.0512029666667
0.708723 0.0413193666667
0.483521333333 0.305305333333
0.708396333333 0.1190622
0.665634 0.1200852
0.710244333333 0.196632333333
0.731965666667 0.161736
0.583629333333 0.210019666667
0.603607333333 0.171863333333
0.644833333333 0.248224
0.603814333333 0.252507
0.666817333333 0.201416
0.645776333333 0.167542666667
0.356660666667 0.0936374
0.401374666667 0.1086663
0.423862666667 0.0824757333333
0.830489333333 0.855762666667
0.958729333333 0.606934
0.688783 0.987218
0.0434788933333 0.315806
0.04483536 0.260525333333
0.0862395 0.257211
0.1074396 0.381547
0.148681666667 0.398687666667
0.107211433333 0.303014333333
0.0867900333333 0.340736666667
0.0248753833333 0.228019666667
0.1065864 0.219234666667
0.182643 0.375697333333
0.267527333333 0.0909797333333
0.183878666667 0.03797313
0.203937 0.1104442
0.22393 0.0775471666667
0.333914666667 0.0571093333333
0.288667333333 0.0551813333333
0.378742666667 0.041632
0.417776666667 0.0227101966667
0.311351333333 0.00859706
0.22707 0.0255908633333
0.455747666667 0.686795666667
0.53338 0.555593666667
0.540044 0.962265333333
0.49762 0.940507666667
0.1249562 0.950136333333
0.08446358 0.966551333333
0.145574713333 0.972700333333
0.227888 0.946915666667
0.146723333333 0.884188
0.167484333333 0.847988
0.209574666667 0.865719333333
0.208108666667 0.917530333333
0.166288 0.9269
0.350767333333 0.94613
0.394147666667 0.956119666667
0.414169 0.920751666667
0.390561 0.879846333333
0.104993333333 0.720388333333
0.0869950666667 0.678743666667
0.168019333333 0.770622333333
0.146660666667 0.725131333333
0.166941666667 0.692129666667
0.412641666667 0.766264666667
0.393041666667 0.728442
0.389866 0.804773666667
0.335308 0.572175666667
0.367484333333 0.557197666667
0.441880666667 0.521231
0.440189 0.581740333333
0.407863333333 0.598524666667
0.164854666667 0.480622333333
0.584107333333 0.294805
0.525470666667 0.317442
0.545745333333 0.285443
0.525709333333 0.367399
0.546626 0.399167333333
0.975502 0.364655666667
0.896884 0.337808
0.955199333333 0.31095
0.916063666667 0.293063
0.838872 0.406654
0.461988 0.420005
0.418837333333 0.419292666667
0.483388666667 0.381000666667
0.461354666667 0.342926666667
0.919008 0.0543517666667
0.959523 0.151249933333
0.960168333333 0.2036291
0.898682333333 0.0922876
0.898941666667 0.17011
0.920277 0.132526766667
0.774966333333 0.232156
0.857926666667 0.239800333333
0.541862333333 0.201248
0.523685333333 0.234373333333
0.462414666667 0.0943654
0.518991 0.1498003
0.480604333333 0.140373633333
0.517914 0.0374415633333
0.480145333333 0.0480445633333
0.853344666667 0.937711
0.830277333333 0.907345333333
0.814690333333 0.974586333333
0.729407 0.965662333333
0.707721666667 0.933836
0.771366666667 0.957204333333
0.789712333333 0.919115666667
0.917656333333 0.706168
0.896977 0.669497333333
0.960006 0.724670666667
0.958998333333 0.657696
0.775013666667 0.720566333333
0.794244666667 0.761739
0.00396560666667 0.150295566667
0.00426352 0.199684333333
0.223798333333 0.395470333333
0.146945666667 0.306557666667
0.181633 0.335535
0.223375666667 0.313891
0.210306666667 0.273805333333
0.166657 0.267204333333
0.167334 0.188177666667
0.147269666667 0.225684666667
0.477779666667 0.728040333333
0.476414666667 0.802858
0.456658 0.765368333333
0.585106333333 0.554516666667
0.477795666667 0.649658666667
0.470217666667 0.604237666667
0.512613 0.587559333333
0.519841666667 0.659606333333
0.541825 0.626726666667
0.663476 0.853263666667
0.600870666667 0.944233
0.644814333333 0.959207333333
0.665663666667 0.930930333333
0.641403333333 0.884197333333
0.229956666667 0.672075333333
0.209847666667 0.705462333333
0.408845 0.501124666667
0.366774333333 0.520307
0.397345666667 0.457244333333
0.334844 0.483768666667
0.355767666667 0.449441333333
0.271315666667 0.595875
0.292691666667 0.556335
0.105425066667 0.632383333333
0.143704333333 0.641026333333
0.0859561 0.587274
0.102998033333 0.542087333333
0.142293666667 0.53263
0.661367666667 0.327681333333
0.708481 0.272996666667
0.664430666667 0.280230666667
0.637904 0.353824333333
0.600191666667 0.34129
0.582382 0.389081666667
0.661208 0.404777
0.860068333333 0.326141
0.839128666667 0.355389
0.839122 0.271944333333
0.796394 0.266722333333
0.400289666667 0.154832333333
0.356491333333 0.242669
0.775485666667 0.153427
0.79642 0.184273
0.857452 0.155777
0.836652333333 0.186695333333
0.794916 0.0792256
0.774176333333 0.109052
0.836698333333 0.0750014333333
0.857692666667 0.1047555
0.462112666667 0.265851333333
0.482002 0.226918333333
0.419181666667 0.267448666667
0.398379 0.231780666667
0.461792333333 0.184366333333
0.421100333333 0.187631333333
0.581433666667 0.131747133333
0.538584333333 0.118455766667
0.602682333333 0.0945578
0.580467 0.0556665666667
0.538080333333 0.0679198666667
0.767423333333 0.879085
0.790555333333 0.840423666667
0.707407 0.851508
0.727392333333 0.885347333333
0.772391 0.800443666667
0.729273666667 0.805265666667
0.795764 0.677978333333
0.779779333333 0.633553666667
0.834518666667 0.688209666667
0.855297333333 0.658483666667
0.854973333333 0.60692
0.834031 0.574535666667
0.798199333333 0.585463333333
0.917111 0.550802333333
0.918053666667 0.628599
0.895863333333 0.591970666667
0.958519 0.555302333333
0.958508 0.503132
0.956841 0.449476333333
0.953576333333 0.392309
0.914094 0.383348333333
0.897842333333 0.513755
0.837494666667 0.489427666667
0.855652333333 0.522539
0.917576 0.470764666667
0.85942 0.439554666667
0.897311333333 0.429675666667
0.914014333333 0.901955666667
0.938240333333 0.87995
0.913855 0.860074333333
0.853447333333 0.825983
0.895106333333 0.830868333333
0.918484 0.783769333333
0.896348666667 0.747942666667
0.835367 0.771939333333
0.854890666667 0.740998
0.734005333333 0.726204
0.710119 0.772198666667
0.0488613766667 0.0714983
0.0279397133333 0.0996235666667
0.0891563666667 0.171877
0.04884949 0.177347666667
0.0282376266667 0.149012333333
0.206376666667 0.474308
0.229844333333 0.438959666667
0.270196333333 0.519223666667
0.226809 0.517543
0.292418 0.479187333333
0.272498333333 0.442158333333
0.264595666667 0.328424333333
0.264008333333 0.369841333333
0.293065333333 0.297741666667
0.333639 0.401627333333
0.292795666667 0.398925666667
0.719955666667 0.570292
0.674274333333 0.558086
0.741917666667 0.621464666667
0.515740666667 0.869251666667
0.536717666667 0.902454666667
0.517079 0.818550333333
0.577707666667 0.899751
0.597391 0.867992333333
0.272251666667 0.674533666667
0.292806333333 0.632846
0.354892333333 0.654700333333
0.335069666667 0.622197666667
0.209865666667 0.785028
0.231413 0.752869666667
0.230555 0.837308333333
0.163404666667 0.611325333333
0.206751 0.629041666667
0.227555333333 0.594529
0.205544 0.553308333333
0.162550666667 0.562081
0.707818666667 0.416069
0.796946 0.418567666667
0.603163 0.433325333333
0.644276666667 0.436486333333
0.586551333333 0.477110666667
0.607102666667 0.514559333333
0.649943666667 0.516943
0.670506 0.482655333333
0.227857333333 0.160372333333
0.209127666667 0.195386333333
0.232713 0.239494333333
0.274251666667 0.248897333333
0.540235333333 0.706175
0.520221333333 0.737472
0.539764 0.790492333333
0.641898333333 0.812155
0.666674666667 0.777332333333
0.598096666667 0.823068
0.580121333333 0.793565666667
0.0915231666667 0.0868445666667
0.109249866667 0.0485058633333
0.146301666667 0.05298633
0.166069333333 0.1011757
0.148196 0.143895166667
0.110701633333 0.1340445
0.353986 0.291212333333
0.33113 0.317374
0.395851333333 0.306275666667
0.416615666667 0.342299666667
0.395499 0.379661333333
0.351878666667 0.369799
0.714230333333 0.694269333333
0.717734666667 0.646805
0.291733 0.713461666667
0.271003333333 0.758410666667
0.350743333333 0.737722666667
0.332110333333 0.704276666667
0.704665 0.344508666667
0.727812 0.381943666667
0.729211 0.310082666667
0.774146333333 0.381987666667
0.774468333333 0.307858666667
0.796256666667 0.342328666667
0.737452 0.538655
0.777834 0.541737333333
0.712333 0.492161333333
0.732714333333 0.457284333333
0.795508 0.497698333333
0.775507333333 0.459739
0.335263666667 0.209836666667
0.293261 0.212536333333
0.334015 0.132353433333
0.356340666667 0.166149333333
0.290129 0.131623766667
0.270452 0.168119333333
0.582669333333 0.708834
0.603012666667 0.743204333333
0.645764333333 0.737884
0.669433666667 0.700815666667
0.653293333333 0.591629666667
0.674791666667 0.629176
0.648915333333 0.663529
0.606966333333 0.590444
0.584452 0.630688333333
0.604902666667 0.666227
0.287412666667 0.80103
0.268511666667 0.847769333333
0.346298 0.818755333333
0.326775333333 0.789527
0.287335333333 0.891410333333
0.346933666667 0.86722
0.327161333333 0.898135666667
