0.10198 0.00358496
0.133359 0.0510715
0.196116 0.0640915
0.211805 0.0633487
0.274563 0.0544807
0.290252 0.0301699
0.305941 0.178568
0.353009 0.189264
0.384388 0.193835
0.400077 0.184826
0.415766 0.273571
0.431455 0.182273
0.494213 0.142449
0.525591 0.154934
0.55697 0.342357
0.572659 0.0417752
0.588348 0.306184
0.604038 0.211054
0.619727 0.0949289
0.635416 0.145232
0.651106 0.0421508
0.682484 0.241903
0.698173 0.162793
0.713863 0.192931
0.745241 0.623291
0.760931 0.597497
0.77662 0.206856
0.792309 0.457658
0.807998 0.0703213
0.839377 0.740173
0.870756 1.06288
0.886445 1.47083
0.902134 1.0476
0.917824 0.626015
0.933513 1.78956
0.964891 1.7753
0.980581 1.37686
0.99627 1.39144
1.01196 0.710377
1.02765 0.602516
1.04334 0.55401
1.05903 1.47618
1.07472 2.73994
1.09041 0.966383
1.1061 3.67842
1.12178 0.831712
1.13747 1.24345
1.15316 3.20737
1.18454 0.884096
1.20023 2.09261
1.21592 2.3422
1.23161 1.24846
1.2473 0.68249
1.26299 1.09435
1.27868 1.40725
1.29437 0.958608
1.31006 0.620258
1.32575 0.990243
1.34143 0.624515
1.35712 0.511141
1.37281 1.29041
1.3885 1.27008
1.40419 0.950442
1.41988 1.28275
1.43557 2.25197
1.45126 1.28768
1.46695 0.860431
1.48264 0.380837
1.49833 1.77023
1.52971 1.33431
1.5454 1.17129
1.57677 0.782275
1.59246 0.582478
1.60815 3.14268
1.62384 0.971608
1.63953 0.798027
1.67091 1.25359
1.6866 1.15376
1.71798 0.775849
1.73367 0.551344
1.74936 1.13541
1.76505 0.997666
1.78073 0.537981
1.79642 0.945478
1.81211 0.929901
1.8278 0.776317
1.84349 0.417666
1.85918 0.665257
1.87487 0.590575
1.89056 0.71987
1.90625 0.403623
1.92194 0.737745
1.93763 0.459063
1.95332 0.405575
1.96901 0.815956
1.9847 0.728409
2.00038 0.135034
2.01607 0.925552
2.04745 1.17003
2.06314 0.693535
2.07883 1.12043
2.09452 0.9031
2.11021 1.27243
2.1259 0.630343
2.14159 0.696416
2.15728 0.575334
2.17297 0.662978
2.18866 0.403229
2.20435 0.760604
2.22003 0.603596
2.23572 0.820213
2.25141 0.614312
2.2671 0.648634
2.28279 0.785021
2.29848 1.02526
2.31417 1.0185
2.32986 0.842894
2.34555 0.963093
2.36124 1.04871
2.37693 1.13175
2.39262 0.896606
2.40831 1.77599
2.424 1.5498
2.43968 0.905221
2.45537 1.10554
2.47106 2.05725
2.48675 1.20736
2.50244 1.93212
2.51813 1.40729
2.53382 1.93174
2.54951 1.84258
2.5652 1.16351
2.58089 1.25553
2.59658 1.22467
2.61227 1.19039
2.62796 0.547969
2.64365 0.941156
2.65933 1.70036
2.67502 1.21701
2.69071 1.19878
2.7064 1.06337
2.72209 0.808026
2.73778 0.744162
2.75347 1.41677
2.76916 1.17152
2.78485 1.47617
2.80054 1.25233
2.81623 1.41022
2.83192 1.12369
2.84761 1.14678
2.8633 0.853709
2.87898 0.804642
2.89467 1.59509
2.91036 1.16595
2.92605 1.18014
2.94174 0.923033
2.95743 0.972222
2.97312 0.436187
2.98881 0.986184
3.0045 0.356473
3.02019 0.728285
3.03588 0.649382
3.05157 0.926103
3.06726 0.469993
3.08295 0.92358
3.09863 0.938144
3.11432 0.414804
3.13001 0.620079
3.1457 0.628357
3.16139 0.657286
3.17708 0.694673
3.19277 0.663728
3.20846 0.74794
3.22415 0.789076
3.23984 0.562933
3.25553 0.77354
3.27122 0.644868
3.28691 0.624452
3.3026 0.992881
3.31829 1.28585
3.33397 0.720943
3.34966 0.755756
3.36535 0.761214
3.38104 0.922689
3.39673 0.825675
3.41242 1.11666
3.42811 0.882613
3.4438 0.740709
3.45949 1.05036
3.47518 0.792096
3.49087 1.45113
3.50656 1.14579
3.52225 0.769983
3.53794 1.23555
3.55362 1.21941
3.56931 1.06048
3.585 1.34278
3.60069 1.11555
3.61638 0.934115
3.63207 1.49173
3.64776 0.909522
3.66345 1.18088
3.67914 1.82267
3.69483 1.5146
3.71052 1.28446
3.72621 1.36673
3.7419 1.5001
3.75759 1.38497
3.77327 1.05277
3.78896 0.871821
3.80465 0.907835
3.82034 1.30128
3.83603 0.989755
3.85172 1.16573
3.86741 1.04505
3.8831 0.873538
3.89879 1.55253
3.91448 0.965863
3.93017 1.85972
3.94586 0.96014
3.96155 0.978269
3.97724 1.17662
3.99292 1.54826
4.00861 1.28059
4.0243 1.07868
4.03999 0.949959
4.05568 0.848672
4.07137 1.26411
4.08706 0.990417
4.10275 1.14197
4.11844 0.955218
4.13413 0.77681
4.14982 0.711377
4.16551 0.863327
4.1812 0.822244
4.19689 1.01828
4.21257 1.02909
4.22826 0.802558
4.24395 0.870016
4.25964 0.796362
4.27533 1.11022
4.29102 0.479624
4.30671 0.748267
4.3224 0.612051
4.33809 0.686667
4.35378 0.938621
4.36947 0.863557
4.38516 0.785139
4.40085 0.720743
4.41654 0.537952
4.43222 0.835348
4.44791 1.16264
4.4636 0.987523
4.47929 0.522105
4.49498 0.739339
4.51067 0.713427
4.52636 0.66988
4.54205 1.10659
4.55774 0.920829
4.57343 0.948617
4.58912 0.792458
4.60481 0.844363
4.6205 0.858775
4.63619 1.66422
4.65187 0.850443
4.66756 0.757583
4.68325 0.94392
4.69894 1.41756
4.71463 0.83924
4.73032 0.748987
4.74601 0.942581
4.7617 1.12568
4.77739 1.16624
4.79308 1.19597
4.80877 0.873938
4.82446 1.0664
4.84015 1.42117
4.85584 1.21911
4.87152 1.40683
4.88721 1.57828
4.9029 1.23397
4.91859 1.30915
4.93428 1.01432
4.94997 1.46974
4.96566 1.08096
4.98135 1.20722
4.99704 1.34576
5.01273 0.958068
5.02842 1.20118
5.04411 1.68446
5.0598 0.975198
5.07549 0.651333
5.09117 1.76013
5.10686 1.13204
5.12255 1.27913
5.13824 1.15695
5.15393 0.975818
5.16962 0.658488
5.18531 1.01589
5.201 0.935208
5.21669 0.752354
5.23238 1.50301
5.24807 1.06943
5.26376 0.91995
5.27945 1.30516
5.29514 1.40382
5.31082 1.13833
5.32651 0.843859
5.3422 1.02959
5.35789 0.971129
5.37358 0.811181
5.38927 0.634718
5.40496 0.963507
5.42065 0.823549
5.43634 0.7931
5.45203 1.21096
5.46772 0.533786
5.48341 0.830746
5.4991 0.876326
5.51479 0.78265
5.53048 0.708733
5.54616 0.993992
5.56185 0.562124
5.57754 0.615281
5.59323 0.777445
5.60892 0.729422
5.62461 0.787927
5.6403 0.845556
5.65599 1.30919
5.67168 0.564161
5.68737 0.785566
5.70306 0.82852
5.71875 0.951132
5.73444 0.980985
5.75013 0.816946
5.76581 0.704874
5.7815 0.968162
5.79719 0.804694
5.81288 0.918221
5.82857 0.857419
5.84426 0.902186
5.85995 1.18978
5.87564 0.914269
5.89133 0.906648
5.90702 0.919885
5.92271 0.806439
5.9384 1.16145
5.95409 1.1717
5.96978 1.12748
5.98546 1.01888
6.00115 1.03769
6.01684 1.22633
6.03253 0.864401
6.04822 1.07046
6.06391 0.899272
6.0796 1.25488
6.09529 1.29895
6.11098 1.11212
6.12667 1.08609
6.14236 1.58848
6.15805 1.2111
6.17374 0.976923
6.18943 1.26578
6.20511 1.04394
6.2208 1.32603
6.23649 1.23654
6.25218 1.01055
6.26787 1.00662
6.28356 1.27252
6.29925 0.887894
6.31494 1.29468
6.33063 1.07729
6.34632 1.41987
6.36201 1.31691
6.3777 0.895814
6.39339 1.42955
6.40908 1.0356
6.42476 1.21377
6.44045 1.16706
6.45614 1.13111
6.47183 1.03525
6.48752 0.903327
6.50321 0.881019
6.5189 1.05857
6.53459 1.04403
6.55028 0.789377
6.56597 1.00192
6.58166 0.953578
6.59735 1.00687
6.61304 0.712819
6.62873 0.844656
6.64441 1.31654
6.6601 1.11314
6.67579 0.879144
6.69148 0.7948
6.70717 0.659213
6.72286 0.952094
6.73855 0.73568
6.75424 0.772799
6.76993 0.74684
6.78562 1.14483
6.80131 0.857534
6.817 1.23539
6.83269 0.766392
6.84838 0.837791
6.86406 0.883873
6.87975 0.802165
6.89544 0.633543
6.91113 0.70974
6.92682 0.870945
6.94251 0.999958
6.9582 1.07778
6.97389 0.688203
6.98958 0.655145
7.00527 0.587194
7.02096 0.811791
7.03665 0.762452
7.05234 1.01437
7.06803 0.96735
7.08371 0.841802
7.0994 1.10545
7.11509 0.914764
7.13078 0.886165
7.14647 1.03985
7.16216 0.689939
7.17785 1.01423
7.19354 1.1027
7.20923 1.10701
7.22492 1.42284
7.24061 0.968056
7.2563 1.08009
7.27199 1.39456
7.28768 1.26241
7.30336 1.09055
7.31905 1.11481
7.33474 0.890115
7.35043 1.35124
7.36612 1.43218
7.38181 1.49333
7.3975 0.914668
7.41319 1.00732
7.42888 1.12975
7.44457 1.51086
7.46026 1.35477
7.47595 1.16183
7.49164 0.895876
7.50733 1.07023
7.52301 1.12959
7.5387 1.09356
7.55439 0.805934
7.57008 1.19399
7.58577 1.13057
7.60146 1.06432
7.61715 0.785494
7.63284 1.00744
7.64853 1.17118
7.66422 0.936024
7.67991 1.0947
7.6956 1.17718
7.71129 1.0175
7.72698 0.886428
7.74267 1.33267
7.75835 0.977536
7.77404 1.07073
7.78973 1.08222
7.80542 1.04679
7.82111 0.70916
7.8368 0.851653
