300

200
0.0295446
0.132971
0.647727	0.334129
0.222185	0.369534
0.220797	0.532919
0.0412352	0.50437
0.310525	0.588475
0.822547	0.465217
0.155545	0.169337
0.56182	0.0367484
0.343731	0.879068
0.444124	0.520555
0.182834	0.697347
0.965464	0.426012
0.614118	0.539186
0.136256	0.432244
0.243115	0.884666
0.801639	0.861579
0.975613	0.248533
0.462407	0.189873
0.0500453	0.0156598
0.448384	0.0136881
0.469878	0.617829
0.0847807	0.570296
0.153622	0.868052
0.278569	0.344433
0.0176126	0.858884
0.738462	0.856998
0.264465	0.41722
0.42051	0.401768
0.377937	0.325083
0.848402	0.0275597
0.598419	0.942796
0.841665	0.406654
0.485617	0.687276
0.991712	0.946221
0.531931	0.946457
0.866723	0.760975
0.443598	0.788051
0.189954	0.799454
0.570339	0.493463
0.90832	0.0354287
0.729321	0.986538
0.0165665	0.576596
0.403569	0.616949
0.702454	0.0423397
0.936842	0.334367
0.43683	0.907976
0.222786	0.0128479
0.782764	0.3812
0.500726	0.420863
0.386559	0.814447
0.544859	0.85141
0.901723	0.911518
0.201176	0.0746585
0.672737	0.63266
0.944969	0.600823
0.306078	0.0343018
0.544669	0.164472
0.345306	0.456534
0.245008	0.943803
0.952671	0.71456
0.650762	0.221185
0.324424	0.514619
0.126865	0.671128
0.101049	0.724348
0.83011	0.231814
0.086132	0.143867
0.686128	0.739335
0.448639	0.45381
0.746566	0.61312
0.65084	0.401044
0.461741	0.109487
0.747562	0.118844
0.891404	0.222833
0.545883	0.683165
0.675935	0.569006
0.302485	0.697726
0.0335371	0.278362
0.855497	0.948768
0.745961	0.729773
0.00500786	0.108289
0.190405	0.638608
0.576864	0.431996
0.444779	0.31995
0.564918	0.225812
0.058986	0.214967
0.383899	0.691011
0.917184	0.113651
0.494346	0.0543041
0.101005	0.962239
0.945825	0.818994
0.630563	0.674703
0.842931	0.157523
0.950789	0.511837
0.116377	0.496719
0.159571	0.231094
0.0644894	0.428196
0.863749	0.0849985
0.902774	0.398781
0.664583	0.962223
0.815193	0.589331
0.146125	0.551206
0.628736	0.819393
0.0147663	0.65964
0.501443	0.340963
0.179384	0.311182
0.381961	0.137043
0.571155	0.372769
0.619924	0.103023
0.87089	0.561543
0.778379	0.506427
0.875913	0.332378
0.339287	0.0880363
0.715972	0.259251
0.773798	0.210549
0.0968631	0.842974
0.881867	0.45847
0.124512	0.0961876
0.698392	0.510167
0.229804	0.134077
0.705752	0.348045
0.764349	0.441923
0.215269	0.263734
0.487602	0.26962
0.365803	0.213322
0.875296	0.62093
0.00642946	0.381286
0.609029	0.753568
0.0589817	0.353285
0.346458	0.637738
0.665148	0.890263
0.0434753	0.914716
0.78669	0.0301132
0.525842	0.75132
0.41321	0.252753
0.762931	0.78646
0.306601	0.183264
0.843185	0.818791
0.313584	0.77053
0.585761	0.631271
0.606342	0.880368
0.0178128	0.750448
0.678057	0.12312
0.175151	0.478629
0.182659	0.936467
0.306931	0.926962
0.641962	0.0460957
0.38948	0.951157
0.808431	0.736096
0.496164	0.549523
0.47378	0.959751
0.829472	0.673955
0.796603	0.921219
0.200201	0.424742
0.101043	0.310093
0.689963	0.799599
0.770622	0.667713
0.307803	0.829724
0.906134	0.280904
0.582035	0.314248
0.733254	0.922345
0.275733	0.26483
0.235521	0.72687
0.249506	0.589961
0.0532847	0.801726
0.389152	0.497052
0.109275	0.0362259
0.34376	0.375721
0.269201	0.0831092
0.134429	0.775372
0.929028	0.174356
0.631995	0.164106
0.818646	0.308698
0.42891	0.729974
0.89491	0.850813
0.496986	0.814504
0.398816	0.0545674
0.0135706	0.177141
0.35382	0.998957
0.372916	0.751358
0.164678	0.00035373
0.989272	0.00537801
0.630419	0.277387
0.557927	0.102176
0.886297	0.702358
0.104612	0.902055
0.703585	0.431982
0.386505	0.557332
0.63576	0.461602
0.555624	0.557367
0.123268	0.366139
0.495437	0.88755
0.741131	0.55276
0.967952	0.89142
0.931154	0.975487
0.760635	0.322153
0.249437	0.815483
0.24112	0.209334
0.137125	0.610948
0.321556	0.303006
0.0650759	0.0755802
//###########################


100
0.0100452
0.18805
0.0767864	0.388968
0.125595	0.815276
0.795033	0.342522
0.363755	0.25424
0.0138555	0.230031
0.0947328	0.639119
0.0473027	0.111766
0.132532	0.279657
0.82566	0.63136
0.519332	0.458229
0.571276	0.811063
0.472943	0.753556
0.122811	0.998492
0.272945	0.647392
0.82386	0.11631
0.671716	0.180408
0.855852	0.490661
0.842682	0.904189
0.616484	0.426388
0.789513	0.256485
0.337101	0.725637
0.942713	0.216079
0.11724	0.182278
0.989111	0.698157
0.669977	0.263778
0.257017	0.986592
0.404846	0.453002
0.301896	0.382762
0.357557	0.043137
0.59006	0.0724372
0.979244	0.471866
0.0685321	0.759975
0.990915	0.293954
0.510439	0.590699
0.351453	0.835763
0.930582	0.874746
0.569324	0.915021
0.0574832	0.863907
0.649837	0.711204
0.160912	0.0724615
0.499499	0.167755
0.422382	0.100523
0.438138	0.653518
0.559232	0.724282
0.285189	0.87222
0.171505	0.388467
0.16714	0.746148
0.832318	0.987994
0.610788	0.352846
0.272188	0.742374
0.0775191	0.525824
0.291939	0.481855
0.287021	0.132059
0.93753	0.0710624
0.649548	0.778546
0.174825	0.598513
0.423364	0.97586
0.669563	0.841031
0.816741	0.785695
0.857017	0.369273
0.720772	0.165569
0.805003	0.536044
0.281531	0.223533
0.69209	0.927291
0.460789	0.39961
0.172213	0.519692
0.241106	0.306037
0.724236	0.395255
0.947204	0.0125903
0.999787	0.795091
0.530553	0.270746
0.635259	0.00520967
0.744021	0.0296634
0.418299	0.210983
0.932129	0.652647
0.734105	0.69127
0.718227	0.647103
0.661108	0.52689
0.182942	0.896184
0.700924	0.0888011
0.734416	0.469895
0.332671	0.964004
0.560517	0.600128
0.0193595	0.977211
0.857698	0.296996
0.133704	0.929041
0.927389	0.560937
0.447909	0.842132
0.342461	0.562024
0.915877	0.734443
0.206337	0.172984
0.800006	0.417226
0.533922	0.313684
0.947997	0.387448
0.392887	0.371771
0.276448	0.537384
0.000753022	0.621603
0.611674	0.237658
0.531644	0.98845
0.779017	0.825052
//###########################


