0.0431465 0.346078
0.0564223 0.167946
0.082974 0.254959
0.0896119 0.0931719
0.116164 0.0390858
0.122801 0.259879
0.129439 0.0880321
0.149353 0.0697535
0.162629 0.163752
0.169267 0.0457876
0.175905 0.0668337
0.182543 0.0244691
0.209094 0.100485
0.22237 0.0360402
0.235646 0.0193697
0.242284 0.0373198
0.248922 0.39104
0.25556 0.126991
0.262198 0.0614327
0.268836 0.0838442
0.275474 0.0617374
0.288749 0.10644
0.295387 0.0689049
0.302025 0.0523454
0.315301 0.0608677
0.321939 0.0705027
0.328577 0.223551
0.335215 0.0780964
0.341853 0.0845387
0.355129 0.0700037
0.368404 0.0700509
0.375042 0.278406
0.38168 0.0547602
0.388318 0.0583002
0.394956 0.0552317
0.408232 0.09102
0.41487 0.185507
0.421508 0.0771652
0.428146 0.0387299
0.434784 0.115849
0.441422 0.0836232
0.448059 0.0435648
0.454697 0.314074
0.461335 0.116261
0.467973 0.0860829
0.474611 0.0520815
0.481249 0.0708596
0.487887 0.0691256
0.501163 0.198766
0.507801 0.146846
0.514439 0.258343
0.521077 0.0985996
0.527715 0.242908
0.534352 0.091399
0.54099 0.187236
0.547628 0.110578
0.554266 0.112738
0.560904 0.151799
0.567542 0.159665
0.57418 0.530029
0.580818 0.160863
0.587456 0.327879
0.594094 0.183643
0.600732 0.233347
0.60737 0.358048
0.614007 0.260837
0.620645 0.342931
0.627283 0.645648
0.633921 0.369398
0.647197 0.525071
0.653835 1.18589
0.667111 0.955394
0.673749 0.889806
0.680387 1.47957
0.687025 0.783759
0.693662 1.28659
0.706938 1.16571
0.713576 0.693652
0.726852 1.08539
0.73349 0.932536
0.740128 1.28824
0.746766 1.10347
0.753404 0.9719
0.760042 1.01766
0.76668 0.765821
0.773318 1.15738
0.779955 0.404627
0.786593 1.21791
0.793231 0.783517
0.799869 1.36534
0.806507 1.22898
0.813145 0.221034
0.819783 0.499898
0.826421 0.468539
0.833059 1.00579
0.839697 0.674631
0.846335 0.740966
0.852973 0.723874
0.866248 0.736054
0.872886 0.582457
0.879524 0.720899
0.886162 0.261019
0.8928 0.526198
0.899438 0.676214
0.906076 0.387554
0.912714 0.275092
0.919352 0.395677
0.92599 0.360589
0.932628 0.381539
0.939265 0.442376
0.945903 0.419184
0.952541 0.279823
0.959179 0.244812
0.965817 0.559698
0.972455 0.411387
0.979093 0.460045
0.985731 0.52391
0.992369 0.5011
0.999007 0.498134
1.00564 0.353734
1.01228 0.482457
1.01892 0.749471
1.02556 0.711594
1.0322 0.454948
1.03883 0.396787
1.04547 0.509609
1.05211 0.420733
1.05875 0.488616
1.06539 0.460549
1.07202 0.173696
1.07866 0.811364
1.0853 0.559635
1.09194 0.719788
1.09858 1.07458
1.10521 0.786431
1.11185 1.58331
1.11849 1.07982
1.12513 0.567074
1.13177 0.811774
1.1384 1.83463
1.14504 1.27029
1.15168 1.14588
1.15832 0.817123
1.16495 1.86726
1.17159 1.04707
1.17823 0.630192
1.18487 1.13465
1.19151 1.17213
1.19814 1.00221
1.20478 1.15798
1.21142 0.840618
1.21806 1.16989
1.2247 1.54707
1.23133 1.44735
1.23797 1.48054
1.24461 0.967075
1.25125 1.01683
1.25789 1.6271
1.26452 1.331
1.27116 1.40526
1.2778 2.67601
1.28444 2.33964
1.29108 1.69744
1.29771 1.54074
1.30435 1.7966
1.31099 1.57546
1.31763 2.28593
1.32426 1.15592
1.3309 1.35185
1.33754 1.99361
1.34418 1.44375
1.35082 2.21333
1.35745 1.3722
1.36409 2.76883
1.37073 1.5241
1.37737 1.52512
1.38401 1.93459
1.39064 2.09462
1.39728 1.69981
1.40392 1.94329
1.41056 1.78666
1.4172 2.19685
1.42383 1.47291
1.43047 1.82906
1.43711 1.19089
1.44375 1.83041
1.45039 1.40524
1.45702 1.4446
1.46366 1.46465
1.4703 1.49605
1.47694 1.02092
1.48357 2.1263
1.49021 1.04258
1.49685 1.78959
1.50349 1.73335
1.51013 1.72868
1.51676 2.19291
1.5234 1.13245
1.53004 0.955734
1.53668 0.880993
1.54332 1.71384
1.54995 1.38252
1.55659 1.40589
1.56323 1.69522
1.56987 0.907369
1.57651 1.02644
1.58314 1.05627
1.58978 1.58029
1.59642 0.721741
1.60306 1.30777
1.6097 1.34892
1.61633 1.0246
1.62297 0.800573
1.62961 0.963002
1.63625 1.33815
1.64288 1.22161
1.64952 0.659556
1.65616 0.614882
1.6628 0.666935
1.66944 0.805769
1.67607 0.910023
1.68271 0.555304
1.68935 0.813376
1.69599 0.802068
1.70263 0.489691
1.70926 0.640662
1.7159 0.729342
1.72254 0.692283
1.72918 0.844621
1.73582 0.651735
1.74245 0.454178
1.74909 0.399482
1.75573 0.585399
1.76237 0.664503
1.76901 0.379586
1.77564 0.763951
1.78228 0.561405
1.78892 0.598063
1.79556 0.788803
1.80219 0.646476
1.80883 0.4993
1.81547 0.653091
1.82211 0.484497
1.82875 0.586205
1.83538 0.784866
1.84202 0.448098
1.84866 0.581548
1.8553 0.562293
1.86194 0.438291
1.86857 0.751557
1.87521 0.527486
1.88185 0.697109
1.88849 0.63899
1.89513 0.614747
1.90176 0.576398
1.9084 0.586977
1.91504 0.618127
1.92168 0.530896
1.92832 0.686253
1.93495 0.609966
1.94159 0.743026
1.94823 0.604809
1.95487 1.02176
1.9615 0.694148
1.96814 0.613165
1.97478 0.272338
1.98142 0.643809
1.98806 0.785429
1.99469 1.14208
2.00133 0.573999
2.00797 0.591707
2.01461 0.639705
2.02125 0.892274
2.02788 0.77672
2.03452 0.710325
2.04116 0.801446
2.0478 0.741264
2.05444 0.914491
2.06107 1.25438
2.06771 0.937217
2.07435 0.573152
2.08099 1.05123
2.08763 0.890218
2.09426 0.870364
2.1009 0.779806
2.10754 1.41478
2.11418 0.983356
2.12081 0.861166
2.12745 0.944072
2.13409 0.690063
2.14073 1.03447
2.14737 1.2759
2.154 0.973957
2.16064 1.17171
2.16728 1.39299
2.17392 0.759828
2.18056 0.889819
2.18719 1.93043
2.19383 1.08588
2.20047 1.26602
2.20711 1.16558
2.21375 1.22042
2.22038 1.03518
2.22702 0.736206
2.23366 0.629707
2.2403 1.24129
2.24694 0.993553
2.25357 0.701313
2.26021 0.877863
2.26685 1.07062
2.27349 1.10964
2.28013 1.50654
2.28676 1.38767
2.2934 1.09457
2.30004 1.00756
2.30668 1.25167
2.31331 1.0598
2.31995 1.24314
2.32659 1.29404
2.33323 0.759528
2.33987 1.29276
2.3465 0.929934
2.35314 0.980136
2.35978 1.01584
2.36642 0.702509
2.37306 0.933109
2.37969 1.22436
2.38633 1.16687
2.39297 1.11549
2.39961 1.33746
2.40625 1.07717
2.41288 1.25606
2.41952 1.13329
2.42616 0.941146
2.4328 1.05563
2.43944 1.0062
2.44607 1.10038
2.45271 1.05914
2.45935 1.14824
2.46599 0.993375
2.47262 0.979332
2.47926 1.1702
2.4859 1.89058
2.49254 1.18155
2.49918 0.970153
2.50581 1.28213
2.51245 0.551112
2.51909 1.06748
2.52573 1.12547
2.53237 1.34473
2.539 1.06724
2.54564 0.862941
2.55228 1.10023
2.55892 1.10467
2.56556 0.981701
2.57219 0.829508
2.57883 0.92501
2.58547 0.8645
2.59211 1.12212
2.59875 0.827578
2.60538 0.88588
2.61202 1.26696
2.61866 1.27043
2.6253 1.13581
2.63193 0.977434
2.63857 1.20971
2.64521 0.757682
2.65185 0.965984
2.65849 1.29518
2.66512 1.15864
2.67176 1.24208
2.6784 0.970858
2.68504 1.1652
2.69168 0.876109
2.69831 1.0066
2.70495 1.09828
2.71159 1.01083
2.71823 0.96548
2.72487 0.661855
2.7315 1.06674
2.73814 1.0677
2.74478 1.00467
2.75142 0.999419
2.75806 1.36032
2.76469 1.30973
2.77133 1.24301
2.77797 0.775306
2.78461 0.870385
2.79124 0.964601
2.79788 1.12258
2.80452 0.922509
2.81116 1.44658
2.8178 0.714586
2.82443 1.09271
2.83107 0.813382
2.83771 1.01531
2.84435 1.16234
2.85099 1.3323
2.85762 1.4664
2.86426 0.976575
2.8709 1.11224
2.87754 1.064
2.88418 1.05729
2.89081 0.901071
2.89745 1.01914
2.90409 1.32603
2.91073 1.0982
2.91737 0.760367
2.924 1.03805
2.93064 1.16251
2.93728 0.938363
2.94392 1.1051
2.95055 0.766753
2.95719 1.02451
2.96383 0.962972
2.97047 1.25775
2.97711 1.19061
2.98374 1.22607
2.99038 1.0628
2.99702 1.18214
3.00366 0.670345
3.0103 0.866991
3.01693 0.989068
3.02357 0.856357
3.03021 1.06237
3.03685 1.03018
3.04349 1.0569
3.05012 0.99074
3.05676 0.656982
3.0634 0.745182
3.07004 1.01751
3.07668 1.15604
3.08331 1.024
3.08995 1.02735
3.09659 1.07727
3.10323 1.23549
3.10986 0.898981
3.1165 0.957712
3.12314 0.93333
3.12978 0.840492
3.13642 0.863055
3.14305 0.945007
3.14969 0.723078
3.15633 0.814318
3.16297 0.980613
3.16961 1.04196
3.17624 0.752652
3.18288 0.765412
3.18952 0.922036
3.19616 1.03212
3.2028 0.746006
3.20943 0.668408
3.21607 0.736071
3.22271 0.659282
3.22935 0.97814
3.23599 0.981099
3.24262 0.706084
3.24926 0.905305
3.2559 0.860314
3.26254 1.02597
3.26917 0.988009
3.27581 0.972183
3.28245 0.921091
3.28909 1.06135
3.29573 0.88449
3.30236 0.771908
3.309 0.968604
3.31564 0.695928
