0.0600444 0.000240555
0.0785196 9.51661e-05
0.11547 0.000214355
0.124708 0.000230102
0.161658 0.00267012
0.170896 0.000588704
0.180133 0.00963808
0.207846 0.00595088
0.226321 0.00438493
0.235559 0.0127427
0.244797 0.00808813
0.254034 0.0120338
0.290985 0.0130994
0.30946 0.0144486
0.327935 0.0246112
0.337173 0.0273975
0.34641 0.0440834
0.355648 0.0387551
0.364885 0.0307146
0.374123 0.0181834
0.383361 0.0800472
0.401836 0.0225805
0.411073 0.0436756
0.420311 0.0463418
0.438786 0.047362
0.448024 0.0518787
0.457261 0.00626716
0.466499 0.113779
0.475737 0.124389
0.494212 0.13834
0.512687 0.063847
0.521925 0.159642
0.531162 0.114738
0.5404 0.0864563
0.549637 0.101904
0.568113 0.106097
0.57735 0.119841
0.586588 0.123161
0.595825 0.115648
0.605063 0.238411
0.614301 0.0869747
0.623538 0.0856526
0.632776 0.422701
0.642013 0.176859
0.651251 0.087366
0.660489 0.237094
0.669726 0.205366
0.678964 0.170739
0.697439 0.147478
0.706677 0.281917
0.715914 0.495446
0.725152 0.14959
0.73439 0.461216
0.743627 0.174201
0.752865 0.36457
0.762102 0.269809
0.77134 0.145978
0.780578 0.32106
0.789815 0.297152
0.799053 0.738808
0.80829 0.224184
0.817528 0.430098
0.826766 0.418768
0.836003 0.375646
0.845241 0.35802
0.854478 0.339717
0.863716 0.341655
0.872954 0.510503
0.882191 0.493183
0.900666 0.969329
0.909904 1.31126
0.928379 1.61433
0.937617 1.53674
0.946854 1.63833
0.956092 0.857242
0.96533 2.04986
0.983805 2.07492
0.993042 0.845828
1.01152 1.62066
1.02076 1.12588
1.02999 1.63176
1.03923 1.67923
1.04847 1.4485
1.05771 1.66166
1.06694 0.663369
1.07618 1.74575
1.08542 0.738831
1.09466 1.62001
1.10389 2.03806
1.11313 2.56213
1.12237 3.28211
1.13161 0.339738
1.14084 2.20801
1.15008 0.757597
1.15932 2.85593
1.16856 1.4523
1.17779 3.05197
1.18703 1.82864
1.20551 1.05771
1.21474 1.5361
1.22398 1.72741
1.23322 1.38652
1.24246 1.69041
1.2517 1.02449
1.26093 2.48885
1.27017 1.1393
1.27941 1.44221
1.28865 0.954887
1.29788 1.29616
1.30712 1.72864
1.31636 1.45714
1.3256 1.27237
1.33483 1.56923
1.34407 1.03895
1.35331 1.23426
1.36255 1.01328
1.37178 1.19846
1.38102 1.54423
1.39026 0.895458
1.3995 0.903581
1.40873 1.05521
1.41797 0.512282
1.42721 0.817832
1.43645 0.528181
1.44569 0.790983
1.45492 0.695598
1.46416 0.906721
1.4734 0.742084
1.48264 0.971022
1.49187 0.472109
1.50111 1.10943
1.51035 0.551328
1.51959 0.605218
1.52882 0.60028
1.53806 0.60194
1.5473 0.757561
1.55654 0.617439
1.56577 0.306927
1.57501 0.708079
1.58425 0.911868
1.59349 0.65329
1.60272 0.649734
1.61196 0.51692
1.6212 0.892601
1.63044 0.729216
1.63967 0.673163
1.64891 0.533438
1.65815 0.592343
1.66739 0.657068
1.67663 0.791971
1.68586 0.801196
1.6951 0.617433
1.70434 0.402716
1.71358 0.563732
1.72281 0.749235
1.73205 0.474884
1.74129 0.483588
1.75053 0.576113
1.75976 0.357723
1.769 0.619344
1.77824 1.34966
1.78748 1.05035
1.79671 0.761556
1.80595 0.616383
1.81519 0.859708
1.82443 0.656632
1.83366 0.645586
1.8429 0.796959
1.85214 0.763492
1.86138 0.821052
1.87061 0.670972
1.87985 0.576921
1.88909 1.0166
1.89833 0.694303
1.90757 0.778865
1.9168 0.56538
1.92604 0.56251
1.93528 0.719792
1.94452 0.512391
1.95375 0.681644
1.96299 0.645806
1.97223 0.875455
1.98147 0.921416
1.9907 0.799017
1.99994 1.01642
2.00918 1.19464
2.01842 0.952655
2.02765 0.956146
2.03689 1.14488
2.04613 1.16615
2.05537 0.570249
2.0646 1.67655
2.07384 1.01612
2.08308 0.790139
2.09232 0.878153
2.10155 0.883864
2.11079 1.35577
2.12003 1.254
2.12927 0.855898
2.13851 1.166
2.14774 1.1462
2.15698 1.54677
2.16622 0.786098
2.17546 1.47389
2.18469 1.17534
2.19393 1.47442
2.20317 1.06486
2.21241 1.20528
2.22164 1.06729
2.23088 1.32705
2.24012 1.56903
2.24936 1.43586
2.25859 1.30451
2.26783 1.51971
2.27707 0.904941
2.28631 1.66511
2.29554 0.947485
2.30478 1.64264
2.31402 2.3016
2.32326 1.42683
2.3325 1.16493
2.34173 1.4785
2.35097 0.829652
2.36021 1.91524
2.36945 1.19061
2.37868 1.56099
2.38792 1.90616
2.39716 1.31646
2.4064 0.918538
2.41563 1.76739
2.42487 1.13214
2.43411 1.37967
2.44335 0.843267
2.45258 1.29428
2.46182 0.717934
2.47106 1.47061
2.4803 0.920276
2.48953 1.11264
2.49877 1.19768
2.50801 1.08832
2.51725 1.07182
2.52648 0.949914
2.53572 1.08635
2.54496 1.26051
2.5542 0.716075
2.56344 1.00396
2.57267 0.877134
2.58191 0.945885
2.59115 1.01924
2.60039 1.21007
2.60962 1.28116
2.61886 0.991283
2.6281 0.995356
2.63734 1.00781
2.64657 0.501706
2.65581 0.763167
2.66505 0.730625
2.67429 0.900574
2.68352 0.833415
2.69276 0.540103
2.702 0.848831
2.71124 0.831416
2.72047 0.706954
2.72971 0.778757
2.73895 0.846001
2.74819 0.827593
2.75742 0.717652
2.76666 0.77433
2.7759 0.748647
2.78514 0.792276
2.79438 0.670984
2.80361 0.563742
2.81285 0.583017
2.82209 1.08806
2.83133 0.770902
2.84056 0.501274
2.8498 0.513198
2.85904 0.63326
2.86828 0.877146
2.87751 0.77201
2.88675 0.783669
2.89599 0.740891
2.90523 0.680314
2.91446 0.839919
2.9237 0.624119
2.93294 0.93842
2.94218 0.843887
2.95141 0.663249
2.96065 0.837063
2.96989 1.05034
2.97913 0.938225
2.98836 1.11671
2.9976 0.896312
3.00684 0.831804
3.01608 0.637019
3.02532 0.85854
3.03455 0.838733
3.04379 0.554335
3.05303 0.666662
3.06227 0.978767
3.0715 0.802377
3.08074 0.737598
3.08998 0.811033
3.09922 0.867837
3.10845 0.755569
3.11769 0.763172
3.12693 0.893885
3.13617 0.970147
3.1454 0.732912
3.15464 0.982046
3.16388 1.11334
3.17312 0.697307
3.18235 0.931575
3.19159 0.892296
3.20083 0.931308
3.21007 1.13608
3.21931 1.43048
3.22854 1.18046
3.23778 0.789534
3.24702 1.09071
3.25626 0.908267
3.26549 1.09972
3.27473 0.848096
3.28397 0.903238
3.29321 1.2215
3.30244 1.21474
3.31168 1.28802
3.32092 1.45568
3.33016 1.14794
3.33939 1.49721
3.34863 1.0752
3.35787 1.14185
3.36711 1.02066
3.37634 1.63938
3.38558 1.54181
3.39482 1.03616
3.40406 0.943097
3.41329 1.62963
3.42253 1.23689
3.43177 1.15216
3.44101 1.27737
3.45025 1.33492
3.45948 0.960655
3.46872 1.0467
3.47796 1.24884
3.4872 1.75283
3.49643 1.70968
3.50567 1.6179
3.51491 1.52147
3.52415 1.50019
3.53338 1.2667
3.54262 1.14633
3.55186 1.38278
3.5611 1.31214
3.57033 0.889418
3.57957 1.36969
3.58881 1.46344
3.59805 1.17652
3.60728 1.40147
3.61652 1.26016
3.62576 1.23404
3.635 1.21153
3.64423 1.28708
3.65347 0.74338
3.66271 0.993758
3.67195 1.09791
3.68119 0.988827
3.69042 0.921323
3.69966 1.16472
3.7089 0.77425
3.71814 1.00589
3.72737 0.941643
3.73661 0.961602
3.74585 0.819487
3.75509 0.982008
3.76432 0.790239
3.77356 1.26791
3.7828 0.798925
3.79204 0.912099
3.80127 0.985448
3.81051 1.02052
3.81975 0.832213
3.82899 0.979827
3.83822 0.678123
3.84746 0.794955
3.8567 1.15703
3.86594 0.663017
3.87518 1.08013
3.88441 0.732969
3.89365 0.78529
3.90289 0.904056
3.91213 0.73509
3.92136 0.894922
3.9306 0.648565
3.93984 0.848516
3.94908 0.865933
3.95831 0.894172
3.96755 0.934356
3.97679 0.74671
3.98603 0.67914
3.99526 0.866525
4.0045 0.627949
4.01374 0.725602
4.02298 0.722941
4.03221 0.740903
4.04145 0.70361
4.05069 0.611975
4.05993 0.638927
4.06916 0.873995
4.0784 0.831126
4.08764 0.822468
4.09688 0.487553
4.10612 0.605632
4.11535 0.892229
4.12459 0.635268
4.13383 0.629519
4.14307 0.717095
4.1523 0.621601
4.16154 0.757382
4.17078 0.547426
4.18002 0.750704
4.18925 0.741937
4.19849 0.587581
4.20773 0.962717
4.21697 0.860121
4.2262 0.695052
4.23544 1.00485
4.24468 0.768598
4.25392 0.834053
4.26315 0.878173
4.27239 0.965608
4.28163 1.24431
4.29087 0.928659
4.3001 1.1608
4.30934 0.81087
4.31858 0.752926
4.32782 1.03297
4.33706 1.1325
4.34629 1.03119
4.35553 0.935226
4.36477 1.23046
4.37401 0.914234
4.38324 1.30394
4.39248 0.955412
4.40172 1.35916
4.41096 1.49991
4.42019 1.0045
4.42943 1.3194
4.43867 0.798708
4.44791 1.10594
4.45714 1.44886
4.46638 1.17519
4.47562 1.22356
4.48486 1.18786
4.49409 1.23126
4.50333 1.24076
4.51257 1.01126
4.52181 0.760938
4.53104 1.28167
4.54028 1.02668
4.54952 1.74222
4.55876 1.01539
4.568 1.45991
4.57723 1.51067
4.58647 1.35003
4.59571 1.56815
4.60495 1.02599
4.61418 1.28671
