0.104 0.00238958
0.136 0.00146636
0.2 0.00221514
0.216 0.00133899
0.28 0.00824131
0.296 0.00230785
0.312 0.0302958
0.36 0.0228758
0.392 0.00946385
0.408 0.036019
0.424 0.0517618
0.44 0.0320345
0.504 0.0724493
0.536 0.020784
0.568 0.0796131
0.584 0.0590083
0.6 0.156526
0.616 0.0797006
0.632 0.159691
0.648 0.127422
0.664 0.340695
0.696 0.158206
0.712 0.210306
0.728 0.129684
0.76 0.0904639
0.776 0.178168
0.792 0.0318252
0.808 0.563589
0.824 0.513239
0.856 0.997478
0.888 1.36645
0.904 2.04864
0.92 1.4573
0.936 0.473653
0.952 1.44774
0.984 1.81384
1 0.949215
1.016 0.703257
1.032 2.10066
1.048 1.65514
1.064 0.994167
1.08 1.13147
1.096 0.630146
1.112 2.1355
1.128 2.42903
1.144 2.79328
1.16 1.54502
1.176 0.717166
1.208 2.80263
1.224 1.47274
1.24 0.744238
1.256 1.00734
1.272 3.17634
1.288 1.19369
1.304 0.887278
1.32 1.02252
1.336 1.14441
1.352 0.9586
1.368 0.926074
1.384 0.27616
1.4 0.752075
1.416 1.02753
1.432 0.733212
1.448 0.404642
1.464 0.211792
1.48 0.357428
1.496 0.576374
1.512 0.530438
1.528 0.345581
1.56 0.515458
1.576 0.278443
1.608 0.779556
1.624 0.423408
1.64 0.675412
1.656 0.711144
1.672 0.864277
1.704 0.900435
1.72 0.450793
1.752 0.695682
1.768 0.917724
1.784 0.673421
1.8 0.857474
1.816 0.376407
1.832 0.941963
1.848 0.408546
1.864 1.1667
1.88 0.496571
1.896 0.990721
1.912 1.20044
1.928 1.58961
1.944 1.48867
1.96 0.350177
1.976 1.64877
1.992 0.696492
2.008 1.49321
2.024 0.986331
2.04 1.32442
2.056 1.23873
2.088 0.969769
2.104 1.14083
2.12 1.29962
2.136 0.605686
2.152 1.76799
2.168 0.90936
2.184 0.99424
2.2 1.26274
2.216 0.94806
2.232 1.214
2.248 2.05109
2.264 1.54337
2.28 1.24086
2.296 0.954767
2.312 1.16601
2.328 0.807703
2.344 1.2629
2.36 0.515897
2.376 1.20161
2.392 0.936042
2.408 0.809037
2.424 0.725543
2.44 0.737166
2.456 0.701037
2.472 1.3896
2.488 0.509866
2.504 0.709633
2.52 1.19705
2.536 0.732669
2.552 0.872808
2.568 1.18621
2.584 0.967164
2.6 1.01879
2.616 0.936917
2.632 0.669678
2.648 0.31602
2.664 1.02555
2.68 1.42258
2.696 0.597823
2.712 0.86076
2.728 0.805338
2.744 0.927778
2.76 1.08463
2.776 0.873596
2.792 1.28451
2.808 1.01366
2.824 1.0674
2.84 0.954429
2.856 0.7562
2.872 1.15948
2.888 1.1974
2.904 1.26559
2.92 0.917227
2.936 1.30168
2.952 0.581585
2.968 1.08028
2.984 0.659209
3 0.883991
3.016 1.55678
3.032 1.12461
3.048 1.09909
3.064 0.888045
3.08 1.29767
3.096 1.47885
3.112 1.15809
3.128 1.17136
3.144 0.876979
3.16 1.40191
3.176 0.969969
3.192 0.922323
3.208 0.876977
3.224 1.03257
3.24 0.752053
3.256 0.702399
3.272 0.895627
3.288 1.44246
3.304 1.01955
3.32 0.790646
3.336 1.06935
3.352 1.46353
3.368 0.994765
3.384 1.36292
3.4 0.646019
3.416 0.942025
3.432 0.9405
3.448 0.933911
3.464 1.17208
3.48 0.856801
3.496 1.17453
3.512 1.26981
3.528 1.09074
3.544 0.852723
3.56 1.04417
3.576 1.02105
3.592 0.693187
3.608 0.542127
3.624 0.955731
3.64 1.03277
3.656 1.43882
3.672 0.89472
3.688 0.953662
3.704 0.797309
3.72 0.991224
3.736 1.13393
3.752 0.561853
3.768 1.268
3.784 0.969479
3.8 0.973981
3.816 0.839196
3.832 0.970227
3.848 0.724248
3.864 1.03889
3.88 0.924325
3.896 1.12321
3.912 0.825408
3.928 1.24549
3.944 1.1546
3.96 1.51994
3.976 0.683975
3.992 1.11642
4.008 1.34433
4.024 1.14701
4.04 0.749584
4.056 0.76462
4.072 1.19599
4.088 1.55457
4.104 0.888112
4.12 1.10188
4.136 1.46973
4.152 0.881497
4.168 1.28552
4.184 1.18514
4.2 0.642394
4.216 1.15477
4.232 0.867057
4.248 1.11517
4.264 0.612302
4.28 0.919511
4.296 0.886316
4.312 1.07127
4.328 1.48504
4.344 0.997533
4.36 0.971952
4.376 1.05988
4.392 0.936664
4.408 1.12389
4.424 0.846012
4.44 0.834465
4.456 0.7178
4.472 1.12074
4.488 1.05818
4.504 1.04365
4.52 1.09286
4.536 0.554451
4.552 0.710507
4.568 1.02869
4.584 0.547296
4.6 1.32139
4.616 1.00821
4.632 0.993527
4.648 0.909922
4.664 0.803163
4.68 0.853905
4.696 0.762775
4.712 0.932639
4.728 0.562202
4.744 0.706369
4.76 0.895023
4.776 1.08398
4.792 0.558622
4.808 1.02757
4.824 1.03591
4.84 0.709772
4.856 1.13187
4.872 1.44274
4.888 1.2405
4.904 1.09906
4.92 1.02381
4.936 0.940215
4.952 0.542306
4.968 1.04846
4.984 1.37026
5 1.26734
5.016 0.846862
5.032 1.13292
5.048 0.920202
5.064 1.23528
5.08 1.65199
5.096 1.1793
5.112 1.13759
5.128 1.15713
5.144 1.08179
5.16 0.694987
5.176 1.1162
5.192 1.07856
5.208 0.950107
5.224 0.843537
5.24 1.12765
5.256 1.32994
5.272 1.06254
5.288 0.927998
5.304 0.943903
5.32 1.05677
5.336 0.930565
5.352 0.70962
5.368 1.0604
5.384 1.13934
5.4 1.08919
5.416 1.08832
5.432 0.568929
5.448 0.970624
5.464 1.01393
5.48 0.773489
5.496 1.01989
5.512 0.941362
5.528 0.712028
5.544 0.940161
5.56 0.799989
5.576 1.43007
5.592 1.24206
5.608 0.853224
5.624 0.918256
5.64 0.839997
5.656 1.09322
5.672 0.736377
5.688 0.907631
5.704 1.28471
5.72 1.17751
5.736 0.770156
5.752 0.962387
5.768 1.20838
5.784 0.713617
5.8 0.853465
5.816 0.949571
5.832 0.737251
5.848 0.96509
5.864 1.13863
5.88 0.876056
5.896 0.806014
5.912 0.915784
5.928 0.656981
5.944 1.07006
5.96 1.05961
5.976 1.03379
5.992 0.814986
6.008 0.912077
6.024 0.930179
6.04 1.30179
6.056 1.3842
6.072 1.44339
6.088 0.983481
6.104 1.07596
6.12 0.979727
6.136 0.770162
6.152 1.10558
6.168 1.18507
6.184 1.08375
6.2 1.25174
6.216 1.11615
6.232 1.12058
6.248 1.09666
6.264 0.960536
6.28 1.02793
6.296 0.917773
6.312 1.18645
6.328 1.161
6.344 0.616379
6.36 0.880121
6.376 1.22326
6.392 1.2136
6.408 1.16459
6.424 0.838219
6.44 0.851235
6.456 0.979032
6.472 0.555842
6.488 0.894787
6.504 0.959503
6.52 0.972436
6.536 1.04077
6.552 0.839396
6.568 1.03517
6.584 0.883047
6.6 1.15958
6.616 0.820984
6.632 1.29229
6.648 0.762259
6.664 0.977752
6.68 0.993186
6.696 1.08159
6.712 1.15791
6.728 1.04275
6.744 1.07171
6.76 0.922111
6.776 1.08507
6.792 0.818398
6.808 0.995794
6.824 0.966546
6.84 0.842523
6.856 1.07158
6.872 0.747073
6.888 0.917977
6.904 1.10143
6.92 1.23142
6.936 0.974713
6.952 0.796528
6.968 1.14177
6.984 1.11751
7 1.06045
7.016 0.958543
7.032 1.00732
7.048 1.00002
7.064 1.12223
7.08 1.12299
7.096 0.758473
7.112 0.922953
7.128 1.06953
7.144 0.848164
7.16 0.908824
7.176 0.923244
7.192 1.03522
7.208 0.971723
7.224 1.04614
7.24 0.976605
7.256 1.02953
7.272 0.906578
7.288 1.03992
7.304 0.985811
7.32 1.23693
7.336 0.987687
7.352 0.879502
7.368 1.02913
7.384 0.952849
7.4 0.964528
7.416 0.987622
7.432 1.17886
7.448 1.0369
7.464 0.916986
7.48 0.928827
7.496 0.854846
7.512 1.047
7.528 1.00494
7.544 0.966091
7.56 0.959178
7.576 1.0689
7.592 1.02069
7.608 0.892416
7.624 1.17555
7.64 1.37037
7.656 0.759005
7.672 0.819275
7.688 0.789185
7.704 0.719687
7.72 1.07326
7.736 0.86624
7.752 0.874413
7.768 1.05545
7.784 1.30203
7.8 1.31276
7.816 0.832831
7.832 0.75504
7.848 0.795985
7.864 0.775218
7.88 1.23127
7.896 0.675943
7.912 1.03475
7.928 0.869634
7.944 1.1279
7.96 1.10575
7.976 0.924826
7.992 0.907022
