0.0600444 4.0359e-05
0.0785196 0.000206608
0.11547 8.85747e-05
0.124708 0.000502272
0.161658 0.000467803
0.170896 0.00046641
0.180133 0.00120655
0.207846 0.00330561
0.226321 0.0306269
0.235559 0.00401985
0.244797 0.00239464
0.254034 0.00488985
0.290985 0.00735665
0.30946 0.0150041
0.327935 0.0329646
0.337173 0.0517312
0.34641 0.0469061
0.355648 0.0380591
0.364885 0.10708
0.374123 0.0168764
0.383361 0.0731049
0.401836 0.0367801
0.411073 0.0661305
0.420311 0.0545716
0.438786 0.141725
0.448024 0.0577642
0.457261 0.155675
0.466499 0.0684797
0.475737 0.0620756
0.494212 0.130957
0.512687 0.437078
0.521925 0.190259
0.531162 0.287256
0.5404 0.222595
0.549637 0.201607
0.568113 0.278451
0.57735 0.317914
0.586588 0.266614
0.595825 0.0697633
0.605063 0.128233
0.614301 0.278862
0.623538 0.285816
0.632776 0.704041
0.642013 0.392447
0.651251 0.495867
0.660489 0.267624
0.669726 0.18707
0.678964 0.265932
0.697439 0.132948
0.706677 0.414864
0.715914 0.194518
0.725152 0.437281
0.73439 0.405451
0.743627 0.256917
0.752865 0.678339
0.762102 1.15924
0.77134 0.584712
0.780578 0.931371
0.789815 0.489374
0.799053 0.501291
0.80829 0.317818
0.817528 0.217163
0.826766 0.639008
0.836003 0.348037
0.845241 0.335527
0.854478 0.609685
0.863716 0.915176
0.872954 0.263847
0.882191 0.5071
0.900666 0.771944
0.909904 1.21231
0.928379 1.33252
0.937617 1.76607
0.946854 2.39912
0.956092 1.55554
0.96533 1.87564
0.983805 1.29585
0.993042 1.41309
1.01152 0.597089
1.02076 1.33372
1.02999 0.839713
1.03923 0.859911
1.04847 0.817334
1.05771 0.717676
1.06694 1.14584
1.07618 0.984533
1.08542 0.953258
1.09466 1.72218
1.10389 1.42369
1.11313 1.51758
1.12237 1.15542
1.13161 1.13182
1.14084 1.60916
1.15008 1.39604
1.15932 1.91476
1.16856 1.90803
1.17779 2.27066
1.18703 1.7925
1.20551 1.21948
1.21474 1.30521
1.22398 1.10014
1.23322 1.11136
1.24246 1.11204
1.2517 0.970331
1.26093 1.6515
1.27017 1.08599
1.27941 1.04856
1.28865 1.38534
1.29788 0.84735
1.30712 1.65832
1.31636 1.6743
1.3256 0.931107
1.33483 1.54091
1.34407 0.977604
1.35331 1.46457
1.36255 1.88231
1.37178 1.3482
1.38102 0.356752
1.39026 1.47963
1.3995 1.56324
1.40873 1.48784
1.41797 1.05025
1.42721 0.895898
1.43645 0.874283
1.44569 1.0422
1.45492 0.64434
1.46416 0.918083
1.4734 0.736161
1.48264 1.45547
1.49187 0.511738
1.50111 0.549298
1.51035 0.655591
1.51959 1.65959
1.52882 0.972192
1.53806 1.02415
1.5473 0.553695
1.55654 1.51559
1.56577 0.677544
1.57501 0.626767
1.58425 1.77902
1.59349 1.16851
1.60272 1.03282
1.61196 1.94088
1.6212 1.08839
1.63044 1.30056
1.63967 0.999515
1.64891 0.791959
1.65815 0.918861
1.66739 1.32798
1.67663 0.692097
1.68586 0.842573
1.6951 0.803284
1.70434 0.646632
1.71358 0.65733
1.72281 0.529654
1.73205 1.18066
1.74129 0.64798
1.75053 1.16334
1.75976 0.792905
1.769 1.02819
1.77824 1.19866
1.78748 0.930804
1.79671 0.889247
1.80595 1.03667
1.81519 0.704859
1.82443 0.783801
1.83366 0.911587
1.8429 1.01045
1.85214 0.83658
1.86138 1.35954
1.87061 0.746305
1.87985 0.69315
1.88909 0.703712
1.89833 0.416172
1.90757 0.66684
1.9168 0.828671
1.92604 0.752374
1.93528 0.648292
1.94452 0.541232
1.95375 0.640252
1.96299 0.618945
1.97223 0.634861
1.98147 0.199084
1.9907 0.835818
1.99994 0.829794
2.00918 0.471782
2.01842 0.932792
2.02765 0.559914
2.03689 0.58214
2.04613 0.713094
2.05537 0.612548
2.0646 0.757552
2.07384 0.610502
2.08308 0.725459
2.09232 0.921262
2.10155 0.689393
2.11079 0.465765
2.12003 0.634304
2.12927 0.828727
2.13851 0.5385
2.14774 0.66584
2.15698 1.07356
2.16622 0.513055
2.17546 0.734942
2.18469 1.06181
2.19393 0.674402
2.20317 0.765786
2.21241 0.877652
2.22164 0.845523
2.23088 1.13439
2.24012 1.20903
2.24936 1.03031
2.25859 1.00979
2.26783 0.644564
2.27707 0.696249
2.28631 1.23644
2.29554 1.45444
2.30478 1.08273
2.31402 0.733254
2.32326 0.869376
2.3325 0.744162
2.34173 1.12173
2.35097 0.811766
2.36021 1.35836
2.36945 1.15244
2.37868 1.1729
2.38792 1.30056
2.39716 1.14662
2.4064 1.62888
2.41563 1.35738
2.42487 1.16599
2.43411 1.39983
2.44335 1.32953
2.45258 1.08096
2.46182 1.02615
2.47106 1.59404
2.4803 1.55221
2.48953 1.55253
2.49877 0.496626
2.50801 1.74657
2.51725 1.42309
2.52648 1.56847
2.53572 1.33592
2.54496 1.144
2.5542 1.51434
2.56344 1.60044
2.57267 1.77963
2.58191 1.5948
2.59115 1.03833
2.60039 1.57864
2.60962 1.31997
2.61886 1.03374
2.6281 1.16807
2.63734 1.2584
2.64657 1.0774
2.65581 1.25407
2.66505 1.13068
2.67429 1.2334
2.68352 2.1066
2.69276 1.50456
2.702 1.39212
2.71124 1.26645
2.72047 1.24039
2.72971 1.33575
2.73895 1.0899
2.74819 1.42547
2.75742 0.861665
2.76666 1.2707
2.7759 1.01469
2.78514 1.00141
2.79438 0.734618
2.80361 0.760096
2.81285 1.02934
2.82209 0.911107
2.83133 0.988729
2.84056 0.791682
2.8498 0.669434
2.85904 1.08422
2.86828 1.20926
2.87751 1.09866
2.88675 0.987136
2.89599 0.922347
2.90523 0.798259
2.91446 0.908603
2.9237 1.06436
2.93294 1.00189
2.94218 0.768527
2.95141 0.916411
2.96065 0.894834
2.96989 0.728518
2.97913 0.817299
2.98836 0.384965
2.9976 0.669733
3.00684 0.736188
3.01608 1.05404
3.02532 0.830827
3.03455 0.483313
3.04379 0.517701
3.05303 0.674025
3.06227 0.630056
3.0715 0.712448
3.08074 0.647736
3.08998 0.713015
3.09922 0.916636
3.10845 0.83827
3.11769 0.648301
3.12693 0.623049
3.13617 0.415735
3.1454 0.614305
3.15464 0.557284
3.16388 0.72388
3.17312 0.619923
3.18235 0.837073
3.19159 0.742755
3.20083 0.742016
3.21007 0.720458
3.21931 1.02803
3.22854 0.903966
3.23778 0.728769
3.24702 0.682428
3.25626 0.80623
3.26549 0.925778
3.27473 0.644909
3.28397 0.690636
3.29321 0.810078
3.30244 0.833502
3.31168 0.739685
3.32092 1.2809
3.33016 1.007
3.33939 0.770293
3.34863 0.848764
3.35787 0.732904
3.36711 0.840533
3.37634 0.944999
3.38558 1.22979
3.39482 0.785655
3.40406 0.669359
3.41329 0.90315
3.42253 0.578842
3.43177 0.97765
3.44101 0.970247
3.45025 0.925864
3.45948 0.818111
3.46872 0.95183
3.47796 1.12554
3.4872 1.20459
3.49643 1.29794
3.50567 0.795972
3.51491 1.19209
3.52415 1.31646
3.53338 1.10845
3.54262 1.14565
3.55186 0.994736
3.5611 1.12551
3.57033 1.22747
3.57957 1.1965
3.58881 1.20624
3.59805 1.33528
3.60728 1.7984
3.61652 1.54369
3.62576 1.17613
3.635 1.24785
3.64423 1.17484
3.65347 1.35923
3.66271 1.25472
3.67195 0.895904
3.68119 0.858083
3.69042 1.3587
3.69966 1.29866
3.7089 1.54417
3.71814 1.19435
3.72737 1.361
3.73661 0.82776
3.74585 1.22607
3.75509 1.34506
3.76432 1.14851
3.77356 1.39185
3.7828 1.17892
3.79204 1.42525
3.80127 0.852887
3.81051 1.16674
3.81975 1.09265
3.82899 1.58875
3.83822 1.49693
3.84746 1.06711
3.8567 1.15029
3.86594 1.3242
3.87518 1.18871
3.88441 1.21538
3.89365 0.988986
3.90289 1.09024
3.91213 1.21843
3.92136 1.22713
3.9306 1.10277
3.93984 1.08487
3.94908 1.15896
3.95831 1.07459
3.96755 1.10875
3.97679 1.14409
3.98603 0.910176
3.99526 1.14119
4.0045 1.0581
4.01374 0.896938
4.02298 1.02528
4.03221 0.942299
4.04145 0.741182
4.05069 0.982622
4.05993 0.73993
4.06916 0.935278
4.0784 1.03688
4.08764 0.953061
4.09688 0.818718
4.10612 0.792792
4.11535 0.777866
4.12459 1.08578
4.13383 0.975753
4.14307 0.675231
4.1523 0.683615
4.16154 0.952823
4.17078 0.726086
4.18002 0.877024
4.18925 0.858039
4.19849 0.95698
4.20773 1.26031
4.21697 0.810202
4.2262 0.868698
4.23544 1.17614
4.24468 0.944349
4.25392 0.605244
4.26315 0.659466
4.27239 1.02921
4.28163 0.941644
4.29087 0.972421
4.3001 0.826386
4.30934 0.780132
4.31858 0.806853
4.32782 1.18585
4.33706 0.739212
4.34629 0.71657
4.35553 0.919876
4.36477 0.595933
4.37401 0.688926
4.38324 0.817499
4.39248 0.842265
4.40172 0.785754
4.41096 0.674937
4.42019 0.730581
4.42943 0.78303
4.43867 0.912699
4.44791 0.61556
4.45714 0.614178
4.46638 0.838682
4.47562 0.593236
4.48486 0.576833
4.49409 0.933491
4.50333 0.594771
4.51257 0.743079
4.52181 0.503736
4.53104 0.760592
4.54028 0.965127
4.54952 1.01369
4.55876 1.04758
4.568 0.491809
4.57723 0.952386
4.58647 0.986693
4.59571 0.883988
4.60495 0.859043
4.61418 1.26357
