0.0735391 0.0361307
0.0961665 0.00301321
0.141421 0.0143566
0.152735 0.129974
0.19799 0.0316429
0.209304 0.0501318
0.220617 0.0910007
0.254558 0.119589
0.277186 0.0801157
0.2885 0.0539376
0.299813 0.0353251
0.311127 0.118611
0.356382 0.142231
0.379009 0.109606
0.401637 0.0621821
0.41295 0.156668
0.424264 0.0686748
0.435578 0.0991117
0.446891 0.116787
0.458205 0.0492697
0.469519 0.0579713
0.492146 0.101522
0.50346 0.130434
0.514774 0.14146
0.537401 0.187798
0.548715 0.0961369
0.560029 0.129955
0.571342 0.216456
0.582656 0.240008
0.605283 0.253453
0.627911 0.144481
0.639225 0.29367
0.650538 0.254829
0.661852 0.375206
0.673166 0.123195
0.695793 0.336421
0.707107 0.363951
0.71842 0.226983
0.729734 0.757144
0.741048 0.481945
0.752362 0.290607
0.763675 0.967523
0.774989 0.488767
0.786303 0.634871
0.797616 0.379868
0.80893 0.403524
0.820244 1.20243
0.831558 0.610987
0.854185 0.681407
0.865499 1.00674
0.876812 0.261444
0.888126 0.365261
0.89944 0.560062
0.910754 1.09092
0.922067 0.897131
0.933381 0.49873
0.944695 1.17696
0.956008 1.58721
0.967322 0.77062
0.978636 1.18957
0.989949 1.45759
1.00126 1.56475
1.01258 1.70179
1.02389 0.673419
1.0352 1.11359
1.04652 1.32288
1.05783 1.2722
1.06915 1.23161
1.08046 0.979692
1.10309 2.18244
1.1144 1.5679
1.13703 1.13511
1.14834 0.961855
1.15966 2.93266
1.17097 0.538153
1.18228 2.45442
1.20491 1.00813
1.21622 1.21676
1.23885 2.2988
1.25016 0.705831
1.26148 1.04732
1.27279 1.8873
1.28411 1.38694
1.29542 1.04668
1.30673 0.503816
1.31805 1.32723
1.32936 1.72882
1.34067 1.2306
1.35199 1.04292
1.3633 1.38843
1.37462 1.24787
1.38593 0.524675
1.39724 1.32931
1.40856 1.41125
1.41987 0.922352
1.43118 1.30846
1.4425 0.589898
1.45381 1.13727
1.47644 0.82938
1.48775 0.856167
1.49907 1.14717
1.51038 1.06092
1.52169 1.19061
1.53301 1.1477
1.54432 0.601677
1.55563 0.708243
1.56695 1.26035
1.57826 0.623464
1.58958 0.986885
1.60089 0.750896
1.6122 0.823104
1.62352 0.94286
1.63483 0.97686
1.64614 1.07384
1.65746 0.861348
1.66877 1.2923
1.68009 0.639394
1.6914 0.719253
1.70271 0.963079
1.71403 0.663371
1.72534 0.968445
1.73665 1.42239
1.74797 0.890697
1.75928 0.737237
1.7706 1.09865
1.78191 0.629209
1.79322 1.48334
1.80454 0.96194
1.81585 1.02839
1.82716 0.799988
1.83848 0.77154
1.84979 0.472897
1.86111 1.17184
1.87242 0.834977
1.88373 0.405885
1.89505 0.276557
1.90636 0.48946
1.91767 0.868839
1.92899 0.833722
1.9403 0.433577
1.95161 1.25409
1.96293 1.07966
1.97424 1.1287
1.98556 1.0721
1.99687 0.619198
2.00818 0.57245
2.0195 1.02892
2.03081 0.716896
2.04212 0.953935
2.05344 1.03512
2.06475 1.19054
2.07607 1.07296
2.08738 1.27169
2.09869 0.738581
2.11001 1.19446
2.12132 0.732701
2.13263 1.0301
2.14395 0.812377
2.15526 0.648768
2.16658 0.671821
2.17789 1.07013
2.1892 0.683485
2.20052 1.62877
2.21183 1.16108
2.22314 1.11207
2.23446 0.6274
2.24577 0.848856
2.25708 1.47497
2.2684 0.83282
2.27971 1.39613
2.29103 0.643834
2.30234 1.64084
2.31365 0.925713
2.32497 1.827
2.33628 1.1196
2.34759 1.11791
2.35891 1.33601
2.37022 0.900352
2.38154 1.08334
2.39285 0.808046
2.40416 0.786914
2.41548 0.722491
2.42679 0.614771
2.4381 1.15021
2.44942 0.817668
2.46073 1.21627
2.47205 1.10185
2.48336 0.853479
2.49467 0.954218
2.50599 1.39936
2.5173 1.81738
2.52861 0.675858
2.53993 0.731618
2.55124 1.47101
2.56255 1.16386
2.57387 1.25838
2.58518 0.931327
2.5965 0.994957
2.60781 0.617164
2.61912 1.2127
2.63044 0.667966
2.64175 1.4199
2.65306 1.11219
2.66438 0.988156
2.67569 1.58794
2.68701 0.677163
2.69832 0.744088
2.70963 1.3105
2.72095 1.20083
2.73226 0.843469
2.74357 0.620022
2.75489 1.07557
2.7662 0.969252
2.77752 0.888157
2.78883 0.819193
2.80014 0.829675
2.81146 0.526854
2.82277 0.852117
2.83408 0.952078
2.8454 1.1813
2.85671 1.29463
2.86803 1.2921
2.87934 0.903494
2.89065 1.65985
2.90197 0.743749
2.91328 1.0131
2.92459 1.06474
2.93591 1.08175
2.94722 1.0835
2.95853 1.0552
2.96985 1.0485
2.98116 1.04162
2.99248 1.69399
3.00379 1.33537
3.0151 0.655743
3.02642 0.78858
3.03773 1.32274
3.04904 1.13822
3.06036 1.22936
3.07167 0.907276
3.08299 1.06853
3.0943 0.918509
3.10561 1.13963
3.11693 0.78797
3.12824 0.840225
3.13955 0.858164
3.15087 1.13234
3.16218 0.878367
3.1735 0.956189
3.18481 0.887061
3.19612 0.875762
3.20744 1.1986
3.21875 1.02979
3.23006 0.799144
3.24138 1.24492
3.25269 1.04941
3.264 0.966942
3.27532 0.812391
3.28663 1.0825
3.29795 1.09216
3.30926 1.15029
3.32057 1.34745
3.33189 0.742213
3.3432 0.729676
3.35451 0.824185
3.36583 0.790365
3.37714 0.867917
3.38846 0.456362
3.39977 0.96948
3.41108 1.19837
3.4224 0.877346
3.43371 1.28679
3.44502 1.06378
3.45634 1.32135
3.46765 1.28628
3.47897 0.885687
3.49028 1.11074
3.50159 0.85435
3.51291 0.941049
3.52422 0.772201
3.53553 0.990341
3.54685 0.917678
3.55816 1.01565
3.56948 0.99049
3.58079 0.706157
3.5921 1.19101
3.60342 1.01672
3.61473 0.734929
3.62604 0.518064
3.63736 1.20477
3.64867 0.838892
3.65998 1.22418
3.6713 0.973118
3.68261 0.944055
3.69393 1.07906
3.70524 0.870979
3.71655 0.75307
3.72787 1.05389
3.73918 0.988344
3.75049 1.19041
3.76181 0.962037
3.77312 0.707427
3.78444 0.770097
3.79575 0.833324
3.80706 0.930615
3.81838 0.86341
3.82969 0.762338
3.841 0.873471
3.85232 0.939227
3.86363 1.34214
3.87495 1.2979
3.88626 0.833994
3.89757 0.921536
3.90889 0.969114
3.9202 0.843473
3.93151 1.01379
3.94283 1.17704
3.95414 1.22075
3.96545 0.911243
3.97677 0.818897
3.98808 0.99991
3.9994 1.12487
4.01071 0.968591
4.02202 1.34056
4.03334 0.907698
4.04465 1.30297
4.05596 0.905923
4.06728 1.10545
4.07859 1.31085
4.08991 0.605815
4.10122 1.17973
4.11253 1.27629
4.12385 1.07671
4.13516 1.17548
4.14647 0.99851
4.15779 0.862829
4.1691 0.9053
4.18042 1.50526
4.19173 0.949144
4.20304 0.996518
4.21436 1.25394
4.22567 0.940355
4.23698 1.23788
4.2483 0.989181
4.25961 0.815647
4.27092 1.24778
4.28224 1.2064
4.29355 0.764252
4.30487 1.09613
4.31618 0.920741
4.32749 1.32405
4.33881 1.23653
4.35012 1.51064
4.36143 0.823128
4.37275 1.10737
4.38406 0.977523
4.39538 0.987769
4.40669 0.836965
4.418 0.969256
4.42932 0.970057
4.44063 1.08339
4.45194 1.1068
4.46326 0.868075
4.47457 1.15803
4.48589 0.873273
4.4972 1.22829
4.50851 0.746529
4.51983 1.01986
4.53114 0.909124
4.54245 0.957207
4.55377 0.921137
4.56508 1.099
4.5764 1.06078
4.58771 0.983336
4.59902 1.21615
4.61034 0.911327
4.62165 1.02983
4.63296 0.998131
4.64428 1.04989
4.65559 1.15485
4.6669 0.957604
4.67822 1.20326
4.68953 0.771166
4.70085 0.910248
4.71216 0.803536
4.72347 1.13633
4.73479 0.985263
4.7461 0.916564
4.75741 1.02267
4.76873 0.65625
4.78004 0.662826
4.79136 0.79568
4.80267 0.903809
4.81398 1.03252
4.8253 0.930184
4.83661 1.08144
4.84792 0.964122
4.85924 0.907929
4.87055 0.858677
4.88187 0.730528
4.89318 0.615085
4.90449 0.841298
4.91581 1.1872
4.92712 1.15683
4.93843 0.818274
4.94975 0.803688
4.96106 1.00339
4.97237 0.864249
4.98369 0.661991
4.995 0.728276
5.00632 1.12812
5.01763 0.934439
5.02894 0.99022
5.04026 1.02997
5.05157 0.683983
5.06288 0.97607
5.0742 1.10739
5.08551 0.841244
5.09683 1.0198
5.10814 0.978687
5.11945 1.17088
5.13077 1.20103
5.14208 1.46009
5.15339 0.991114
5.16471 1.0182
5.17602 1.08416
5.18734 1.27282
5.19865 1.10279
5.20996 1.21292
5.22128 0.823486
5.23259 1.09398
5.2439 0.996249
5.25522 1.08934
5.26653 1.20809
5.27785 1.24398
5.28916 1.08902
5.30047 0.938519
5.31179 0.935797
5.3231 1.0077
5.33441 0.885501
5.34573 0.848429
5.35704 0.995043
5.36835 0.764274
5.37967 1.1206
5.39098 0.888702
5.4023 1.05747
5.41361 0.964817
5.42492 1.00986
5.43624 1.0577
5.44755 0.701861
5.45886 1.1356
5.47018 0.817995
5.48149 1.10217
5.49281 1.15216
5.50412 1.05138
5.51543 1.10706
5.52675 1.05068
5.53806 0.944613
5.54937 1.11486
5.56069 1.22782
5.572 1.01527
5.58332 1.67974
5.59463 1.1716
5.60594 1.09841
5.61726 1.36593
5.62857 0.782574
5.63988 1.50913
5.6512 1.1897
