300

200
0.0249769
0.132971
0.00215923	0.0188163
0.89533	0.87761
0.636131	0.149949
0.671106	0.460624
0.490615	0.850141
0.901838	0.267401
0.964029	0.951113
0.74489	0.650783
0.655689	0.825786
0.844343	0.666632
0.114822	0.991323
0.316116	0.268121
0.631204	0.543461
0.054826	0.0504514
0.874717	0.707072
0.993641	0.589469
0.554576	0.544107
0.0700261	0.276729
0.234241	0.515679
0.482997	0.400746
0.593993	0.332459
0.23354	0.0786283
0.727026	0.747325
0.51407	0.975826
0.251433	0.775845
0.0744067	0.401162
0.267938	0.560947
0.125744	0.596571
0.397932	0.143576
0.289258	0.671851
0.0650023	0.701015
0.672612	0.715414
0.607725	0.104393
0.315667	0.0239279
0.379596	0.886279
0.709096	0.516373
0.301786	0.172449
0.0500137	0.807758
0.816734	0.0857549
0.623096	0.0253425
0.801514	0.482154
0.38645	0.714171
0.251086	0.0271188
0.232683	0.823439
0.950637	0.391393
0.481681	0.207762
0.411447	0.0442828
0.320138	0.358072
0.898017	0.477575
0.121245	0.104218
0.112371	0.304586
0.69197	0.211317
0.644262	0.359976
0.879837	0.14818
0.176332	0.98847
1.5762e-05	0.511781
0.688312	0.876754
0.0784234	0.893742
0.76686	0.416621
0.461482	0.793499
0.535184	0.658911
0.0897943	0.945316
0.449696	0.948165
0.855958	0.843864
0.330083	0.789248
0.50769	0.766836
0.556656	0.802312
0.376399	0.302152
0.547478	0.381254
0.392234	0.197174
0.735735	0.967347
0.134162	0.39663
0.972284	0.664794
0.224737	0.41263
0.0246706	0.143415
0.80068	0.763939
0.176041	0.66221
0.379263	0.433723
0.985521	0.339494
0.894451	0.527788
0.277342	0.977641
0.0978073	0.22087
0.711576	0.0808994
0.690726	0.926827
0.23707	0.348092
0.443178	0.49926
0.867282	0.0729476
0.584847	0.705579
0.54934	0.100155
0.66178	0.634117
0.373522	0.632441
0.121458	0.488241
0.190505	0.171226
0.119568	0.652299
0.856603	5.94532e-05
0.598768	0.843078
0.327186	0.413076
0.37481	0.98741
0.472129	0.257704
0.258828	0.89159
0.763217	0.00934683
0.454095	0.636731
0.552932	0.482191
0.475434	0.903236
0.5872	0.268067
0.427868	0.404333
0.0842884	0.567888
0.769771	0.849938
0.488722	0.59432
0.15872	0.811425
0.673569	0.0251832
0.583875	0.215086
0.809629	0.364225
0.155917	0.445551
0.720773	0.438369
0.0414604	0.479697
0.159142	0.900369
0.429668	0.876645
0.173322	0.251971
0.13258	0.855116
0.568789	0.948548
0.309242	0.903473
0.149295	0.339581
0.400979	0.53443
0.879775	0.316175
0.583177	0.625852
0.727133	0.312514
0.324581	0.218065
0.351448	0.551964
0.314617	0.120425
0.0135961	0.852371
0.0302477	0.655901
0.987674	0.177484
0.57242	0.432856
0.631373	0.944675
0.754982	0.150729
0.817574	0.880695
0.95727	0.739313
0.53038	0.157706
0.900519	0.0282898
0.943785	0.594708
0.905282	0.360131
0.695329	0.358063
0.845735	0.184738
0.464373	0.450699
0.832631	0.592702
0.910812	0.808808
0.998769	0.243442
0.130037	0.754338
0.742062	0.208228
0.0569751	0.182065
0.382757	0.789445
0.222496	0.641668
0.737801	0.906519
0.71881	0.566272
0.433024	0.307873
0.679252	0.774749
0.781688	0.294015
0.336511	0.735943
0.818294	0.431764
0.127336	0.158099
0.190956	0.29988
0.953019	0.881457
0.45803	0.0797943
0.966025	0.0553618
0.874149	0.626332
0.486132	0.678602
0.674269	0.25978
0.29388	0.500382
0.755588	0.79033
0.283716	0.0665635
0.195283	0.936547
0.97244	0.286387
0.0253388	0.748956
0.342072	0.0666647
0.806326	0.248277
0.190774	0.541651
0.449878	0.164135
0.195914	0.726944
0.53402	0.265935
0.948555	0.498783
0.251977	0.181449
0.601297	0.387151
0.826333	0.958938
0.490358	0.305767
0.570995	0.753932
0.942393	0.220265
0.0535196	0.338458
0.290855	0.821104
0.946281	0.117071
0.442391	0.00133408
0.577658	0.892996
0.0113025	0.438178
0.773821	0.700444
0.807952	0.534002
0.675625	0.118739
0.108166	0.80123
0.920507	0.923007
0.443305	0.570914
0.888786	0.426024
//###########################


100
0.0244774
0.18805
0.204635	0.468485
0.666604	0.31375
0.199226	0.863772
0.827984	0.317416
0.150344	0.204851
0.526606	0.910005
0.903755	0.74774
0.959547	0.442445
0.630821	0.427779
0.671291	0.581255
0.385947	0.0950736
0.543468	0.317332
0.129034	0.701175
0.853031	0.498321
0.963978	0.549347
0.777052	0.93908
0.423953	0.751519
0.962625	0.823701
0.900749	0.974501
0.0625385	0.989755
0.607736	0.794347
0.716293	0.69127
0.76502	0.0620415
0.00817762	0.702004
0.0998973	0.356341
0.265884	0.297764
0.993274	0.1015
0.865896	0.926687
0.626767	0.671417
0.796563	0.648464
0.788802	0.191084
0.25849	0.12318
0.710452	0.818633
0.412769	0.262639
0.753375	0.364463
0.53107	0.215874
0.705925	0.161351
0.336632	0.951315
0.352318	0.164418
0.931683	0.317814
0.369094	0.371089
0.318343	0.6192
0.687056	0.977031
0.273831	0.391929
0.0910297	0.448418
0.078738	0.515348
0.0841168	0.84448
0.484048	0.12777
0.918996	0.0742834
0.921653	0.640448
0.199013	0.77861
0.462348	0.348183
0.195703	0.118524
0.412474	0.829265
0.483175	0.0298923
0.540646	0.599279
0.396029	0.483935
0.522531	0.436391
0.63211	0.747073
0.145889	0.948372
0.286542	0.739576
0.174962	0.610886
0.934926	0.167376
0.225912	0.981227
0.479837	0.535116
0.430374	0.690612
0.0711742	0.62706
0.0217862	0.295755
0.812262	0.0296731
0.740525	0.264271
0.581585	0.149665
0.751246	0.488609
0.217615	0.586859
0.541821	0.854078
0.261296	0.45744
0.186796	0.377749
0.651157	0.0704613
0.632486	0.884259
0.864125	0.234681
0.0726993	0.129885
0.594382	0.510176
0.815582	0.811123
0.396045	0.588087
0.0111536	0.935219
0.385126	0.937748
0.338413	0.858669
0.525545	0.708485
0.568834	0.0460181
0.881653	0.577321
0.000494489	0.387433
0.859075	0.384355
0.246545	0.703692
0.143986	0.0391821
0.139878	0.534315
0.21305	0.220843
0.633958	0.227115
0.75758	0.599326
0.823977	0.714394
0.817752	0.138502
0.0484816	0.232033
//###########################


