0.0429987 0.261482
0.0562291 0.178505
0.0826898 0.209372
0.089305 0.0969851
0.115766 0.0269073
0.122381 0.138203
0.128996 0.0366555
0.148842 0.0189882
0.162072 0.100417
0.168687 0.0938473
0.175302 0.0494841
0.181918 0.0281471
0.208378 0.157167
0.221609 0.14714
0.234839 0.0239466
0.241454 0.0988993
0.248069 0.107444
0.254685 0.0471167
0.2613 0.145977
0.267915 0.0998033
0.27453 0.18802
0.287761 0.103138
0.294376 0.141661
0.300991 0.090804
0.314221 0.0754864
0.320837 0.0977732
0.327452 0.611327
0.334067 0.0473496
0.340682 0.0469689
0.353912 0.154374
0.367143 0.182549
0.373758 0.11513
0.380373 0.100546
0.386988 0.0877206
0.393604 0.0964692
0.406834 0.0751352
0.413449 0.135445
0.420064 0.166872
0.426679 0.101145
0.433295 0.0827752
0.43991 0.082107
0.446525 0.0838937
0.45314 0.20561
0.459755 0.0834387
0.466371 0.0537329
0.472986 0.0716449
0.479601 0.106526
0.486216 0.277215
0.499447 0.176296
0.506062 0.168848
0.512677 0.264392
0.519292 0.451582
0.525907 0.220071
0.532522 0.414524
0.539138 0.355111
0.545753 0.144588
0.552368 0.399124
0.558983 0.164015
0.565598 0.387687
0.572214 0.434065
0.578829 0.37045
0.585444 0.487799
0.592059 0.212317
0.598674 0.313868
0.60529 0.148762
0.611905 0.351011
0.61852 0.320005
0.625135 0.275328
0.63175 0.300236
0.644981 1.05101
0.651596 0.74012
0.664826 1.62375
0.671441 2.39205
0.678057 1.72542
0.684672 1.6853
0.691287 1.12487
0.704517 1.33305
0.711132 0.549239
0.724363 0.777627
0.730978 0.272039
0.737593 0.726722
0.744208 0.488266
0.750824 0.773011
0.757439 0.390498
0.764054 0.383852
0.770669 0.312105
0.777284 0.383101
0.7839 0.479291
0.790515 1.00185
0.79713 0.63389
0.803745 0.798869
0.81036 1.05487
0.816975 0.786504
0.823591 0.509196
0.830206 0.741165
0.836821 0.499506
0.843436 0.37474
0.850051 0.656534
0.863282 0.587677
0.869897 0.543761
0.876512 0.851211
0.883127 0.680316
0.889742 1.12698
0.896358 0.469569
0.902973 0.333991
0.909588 0.482594
0.916203 0.481891
0.922818 0.545994
0.929434 0.482727
0.936049 0.510837
0.942664 0.578988
0.949279 0.367731
0.955894 0.368152
0.96251 0.562402
0.969125 0.409383
0.97574 0.916352
0.982355 0.5556
0.98897 0.504249
0.995585 0.632497
1.0022 0.591471
1.00882 0.690017
1.01543 0.712267
1.02205 0.589542
1.02866 0.472536
1.03528 0.420555
1.04189 0.82307
1.04851 1.10901
1.05512 0.579212
1.06174 0.693048
1.06835 1.20122
1.07497 1.10404
1.08158 0.76728
1.0882 0.98722
1.09481 0.795013
1.10143 0.855622
1.10804 0.606824
1.11466 0.934208
1.12127 1.77483
1.12789 0.810441
1.1345 2.26783
1.14112 1.45588
1.14773 0.571025
1.15435 1.13286
1.16097 1.06429
1.16758 1.21736
1.1742 1.08245
1.18081 0.898479
1.18743 0.964007
1.19404 0.806797
1.20066 1.12101
1.20727 0.857407
1.21389 1.34011
1.2205 0.695463
1.22712 1.68507
1.23373 0.971569
1.24035 1.18379
1.24696 1.66265
1.25358 0.654693
1.26019 1.05558
1.26681 1.07046
1.27342 1.82629
1.28004 1.62094
1.28665 1.20642
1.29327 1.63194
1.29988 1.45627
1.3065 0.714319
1.31311 1.27734
1.31973 0.997548
1.32634 0.982965
1.33296 1.89028
1.33958 1.50271
1.34619 0.857964
1.35281 1.76627
1.35942 1.00768
1.36604 1.28137
1.37265 1.32653
1.37927 1.49399
1.38588 1.55647
1.3925 0.703905
1.39911 1.88824
1.40573 1.34035
1.41234 1.91518
1.41896 1.79588
1.42557 1.31402
1.43219 2.07948
1.4388 1.07318
1.44542 1.31225
1.45203 1.4229
1.45865 1.84526
1.46526 1.85007
1.47188 0.766203
1.47849 2.08798
1.48511 1.42613
1.49172 1.48777
1.49834 1.69814
1.50495 1.56179
1.51157 1.81535
1.51819 1.5817
1.5248 1.3202
1.53142 1.68046
1.53803 1.06484
1.54465 1.54986
1.55126 1.51951
1.55788 1.20811
1.56449 1.01146
1.57111 1.27906
1.57772 1.46632
1.58434 0.944078
1.59095 0.835409
1.59757 0.847506
1.60418 1.10559
1.6108 1.07199
1.61741 1.11601
1.62403 1.06796
1.63064 0.692712
1.63726 0.86791
1.64387 1.09429
1.65049 0.598588
1.6571 1.87374
1.66372 1.08901
1.67033 0.635998
1.67695 0.91641
1.68356 1.24698
1.69018 0.964492
1.6968 0.73031
1.70341 0.919536
1.71003 0.91636
1.71664 0.958657
1.72326 1.06973
1.72987 0.821333
1.73649 0.764766
1.7431 1.00657
1.74972 0.743843
1.75633 0.985507
1.76295 0.559794
1.76956 0.757575
1.77618 0.753388
1.78279 0.917812
1.78941 1.15801
1.79602 0.822011
1.80264 0.76498
1.80925 0.737602
1.81587 0.83382
1.82248 0.875234
1.8291 0.607245
1.83571 0.569592
1.84233 0.584214
1.84894 1.0267
1.85556 0.532205
1.86217 0.866587
1.86879 0.816764
1.87541 0.688288
1.88202 0.994997
1.88864 0.775021
1.89525 0.793577
1.90187 0.955263
1.90848 0.725424
1.9151 0.479059
1.92171 0.673013
1.92833 0.6616
1.93494 0.804147
1.94156 0.957229
1.94817 0.781171
1.95479 0.914912
1.9614 0.61166
1.96802 0.896306
1.97463 1.16899
1.98125 0.539967
1.98786 1.06365
1.99448 0.707273
2.00109 0.904337
2.00771 0.732543
2.01432 1.09264
2.02094 0.887676
2.02755 0.457712
2.03417 0.744035
2.04078 0.78125
2.0474 1.03108
2.05402 0.717877
2.06063 0.594011
2.06725 0.748019
2.07386 0.720846
2.08048 0.727127
2.08709 0.771865
2.09371 1.0025
2.10032 0.976751
2.10694 0.958789
2.11355 0.737382
2.12017 1.06904
2.12678 0.825636
2.1334 0.853912
2.14001 1.41747
2.14663 1.00949
2.15324 0.702013
2.15986 0.596532
2.16647 1.38701
2.17309 1.84497
2.1797 0.73203
2.18632 0.801699
2.19293 0.996824
2.19955 1.04979
2.20616 0.957104
2.21278 0.746138
2.21939 0.984637
2.22601 0.920697
2.23263 1.02874
2.23924 1.19077
2.24586 0.957195
2.25247 0.832705
2.25909 1.09693
2.2657 1.02092
2.27232 0.955565
2.27893 1.23751
2.28555 0.962642
2.29216 0.755473
2.29878 0.952063
2.30539 0.805377
2.31201 1.09996
2.31862 1.02432
2.32524 1.17618
2.33185 0.728265
2.33847 1.32031
2.34508 1.05113
2.3517 1.19886
2.35831 0.988064
2.36493 0.907939
2.37154 0.884817
2.37816 0.993474
2.38477 0.948372
2.39139 0.881178
2.398 1.02492
2.40462 0.699073
2.41124 1.10776
2.41785 1.04299
2.42447 1.14934
2.43108 1.36761
2.4377 0.746472
2.44431 0.710788
2.45093 0.760462
2.45754 1.13638
2.46416 1.28451
2.47077 1.05955
2.47739 0.871659
2.484 1.12576
2.49062 0.912308
2.49723 0.951718
2.50385 1.02953
2.51046 0.979854
2.51708 0.891827
2.52369 0.904047
2.53031 1.59087
2.53692 0.833048
2.54354 0.723486
2.55015 1.23488
2.55677 0.712285
2.56338 0.845772
2.57 0.86776
2.57661 1.02393
2.58323 0.729729
2.58985 1.04919
2.59646 1.25387
2.60308 0.93907
2.60969 1.08945
2.61631 1.03503
2.62292 0.892607
2.62954 0.883292
2.63615 0.966361
2.64277 0.859472
2.64938 1.0141
2.656 0.684918
2.66261 0.942048
2.66923 0.982909
2.67584 0.597775
2.68246 1.1385
2.68907 1.16818
2.69569 0.952704
2.7023 0.98313
2.70892 1.09273
2.71553 1.04787
2.72215 0.870285
2.72876 1.33748
2.73538 1.21818
2.74199 0.983609
2.74861 1.30901
2.75522 1.03915
2.76184 1.09463
2.76846 1.42513
2.77507 0.838188
2.78169 0.809331
2.7883 1.18627
2.79492 1.30714
2.80153 1.30524
2.80815 0.994423
2.81476 0.90901
2.82138 0.738972
2.82799 1.20096
2.83461 0.842465
2.84122 0.985973
2.84784 1.104
2.85445 0.984428
2.86107 0.741041
2.86768 1.18706
2.8743 1.2562
2.88091 1.05331
2.88753 1.00566
2.89414 1.37313
2.90076 1.15733
2.90737 1.16676
2.91399 1.15814
2.9206 1.3384
2.92722 1.08755
2.93383 1.23064
2.94045 1.18992
2.94707 0.911271
2.95368 1.15876
2.9603 1.11006
2.96691 1.16869
2.97353 1.14809
2.98014 1.06688
2.98676 0.912231
2.99337 1.03454
2.99999 1.50765
3.0066 0.706893
3.01322 1.09782
3.01983 0.829372
3.02645 0.659827
3.03306 0.999305
3.03968 1.06545
3.04629 0.896767
3.05291 0.838693
3.05952 1.36305
3.06614 1.27903
3.07275 1.17015
3.07937 0.949704
3.08598 1.02719
3.0926 1.26892
3.09921 0.84622
3.10583 1.02274
3.11244 1.23995
3.11906 1.02586
3.12568 1.016
3.13229 0.911549
3.13891 1.13738
3.14552 1.09945
3.15214 0.84161
3.15875 0.937785
3.16537 0.937691
3.17198 1.06776
3.1786 1.38628
3.18521 0.93141
3.19183 0.881852
3.19844 1.13924
3.20506 0.88256
3.21167 1.47299
3.21829 1.01892
3.2249 0.780833
3.23152 1.06612
3.23813 1.01735
3.24475 1.03566
3.25136 1.22113
3.25798 1.15069
3.26459 1.3145
3.27121 1.27308
3.27782 0.518759
3.28444 0.946972
3.29105 0.903661
3.29767 0.635373
3.30429 0.824295
