0.104 0.000177567
0.136 0.000284663
0.2 0.000520085
0.216 0.000328923
0.28 0.000898096
0.296 0.000893232
0.312 0.00134283
0.36 0.0116393
0.392 0.00965659
0.408 0.00782753
0.424 0.0124623
0.44 0.00959591
0.504 0.0118657
0.536 0.0308675
0.568 0.0350737
0.584 0.0621298
0.6 0.100382
0.616 0.116235
0.632 0.0989276
0.648 0.114779
0.664 0.234917
0.696 0.112004
0.712 0.287655
0.728 0.138667
0.76 0.352208
0.776 0.123728
0.792 0.226563
0.808 0.308459
0.824 0.453524
0.856 1.62375
0.888 1.54934
0.904 1.21409
0.92 1.3085
0.936 1.65729
0.952 1.38481
0.984 1.27026
1 1.38394
1.016 0.402257
1.032 0.482968
1.048 0.983775
1.064 0.528593
1.08 1.17205
1.096 1.96353
1.112 3.26513
1.128 1.37541
1.144 2.5832
1.16 1.86779
1.176 4.22593
1.208 1.83103
1.224 1.37431
1.24 1.50501
1.256 1.47364
1.272 1.28133
1.288 1.05576
1.304 1.1463
1.32 0.35316
1.336 0.340022
1.352 0.570443
1.368 0.606407
1.384 0.93648
1.4 0.878483
1.416 0.686542
1.432 1.00001
1.448 0.426027
1.464 0.806863
1.48 0.543701
1.496 0.711911
1.512 0.592556
1.528 0.454543
1.56 0.440491
1.576 0.872188
1.608 0.966967
1.624 0.744497
1.64 0.357658
1.656 1.15337
1.672 0.529045
1.704 0.811522
1.72 0.356275
1.752 0.921188
1.768 0.532605
1.784 0.656548
1.8 0.611472
1.816 0.595086
1.832 0.825552
1.848 1.15696
1.864 0.978142
1.88 0.539086
1.896 0.928183
1.912 0.937766
1.928 0.971297
1.944 1.41583
1.96 1.49711
1.976 1.37606
1.992 1.1493
2.008 1.27767
2.024 0.67589
2.04 0.437881
2.056 1.12396
2.088 0.576772
2.104 0.683381
2.12 1.7686
2.136 1.32032
2.152 1.56278
2.168 1.22404
2.184 0.691936
2.2 1.34313
2.216 0.848735
2.232 0.817416
2.248 1.25504
2.264 1.56847
2.28 1.2626
2.296 1.23669
2.312 1.53437
2.328 1.06569
2.344 0.922046
2.36 1.782
2.376 1.01294
2.392 1.07364
2.408 1.02404
2.424 1.3275
2.44 1.28605
2.456 0.526472
2.472 1.20277
2.488 0.550634
2.504 0.6403
2.52 1.13322
2.536 0.846646
2.552 1.55133
2.568 0.536673
2.584 0.753904
2.6 0.864781
2.616 0.822187
2.632 0.92913
2.648 0.746719
2.664 0.953425
2.68 0.446487
2.696 0.793066
2.712 0.831455
2.728 0.985129
2.744 0.844479
2.76 1.01439
2.776 1.12382
2.792 0.606543
2.808 0.955976
2.824 0.678577
2.84 0.656636
2.856 0.786112
2.872 1.25101
2.888 0.642437
2.904 0.767525
2.92 1.13178
2.936 0.570717
2.952 0.619938
2.968 0.932692
2.984 0.897755
3 1.18035
3.016 1.17494
3.032 1.51174
3.048 1.40883
3.064 1.08003
3.08 0.979258
3.096 0.749815
3.112 0.713304
3.128 0.84608
3.144 1.44642
3.16 1.13203
3.176 1.36775
3.192 1.26934
3.208 0.942291
3.224 0.81145
3.24 1.63405
3.256 0.828149
3.272 1.04186
3.288 1.11825
3.304 1.05463
3.32 1.10916
3.336 0.924263
3.352 1.26807
3.368 1.09874
3.384 0.946671
3.4 1.10251
3.416 1.0091
3.432 0.923237
3.448 0.81818
3.464 1.13007
3.48 1.13911
3.496 1.27809
3.512 0.944672
3.528 1.03668
3.544 1.19031
3.56 0.79442
3.576 1.01735
3.592 0.542255
3.608 1.32294
3.624 1.13341
3.64 0.916382
3.656 0.592597
3.672 0.853863
3.688 0.909209
3.704 1.14429
3.72 0.932697
3.736 0.687857
3.752 0.894987
3.768 0.953015
3.784 1.12783
3.8 0.839192
3.816 1.36801
3.832 0.864096
3.848 0.694244
3.864 1.0137
3.88 1.12424
3.896 1.03277
3.912 0.922435
3.928 0.872268
3.944 1.50902
3.96 1.03496
3.976 0.893696
3.992 0.795963
4.008 0.890304
4.024 0.914231
4.04 0.483783
4.056 1.20296
4.072 1.04168
4.088 0.771713
4.104 0.824422
4.12 1.05474
4.136 1.21179
4.152 0.749058
4.168 0.936651
4.184 1.23522
4.2 0.971467
4.216 0.962079
4.232 1.80522
4.248 0.988989
4.264 0.805881
4.28 0.679198
4.296 0.973599
4.312 1.29972
4.328 0.856373
4.344 0.818663
4.36 1.76139
4.376 1.44377
4.392 0.961832
4.408 0.982015
4.424 0.964906
4.44 0.760984
4.456 0.746465
4.472 1.0809
4.488 0.626824
4.504 1.17801
4.52 1.07556
4.536 0.679051
4.552 1.02128
4.568 0.915705
4.584 0.602953
4.6 1.08911
4.616 1.13962
4.632 0.842804
4.648 1.12981
4.664 1.1595
4.68 1.07127
4.696 0.919298
4.712 1.48806
4.728 1.08358
4.744 1.02399
4.76 1.38883
4.776 1.13
4.792 0.896012
4.808 0.92962
4.824 0.763841
4.84 0.958731
4.856 0.899897
4.872 0.892669
4.888 0.986876
4.904 0.984345
4.92 1.15015
4.936 1.33123
4.952 0.729479
4.968 0.802418
4.984 0.561523
5 1.13773
5.016 0.925731
5.032 0.875353
5.048 1.59425
5.064 0.973567
5.08 0.984655
5.096 1.02624
5.112 0.795005
5.128 1.1067
5.144 0.653595
5.16 1.07072
5.176 0.565971
5.192 1.13437
5.208 1.06996
5.224 0.921763
5.24 1.32394
5.256 0.856775
5.272 1.09178
5.288 0.70954
5.304 1.31612
5.32 0.989085
5.336 0.676401
5.352 0.905779
5.368 0.740843
5.384 0.565833
5.4 1.2514
5.416 1.07796
5.432 0.86007
5.448 1.19885
5.464 0.840933
5.48 1.11373
5.496 0.978729
5.512 0.703967
5.528 0.957829
5.544 1.50392
5.56 1.55865
5.576 1.09005
5.592 1.12762
5.608 0.752388
5.624 0.830909
5.64 1.10991
5.656 0.94229
5.672 0.574498
5.688 0.873554
5.704 0.832775
5.72 0.84999
5.736 1.37977
5.752 1.24561
5.768 0.484097
5.784 1.00141
5.8 1.21253
5.816 0.952654
5.832 1.17544
5.848 1.08407
5.864 1.24134
5.88 1.28331
5.896 0.853104
5.912 0.760129
5.928 0.643136
5.944 1.05343
5.96 0.97263
5.976 0.86578
5.992 0.944568
6.008 1.15652
6.024 1.00803
6.04 1.05914
6.056 1.26065
6.072 0.852649
6.088 1.04424
6.104 1.00139
6.12 0.975583
6.136 0.91903
6.152 1.04716
6.168 1.008
6.184 0.803682
6.2 1.0464
6.216 0.996299
6.232 1.12502
6.248 0.773824
6.264 1.14635
6.28 1.17629
6.296 1.02746
6.312 0.893862
6.328 0.861795
6.344 0.889738
6.36 0.7736
6.376 1.00481
6.392 1.39602
6.408 0.779293
6.424 0.98977
6.44 0.792857
6.456 0.942058
6.472 1.45007
6.488 0.940755
6.504 1.18595
6.52 0.799375
6.536 1.10626
6.552 0.922636
6.568 0.664992
6.584 1.12114
6.6 1.34338
6.616 0.616716
6.632 1.25691
6.648 0.857834
6.664 1.12563
6.68 0.900089
6.696 1.07446
6.712 0.893958
6.728 1.02249
6.744 1.19754
6.76 1.15352
6.776 0.869421
6.792 1.13493
6.808 0.840926
6.824 1.38221
6.84 1.1464
6.856 1.24791
6.872 0.75382
6.888 1.19228
6.904 0.873929
6.92 0.938429
6.936 0.827084
6.952 1.24436
6.968 0.876279
6.984 0.746255
7 0.875449
7.016 1.15669
7.032 1.33955
7.048 0.810173
7.064 0.896834
7.08 1.20306
7.096 0.728765
7.112 0.907594
7.128 1.43092
7.144 1.13418
7.16 0.87435
7.176 1.26981
7.192 1.06268
7.208 0.868562
7.224 0.969394
7.24 0.830251
7.256 1.44943
7.272 0.452282
7.288 1.08832
7.304 0.894925
7.32 0.833875
7.336 0.949777
7.352 1.25073
7.368 1.16616
7.384 0.784521
7.4 0.833214
7.416 1.08944
7.432 0.886492
7.448 1.00467
7.464 0.747573
7.48 0.806844
7.496 1.10957
7.512 1.02941
7.528 1.327
7.544 1.45787
7.56 1.09969
7.576 1.05444
7.592 0.981213
7.608 0.874387
7.624 1.32535
7.64 0.883642
7.656 0.960991
7.672 1.00251
7.688 1.02001
7.704 0.946996
7.72 0.603998
7.736 1.045
7.752 1.10288
7.768 1.11493
7.784 1.14333
7.8 0.837845
7.816 0.900668
7.832 0.826498
7.848 1.23052
7.864 0.84389
7.88 1.06275
7.896 0.90233
7.912 0.854321
7.928 1.02858
7.944 0.825366
7.96 1.23527
7.976 1.41264
7.992 1.1398
