0.0430724 0.344453
0.0563254 0.220233
0.0828315 0.225065
0.0894581 0.110772
0.115964 0.0339192
0.122591 0.152011
0.129217 0.110188
0.149097 0.0345215
0.16235 0.172522
0.168976 0.0617788
0.175603 0.0246215
0.182229 0.0262077
0.208735 0.132297
0.221989 0.0557024
0.235242 0.0233835
0.241868 0.109886
0.248495 0.132649
0.255121 0.143494
0.261748 0.0965564
0.268374 0.0713675
0.275001 0.0532222
0.288254 0.495634
0.29488 0.0530754
0.301507 0.0839004
0.31476 0.0606943
0.321386 0.134638
0.328013 0.427542
0.334639 0.104474
0.341266 0.0540284
0.354519 0.125954
0.367772 0.195475
0.374399 0.121448
0.381025 0.118485
0.387652 0.0938405
0.394278 0.13788
0.407531 0.166578
0.414158 0.084712
0.420784 0.0579248
0.427411 0.0559376
0.434037 0.0354152
0.440664 0.0621102
0.44729 0.132626
0.453917 0.233604
0.460543 0.0862678
0.46717 0.0765633
0.473796 0.0726259
0.480423 0.0789455
0.487049 0.0808089
0.500302 0.184049
0.506929 0.078703
0.513556 0.244551
0.520182 0.417051
0.526809 0.52251
0.533435 0.594068
0.540062 0.336094
0.546688 0.343346
0.553315 0.478627
0.559941 0.339293
0.566568 0.296156
0.573194 0.100545
0.579821 0.185825
0.586447 0.329211
0.593074 0.227186
0.5997 0.203786
0.606327 0.208364
0.612953 0.467464
0.61958 0.711858
0.626206 0.704481
0.632833 0.670903
0.646086 0.779417
0.652713 0.742558
0.665966 1.71099
0.672592 1.66421
0.679219 2.00717
0.685845 2.28021
0.692472 0.691107
0.705725 0.842445
0.712351 0.69636
0.725604 0.382709
0.732231 0.299944
0.738857 0.697057
0.745484 0.355087
0.75211 0.259348
0.758737 0.530407
0.765363 0.745756
0.77199 0.79696
0.778616 0.680432
0.785243 0.614938
0.791869 0.405648
0.798496 0.909294
0.805123 0.828791
0.811749 0.302469
0.818376 0.881931
0.825002 0.334004
0.831629 0.561409
0.838255 0.876481
0.844882 0.870111
0.851508 0.694115
0.864761 0.499007
0.871388 0.679321
0.878014 0.855903
0.884641 0.437574
0.891267 0.787466
0.897894 0.876083
0.90452 0.578725
0.911147 0.585558
0.917773 0.492231
0.9244 0.654668
0.931026 0.629003
0.937653 0.535269
0.94428 0.490688
0.950906 0.470433
0.957533 0.297387
0.964159 0.46792
0.970786 0.684516
0.977412 0.643902
0.984039 0.674001
0.990665 0.25544
0.997292 0.634379
1.00392 0.764002
1.01054 0.463671
1.01717 0.70197
1.0238 0.550422
1.03042 1.01042
1.03705 0.721767
1.04368 0.761583
1.0503 0.820019
1.05693 0.612397
1.06356 0.702351
1.07018 0.571929
1.07681 0.597556
1.08344 1.25106
1.09006 0.60396
1.09669 1.17217
1.10332 1.05846
1.10994 0.604922
1.11657 1.17571
1.1232 0.963734
1.12982 0.8619
1.13645 0.972311
1.14308 1.16056
1.1497 1.13977
1.15633 0.809422
1.16295 1.10212
1.16958 0.95422
1.17621 0.85581
1.18283 1.88957
1.18946 1.55922
1.19609 1.37993
1.20271 1.4854
1.20934 1.22195
1.21597 1.45146
1.22259 1.15252
1.22922 1.68407
1.23585 1.46648
1.24247 1.1513
1.2491 0.935386
1.25573 0.928058
1.26235 1.03737
1.26898 0.896961
1.27561 1.47009
1.28223 2.06637
1.28886 1.35953
1.29549 0.984153
1.30211 1.06735
1.30874 0.717598
1.31536 1.23163
1.32199 1.13752
1.32862 1.29141
1.33524 1.19098
1.34187 2.12413
1.3485 1.48767
1.35512 1.56817
1.36175 1.54538
1.36838 1.76389
1.375 1.4222
1.38163 1.46056
1.38826 1.08631
1.39488 1.92258
1.40151 1.27788
1.40814 1.90548
1.41476 1.16187
1.42139 1.0854
1.42802 1.31226
1.43464 1.44182
1.44127 1.39085
1.4479 1.74875
1.45452 2.05909
1.46115 1.51644
1.46777 1.62674
1.4744 0.894725
1.48103 1.41036
1.48765 1.53272
1.49428 1.94906
1.50091 1.22476
1.50753 1.26717
1.51416 1.65306
1.52079 1.36885
1.52741 1.42027
1.53404 1.19217
1.54067 1.54645
1.54729 0.817153
1.55392 1.17323
1.56055 1.19481
1.56717 1.16392
1.5738 1.19437
1.58043 1.0923
1.58705 0.958459
1.59368 0.807717
1.60031 1.12855
1.60693 1.09077
1.61356 1.03203
1.62018 0.933429
1.62681 1.32776
1.63344 1.49194
1.64006 1.07501
1.64669 0.883763
1.65332 1.21872
1.65994 0.780248
1.66657 0.808843
1.6732 1.03378
1.67982 0.552669
1.68645 1.26269
1.69308 1.21023
1.6997 0.692618
1.70633 0.735574
1.71296 1.09824
1.71958 0.82662
1.72621 0.798644
1.73284 1.1307
1.73946 0.78064
1.74609 1.06366
1.75272 1.22189
1.75934 0.719454
1.76597 0.96934
1.77259 0.568489
1.77922 0.903274
1.78585 1.13063
1.79247 0.787371
1.7991 0.882744
1.80573 0.583544
1.81235 0.691697
1.81898 0.749609
1.82561 0.749022
1.83223 0.763303
1.83886 1.14192
1.84549 0.709533
1.85211 0.780273
1.85874 0.613246
1.86537 0.732714
1.87199 0.709263
1.87862 0.942356
1.88525 0.89093
1.89187 0.730001
1.8985 1.15141
1.90513 0.587888
1.91175 0.973396
1.91838 0.718963
1.925 0.884109
1.93163 0.761185
1.93826 1.09791
1.94488 1.38329
1.95151 0.695849
1.95814 1.06586
1.96476 1.02801
1.97139 0.76614
1.97802 0.573831
1.98464 0.894701
1.99127 0.603817
1.9979 0.822096
2.00452 0.911742
2.01115 0.859223
2.01778 0.791853
2.0244 0.989317
2.03103 0.741671
2.03766 0.774591
2.04428 0.737287
2.05091 0.703161
2.05754 0.830851
2.06416 0.820773
2.07079 0.878092
2.07741 0.842877
2.08404 0.787555
2.09067 0.699535
2.09729 0.868221
2.10392 0.948637
2.11055 0.856132
2.11717 0.908565
2.1238 0.64201
2.13043 0.805407
2.13705 1.10752
2.14368 0.887936
2.15031 1.10685
2.15693 1.16649
2.16356 1.14144
2.17019 0.924104
2.17681 1.1603
2.18344 1.31554
2.19007 1.04717
2.19669 0.846047
2.20332 0.766667
2.20995 1.15739
2.21657 1.26472
2.2232 0.854506
2.22982 0.787357
2.23645 0.946842
2.24308 0.995572
2.2497 1.33042
2.25633 1.20579
2.26296 0.985175
2.26958 1.13711
2.27621 1.28825
2.28284 0.764845
2.28946 1.02516
2.29609 1.01845
2.30272 0.766092
2.30934 0.775876
2.31597 0.984517
2.3226 1.01674
2.32922 0.872186
2.33585 0.922404
2.34248 1.22116
2.3491 1.01605
2.35573 0.850257
2.36236 1.43304
2.36898 0.715805
2.37561 0.978709
2.38223 1.07675
2.38886 0.588875
2.39549 1.21887
2.40211 1.0281
2.40874 1.01805
2.41537 0.973997
2.42199 1.14756
2.42862 0.904282
2.43525 1.13369
2.44187 0.636237
2.4485 1.12777
2.45513 0.785817
2.46175 0.730276
2.46838 1.19111
2.47501 0.692028
2.48163 0.608477
2.48826 1.1025
2.49489 1.15631
2.50151 1.2153
2.50814 0.774303
2.51477 0.912946
2.52139 1.09286
2.52802 1.19516
2.53465 0.80628
2.54127 0.929956
2.5479 1.21211
2.55452 0.907544
2.56115 1.3167
2.56778 0.640586
2.5744 0.838779
2.58103 1.10469
2.58766 1.54193
2.59428 1.00283
2.60091 0.886652
2.60754 0.973138
2.61416 1.10212
2.62079 0.923962
2.62742 1.11828
2.63404 0.790275
2.64067 1.18412
2.6473 0.94547
2.65392 0.922568
2.66055 0.710689
2.66718 1.05752
2.6738 0.93661
2.68043 1.01792
2.68706 1.06082
2.69368 0.770799
2.70031 1.09844
2.70693 1.15821
2.71356 1.28887
2.72019 1.19537
2.72681 0.968405
2.73344 1.35299
2.74007 1.00231
2.74669 1.13216
2.75332 1.2436
2.75995 1.05512
2.76657 1.08884
2.7732 0.871298
2.77983 1.20945
2.78645 1.15744
2.79308 1.06035
2.79971 1.0657
2.80633 1.15174
2.81296 1.26097
2.81959 1.13128
2.82621 0.90047
2.83284 0.884648
2.83947 1.3033
2.84609 1.03747
2.85272 0.688935
2.85934 1.21971
2.86597 1.18657
2.8726 1.10896
2.87922 1.20064
2.88585 1.14686
2.89248 1.47833
2.8991 0.907878
2.90573 1.06093
2.91236 0.95163
2.91898 1.23802
2.92561 1.07495
2.93224 0.969563
2.93886 1.07096
2.94549 1.31851
2.95212 0.801474
2.95874 1.24824
2.96537 1.13452
2.972 0.712403
2.97862 0.740793
2.98525 0.729643
2.99188 1.03614
2.9985 1.12597
3.00513 0.961094
3.01175 1.28222
3.01838 0.935137
3.02501 0.894972
3.03163 0.987599
3.03826 1.1324
3.04489 1.01743
3.05151 1.42113
3.05814 1.04382
3.06477 1.04444
3.07139 1.05411
3.07802 0.808612
3.08465 0.754797
3.09127 1.06141
3.0979 0.996022
3.10453 0.958788
3.11115 0.932838
3.11778 1.10639
3.12441 0.842743
3.13103 1.04046
3.13766 0.988992
3.14429 1.19868
3.15091 1.14752
3.15754 0.841368
3.16416 1.28207
3.17079 1.01957
3.17742 0.854122
3.18404 1.00331
3.19067 0.863802
3.1973 1.43885
3.20392 0.79301
3.21055 1.06946
3.21718 0.722895
3.2238 0.999228
3.23043 1.14844
3.23706 1.2231
3.24368 1.39428
3.25031 0.794422
3.25694 0.842744
3.26356 1.15956
3.27019 1.04814
3.27682 0.928054
3.28344 0.762489
3.29007 1.27369
3.2967 1.06959
3.30332 1.15943
3.30995 0.705941
