0.104 7.85678e-05
0.136 1.94929e-05
0.2 0.000140794
0.216 0.000306472
0.28 0.00113548
0.296 0.00202255
0.312 0.00199513
0.36 0.00543049
0.392 0.0101498
0.408 0.0169998
0.424 0.0193822
0.44 0.010448
0.504 0.0110782
0.536 0.0186158
0.568 0.0243818
0.584 0.0964618
0.6 0.0186903
0.616 0.197518
0.632 0.250502
0.648 0.082562
0.664 0.13254
0.696 0.00980597
0.712 0.134667
0.728 0.111138
0.76 0.0975478
0.776 0.146872
0.792 0.604616
0.808 0.254363
0.824 0.318767
0.856 0.874447
0.888 1.91684
0.904 0.853145
0.92 2.29313
0.936 2.6231
0.952 1.57506
0.984 2.96602
1 1.22038
1.016 0.739654
1.032 0.545378
1.048 0.703042
1.064 2.12716
1.08 1.74967
1.096 1.80905
1.112 1.92276
1.128 2.46683
1.144 1.8517
1.16 1.51527
1.176 2.52239
1.208 1.52123
1.224 1.03672
1.24 0.557225
1.256 1.06197
1.272 1.98591
1.288 0.552878
1.304 0.755267
1.32 1.21526
1.336 1.64738
1.352 1.32014
1.368 0.714332
1.384 0.662214
1.4 1.34062
1.416 1.16304
1.432 0.914594
1.448 0.637785
1.464 1.22986
1.48 0.653659
1.496 0.7024
1.512 1.0518
1.528 0.419015
1.56 0.656149
1.576 0.649591
1.608 0.678789
1.624 0.634292
1.64 0.640563
1.656 1.0894
1.672 0.709821
1.704 0.877781
1.72 0.721688
1.752 0.416712
1.768 0.853348
1.784 0.583734
1.8 0.590966
1.816 0.367548
1.832 0.77617
1.848 0.634765
1.864 0.804781
1.88 0.943994
1.896 1.18175
1.912 0.754026
1.928 0.945815
1.944 0.591801
1.96 0.967816
1.976 1.27924
1.992 0.711604
2.008 0.790256
2.024 1.81089
2.04 0.939906
2.056 1.16563
2.088 0.794653
2.104 0.863307
2.12 0.893033
2.136 1.04683
2.152 1.51631
2.168 2.03253
2.184 1.84661
2.2 1.1804
2.216 1.76928
2.232 1.28857
2.248 1.7876
2.264 1.22478
2.28 1.4614
2.296 0.804192
2.312 0.791818
2.328 1.73495
2.344 0.897322
2.36 1.08114
2.376 1.06617
2.392 1.11894
2.408 0.533512
2.424 0.938661
2.44 0.635899
2.456 2.03047
2.472 1.14046
2.488 2.68021
2.504 1.58264
2.52 1.58624
2.536 1.42449
2.552 0.46962
2.568 0.928834
2.584 1.10478
2.6 0.702961
2.616 0.985953
2.632 0.631579
2.648 0.669876
2.664 0.925796
2.68 0.575223
2.696 0.816476
2.712 0.39018
2.728 0.724677
2.744 0.858401
2.76 1.16873
2.776 0.826984
2.792 0.946068
2.808 0.863126
2.824 0.724909
2.84 0.987346
2.856 0.861853
2.872 0.565774
2.888 0.746998
2.904 0.668407
2.92 1.14899
2.936 0.736423
2.952 1.3598
2.968 0.710562
2.984 0.671448
3 0.965739
3.016 1.00264
3.032 0.837062
3.048 0.978452
3.064 0.5565
3.08 1.16375
3.096 1.48354
3.112 0.821125
3.128 1.03368
3.144 0.99781
3.16 1.18119
3.176 1.16732
3.192 0.997264
3.208 0.738635
3.224 1.00094
3.24 1.29858
3.256 2.02514
3.272 1.43367
3.288 1.77941
3.304 1.18094
3.32 0.874369
3.336 1.17127
3.352 2.21319
3.368 1.04599
3.384 1.15239
3.4 1.17723
3.416 0.971787
3.432 0.530515
3.448 0.781553
3.464 1.07346
3.48 0.704493
3.496 0.742279
3.512 0.789775
3.528 0.755866
3.544 1.35346
3.56 0.584759
3.576 1.1612
3.592 0.933966
3.608 0.971377
3.624 1.23967
3.64 1.3956
3.656 0.642982
3.672 0.87002
3.688 0.893802
3.704 1.05651
3.72 0.974173
3.736 0.807218
3.752 1.39473
3.768 0.949401
3.784 1.07536
3.8 0.82174
3.816 1.02088
3.832 1.00593
3.848 1.00109
3.864 1.28155
3.88 0.720385
3.896 0.833528
3.912 0.590395
3.928 0.646464
3.944 0.742098
3.96 1.00527
3.976 1.01618
3.992 1.01273
4.008 0.751651
4.024 0.752624
4.04 1.26742
4.056 0.699634
4.072 0.642089
4.088 0.814346
4.104 1.18243
4.12 0.69251
4.136 1.17669
4.152 0.698048
4.168 1.45015
4.184 1.08605
4.2 0.999556
4.216 1.12581
4.232 0.905297
4.248 0.768877
4.264 0.516409
4.28 1.00347
4.296 1.12418
4.312 1.2902
4.328 1.21525
4.344 1.20123
4.36 0.775512
4.376 1.18932
4.392 1.13676
4.408 1.42933
4.424 0.930806
4.44 1.10435
4.456 0.914299
4.472 1.05315
4.488 1.14387
4.504 0.889875
4.52 1.20933
4.536 0.707807
4.552 1.11871
4.568 1.13144
4.584 1.12486
4.6 1.08354
4.616 0.996246
4.632 1.18116
4.648 0.591467
4.664 0.955979
4.68 1.69168
4.696 0.941606
4.712 0.828635
4.728 0.724896
4.744 0.820336
4.76 0.86087
4.776 1.05263
4.792 0.878847
4.808 1.15385
4.824 0.740835
4.84 0.609718
4.856 1.35446
4.872 1.06431
4.888 0.729892
4.904 1.18911
4.92 0.706219
4.936 0.613154
4.952 0.780633
4.968 0.859876
4.984 1.27154
5 1.16175
5.016 1.152
5.032 0.940525
5.048 0.990067
5.064 0.907885
5.08 0.609024
5.096 1.05033
5.112 1.35871
5.128 0.95461
5.144 0.762841
5.16 0.837406
5.176 0.79314
5.192 1.02016
5.208 0.872751
5.224 1.22654
5.24 1.15082
5.256 0.782978
5.272 1.26262
5.288 1.03148
5.304 1.41609
5.32 0.74398
5.336 0.805861
5.352 0.818708
5.368 0.806613
5.384 1.09001
5.4 1.63748
5.416 1.11158
5.432 1.33752
5.448 0.732202
5.464 1.1089
5.48 1.82808
5.496 0.948069
5.512 0.858478
5.528 1.11344
5.544 0.824507
5.56 1.12059
5.576 1.0195
5.592 0.900926
5.608 0.859701
5.624 0.949847
5.64 0.81959
5.656 0.931901
5.672 1.33665
5.688 0.855343
5.704 0.851307
5.72 1.19231
5.736 1.29044
5.752 1.49587
5.768 1.05403
5.784 1.08584
5.8 1.07146
5.816 0.928621
5.832 0.800641
5.848 0.707757
5.864 1.16105
5.88 0.734172
5.896 1.23964
5.912 1.15834
5.928 1.18253
5.944 0.749256
5.96 1.0339
5.976 0.917053
5.992 1.4908
6.008 0.507311
6.024 0.948263
6.04 0.819843
6.056 1.07876
6.072 1.04192
6.088 0.908388
6.104 0.791625
6.12 0.929807
6.136 1.14503
6.152 0.872803
6.168 1.12331
6.184 0.880299
6.2 1.02468
6.216 0.784856
6.232 0.973293
6.248 0.708121
6.264 1.15358
6.28 1.1239
6.296 1.11782
6.312 1.12151
6.328 1.1376
6.344 1.04759
6.36 0.931601
6.376 0.827354
6.392 1.01391
6.408 1.05654
6.424 0.950386
6.44 1.01466
6.456 0.978673
6.472 0.61521
6.488 1.30292
6.504 1.0305
6.52 1.19598
6.536 1.15699
6.552 0.935744
6.568 1.30843
6.584 0.970344
6.6 1.20496
6.616 0.958772
6.632 0.801718
6.648 1.07468
6.664 0.918951
6.68 0.802576
6.696 1.3537
6.712 0.879484
6.728 0.969759
6.744 0.95717
6.76 0.739359
6.776 0.993831
6.792 0.743792
6.808 1.05131
6.824 1.03062
6.84 0.940778
6.856 0.97544
6.872 0.827162
6.888 1.04218
6.904 1.12614
6.92 0.79456
6.936 1.04894
6.952 1.08451
6.968 1.139
6.984 1.0138
7 0.894033
7.016 1.04763
7.032 0.955647
7.048 0.930712
7.064 1.10083
7.08 1.10305
7.096 1.03444
7.112 0.84377
7.128 0.896841
7.144 0.957243
7.16 1.00245
7.176 1.52063
7.192 0.775673
7.208 0.999013
7.224 0.692377
7.24 1.008
7.256 1.06197
7.272 0.989253
7.288 1.027
7.304 1.15171
7.32 1.22617
7.336 1.03918
7.352 1.05024
7.368 1.11945
7.384 0.978049
7.4 1.27333
7.416 0.841607
7.432 0.936701
7.448 0.899925
7.464 1.0075
7.48 0.787602
7.496 0.974539
7.512 0.808904
7.528 0.972248
7.544 0.870722
7.56 0.951711
7.576 0.766796
7.592 1.24764
7.608 0.960799
7.624 1.14504
7.64 0.945756
7.656 1.16769
7.672 0.815112
7.688 0.943087
7.704 0.984726
7.72 0.855832
7.736 1.08525
7.752 0.798721
7.768 1.02
7.784 1.04065
7.8 0.753561
7.816 1.17866
7.832 1.11866
7.848 1.01867
7.864 1.3127
7.88 1.0781
7.896 0.936915
7.912 1.11007
7.928 0.781147
7.944 1.13118
7.96 0.934895
7.976 1.00765
7.992 1.06014
