0.0735391 0.0725067
0.0961665 0.0599268
0.141421 0.0749534
0.152735 0.0303444
0.19799 0.0653972
0.209304 0.0154882
0.220617 0.0582255
0.254558 0.044625
0.277186 0.196978
0.2885 0.106596
0.299813 0.119633
0.311127 0.0404927
0.356382 0.077165
0.379009 0.121744
0.401637 0.187529
0.41295 0.221937
0.424264 0.282545
0.435578 0.114719
0.446891 0.112677
0.458205 0.120042
0.469519 0.0903076
0.492146 0.101315
0.50346 0.254621
0.514774 0.128552
0.537401 0.176882
0.548715 0.039239
0.560029 0.420312
0.571342 0.367783
0.582656 0.243945
0.605283 0.281301
0.627911 0.156062
0.639225 0.209989
0.650538 0.217577
0.661852 0.352031
0.673166 0.711472
0.695793 0.419314
0.707107 0.704902
0.71842 0.492227
0.729734 0.416573
0.741048 0.276847
0.752362 0.278639
0.763675 0.457755
0.774989 0.27421
0.786303 0.549408
0.797616 0.232603
0.80893 0.27929
0.820244 0.322618
0.831558 0.94541
0.854185 0.770406
0.865499 0.398081
0.876812 0.727894
0.888126 0.76885
0.89944 1.48919
0.910754 0.712603
0.922067 0.776901
0.933381 1.25798
0.944695 1.1065
0.956008 1.18729
0.967322 1.5876
0.978636 1.54104
0.989949 0.942423
1.00126 1.07225
1.01258 0.916553
1.02389 1.74547
1.0352 1.13411
1.04652 1.48624
1.05783 1.63176
1.06915 1.5696
1.08046 0.85697
1.10309 1.02231
1.1144 0.818859
1.13703 1.56678
1.14834 1.32052
1.15966 1.44611
1.17097 1.44198
1.18228 2.15344
1.20491 1.20487
1.21622 1.38872
1.23885 1.45343
1.25016 1.00262
1.26148 2.28071
1.27279 1.582
1.28411 1.13134
1.29542 1.30685
1.30673 1.81165
1.31805 0.777621
1.32936 0.936066
1.34067 1.41865
1.35199 1.00133
1.3633 1.43838
1.37462 1.60189
1.38593 0.441434
1.39724 1.67659
1.40856 0.785388
1.41987 1.14016
1.43118 0.668745
1.4425 0.869515
1.45381 1.08392
1.47644 1.08083
1.48775 1.30077
1.49907 0.863867
1.51038 0.68972
1.52169 0.800312
1.53301 1.05665
1.54432 0.334096
1.55563 1.08735
1.56695 0.687279
1.57826 0.932868
1.58958 1.55242
1.60089 1.36176
1.6122 0.964412
1.62352 0.871225
1.63483 1.03129
1.64614 0.845822
1.65746 1.22349
1.66877 1.39003
1.68009 1.36905
1.6914 1.21162
1.70271 0.950269
1.71403 0.920127
1.72534 1.03693
1.73665 0.460292
1.74797 0.748772
1.75928 0.911701
1.7706 1.23624
1.78191 1.20622
1.79322 1.36772
1.80454 0.728601
1.81585 0.575334
1.82716 1.50586
1.83848 0.788898
1.84979 0.48831
1.86111 1.14128
1.87242 0.766729
1.88373 0.822852
1.89505 1.4322
1.90636 0.591839
1.91767 0.834375
1.92899 0.91789
1.9403 0.514625
1.95161 1.18554
1.96293 0.728761
1.97424 0.71599
1.98556 0.525791
1.99687 0.747342
2.00818 0.804047
2.0195 1.06092
2.03081 1.02412
2.04212 0.986256
2.05344 0.581913
2.06475 0.956874
2.07607 0.893024
2.08738 0.873633
2.09869 0.933567
2.11001 0.747329
2.12132 0.657189
2.13263 1.06273
2.14395 0.557906
2.15526 0.79057
2.16658 1.24016
2.17789 0.820517
2.1892 0.856804
2.20052 1.18228
2.21183 1.23647
2.22314 0.795434
2.23446 1.20102
2.24577 0.867803
2.25708 0.989321
2.2684 1.126
2.27971 0.935893
2.29103 0.474479
2.30234 0.923237
2.31365 0.935128
2.32497 0.532404
2.33628 1.28029
2.34759 0.830815
2.35891 0.876593
2.37022 1.06217
2.38154 0.74549
2.39285 2.51266
2.40416 0.825658
2.41548 1.39786
2.42679 1.16294
2.4381 1.21399
2.44942 0.891165
2.46073 1.13019
2.47205 0.856167
2.48336 0.818644
2.49467 1.19092
2.50599 1.19839
2.5173 0.844275
2.52861 1.46418
2.53993 1.39629
2.55124 1.10144
2.56255 1.19884
2.57387 0.997254
2.58518 1.57002
2.5965 1.11368
2.60781 0.794725
2.61912 0.888302
2.63044 1.11186
2.64175 1.18665
2.65306 1.0145
2.66438 1.1055
2.67569 1.44214
2.68701 1.09211
2.69832 0.943129
2.70963 1.09391
2.72095 0.817634
2.73226 0.896958
2.74357 1.29143
2.75489 1.10938
2.7662 1.30956
2.77752 1.4024
2.78883 0.73815
2.80014 0.912133
2.81146 1.46006
2.82277 1.12261
2.83408 0.793775
2.8454 0.975052
2.85671 1.1675
2.86803 1.38402
2.87934 0.771637
2.89065 1.10937
2.90197 1.10348
2.91328 0.953666
2.92459 1.37013
2.93591 1.08898
2.94722 0.892954
2.95853 1.09941
2.96985 0.629591
2.98116 0.985596
2.99248 1.1503
3.00379 0.966271
3.0151 1.2163
3.02642 0.982744
3.03773 1.03747
3.04904 1.00461
3.06036 1.00746
3.07167 1.06309
3.08299 0.93854
3.0943 1.20925
3.10561 1.23892
3.11693 1.23882
3.12824 0.627364
3.13955 0.944123
3.15087 1.23325
3.16218 1.07971
3.1735 0.939894
3.18481 1.06258
3.19612 0.835368
3.20744 1.40583
3.21875 0.859856
3.23006 0.668912
3.24138 0.786927
3.25269 0.825144
3.264 0.924567
3.27532 1.03857
3.28663 0.815015
3.29795 0.971363
3.30926 0.891336
3.32057 0.759717
3.33189 0.688161
3.3432 0.772529
3.35451 1.05039
3.36583 0.58957
3.37714 0.588256
3.38846 0.776854
3.39977 0.848542
3.41108 0.903889
3.4224 0.979603
3.43371 0.576968
3.44502 0.827821
3.45634 0.734749
3.46765 1.23686
3.47897 1.13439
3.49028 0.863936
3.50159 0.653496
3.51291 0.733571
3.52422 0.79295
3.53553 0.916351
3.54685 0.839165
3.55816 1.01786
3.56948 1.19828
3.58079 0.997412
3.5921 1.35823
3.60342 0.969927
3.61473 0.823871
3.62604 1.32563
3.63736 0.922766
3.64867 1.09034
3.65998 0.8696
3.6713 0.675391
3.68261 1.06386
3.69393 1.49024
3.70524 0.976316
3.71655 0.560954
3.72787 1.51378
3.73918 0.812924
3.75049 1.2924
3.76181 1.32798
3.77312 0.992948
3.78444 1.11384
3.79575 1.22211
3.80706 0.792472
3.81838 1.19008
3.82969 0.871164
3.841 1.19709
3.85232 0.889584
3.86363 1.01966
3.87495 1.04884
3.88626 0.938375
3.89757 0.697176
3.90889 1.16677
3.9202 1.28124
3.93151 0.788136
3.94283 1.10094
3.95414 1.14213
3.96545 0.902366
3.97677 1.12627
3.98808 1.22053
3.9994 0.800594
4.01071 0.892994
4.02202 1.1
4.03334 1.32824
4.04465 1.02056
4.05596 0.954361
4.06728 1.73012
4.07859 1.21891
4.08991 1.10233
4.10122 1.21864
4.11253 1.33337
4.12385 1.37562
4.13516 0.903706
4.14647 1.23265
4.15779 0.923313
4.1691 1.13507
4.18042 1.17737
4.19173 1.01498
4.20304 1.14336
4.21436 0.972271
4.22567 0.879456
4.23698 0.87698
4.2483 1.17315
4.25961 0.84074
4.27092 0.941226
4.28224 1.12038
4.29355 1.38992
4.30487 0.890057
4.31618 0.694668
4.32749 1.0467
4.33881 0.897665
4.35012 0.883865
4.36143 0.889333
4.37275 0.988364
4.38406 0.869562
4.39538 0.847406
4.40669 0.958371
4.418 1.0426
4.42932 0.957509
4.44063 0.805559
4.45194 1.1721
4.46326 1.06757
4.47457 1.16015
4.48589 0.55243
4.4972 0.839242
4.50851 0.882489
4.51983 0.875173
4.53114 1.06488
4.54245 0.795289
4.55377 0.829385
4.56508 1.35818
4.5764 0.863499
4.58771 0.878494
4.59902 0.90251
4.61034 1.26988
4.62165 1.06922
4.63296 0.908046
4.64428 0.921551
4.65559 1.14737
4.6669 0.839857
4.67822 0.915157
4.68953 0.764152
4.70085 0.945681
4.71216 1.10279
4.72347 0.880777
4.73479 0.536159
4.7461 0.887087
4.75741 0.927663
4.76873 0.849028
4.78004 1.24326
4.79136 0.778944
4.80267 0.712823
4.81398 0.958819
4.8253 1.23235
4.83661 0.847368
4.84792 0.827665
4.85924 0.807563
4.87055 1.3068
4.88187 1.06302
4.89318 0.802121
4.90449 1.39124
4.91581 0.97706
4.92712 1.092
4.93843 0.875142
4.94975 1.12558
4.96106 0.813172
4.97237 0.877715
4.98369 1.2031
4.995 0.791892
5.00632 0.915596
5.01763 0.806593
5.02894 0.858971
5.04026 1.08602
5.05157 1.09168
5.06288 0.803183
5.0742 0.699553
5.08551 0.845099
5.09683 1.03545
5.10814 1.08923
5.11945 1.00914
5.13077 1.46972
5.14208 1.12369
5.15339 1.1169
5.16471 0.926434
5.17602 0.833774
5.18734 1.40084
5.19865 1.16226
5.20996 0.745123
5.22128 0.862345
5.23259 1.34975
5.2439 1.6124
5.25522 1.18936
5.26653 0.848433
5.27785 0.580906
5.28916 0.992553
5.30047 0.799651
5.31179 1.13958
5.3231 1.04321
5.33441 0.918316
5.34573 1.03762
5.35704 0.788039
5.36835 1.35742
5.37967 1.36211
5.39098 0.876631
5.4023 0.919419
5.41361 1.23746
5.42492 0.594142
5.43624 1.32834
5.44755 0.814935
5.45886 1.15955
5.47018 0.932104
5.48149 0.660956
5.49281 0.75213
5.50412 1.55684
5.51543 0.697631
5.52675 0.816944
5.53806 1.15746
5.54937 1.29753
5.56069 0.823499
5.572 1.05751
5.58332 0.857891
5.59463 1.11369
5.60594 0.91288
5.61726 1.04061
5.62857 1.28994
5.63988 1.26585
5.6512 1.30125
