0.0600444 1.12566e-05
0.0785196 0.000204078
0.11547 2.9786e-05
0.124708 0.000146527
0.161658 0.000299033
0.170896 0.000653228
0.180133 0.000334172
0.207846 0.00188794
0.226321 0.00359895
0.235559 0.00403484
0.244797 0.00485833
0.254034 0.00171184
0.290985 0.00440172
0.30946 0.00781811
0.327935 0.0127964
0.337173 0.0424324
0.34641 0.00578617
0.355648 0.0599954
0.364885 0.082838
0.374123 0.0259544
0.383361 0.0348005
0.401836 0.00359262
0.411073 0.0472678
0.420311 0.0276416
0.438786 0.0300659
0.448024 0.0480815
0.457261 0.176187
0.466499 0.0715022
0.475737 0.0965017
0.494212 0.213778
0.512687 0.580444
0.521925 0.155483
0.531162 0.56814
0.5404 0.743899
0.549637 0.393073
0.568113 0.603169
0.57735 0.385608
0.586588 0.214928
0.595825 0.164848
0.605063 0.248936
0.614301 0.436559
0.623538 0.432007
0.632776 0.344899
0.642013 0.443734
0.651251 0.566307
0.660489 0.631763
0.669726 0.431015
0.678964 0.31432
0.697439 0.512111
0.706677 0.651773
0.715914 0.969949
0.725152 0.887902
0.73439 0.638172
0.743627 2.1549
0.752865 1.15249
0.762102 0.930413
0.77134 1.72912
0.780578 0.789143
0.789815 0.640161
0.799053 0.398955
0.80829 0.56642
0.817528 0.455476
0.826766 0.216186
0.836003 0.45974
0.845241 0.159669
0.854478 0.53371
0.863716 0.63516
0.872954 0.541644
0.882191 0.820219
0.900666 0.868067
0.909904 1.66729
0.928379 2.20828
0.937617 1.96728
0.946854 2.82247
0.956092 3.5858
0.96533 1.91757
0.983805 1.01984
0.993042 0.78373
1.01152 0.485177
1.02076 0.455562
1.02999 0.446672
1.03923 0.417737
1.04847 0.363778
1.05771 0.656083
1.06694 0.501415
1.07618 0.639273
1.08542 0.638368
1.09466 0.843219
1.10389 0.472272
1.11313 0.695586
1.12237 0.494485
1.13161 0.878773
1.14084 1.11142
1.15008 0.621743
1.15932 0.60551
1.16856 0.757585
1.17779 1.50411
1.18703 0.814361
1.20551 0.487914
1.21474 1.0654
1.22398 0.970778
1.23322 0.69706
1.24246 1.04473
1.2517 2.1219
1.26093 0.596658
1.27017 0.792637
1.27941 1.20253
1.28865 0.878649
1.29788 0.961373
1.30712 1.06624
1.31636 1.03694
1.3256 0.913195
1.33483 0.976616
1.34407 1.51361
1.35331 1.34516
1.36255 1.12399
1.37178 0.812347
1.38102 0.96677
1.39026 0.549659
1.3995 1.21796
1.40873 0.815282
1.41797 2.65363
1.42721 1.34165
1.43645 1.73923
1.44569 1.22243
1.45492 0.990613
1.46416 1.29487
1.4734 0.901198
1.48264 1.41618
1.49187 0.995391
1.50111 0.699488
1.51035 0.751505
1.51959 0.766596
1.52882 1.11054
1.53806 0.675189
1.5473 1.08638
1.55654 1.13708
1.56577 0.647497
1.57501 0.971453
1.58425 1.06917
1.59349 1.72007
1.60272 1.895
1.61196 1.37035
1.6212 1.6657
1.63044 1.61026
1.63967 1.48161
1.64891 1.44077
1.65815 1.34094
1.66739 0.932069
1.67663 0.901667
1.68586 1.42957
1.6951 1.12783
1.70434 0.644042
1.71358 0.924534
1.72281 0.990928
1.73205 1.3282
1.74129 1.32532
1.75053 1.61213
1.75976 1.15788
1.769 1.40701
1.77824 1.33613
1.78748 1.89393
1.79671 1.5794
1.80595 1.68898
1.81519 1.07059
1.82443 1.97715
1.83366 1.32866
1.8429 1.49843
1.85214 1.19831
1.86138 1.05705
1.87061 1.20975
1.87985 1.92321
1.88909 1.30413
1.89833 1.2263
1.90757 0.890443
1.9168 0.74508
1.92604 1.03506
1.93528 1.43921
1.94452 0.625544
1.95375 0.90503
1.96299 0.640522
1.97223 1.16747
1.98147 0.793158
1.9907 0.849908
1.99994 0.996043
2.00918 0.4873
2.01842 0.838989
2.02765 0.863636
2.03689 0.977398
2.04613 1.1309
2.05537 0.618104
2.0646 0.970999
2.07384 0.55283
2.08308 1.14447
2.09232 0.720456
2.10155 0.934883
2.11079 0.592206
2.12003 0.546259
2.12927 0.532048
2.13851 0.903003
2.14774 0.62579
2.15698 0.797757
2.16622 1.0935
2.17546 0.604359
2.18469 0.43719
2.19393 0.721023
2.20317 0.550105
2.21241 0.886946
2.22164 0.753319
2.23088 0.857533
2.24012 0.607904
2.24936 0.824316
2.25859 0.504705
2.26783 0.85308
2.27707 0.751722
2.28631 0.697027
2.29554 0.751182
2.30478 0.63051
2.31402 0.516729
2.32326 0.744353
2.3325 0.837443
2.34173 0.362225
2.35097 0.500371
2.36021 0.382795
2.36945 0.837308
2.37868 0.563552
2.38792 0.724136
2.39716 1.12303
2.4064 1.07357
2.41563 1.03017
2.42487 0.656872
2.43411 0.891024
2.44335 0.732397
2.45258 0.955486
2.46182 0.521154
2.47106 1.01318
2.4803 0.866898
2.48953 1.02665
2.49877 1.07987
2.50801 1.12822
2.51725 0.914818
2.52648 0.922167
2.53572 0.779223
2.54496 0.900334
2.5542 0.916528
2.56344 0.931734
2.57267 1.35101
2.58191 1.04143
2.59115 1.07637
2.60039 0.584455
2.60962 1.26652
2.61886 1.4578
2.6281 0.732782
2.63734 1.10955
2.64657 1.07244
2.65581 0.813119
2.66505 1.14707
2.67429 1.2701
2.68352 0.960341
2.69276 0.743262
2.702 1.19259
2.71124 1.00171
2.72047 0.963673
2.72971 1.46647
2.73895 0.954896
2.74819 0.660309
2.75742 1.38157
2.76666 1.66529
2.7759 0.967098
2.78514 1.03804
2.79438 0.901042
2.80361 0.952978
2.81285 0.821379
2.82209 1.09256
2.83133 1.40291
2.84056 0.894827
2.8498 0.943209
2.85904 0.924162
2.86828 0.972226
2.87751 1.30645
2.88675 1.2589
2.89599 1.42263
2.90523 0.663533
2.91446 1.02406
2.9237 1.24495
2.93294 0.992735
2.94218 1.27786
2.95141 1.16966
2.96065 0.935795
2.96989 0.816768
2.97913 0.925881
2.98836 0.530559
2.9976 1.25529
3.00684 0.770175
3.01608 1.04436
3.02532 1.36011
3.03455 0.782176
3.04379 1.24045
3.05303 1.45585
3.06227 1.85753
3.0715 1.10331
3.08074 1.01997
3.08998 0.931931
3.09922 0.998406
3.10845 1.13476
3.11769 1.66674
3.12693 1.23779
3.13617 1.34642
3.1454 1.09116
3.15464 1.15249
3.16388 1.07166
3.17312 1.29553
3.18235 0.937731
3.19159 1.47122
3.20083 1.0807
3.21007 1.41093
3.21931 0.920999
3.22854 1.13174
3.23778 0.797852
3.24702 0.898287
3.25626 1.29624
3.26549 1.18452
3.27473 1.24888
3.28397 1.07106
3.29321 1.02309
3.30244 1.09985
3.31168 0.806851
3.32092 1.1171
3.33016 1.15603
3.33939 0.941148
3.34863 1.19161
3.35787 0.980212
3.36711 1.28249
3.37634 0.777232
3.38558 1.4933
3.39482 0.712335
3.40406 0.886896
3.41329 1.34578
3.42253 1.39785
3.43177 1.00681
3.44101 0.712644
3.45025 0.64201
3.45948 1.05336
3.46872 0.612087
3.47796 0.863355
3.4872 0.988375
3.49643 1.27513
3.50567 0.649937
3.51491 0.857388
3.52415 0.730702
3.53338 0.770817
3.54262 0.939878
3.55186 1.11744
3.5611 1.24638
3.57033 1.00682
3.57957 0.996701
3.58881 1.02547
3.59805 1.05939
3.60728 0.64092
3.61652 1.03166
3.62576 0.806049
3.635 0.993001
3.64423 0.807649
3.65347 0.921829
3.66271 0.967114
3.67195 0.757688
3.68119 0.917269
3.69042 0.61099
3.69966 0.938985
3.7089 0.913927
3.71814 0.770176
3.72737 0.842729
3.73661 1.16764
3.74585 1.04886
3.75509 0.899573
3.76432 1.01828
3.77356 0.867662
3.7828 0.464035
3.79204 1.21569
3.80127 0.810407
3.81051 0.794979
3.81975 0.69282
3.82899 0.606012
3.83822 1.24682
3.84746 0.895506
3.8567 1.09564
3.86594 0.631149
3.87518 0.687505
3.88441 0.652925
3.89365 0.825412
3.90289 0.696942
3.91213 0.843879
3.92136 0.884246
3.9306 1.11308
3.93984 0.728556
3.94908 1.21183
3.95831 0.865782
3.96755 0.983257
3.97679 0.992505
3.98603 0.934837
3.99526 0.824126
4.0045 0.860194
4.01374 0.842609
4.02298 0.743289
4.03221 1.07182
4.04145 1.07352
4.05069 0.94057
4.05993 0.845975
4.06916 0.746301
4.0784 0.802733
4.08764 0.983054
4.09688 1.00448
4.10612 0.867602
4.11535 0.903892
4.12459 0.910501
4.13383 1.02023
4.14307 0.856618
4.1523 0.848922
4.16154 1.0289
4.17078 1.05834
4.18002 1.16994
4.18925 0.97722
4.19849 0.74284
4.20773 1.21357
4.21697 0.930626
4.2262 0.891542
4.23544 1.11033
4.24468 0.951966
4.25392 1.02831
4.26315 1.12797
4.27239 1.11671
4.28163 1.0399
4.29087 0.9138
4.3001 0.730236
4.30934 0.950848
4.31858 1.0786
4.32782 0.931391
4.33706 1.17883
4.34629 0.976233
4.35553 1.02776
4.36477 0.934911
4.37401 0.924995
4.38324 1.20874
4.39248 1.17957
4.40172 1.56407
4.41096 1.12063
4.42019 1.19051
4.42943 0.804339
4.43867 1.17705
4.44791 1.3747
4.45714 0.974855
4.46638 1.17829
4.47562 1.24966
4.48486 1.19776
4.49409 1.32195
4.50333 1.15652
4.51257 0.927805
4.52181 1.24953
4.53104 1.3843
4.54028 1.19802
4.54952 1.34169
4.55876 0.815567
4.568 0.958733
4.57723 1.27802
4.58647 1.03411
4.59571 1.14338
4.60495 0.773462
4.61418 1.28086
