0.01682612 0.451744
0.991287666667 0.729031666667
0.0188172366667 0.639424666667
0.112866933333 0.36059
0.00206129333333 0.457422366667
0.00519717666667 0.333488366667
0.00719254666667 0.201165033333
0.0788242666667 0.978134666667
0.955946 0.681382
0.978955333333 0.633073333333
0.967729 0.581464333333
0.00536164666667 0.750453
0.0818436 0.437731333333
0.0306829933333 0.384737
0.0609988 0.417855
0.417994 0.356531
0.03607199 0.0652742333333
0.0702576666667 0.0523507666667
0.226805 0.457013333333
0.263786333333 0.460719333333
0.952317333333 0.0444066
0.641936666667 0.788998
0.933286 0.592258666667
0.907071666667 0.560052666667
0.873337666667 0.565227333333
0.908540333333 0.928309666667
0.965114666667 0.95031
0.948909333333 0.927593333333
0.0259647266667 0.52236
0.182845333333 0.536163
0.206683666667 0.486777
0.221802 0.521341
0.0823503333333 0.359185
0.0650996 0.383651666667
0.0347837933333 0.350533666667
0.04919096 0.308942
0.0782120333333 0.317322333333
0.0151717533333 0.146548366667
0.03085129 0.103376133333
0.136266 0.202872666667
0.141619666667 0.244601333333
0.115813033333 0.263254
0.127656933333 0.321659333333
0.109937966667 0.295879
0.0244553233333 0.245464
0.0507239933333 0.269188666667
0.0856201333333 0.244944
0.133538 0.385404
0.146867 0.437651333333
0.122256666667 0.421091666667
0.169627 0.381142
0.213036 0.419903
0.180656666667 0.413784
0.290362333333 0.439343666667
0.172090666667 0.571335666667
0.608475666667 0.796859666667
0.609453 0.831390666667
0.585739 0.850582666667
0.941472333333 0.229940666667
0.959986666667 0.201022
0.972102 0.0925757
0.83109 0.433841333333
0.982847333333 0.263851
0.993668333333 0.325307
0.987127333333 0.196164
0.516482333333 0.670718666667
0.749242333333 0.616684
0.719814 0.599149666667
0.763880666667 0.538768666667
0.776298333333 0.497927666667
0.71423 0.572985333333
0.683888666667 0.552776333333
0.734541666667 0.540654666667
0.704200333333 0.520445666667
0.630151333333 0.497432
0.889311 0.702689333333
0.717588666667 0.803175333333
0.748716333333 0.814106
0.740813666667 0.845058333333
0.649633666667 0.837665
0.672545 0.814210666667
0.912759666667 0.526619333333
0.892384333333 0.951707666667
0.925362 0.970740333333
0.968807666667 0.896638
0.948553 0.873823666667
0.986530666667 0.834531666667
0.950125333333 0.724275666667
0.968377666667 0.781467
0.953996666667 0.823726666667
0.917039666667 0.858917666667
0.922483333333 0.808820666667
0.0367179266667 0.611872
0.03145046 0.568907333333
0.0597962 0.538003333333
0.077787 0.473563333333
0.0543104666667 0.491456
0.158315 0.516018333333
0.122624066667 0.515891333333
0.114022066667 0.487826333333
0.142689 0.468554
0.172024 0.484907666667
0.894056666667 0.247911
0.908596 0.220475
0.390896 0.338852333333
0.283255333333 0.127855866667
0.163666333333 0.171658666667
0.158414333333 0.135837333333
0.263361666667 0.0955020666667
0.0578411666667 0.110796766667
0.120757866667 0.130295
0.112841533333 0.0964912333333
0.0816977666667 0.0840683333333
0.199155333333 0.245398333333
0.168626333333 0.259457666667
0.0337612633333 0.175395333333
0.0406949633333 0.205889333333
0.0584924333333 0.146863666667
0.0902653666667 0.153939
0.1005215 0.190695333333
0.0756822666667 0.214114
0.339097333333 0.391626
0.297898666667 0.407530333333
0.352967 0.351803666667
0.363237666667 0.410704
0.284234 0.490722333333
0.31081 0.469346666667
0.246451 0.541155333333
0.278925666667 0.52623
0.303914333333 0.546797
0.299563 0.580190666667
0.03779361 0.670131
0.0244226766667 0.709203
0.02950257 0.791116666667
0.421918 0.991630333333
0.318751 0.928781333333
0.319223666667 0.965670666667
0.351937 0.979294
0.439467333333 0.844524333333
0.700901 0.628042666667
0.730329333333 0.645577
0.827988333333 0.469467333333
0.808531666667 0.49897
0.868326333333 0.478190666667
0.876781333333 0.506019666667
0.853778 0.539370666667
0.825866333333 0.541044333333
0.548181 0.607132666667
0.581089 0.657446333333
0.555139666667 0.640207333333
0.655952666667 0.55965
0.633555333333 0.531259333333
0.635272333333 0.593690333333
0.777240666667 0.616527
0.816729666667 0.579729666667
0.786977333333 0.578496333333
0.824831666667 0.711602333333
0.854731 0.696286333333
0.794614 0.685167
0.801162 0.648954
0.911310333333 0.613918
0.922744 0.651432333333
0.896212666667 0.669690333333
0.872808666667 0.598368
0.844112333333 0.611196666667
0.861632666667 0.663287333333
0.838281333333 0.642390333333
0.991733 0.478112
0.975346666667 0.538368
0.946591666667 0.515729
0.859187 0.943143333333
0.825705 0.959397333333
0.788289 0.939032666667
0.880878666667 0.901558666667
0.885901666667 0.869216
0.847547 0.910197
0.810747333333 0.909546333333
0.787291666667 0.858655
0.783585666667 0.888038666667
0.798892 0.761335333333
0.829102 0.7461
0.750691 0.948638
0.584667666667 0.88943
0.590834333333 0.960456666667
0.553414666667 0.900163666667
0.0701009333333 0.628960333333
0.0722259666667 0.663139333333
0.0952100333333 0.692366666667
0.138308333333 0.582601666667
0.113372066667 0.547302
0.0869197333333 0.562895
0.128387666667 0.618755666667
0.091957 0.610887333333
0.437587 0.166388666667
0.467839666667 0.141230333333
0.454671666667 0.335691666667
0.481961 0.346141666667
0.515193333333 0.327637
0.274358666667 0.0636826333333
0.252583333333 0.0318662566667
0.517958666667 0.110184866667
0.540554333333 0.0808711333333
0.518650666667 0.0490136333333
0.427901333333 0.440125666667
0.471017333333 0.382682
0.497423666667 0.393637
0.429625333333 0.387022
0.405492 0.405223333333
0.800151666667 0.133730333333
0.800280333333 0.104176233333
0.944016333333 0.160424
0.951851666667 0.1196647
0.854108333333 0.175468
0.841666333333 0.144196
0.894539 0.187882666667
0.911445 0.156750333333
0.371253 0.223154666667
0.260105 0.152264666667
0.224016 0.143269666667
0.210449 0.211281666667
0.197110666667 0.175695
0.207031666667 0.1091576
0.223227 0.0857988
0.174874333333 0.1057616
0.144413666667 0.0798751666667
0.240362333333 0.392251
0.273401333333 0.384965333333
0.349549 0.296208333333
0.333152666667 0.332475333333
0.596289666667 0.49169
0.531963 0.526154333333
0.339382666667 0.541144333333
0.364105666667 0.445090666667
0.343040666667 0.473758666667
0.414061333333 0.489661
0.403035333333 0.458811333333
0.390449333333 0.514588333333
0.358358333333 0.512406666667
0.282125333333 0.609998333333
0.44888 0.782618666667
0.02758317 0.89635
0.0512367 0.944012333333
0.0845683333333 0.722834666667
0.0886835333333 0.756872
0.0482133333333 0.732679333333
0.0523285333333 0.766716666667
0.485183 0.981017
0.446188666667 0.971271666667
0.549297666667 0.963921666667
0.536808666667 0.933253333333
0.483805 0.895920333333
0.474641333333 0.948903333333
0.501146666667 0.927980333333
0.732712 0.344123
0.980619666667 0.322603
0.966452666667 0.368064333333
0.963656666667 0.405365666667
0.980168333333 0.445022333333
0.953051333333 0.477102
0.872884666667 0.425110666667
0.895030666667 0.45316
0.880274333333 0.394097
0.909024666667 0.388294333333
0.931392 0.453843333333
0.937996333333 0.419991333333
0.525617 0.702658666667
0.584483333333 0.722199666667
0.562652333333 0.692306666667
0.483984666667 0.806998666667
0.476674 0.838118666667
0.554206 0.837447333333
0.499555 0.864803333333
0.533502666667 0.863773666667
0.326829666667 0.854794666667
0.416831333333 0.875520333333
0.438288 0.900231666667
0.431920666667 0.930626333333
0.403468 0.952994666667
0.372481333333 0.950403666667
0.382373 0.868896
0.35043 0.917099666667
0.353325666667 0.882671666667
0.621307333333 0.718188333333
0.765740666667 0.699104333333
0.735004333333 0.67764
0.765748333333 0.740775
0.614225333333 0.652788666667
0.632612666667 0.683637666667
0.666343333333 0.67854
0.673940666667 0.640607
0.641832 0.625545333333
0.566516 0.583551333333
0.600051333333 0.580113333333
0.553334666667 0.543769
0.603638666667 0.544638666667
0.582582666667 0.523677
0.862984 0.759571666667
0.873615333333 0.78997
0.907857 0.782722333333
0.893293666667 0.731477
0.921118 0.740437
0.853353666667 0.843146333333
0.852351666667 0.809845333333
0.815237 0.845454666667
0.790442333333 0.811181333333
0.811510333333 0.794682333333
0.719546666667 0.974211666667
0.774320333333 0.979366
0.621644 0.979635666667
0.673383333333 0.970304
0.84078 0.982144666667
0.516842333333 0.993714
0.735305333333 0.892135666667
0.724869 0.923248666667
0.714603333333 0.865957333333
0.442258666667 0.202297
0.475348666667 0.215316666667
0.504345333333 0.203493
0.526777666667 0.146986666667
0.501508 0.165315
0.308606 0.0602888
0.484704 0.0594474
0.464431 0.1069147
0.489280333333 0.0941975666667
0.494114 0.425657666667
0.529188333333 0.452611666667
0.521716333333 0.486780333333
0.483317333333 0.479027666667
0.465669666667 0.450567
0.572576333333 0.0761599
0.766060666667 0.0516943333333
0.770665666667 0.0862093666667
0.786950333333 0.0310631866667
0.825923 0.0346751533333
0.864398 0.0168794866667
0.863812 0.1167872
0.89316 0.116926866667
0.838123666667 0.0900874333333
0.845166333333 0.0585920333333
0.915609 0.0914365666667
0.913237333333 0.0566748
0.883641333333 0.0407963666667
0.405656333333 0.158541333333
0.377326 0.187857
0.344178 0.173817666667
0.339660666667 0.233946666667
0.328870666667 0.269807666667
0.322206 0.202179666667
0.220687 0.02873079
0.202327666667 0.0508439
0.155671666667 0.0483162666667
0.112659433333 0.0332147666667
0.1553951 0.01482969
0.226367666667 0.359994
0.188011666667 0.355004
0.166712666667 0.320335333333
0.184719 0.293911333333
0.326275 0.601528666667
0.350174666667 0.582057333333
0.308837333333 0.631336333333
0.407762666667 0.819061333333
0.409864666667 0.788275666667
0.376047333333 0.82965
0.373799666667 0.764267666667
0.341521 0.823547666667
0.0417275033333 0.818375333333
0.03555437 0.850938333333
0.110790233333 0.777318333333
0.162102666667 0.800719333333
0.158878 0.736106
0.142315 0.766261
0.210788 0.981000333333
0.261285666667 0.964406333333
0.292828 0.910311
0.298011 0.870752333333
0.809961666667 0.415727666667
0.765531333333 0.361044
0.757482 0.468744333333
0.774663666667 0.432962333333
0.759427333333 0.404310333333
0.568371666667 0.284949333333
0.515037666667 0.271762
0.531364 0.295109
0.584264 0.249789666667
0.563553 0.220368333333
0.531334333333 0.232181
0.586221 0.457516
0.558614333333 0.437719666667
0.909936666667 0.350311
0.941704333333 0.344706666667
0.893049333333 0.316690333333
0.908530333333 0.281252666667
0.939584666667 0.269412
0.955871333333 0.299245333333
0.499974 0.753883
0.521511333333 0.736485333333
0.511204666667 0.792352333333
0.544735333333 0.806617666667
0.575291 0.785222
0.563297666667 0.753559
0.663179666667 0.767796333333
0.654549333333 0.739983666667
0.715471333333 0.772332333333
0.734523333333 0.746203666667
0.683529 0.707460333333
0.711211333333 0.709144333333
0.654700333333 0.869758
0.682529 0.878133333333
0.613448333333 0.902331
0.620935666667 0.932188
0.665532 0.941003666667
0.685873333333 0.919522
0.476561 0.276556
0.463861 0.248798666667
0.449310333333 0.304579666667
0.409982 0.306778333333
0.388449333333 0.283462666667
0.399363333333 0.24627
0.430771 0.235779
0.573035 0.186560333333
0.555306333333 0.157302333333
0.611206666667 0.181035333333
0.352832666667 0.0316617333333
0.314665 0.0141428566667
0.457852 0.0367196666667
0.492543666667 0.00703327666667
0.436416666667 0.0837212333333
0.396718 0.0425277
0.434414 0.0482763666667
0.595252333333 0.0409516
0.553014666667 0.0271431333333
0.509206333333 0.0174986666667
0.723748333333 0.0123596533333
0.619761666667 0.01107982
0.675422 0.0253245
0.630309333333 0.0420611666667
0.317659666667 0.122678533333
0.343226 0.140598
0.332013333333 0.0869309
0.369438333333 0.0740685666667
0.387416666667 0.125965666667
0.399275333333 0.0951838666667
0.271937333333 0.260706
0.299758333333 0.284658666667
0.233899 0.27295
0.226341 0.299878333333
0.246690666667 0.331292333333
0.278057666667 0.345806333333
0.299261 0.327861333333
0.268112333333 0.179017333333
0.294857 0.20089
0.245361666667 0.205609
0.272106333333 0.227481666667
0.376858 0.734534333333
0.407017 0.721072
0.466848 0.731059
0.442974 0.745148333333
0.382503 0.599254333333
0.197815 0.686913666667
0.147388 0.644230666667
0.161610666667 0.703548333333
0.133582666667 0.682789
0.239065 0.645970666667
0.198985666667 0.591947666667
0.184203666667 0.628688666667
0.206602666667 0.650612333333
0.234389333333 0.576589333333
0.252069666667 0.608688666667
0.216127 0.717585666667
0.195062333333 0.744952666667
0.224133666667 0.796457666667
0.192915666667 0.784517333333
0.261190333333 0.770593666667
0.285716 0.794069333333
0.333305666667 0.765223
0.320238666667 0.79235
0.0681353666667 0.859328666667
0.139982666667 0.827379666667
0.0743085 0.826765666667
0.1038099 0.814711
0.228820666667 0.939684
0.260835666667 0.922478
0.269142666667 0.824597666667
0.272093 0.857674666667
0.228220333333 0.826733666667
0.245579666667 0.889719666667
0.792992 0.349478666667
0.862567 0.323187
0.850704 0.362610333333
0.822186 0.375510333333
0.697457666667 0.490568333333
0.723110666667 0.467845
0.655632 0.477335
0.596346333333 0.375945333333
0.576883 0.317378666667
0.602523333333 0.332157666667
0.56388 0.390626
0.537763666667 0.373497333333
0.544589666667 0.344037666667
0.843155 0.299345
0.802098 0.312736666667
0.721321333333 0.319009666667
0.736444333333 0.205192666667
0.725068666667 0.145342333333
0.690319666667 0.163552
0.696393 0.196364666667
0.762875333333 0.152221333333
0.768177666667 0.179259
0.593028 0.1009323
0.583895333333 0.132189666667
0.619198 0.150128666667
0.655939333333 0.143090666667
0.633353333333 0.0756208
0.715487666667 0.115697566667
0.735307 0.0918820333333
0.671156 0.114319566667
0.663538666667 0.0828377333333
0.730702 0.057367
0.703265333333 0.0497007
0.30809 0.659275333333
0.341694 0.676962333333
0.33955 0.714736333333
0.312455666667 0.732110666667
0.268373333333 0.675219333333
0.254223 0.710533
0.274863 0.735762
0.507146666667 0.599420333333
0.413705333333 0.540059333333
0.416586 0.572291666667
0.450744 0.587187
0.437317333333 0.515132
0.469359 0.511204666667
0.495278666667 0.543357
0.484852333333 0.573920333333
0.372859333333 0.664797333333
0.389021333333 0.634499666667
0.400874333333 0.689109
0.0980137666667 0.876604
0.140359666667 0.856709666667
0.676442 0.36816
0.715314666667 0.371960666667
0.730989333333 0.407314666667
0.711854333333 0.435067333333
0.835569666667 0.202320666667
0.801105 0.197494
0.861461 0.242171333333
0.842372666667 0.264960666667
0.783199666667 0.288526
0.747428 0.292027
0.730860333333 0.264718333333
0.751255666667 0.233601333333
0.790267333333 0.231666
0.805643666667 0.259282
0.68946 0.304956666667
0.661978 0.326269333333
0.631015 0.304950666667
0.694671 0.269735666667
0.428164 0.673916
0.424328666667 0.643105333333
0.486543 0.666015333333
0.458180666667 0.691789666667
0.484166 0.627791666667
0.451968333333 0.622755333333
0.145049333333 0.928592333333
0.111129533333 0.966397666667
0.144330333333 0.962688666667
0.0835419666667 0.932275333333
0.1051981 0.909989333333
0.17011 0.870874333333
0.204632666667 0.855618333333
0.219041666667 0.885527333333
0.196063666667 0.919360333333
0.167615333333 0.909371666667
0.656458666667 0.391574333333
0.676196333333 0.423127666667
0.645627 0.442672
0.610077666667 0.428595
0.614937333333 0.394118
0.670151666667 0.212985333333
0.673571333333 0.247285
0.633864333333 0.203260333333
0.616403666667 0.238206666667
0.637397333333 0.261187333333
