0.196542 0.0128523
0.257016 0.125437
0.377964 1.28738
0.408202 0.469463
0.52915 0.563161
0.559387 0.335204
0.589625 0.342664
0.680336 0.695761
0.74081 0.272201
0.771048 0.200052
0.801285 0.605549
0.831522 0.376546
0.95247 0.563455
1.01294 0.445389
1.07342 0.724529
1.10366 1.46843
1.13389 1.19113
1.16413 0.791519
1.19437 1.75909
1.2246 0.832008
1.25484 2.25771
1.31532 0.22187
1.34555 1.25062
1.37579 0.993663
1.43626 1.68814
1.4665 1.14755
1.49674 2.02461
1.52698 1.55869
1.55721 1.36579
1.61769 1.24536
1.67816 1.80139
1.7084 0.926897
1.73864 0.783578
1.76887 0.861083
1.79911 0.889212
1.85959 0.683967
1.88982 0.772359
1.92006 0.794705
1.9503 1.17574
1.98053 0.590616
2.01077 0.450253
2.04101 0.687976
2.07125 0.210917
2.10148 1.05375
2.13172 0.608833
2.16196 0.799914
2.19219 1.36057
2.22243 1.46856
2.28291 0.672941
2.31314 0.987444
2.34338 0.833548
2.37362 0.805489
2.40385 1.0581
2.43409 0.40603
2.46433 1.11247
2.49457 0.899687
2.5248 0.77495
2.55504 1.16221
2.58528 1.46162
2.61551 1.81454
2.64575 1.19712
2.67599 0.878602
2.70623 1.06102
2.73646 0.486897
2.7667 1.7995
2.79694 1.00542
2.82717 1.07117
2.85741 2.85157
2.88765 1.04209
2.94812 1.11747
2.97836 0.963022
3.03883 0.815182
3.06907 1.34048
3.09931 1.55208
3.12955 0.939087
3.15978 0.519896
3.22026 0.912843
3.25049 0.859817
3.31097 0.965285
3.34121 0.538103
3.37144 0.722781
3.40168 0.705996
3.43192 0.853083
3.46215 1.10634
3.49239 0.690778
3.52263 1.01188
3.55287 1.16495
3.5831 0.67708
3.61334 0.789525
3.64358 1.07963
3.67381 1.06403
3.70405 1.31588
3.73429 0.907178
3.76453 0.866887
3.79476 1.16395
3.825 1.27007
3.85524 1.55671
3.88547 1.11742
3.94595 0.772542
3.97619 1.15191
4.00642 1.18751
4.03666 1.59758
4.0669 0.553629
4.09713 2.1519
4.12737 1.85133
4.15761 1.00197
4.18785 1.04104
4.21808 1.74378
4.24832 1.38969
4.27856 0.630365
4.30879 1.44869
4.33903 1.0869
4.36927 0.735884
4.39951 0.838846
4.42974 0.846082
4.45998 1.67548
4.49022 0.634252
4.52046 1.12876
4.55069 0.759618
4.58093 0.572693
4.61117 0.604579
4.6414 0.810147
4.67164 0.782795
4.70188 1.04009
4.73212 1.00123
4.76235 0.723087
4.79259 0.487076
4.82283 1.10895
4.85306 0.667456
4.8833 0.616409
4.91354 0.961803
4.94378 1.16848
4.97401 1.36298
5.00425 1.08002
5.03449 1.58531
5.06472 0.560908
5.09496 1.07412
5.1252 0.47738
5.15544 0.889345
5.18567 1.47558
5.21591 0.486248
5.24615 0.692621
5.27638 1.03498
5.30662 1.06477
5.33686 1.29644
5.3671 1.45352
5.39733 0.933028
5.42757 1.06702
5.45781 1.05177
5.48804 1.11327
5.51828 0.911292
5.54852 1.43579
5.57876 0.879782
5.60899 1.23404
5.63923 1.20221
5.66947 1.50609
5.6997 1.14587
5.72994 0.536615
5.76018 0.875486
5.79042 0.985413
5.82065 0.980594
5.85089 0.764831
5.88113 0.923787
5.91136 0.610374
5.9416 0.84963
5.97184 0.841196
6.00208 0.719549
6.03231 0.837631
6.06255 1.11737
6.09279 1.36599
6.12302 0.524641
6.15326 0.89685
6.1835 0.864269
6.21374 0.493216
6.24397 0.449012
6.27421 1.18395
6.30445 0.844123
6.33468 2.0234
6.36492 0.716899
6.39516 0.786831
6.4254 1.26005
6.45563 0.796205
6.48587 0.481298
6.51611 1.14339
6.54634 0.921831
6.57658 0.978189
6.60682 0.95753
6.63706 0.992333
6.66729 1.23553
6.69753 0.903995
6.72777 1.56192
6.758 0.862363
6.78824 1.69256
6.81848 1.0469
6.84872 1.20544
6.87895 0.844719
6.90919 1.11082
6.93943 1.07719
6.96966 0.629502
6.9999 1.26181
7.03014 1.0095
7.06038 0.98366
7.09061 1.33028
7.12085 0.980066
7.15109 0.77856
7.18132 0.698044
7.21156 0.59278
7.2418 1.01793
7.27204 1.12669
7.30227 1.06966
7.33251 1.22708
7.36275 0.819089
7.39299 1.02605
7.42322 0.572077
7.45346 0.76816
7.4837 1.25118
7.51393 1.15524
7.54417 0.885372
7.57441 1.53719
7.60465 0.816007
7.63488 1.57526
7.66512 0.810961
7.69536 0.711055
7.72559 1.03052
7.75583 0.732736
7.78607 1.23721
7.81631 0.902345
7.84654 1.53727
7.87678 1.13684
7.90702 0.683974
7.93725 1.13535
7.96749 1.02903
7.99773 0.951139
8.02797 0.975243
8.0582 1.25973
8.08844 1.26064
8.11868 1.44201
8.14891 1.06532
8.17915 0.587084
8.20939 0.978645
8.23963 1.02588
8.26986 0.914146
8.3001 1.06037
8.33034 1.50534
8.36057 0.887457
8.39081 0.904643
8.42105 1.01596
8.45129 0.820316
8.48152 0.760894
8.51176 0.728451
8.542 0.95752
8.57223 0.994944
8.60247 1.04758
8.63271 0.864219
8.66295 0.89366
8.69318 0.897292
8.72342 0.918927
8.75366 0.741367
8.78389 1.2966
8.81413 0.834421
8.84437 1.04289
8.87461 1.09139
8.90484 0.777724
8.93508 0.92699
8.96532 0.878536
8.99555 1.21922
9.02579 1.11748
9.05603 0.958328
9.08627 1.0064
9.1165 1.19536
9.14674 1.07862
9.17698 1.20923
9.20721 1.19149
9.23745 1.0586
9.26769 1.06573
9.29793 0.985357
9.32816 1.22719
9.3584 1.21071
9.38864 1.00057
9.41887 1.06967
9.44911 0.885967
9.47935 0.966876
9.50959 0.857433
9.53982 1.37671
9.57006 0.883978
9.6003 0.718901
9.63053 1.01779
9.66077 1.18605
9.69101 1.33213
9.72125 1.24253
9.75148 1.01128
9.78172 0.714873
9.81196 0.734576
9.84219 1.00387
9.87243 0.877545
9.90267 0.787378
9.93291 0.772884
9.96314 0.520202
9.99338 0.70189
10.0236 0.999447
10.0539 1.0468
10.0841 1.3879
10.1143 1.08584
10.1446 0.964158
10.1748 0.945204
10.205 0.785905
10.2353 0.868705
10.2655 0.937484
10.2958 1.1456
10.326 1.24166
10.3562 1.45843
10.3865 1.13781
10.4167 0.895026
10.4469 0.788266
10.4772 0.997141
10.5074 1.04614
10.5376 1.20504
10.5679 1.18788
10.5981 0.914457
10.6284 1.26852
10.6586 1.12797
10.6888 1.0566
10.7191 1.08053
10.7493 0.87945
10.7795 1.04286
10.8098 0.861018
10.84 0.907717
10.8703 0.711337
10.9005 0.858819
10.9307 0.82196
10.961 0.960712
10.9912 1.06358
11.0214 1.09108
11.0517 1.2961
11.0819 1.08449
11.1122 0.939299
11.1424 1.37021
11.1726 0.823665
11.2029 0.629488
11.2331 0.93257
11.2633 0.750485
11.2936 0.80382
11.3238 1.34721
11.3541 0.966001
11.3843 0.786021
11.4145 1.10355
11.4448 1.09498
11.475 1.58192
11.5052 0.863457
11.5355 0.763837
11.5657 0.917963
11.596 0.846268
11.6262 1.56377
11.6564 0.991465
11.6867 1.12136
11.7169 1.3024
11.7471 0.938616
11.7774 1.21243
11.8076 0.954926
11.8378 0.848763
11.8681 1.10833
11.8983 0.916085
11.9286 0.974581
11.9588 1.36087
11.989 1.18257
12.0193 1.27744
12.0495 0.788228
12.0797 0.896139
12.11 0.724981
12.1402 1.11623
12.1705 0.887937
12.2007 1.01392
12.2309 0.814842
12.2612 0.797593
12.2914 0.874574
12.3216 0.907287
12.3519 1.12205
12.3821 1.0472
12.4124 1.19074
12.4426 0.849174
12.4728 0.997536
12.5031 1.18337
12.5333 1.14347
12.5635 0.733357
12.5938 0.770242
12.624 0.884755
12.6543 0.879635
12.6845 0.971316
12.7147 1.13196
12.745 0.908558
12.7752 1.1465
12.8054 1.16104
12.8357 1.28415
12.8659 1.04984
12.8961 1.17447
12.9264 1.31601
12.9566 0.904859
12.9869 1.233
13.0171 0.965471
13.0473 1.02035
13.0776 0.743643
13.1078 1.20297
13.138 0.729378
13.1683 0.871745
13.1985 1.05809
13.2288 1.0022
13.259 0.861534
13.2892 0.741664
13.3195 1.01679
13.3497 0.807178
13.3799 1.06829
13.4102 1.03388
13.4404 0.99716
13.4707 1.15048
13.5009 1.00176
13.5311 1.21475
13.5614 0.940528
13.5916 0.722695
13.6218 1.063
13.6521 0.965147
13.6823 0.822538
13.7126 0.619123
13.7428 1.00184
13.773 1.01477
13.8033 1.28527
13.8335 0.784838
13.8637 0.878037
13.894 1.23304
13.9242 1.36665
13.9544 0.891304
13.9847 0.736451
14.0149 1.31005
14.0452 0.932226
14.0754 1.11563
14.1056 0.86183
14.1359 0.938538
14.1661 0.95161
14.1963 1.19453
14.2266 1.02187
14.2568 0.669644
14.2871 1.05218
14.3173 1.06723
14.3475 0.991907
14.3778 1.13539
14.408 0.976278
14.4382 1.05264
14.4685 0.987866
14.4987 0.968424
14.529 1.41251
14.5592 0.912597
14.5894 0.754573
14.6197 1.03283
14.6499 0.808385
14.6801 0.622227
14.7104 1.07559
14.7406 1.00149
14.7709 1.03436
14.8011 1.26635
14.8313 1.05606
14.8616 1.34691
14.8918 0.994441
14.922 0.551801
14.9523 0.789933
14.9825 1.09139
15.0127 0.8922
15.043 0.804898
15.0732 1.25243
15.1035 1.20489
