0.0974049 0.00323454
0.127376 0.0283302
0.187317 0.302498
0.202303 0.10517
0.262244 0.123172
0.277229 0.0655789
0.292215 0.0619709
0.337171 0.127067
0.367142 0.0432361
0.382127 0.052167
0.397112 0.0722723
0.412098 0.0773716
0.472039 0.119132
0.50201 0.163203
0.531981 0.0581217
0.546966 0.204368
0.561951 0.109694
0.576937 0.0894713
0.591922 0.213329
0.606908 0.0495395
0.621893 0.262509
0.651864 0.0203933
0.666849 0.153085
0.681834 0.20931
0.711805 0.0738076
0.726791 0.194397
0.741776 0.218653
0.756761 0.411971
0.771747 0.476955
0.801717 0.397898
0.831688 0.919541
0.846674 1.11304
0.861659 0.694418
0.876644 0.586823
0.89163 0.513066
0.9216 1.49416
0.936586 0.816452
0.951571 1.66586
0.966557 2.06718
0.981542 2.03008
0.996527 2.01904
1.01151 1.42779
1.0265 0.685125
1.04148 2.55418
1.05647 1.54707
1.07145 1.83404
1.08644 0.973804
1.10142 1.17054
1.1314 1.11689
1.14638 0.979814
1.16137 1.24381
1.17635 0.600887
1.19134 1.98359
1.20632 1.1465
1.22131 0.910963
1.23629 0.618727
1.25128 1.40361
1.26626 1.03383
1.28125 1.22319
1.29623 1.56282
1.31122 0.955626
1.32621 1.07294
1.34119 0.737255
1.35618 1.02652
1.37116 2.02189
1.38615 0.762667
1.40113 1.23204
1.41612 2.06857
1.4311 1.37322
1.46107 0.840999
1.47606 1.14364
1.50603 1.25451
1.52102 1.1239
1.536 1.35278
1.55099 0.641651
1.56597 0.73331
1.59594 1.00232
1.61093 0.845688
1.6409 0.840578
1.65588 0.902566
1.67087 1.35082
1.68585 0.709066
1.70084 0.598601
1.71583 0.822288
1.73081 1.35783
1.7458 1.19243
1.76078 0.577365
1.77577 1.23332
1.79075 1.05606
1.80574 0.893742
1.82072 1.16014
1.83571 0.901662
1.85069 1.26295
1.86568 0.543699
1.88066 0.669888
1.89565 0.765904
1.91064 1.57351
1.92562 0.934343
1.95559 0.964697
1.97058 1.3509
1.98556 0.86956
2.00055 0.566494
2.01553 0.863944
2.03052 0.590248
2.0455 0.709081
2.06049 0.979294
2.07547 0.701241
2.09046 0.768159
2.10544 1.06448
2.12043 0.796496
2.13542 0.788314
2.1504 0.723321
2.16539 0.475994
2.18037 0.767159
2.19536 0.828864
2.21034 1.01781
2.22533 0.480679
2.24031 1.15885
2.2553 0.570885
2.27028 0.936791
2.28527 1.24128
2.30025 0.981865
2.31524 0.771908
2.33023 0.261368
2.34521 0.847126
2.3602 1.09061
2.37518 0.90751
2.39017 1.58573
2.40515 0.786416
2.42014 0.336597
2.43512 1.15056
2.45011 1.41286
2.46509 1.62049
2.48008 0.94182
2.49506 1.41643
2.51005 0.604504
2.52504 1.17773
2.54002 1.17581
2.55501 1.16502
2.56999 1.33423
2.58498 0.727972
2.59996 1.62617
2.61495 0.910646
2.62993 1.09288
2.64492 1.39781
2.6599 1.28576
2.67489 0.988359
2.68987 0.67094
2.70486 0.91612
2.71985 1.25915
2.73483 1.0151
2.74982 1.17419
2.7648 1.05573
2.77979 0.863451
2.79477 1.91699
2.80976 1.44884
2.82474 1.8125
2.83973 0.637266
2.85471 1.32306
2.8697 1.41428
2.88468 1.49765
2.89967 0.941546
2.91466 0.978543
2.92964 0.666427
2.94463 0.57259
2.95961 0.977761
2.9746 0.772086
2.98958 1.06291
3.00457 0.794056
3.01955 0.884281
3.03454 1.1583
3.04952 1.05617
3.06451 1.16154
3.07949 0.428204
3.09448 0.877515
3.10946 0.91238
3.12445 1.09462
3.13944 1.02599
3.15442 0.917445
3.16941 0.791267
3.18439 0.604131
3.19938 0.679996
3.21436 0.900776
3.22935 0.722296
3.24433 1.14878
3.25932 1.18704
3.2743 0.75871
3.28929 0.642578
3.30427 0.799065
3.31926 0.749764
3.33425 1.80588
3.34923 0.641946
3.36422 0.908979
3.3792 0.804942
3.39419 0.723803
3.40917 0.960686
3.42416 0.457595
3.43914 0.945276
3.45413 0.716792
3.46911 0.941764
3.4841 0.760674
3.49908 1.1598
3.51407 0.914502
3.52906 0.909923
3.54404 0.662965
3.55903 0.780861
3.57401 1.09706
3.589 0.72213
3.60398 0.992698
3.61897 1.06055
3.63395 0.897916
3.64894 0.988281
3.66392 0.930863
3.67891 1.06813
3.69389 0.860108
3.70888 1.54347
3.72387 1.37947
3.73885 0.722101
3.75384 1.15799
3.76882 1.20334
3.78381 1.67819
3.79879 1.16448
3.81378 1.1838
3.82876 0.972521
3.84375 1.09875
3.85873 1.50674
3.87372 0.9485
3.8887 2.18521
3.90369 1.31197
3.91868 0.875907
3.93366 1.42661
3.94865 0.908027
3.96363 0.495913
3.97862 1.37088
3.9936 1.01797
4.00859 1.80667
4.02357 1.61731
4.03856 1.48257
4.05354 0.978241
4.06853 1.063
4.08351 1.23634
4.0985 0.863514
4.11348 1.04367
4.12847 1.01021
4.14346 0.965828
4.15844 0.822266
4.17343 1.30949
4.18841 1.12263
4.2034 0.711546
4.21838 0.802795
4.23337 0.594885
4.24835 1.06006
4.26334 1.26092
4.27832 0.746871
4.29331 0.867327
4.30829 0.931304
4.32328 0.869199
4.33827 0.808038
4.35325 1.10228
4.36824 0.797221
4.38322 1.01745
4.39821 0.488495
4.41319 0.975491
4.42818 1.40279
4.44316 0.688448
4.45815 0.931707
4.47313 0.497558
4.48812 0.829577
4.5031 0.78628
4.51809 0.747034
4.53308 0.611702
4.54806 0.562281
4.56305 1.01719
4.57803 0.656978
4.59302 0.72643
4.608 0.500738
4.62299 1.19866
4.63797 1.12201
4.65296 0.956454
4.66794 0.990081
4.68293 0.855224
4.69791 0.79502
4.7129 0.813946
4.72789 1.14074
4.74287 1.06046
4.75786 0.544348
4.77284 0.888106
4.78783 0.930006
4.80281 0.808727
4.8178 0.910688
4.83278 1.00084
4.84777 0.698023
4.86275 0.823361
4.87774 1.23934
4.89272 1.07749
4.90771 1.26856
4.9227 1.29352
4.93768 1.445
4.95267 1.21561
4.96765 0.964765
4.98264 1.17098
4.99762 1.36641
5.01261 1.00205
5.02759 1.20524
5.04258 1.03463
5.05756 1.48065
5.07255 1.57925
5.08753 1.26658
5.10252 1.50167
5.1175 1.19531
5.13249 1.20103
5.14748 1.16364
5.16246 1.45305
5.17745 0.987399
5.19243 0.810597
5.20742 1.21364
5.2224 1.25761
5.23739 1.16763
5.25237 0.879711
5.26736 1.41818
5.28234 0.908211
5.29733 1.51593
5.31231 1.04629
5.3273 1.08154
5.34229 1.11048
5.35727 0.975003
5.37226 0.877813
5.38724 0.808894
5.40223 0.521787
5.41721 0.753855
5.4322 0.902292
5.44718 1.21015
5.46217 0.977928
5.47715 0.659091
5.49214 1.14183
5.50712 0.691431
5.52211 0.992355
5.5371 0.984628
5.55208 0.734586
5.56707 1.00188
5.58205 0.717583
5.59704 1.00816
5.61202 1.01931
5.62701 0.869294
5.64199 0.791407
5.65698 1.03969
5.67196 0.947924
5.68695 0.709333
5.70193 0.704275
5.71692 0.785485
5.73191 0.915952
5.74689 0.927789
5.76188 1.07743
5.77686 0.771345
5.79185 0.863836
5.80683 0.832378
5.82182 0.865621
5.8368 0.899353
5.85179 0.76228
5.86677 0.70513
5.88176 1.1784
5.89674 0.65783
5.91173 1.08075
5.92672 0.946275
5.9417 0.934062
5.95669 0.761315
5.97167 1.36064
5.98666 0.67845
6.00164 1.17412
6.01663 0.947628
6.03161 1.10448
6.0466 0.802649
6.06158 0.747921
6.07657 0.872766
6.09155 0.939224
6.10654 0.944812
6.12152 0.817454
6.13651 1.12557
6.1515 1.07941
6.16648 1.43851
6.18147 1.02911
6.19645 1.00858
6.21144 1.39824
6.22642 0.932065
6.24141 1.14458
6.25639 1.65703
6.27138 0.852657
6.28636 1.08794
6.30135 1.23249
6.31633 1.19293
6.33132 1.40785
6.34631 0.895137
6.36129 1.01042
6.37628 1.25574
6.39126 1.1266
6.40625 1.86163
6.42123 0.959173
6.43622 1.13686
6.4512 1.09087
6.46619 0.940853
6.48117 1.00385
6.49616 1.27694
6.51114 1.10609
6.52613 1.0385
6.54112 1.32037
6.5561 0.824587
6.57109 0.96246
6.58607 0.730831
6.60106 0.927189
6.61604 1.08884
6.63103 1.19282
6.64601 0.841229
6.661 1.13081
6.67598 0.928702
6.69097 0.747702
6.70595 1.28361
6.72094 0.976448
6.73593 0.924739
6.75091 0.845783
6.7659 0.966376
6.78088 0.871391
6.79587 0.918224
6.81085 0.798707
6.82584 0.852151
6.84082 0.963097
6.85581 1.02908
6.87079 0.849517
6.88578 0.820455
6.90076 0.760959
6.91575 0.929295
6.93074 0.778754
6.94572 0.877921
6.96071 0.818318
6.97569 0.781963
6.99068 0.911068
7.00566 1.03066
7.02065 1.13121
7.03563 0.949807
7.05062 0.665675
7.0656 0.913939
7.08059 0.771633
7.09557 0.842815
7.11056 0.78366
7.12554 0.868999
7.14053 1.13132
7.15552 0.77817
7.1705 0.702496
7.18549 0.463029
7.20047 0.901027
7.21546 0.885399
7.23044 0.743503
7.24543 0.836492
7.26041 0.906595
7.2754 0.748586
7.29038 1.02942
7.30537 0.788722
7.32035 1.12334
7.33534 1.16109
7.35033 1.30538
7.36531 1.03917
7.3803 1.4394
7.39528 1.04582
7.41027 1.24147
7.42525 1.04266
7.44024 1.38696
7.45522 0.753768
7.47021 1.49714
7.48519 1.10626
