0.981029 0.873133
0.00497886333333 0.522477666667
0.956781 0.0349394966667
0.00637095666667 0.657540333333
0.198003666667 0.510294333333
0.159641666667 0.511165666667
0.929374 0.116667666667
0.949331 0.145843
0.626149333333 0.00558502
0.949125666667 0.174943666667
0.9926 0.667662
0.0413285233333 0.486995
0.0805979 0.497655
0.00575431 0.407438
0.0139225866667 0.369829333333
0.0288182733333 0.459824666667
0.156386333333 0.573791
0.149525 0.542773333333
0.0451814966667 0.67208
0.978358333333 0.130362666667
0.971499333333 0.0692957333333
0.958401333333 0.101187333333
0.619436333333 0.0824815666667
0.569210333333 0.0331536333333
0.513345666667 0.0221428333333
0.453632 0.01211499
0.560563 0.0649272666667
0.586515 0.0967412
0.571227666667 0.130954333333
0.0897525 0.420347333333
0.03649125 0.40148
0.0510590833333 0.429765
0.0405311366667 0.340347
0.0630998 0.371997666667
0.123061466667 0.368369333333
0.0938372333333 0.384199
0.920204666667 0.187838
0.976825666667 0.585818
0.951667666667 0.608029
0.955721666667 0.557923333333
0.930563666667 0.580134333333
0.708838 0.321316
0.599157666667 0.369212333333
0.185731 0.586649333333
0.491856 0.994271333333
0.137904333333 0.484556666667
0.106099733333 0.481087666667
0.137540666667 0.448489333333
0.105736066667 0.445020333333
0.0848954 0.538254666667
0.1165969 0.552827
0.123458233333 0.583844666667
0.619019333333 0.0323240333333
0.643293333333 0.0498380333333
0.643403 0.1002387
0.66726 0.0675951666667
0.486132 0.0385259666667
0.453592 0.0535098666667
0.524570666667 0.0678599
0.418868333333 0.0459635333333
0.393951666667 0.0647391333333
0.391694666667 0.02095179
0.366778 0.03972739
0.527452 0.176955666667
0.594760666667 0.157544666667
0.573542333333 0.182537666667
0.215738 0.482766
0.474872333333 0.459014666667
0.2120642 0.01304969
0.0491081 0.0675666
0.634240333333 0.316191666667
0.670874666667 0.302688333333
0.556207 0.310030333333
0.565321333333 0.346435333333
0.719133666667 0.252150666667
0.650012 0.252516666667
0.675785666667 0.269809666667
0.644784 0.217632333333
0.742713 0.387236333333
0.745682 0.425539666667
0.07287719 0.967577333333
0.347678666667 0.992797
0.225928 0.541154666667
0.222065333333 0.569977333333
0.617567333333 0.987804333333
0.561558 0.975479
0.891590666667 0.951704
0.937266666667 0.93088
0.946317666667 0.902511
0.508486333333 0.432919333333
0.502505 0.603104333333
0.477845333333 0.520933333333
0.509024666667 0.526552
0.487261666667 0.486044666667
0.518441 0.491663333333
0.0568915 0.562393666667
0.0582569666667 0.601747666667
0.02985789 0.531117666667
0.0181995866667 0.593289333333
0.0322875966667 0.643824
0.927985 0.02873973
0.896647 0.0379583333333
0.813672333333 0.0237164666667
0.809690666667 0.00856243
0.719579 0.0185881333333
0.805037666667 0.0427158333333
0.761226333333 0.0346654
0.719375 0.0897545666667
0.699878333333 0.0607447
0.764232333333 0.152426666667
0.509824666667 0.0934208333333
0.507972333333 0.145709666667
0.530529666667 0.124701333333
0.471442666667 0.0833961333333
0.450414 0.1121103
0.466238666667 0.143143333333
0.415427 0.120006633333
0.391666666667 0.0961246333333
0.437384 0.171083666667
0.446179666667 0.201361666667
0.404366333333 0.158524
0.372544 0.175976
0.480871333333 0.212932
0.510562333333 0.201128666667
0.527945 0.233022
0.650370333333 0.129897
0.632510666667 0.157053333333
0.656522333333 0.190973666667
0.693724 0.126263333333
0.153755 0.423774333333
0.150679333333 0.383739666667
0.411769 0.657654333333
0.432679333333 0.694572333333
0.453326333333 0.534701333333
0.1352192 0.0340911333333
0.1025035 0.101819666667
0.0912827 0.0375423333333
0.0803156666667 0.0667574333333
0.215325333333 0.0779900333333
0.140656333333 0.0976893
0.194227333333 0.0540431
0.162405 0.0591758666667
0.336241666667 0.0422663233333
0.253985 0.0620905
0.277909666667 0.02223489
0.232887 0.0381435666667
0.06024687 0.316465666667
0.0450520333333 0.1150865
0.783355333333 0.378635666667
0.905494 0.283092333333
0.911217 0.21866
0.923519666667 0.245274333333
0.576718666667 0.286171333333
0.610654333333 0.294744333333
0.621515 0.263948
0.558320666667 0.245116
0.616287 0.229063666667
0.587028333333 0.218804666667
0.518503666667 0.303410666667
0.508639666667 0.267457666667
0.483015 0.258157666667
0.696737 0.351335
0.713531333333 0.374442666667
0.647302333333 0.344086333333
0.637041 0.369275
0.0778432333333 0.870032333333
0.0519742633333 0.700419
0.181873 0.619559333333
0.414136666667 0.984545666667
0.378089666667 0.972327
0.464487666667 0.962246
0.428440666667 0.950027333333
0.383252666667 0.719041666667
0.419386333333 0.724541
0.449525666667 0.751521666667
0.443693333333 0.783474666667
0.479452666667 0.736751666667
0.469641666667 0.701854
0.481724666667 0.672324333333
0.960218 0.843226
0.951398333333 0.811969666667
0.851097 0.947653666667
0.984472 0.727202
0.969193 0.77854
0.722118333333 0.442249666667
0.730753 0.488261666667
0.667192333333 0.415294333333
0.694248 0.413213333333
0.59556 0.410269333333
0.567048666667 0.416442333333
0.549056666667 0.474561
0.551491333333 0.442847
0.527535 0.583285666667
0.532206666667 0.553035
0.535552 0.388044666667
0.502299333333 0.402721
0.530227 0.359094666667
0.505873666667 0.336022
0.472655333333 0.600558
0.449984333333 0.568024333333
0.428137666667 0.628345666667
0.461131 0.635734
0.777332666667 0.0611815666667
0.753018 0.082141
0.768222 0.116561766667
0.807065 0.0882393333333
0.800030333333 0.119337766667
0.822896333333 0.149307333333
0.875640333333 0.205317
0.884628 0.174495
0.861922333333 0.149969333333
0.798670333333 0.171045
0.843663666667 0.0564899666667
0.836195 0.0890829333333
0.882827 0.0626814
0.899856 0.103299366667
0.868186333333 0.120843366667
0.3378 0.16102
0.261222 0.1352775
0.686816333333 0.187881
0.719036666667 0.216298
0.745961 0.203257666667
0.737315666667 0.162613666667
0.706158333333 0.150327
0.261964333333 0.631901
0.377258 0.649918333333
0.362034666667 0.681337
0.258812333333 0.58177
0.273768 0.605811333333
0.313966333333 0.619613666667
0.418843666667 0.521086666667
0.368843666667 0.208776333333
0.330616333333 0.227968333333
0.202630333333 0.328356333333
0.188897 0.364221
0.153201666667 0.128125633333
0.205334666667 0.183074666667
0.171366 0.200311
0.230133 0.1314755
0.210628 0.106852466667
0.200867 0.154559666667
0.181362 0.129936633333
0.175298666667 0.232900666667
0.199384 0.255199666667
0.1220012 0.152766666667
0.128487533333 0.182204
0.0912177 0.135957333333
0.0649738 0.148415
0.760613666667 0.501988666667
0.720045666667 0.56594
0.7095 0.520694
0.798568666667 0.345988666667
0.803493333333 0.404534
0.776539333333 0.434828333333
0.782836333333 0.465265333333
0.807826666667 0.477826
0.919664333333 0.507833666667
0.957226666667 0.520689666667
0.970897333333 0.447747666667
0.968413 0.481938
0.926539 0.311446666667
0.978438666667 0.209089666667
0.961820333333 0.248598333333
0.984127666667 0.392125333333
0.960169 0.286614333333
0.968143 0.317296
0.993757333333 0.172449
0.995912666667 0.545393333333
0.417944666667 0.235159333333
0.389468666667 0.232806666667
0.144856666667 0.886862666667
0.1129277 0.898793666667
0.182552333333 0.906977333333
0.1217131 0.953528333333
0.1032078 0.928041666667
0.0526818 0.879196
0.0141351266667 0.879877
0.02788657 0.837066666667
0.0388087566667 0.938289333333
0.0628813666667 0.921157666667
0.0847661333333 0.829049333333
0.148334333333 0.641379333333
0.0843473 0.659159
0.0911400666667 0.687498
0.119264233333 0.618523
0.0872215333333 0.62738
0.666256 0.753161333333
0.639527666667 0.732144333333
0.73416 0.628684
0.799847 0.638681333333
0.698281333333 0.633266
0.692084333333 0.59978
0.666724333333 0.583307
0.466297 0.815278
0.494608 0.81665
0.531723333333 0.956417333333
0.609325666667 0.805419
0.645879333333 0.790351
0.684912666667 0.981355
0.658861666667 0.962705
0.882693666667 0.813544
0.912776666667 0.794980666667
0.884692666667 0.844056333333
0.917034333333 0.886216666667
0.923595333333 0.856749333333
0.81787 0.861202
0.858583 0.865419
0.849852333333 0.918285333333
0.873503 0.895545666667
0.784672333333 0.726072
0.759026333333 0.759585
0.706670666667 0.739403333333
0.722800333333 0.761780666667
0.801251666667 0.834498333333
0.760612333333 0.820646333333
0.768927 0.788265666667
0.577437333333 0.504303333333
0.570003666667 0.547888666667
0.656243666667 0.441593
0.622494666667 0.436630666667
0.354703 0.106342
0.333871666667 0.130437
0.326451666667 0.0774954333333
0.289217666667 0.0814109333333
0.288857333333 0.1153455
0.202448333333 0.643990333333
0.231249666667 0.648962666667
0.231377666667 0.690805666667
0.168909666667 0.665810333333
0.284932 0.552280666667
0.265854666667 0.529054333333
0.347519 0.503964333333
0.261085666667 0.497742666667
0.369559666667 0.612801666667
0.336997 0.601516666667
0.391434666667 0.546601666667
0.322918333333 0.558225
0.351729333333 0.536569
0.400111 0.599146
0.410433333333 0.574000666667
0.436332333333 0.455670666667
0.410128666667 0.488673
0.378509333333 0.481583333333
0.328201 0.478513333333
0.359191333333 0.456132333333
0.361562 0.425443
0.374546333333 0.358459
0.386178666667 0.319982666667
0.303890666667 0.182214666667
0.300407333333 0.216362666667
0.272327 0.171563666667
0.245705666667 0.196276666667
0.261016666667 0.223836666667
0.205751666667 0.387942666667
0.206426333333 0.450809666667
0.183169 0.427014
0.320021 0.404121333333
0.240650666667 0.383463666667
0.235316333333 0.309352666667
0.228421333333 0.266902
0.253615666667 0.254926666667
0.148429 0.254457333333
0.127514466667 0.327956666667
0.103933433333 0.312356
0.168865666667 0.307462333333
0.172514333333 0.276756333333
0.05190207 0.287461333333
0.0957825333333 0.216912666667
0.111791333333 0.256576333333
0.0955886333333 0.283351666667
0.803171666667 0.525069666667
0.773127666667 0.536827333333
0.796639666667 0.599002
0.753812666667 0.568346333333
0.76173 0.597604333333
0.901790333333 0.576219333333
0.889386 0.541152333333
0.829574333333 0.582298333333
0.859403666667 0.529626
0.831361666667 0.547748
0.745980666667 0.275928666667
0.740596 0.312215333333
0.77289 0.322381
0.861733333333 0.331677
0.832498666667 0.328242
0.875868 0.288360333333
0.864978333333 0.493363
0.841591333333 0.464241333333
0.906064666667 0.484356333333
0.154499666667 0.955144333333
0.183288333333 0.936807333333
0.186242333333 0.982128666667
0.215031 0.963791666667
0.0353860033333 0.793911333333
0.0671041333333 0.795057666667
0.074074 0.758430666667
0.0225393333333 0.751763
0.0439832633333 0.731586666667
0.280337333333 0.979153333333
0.253504666667 0.958180333333
0.325425666667 0.915321333333
0.326264333333 0.962799
0.347729333333 0.933969
0.366423 0.742486333333
0.205311666667 0.887655666667
0.776339333333 0.664106666667
0.745562 0.655507
0.773042666667 0.699051
0.716644 0.687584333333
0.731267 0.710186666667
0.567869666667 0.600253333333
0.637584666667 0.600036666667
0.617669333333 0.568926333333
0.591301 0.578776333333
0.679715333333 0.688615333333
0.672754666667 0.66112
0.643142 0.703433
0.618803666667 0.666941333333
0.637418 0.644363666667
0.589671 0.783641666667
0.599496333333 0.747556666667
0.573027 0.729701333333
0.521463333333 0.788573666667
0.552449333333 0.803126666667
0.513915 0.749379
0.539038666667 0.731534333333
0.499548333333 0.858572
0.475597666667 0.891031333333
0.480521 0.936220333333
0.508426 0.934935666667
0.607014666667 0.946878666667
0.636973 0.940554
0.792376333333 0.887155
0.809438666667 0.914111666667
0.812388333333 0.735980666667
0.857781 0.789431
0.825524333333 0.800989666667
0.806134666667 0.778664
0.732621 0.830400333333
0.704709666667 0.800215333333
0.610553666667 0.499268666667
0.624665 0.469483
0.629488333333 0.533004
0.658414 0.474445333333
0.661165666667 0.538388333333
0.67598 0.509615333333
0.392423333333 0.411395666667
0.397537 0.377952666667
0.425535 0.422096333333
0.457888 0.395242
0.442157 0.370183333333
0.474266 0.325243666667
0.449635666667 0.337934
0.416648 0.307227
0.461271333333 0.283332333333
0.430892666667 0.271904333333
0.289291333333 0.417867666667
0.271336333333 0.469356333333
0.299842 0.461570333333
0.239767666667 0.438066666667
0.251409333333 0.409792
0.294876 0.278762333333
0.361675 0.303143666667
0.332486 0.259278
0.369363666667 0.266399333333
0.270412 0.357683333333
0.265225333333 0.327371
0.336635 0.357213
0.311900333333 0.370265333333
0.329512 0.326016
0.299590666667 0.308756
0.0526073 0.184912666667
0.0597268666667 0.215681333333
0.0320491033333 0.259454666667
0.0210012033333 0.195118833333
0.0326855333333 0.151584166667
0.851624 0.261820666667
0.848871333333 0.221255
0.82706 0.286542
0.783342666667 0.226171333333
0.809135333333 0.204145666667
0.783265333333 0.262989666667
0.797374333333 0.28869
0.881418333333 0.368876
0.940940666667 0.433514333333
0.916154666667 0.448788666667
0.943425 0.399324
0.916598 0.353913666667
0.939399666667 0.368732
0.193058666667 0.713715
0.159392 0.693692
0.113566733333 0.706457
0.104491666667 0.746222
0.131226266667 0.765727333333
0.444394 0.884045666667
0.440033666667 0.850214333333
0.413270333333 0.917016
0.384384333333 0.910485666667
0.345171 0.875716666667
0.372835333333 0.869456
0.329341 0.726227
0.300207 0.745574333333
0.286298666667 0.667148666667
0.262774666667 0.698556
0.262783666667 0.734517333333
0.331988 0.687129333333
0.315360666667 0.660457666667
0.235190666667 0.893868666667
0.258806666667 0.922395333333
0.291642 0.910310666667
0.227158666667 0.798596666667
0.229300666667 0.754110666667
0.190972666667 0.741058666667
0.164691333333 0.758983333333
0.569641 0.696018333333
0.586565333333 0.660757
0.561833 0.628546
0.523760666667 0.638293
0.514504666667 0.672337
0.535652666667 0.697851333333
0.555970666667 0.921078666667
0.587524666667 0.913871333333
0.554764666667 0.841053333333
0.586403 0.842133
0.605296666667 0.871043
0.528719 0.868422333333
0.532673333333 0.899597
0.735464666667 0.980592333333
0.748879333333 0.950431333333
0.789624333333 0.941444
0.783467666667 0.985983666667
0.811734 0.966881333333
0.967756 0.678851
0.950726 0.641522
0.922398666667 0.657156333333
0.845546333333 0.723001333333
0.871549333333 0.754126
0.913921333333 0.691950666667
0.905064 0.759016333333
0.93333 0.742486333333
0.936162333333 0.713447333333
0.635417333333 0.864444666667
0.653077333333 0.820466666667
0.680984666667 0.824578666667
0.870316333333 0.398142
0.884735333333 0.429046
0.836839333333 0.404588
0.851258333333 0.435492
0.381944 0.7738
0.361875 0.797544
0.414973333333 0.795459666667
0.411814 0.835325
0.382580666667 0.836016333333
0.253870333333 0.823351666667
0.254996333333 0.863747
0.316679 0.853452
0.287603 0.875051
0.171262666667 0.790469333333
0.195402 0.817030666667
0.186943 0.852826666667
0.149018666667 0.856100666667
0.1240126 0.827048666667
0.1377976 0.797213333333
0.850528 0.687502666667
0.882556 0.680600666667
0.829248 0.648035666667
0.891033333333 0.645806333333
0.879082333333 0.615063
0.849325 0.610390333333
0.688748333333 0.868818666667
0.686004666667 0.936698
0.664116 0.914547
0.664711 0.887594333333
0.725470333333 0.925187
0.749153 0.889243
0.725408333333 0.868362333333
0.300385333333 0.775490666667
0.280397 0.802186666667
0.330587333333 0.794287
0.310599 0.820983
