0.0365428133333 0.21164
0.01334023 0.1689706
0.764051 0.0109263566667
0.100109633333 0.0422392
0.0613070666667 0.177193666667
0.0381044833333 0.134524266667
0.482513666667 0.029991
0.112068366667 0.976697
0.0785629333333 0.964085333333
0.149201666667 0.972716666667
0.0442887466667 0.242121
0.0776926666667 0.251638333333
0.974736 0.36337
0.627831333333 0.477769333333
0.962301333333 0.582954666667
0.714167333333 0.0236743
0.585834666667 0.0202361333333
0.647086333333 0.0155468
0.136884666667 0.0954487666667
0.141871666667 0.0668566333333
0.04989845 0.105993633333
0.03885775 0.0680658333333
0.0693605333333 0.0556180333333
0.1013219 0.0919128333333
0.0931992333333 0.1206947
0.1433123 0.0296999
0.152268333333 0.919256
0.170361666667 0.944845333333
0.102383833333 0.307917333333
0.0740567 0.292193666667
0.0199679 0.267732666667
0.0419186533333 0.300177
0.02880702 0.327612666667
0.0923374666667 0.180494666667
0.112435666667 0.152526333333
0.239372 0.587678333333
0.458061666667 0.0504674333333
0.940801 0.549828333333
0.806976666667 0.458890333333
0.866844333333 0.474757333333
0.862847 0.421788333333
0.847891 0.44752
0.429738 0.990937333333
0.670244666667 0.664677333333
0.784270333333 0.979009333333
0.894244666667 0.0171738233333
0.754246 0.0435286666667
0.422962 0.0173044666667
0.358722 0.0144196666667
0.176652 0.0697163666667
0.197256 0.0417055666667
0.173395333333 0.890229
0.146806 0.833623
0.143067333333 0.870375666667
0.108800633333 0.913571666667
0.1068103 0.884173
0.0734992 0.934485666667
0.0282527666667 0.741803666667
0.0335004 0.77649
0.0439960666667 0.810327333333
0.0534059666667 0.852980333333
0.0826652 0.857801
0.267724 0.345917333333
0.218442 0.380554
0.232275333333 0.353145
0.35337 0.424088333333
0.171435333333 0.124266633333
0.221896666667 0.105245533333
0.193417666667 0.0999775
0.285218333333 0.540482
0.270526 0.578752666667
0.938927666667 0.616519666667
0.917427333333 0.583393333333
0.946692666667 0.379246333333
0.929227333333 0.418800333333
0.901247666667 0.408266333333
0.837815333333 0.40045
0.893676333333 0.375183666667
0.919594666667 0.351103
0.85809 0.374145666667
0.834801666667 0.352065666667
0.798767 0.494801333333
0.763704666667 0.495951333333
0.830788666667 0.50389
0.902417333333 0.480168333333
0.902356333333 0.515768666667
0.937486666667 0.521456666667
0.957074333333 0.480917
0.930836666667 0.45477
0.223071 0.625087666667
0.193589666667 0.619044
0.167501333333 0.640204666667
0.173353 0.674627
0.709291 0.715549
0.676472333333 0.697688333333
0.573755 0.985444333333
0.201647 0.984136333333
0.640123666667 0.720547
0.643689666667 0.753751333333
0.633917333333 0.667988
0.612755333333 0.703161
0.687565666667 0.636679333333
0.972956333333 0.629867
0.981342666667 0.459262666667
0.964124666667 0.751073666667
0.986812 0.28780679
0.983166666667 0.503389123333
0.971232666667 0.874740666667
0.964065333333 0.830072666667
0.723258333333 0.636887333333
0.903084 0.752113666667
0.873079 0.766516666667
0.939599 0.776125666667
0.942891666667 0.801815333333
0.834053 0.71845
0.847360666667 0.751124666667
0.793518333333 0.727533666667
0.886438666667 0.952866333333
0.830934 0.95954
0.859023333333 0.938339666667
0.849988333333 0.903152333333
0.982054666667 0.06571479
0.956956333333 0.0287663566667
0.797210666667 0.101071733333
0.784966333333 0.0605968666667
0.773397 0.117239933333
0.638101333333 0.104764333333
0.675177333333 0.0426765
0.630975333333 0.0415807
0.618801333333 0.0692941333333
0.581737333333 0.0726536333333
0.523567333333 0.0496798666667
0.553702666667 0.0405550666667
0.343221333333 0.0421062666667
0.372842333333 0.0265154333333
0.365942666667 0.0731972
0.415198333333 0.0435219
0.404088666667 0.0730676
0.288478666667 0.0764963666667
0.311012666667 0.0445571
0.276393666667 0.0260814666667
0.245437333333 0.0734197666667
0.237562333333 0.0401409333333
0.0408365666667 0.918386333333
0.0359147666667 0.878452666667
0.0546653333333 0.694548666667
0.01712211 0.708138
0.0142470433333 0.784607666667
0.346071 0.454739333333
0.316418333333 0.476713
0.377756666667 0.475655666667
0.284952333333 0.469600666667
0.23439 0.415836333333
0.271043666667 0.426266333333
0.325601333333 0.368453333333
0.327532 0.403690333333
0.290139666667 0.366076333333
0.292070333333 0.401313333333
0.64684 0.293279333333
0.179535 0.317521
0.215104666667 0.321280333333
0.233112 0.144594333333
0.274697666667 0.313568
0.241329666667 0.298297666667
0.236915666667 0.269586333333
0.884759666667 0.579638666667
0.873003 0.540385666667
0.812214333333 0.560039666667
0.837008333333 0.533918
0.848646333333 0.689962
0.792958 0.347149333333
0.725407333333 0.285228
0.655763 0.500080666667
0.690131333333 0.487638666667
0.756106666667 0.287238333333
0.779135 0.314804333333
0.926939 0.0525161666667
0.867954333333 0.200010666667
0.845684666667 0.166883666667
0.842808 0.318932333333
0.811524666667 0.298331666667
0.854804333333 0.237247666667
0.93179 0.29264
0.908813 0.322315
0.874322333333 0.307397333333
0.907503 0.263064666667
0.875072 0.271350666667
0.649149666667 0.446351333333
0.640751666667 0.413820666667
0.688408666667 0.455234666667
0.699412333333 0.249942333333
0.711851 0.754556
0.682598333333 0.769899666667
0.787238333333 0.756051
0.820767666667 0.774053333333
0.748895666667 0.770462666667
0.744911 0.802573666667
0.745045333333 0.969184666667
0.647172333333 0.829715
0.682125 0.810890333333
0.707393 0.827657666667
0.330088666667 0.987361333333
0.267951333333 0.985456
0.955680333333 0.921043
0.938602333333 0.953776666667
0.909045333333 0.934277
0.741473666667 0.665217666667
0.775839333333 0.673303666667
0.735111666667 0.700082333333
0.769477333333 0.708168333333
0.861849333333 0.841529333333
0.884470666667 0.814125666667
0.872757333333 0.877984333333
0.917768333333 0.825412333333
0.938942 0.853669666667
0.904399 0.894582333333
0.933612333333 0.885611333333
0.843709 0.0271519333333
0.811316666667 0.0461001666667
0.886734333333 0.0483240666667
0.770358333333 0.15167
0.732469 0.158392666667
0.720748666667 0.219232
0.708537666667 0.188817666667
0.427629 0.0999882
0.738192666667 0.0996034
0.731286 0.066367
0.696139333333 0.0634720666667
0.716391 0.1249038
0.684582333333 0.1260418
0.671237333333 0.0978464666667
0.0707696 0.669008666667
0.108164166667 0.664694666667
0.152528 0.700956666667
0.125017 0.696929666667
0.157633333333 0.745887333333
0.182354333333 0.388309666667
0.252351333333 0.518915333333
0.251719333333 0.489853
0.367885 0.507273333333
0.352057666667 0.566816666667
0.321579333333 0.538482333333
0.33198 0.511048666667
0.388022 0.410701666667
0.500085666667 0.395401333333
0.492147666667 0.443987666667
0.617591666667 0.334456
0.608260333333 0.306798666667
0.127366333333 0.273686
0.161255666667 0.278702333333
0.108751133333 0.242132333333
0.114506466667 0.213154
0.229708333333 0.660816
0.206078666667 0.689194666667
0.932196333333 0.65385
0.901239666667 0.657248666667
0.888041 0.687229333333
0.955465666667 0.685091333333
0.910223333333 0.717479666667
0.946691333333 0.718740333333
0.801174 0.652650333333
0.836164 0.660864
0.798135 0.615127
0.825453 0.591501666667
0.862003666667 0.604633
0.869675666667 0.636472
0.659243333333 0.531804333333
0.675314666667 0.599739
0.778255 0.563497333333
0.753470333333 0.528325
0.719727333333 0.524028666667
0.704366 0.579779333333
0.700934333333 0.551698
0.769803333333 0.598276333333
0.737123 0.604613333333
0.956371333333 0.256619
0.972852666667 0.252113666667
0.960492333333 0.314437333333
0.915747666667 0.233492666667
0.896466666667 0.204541666667
0.946923666667 0.217512666667
0.963911666667 0.102511666667
0.935775666667 0.0828302666667
0.96689 0.148541
0.916852333333 0.165159
0.945082 0.171758333333
0.853781 0.139181666667
0.829991333333 0.111012466667
0.902001333333 0.1030756
0.896436333333 0.132926
0.840254 0.0779380333333
0.869608666667 0.0762568333333
0.825902333333 0.231876333333
0.807542333333 0.261384333333
0.813836333333 0.184091666667
0.786113333333 0.180879
0.769798 0.250736666667
0.760435 0.218016
0.65804 0.340053333333
0.670796666667 0.374718666667
0.677628666667 0.309536333333
0.712491666667 0.313770333333
0.746861 0.461605333333
0.716254 0.442667333333
0.777486333333 0.443418666667
0.793369 0.41071
0.638621333333 0.266170666667
0.661685333333 0.24572
0.574903333333 0.218948666667
0.587692333333 0.252048333333
0.775152 0.817478
0.82858 0.834157
0.812666 0.803369333333
0.710546 0.865493333333
0.639916 0.865221
0.437327666667 0.964795
0.550323333333 0.696138333333
0.576259 0.716716666667
0.447186666667 0.799257666667
0.290267 0.601782
0.335437666667 0.591845666667
0.551597333333 0.664451333333
0.532640666667 0.202216666667
0.500055666667 0.217384333333
0.30529 0.298845
0.468111666667 0.200487666667
0.309745 0.104110133333
0.355000333333 0.1032618
0.262452666667 0.247323666667
0.249897666667 0.212255
0.297459 0.261312
0.319355333333 0.242345333333
0.455681 0.275380333333
0.427968666667 0.266142666667
0.356233 0.256734
0.0281857433333 0.625792333333
0.0554206666667 0.633918
0.111461533333 0.736857666667
0.0588015 0.753754333333
0.0785044333333 0.730162666667
0.0692971666667 0.787591666667
0.129010866667 0.766379666667
0.119730533333 0.805695
0.0918467666667 0.816075666667
0.0156166366667 0.508668333333
0.00712681333333 0.544151666667
0.0321390333333 0.555734
0.02364921 0.591217333333
0.178140333333 0.507374
0.188422666667 0.581623
0.216016333333 0.561039666667
0.214303333333 0.530547333333
0.03183857 0.470115
0.0587411666667 0.483653333333
0.0953021 0.472585
0.1161075 0.443002
0.176903666667 0.476966
0.176229666667 0.422234666667
0.155921 0.445826666667
0.209014 0.440394666667
0.212434666667 0.471077
0.384493666667 0.370803333333
0.347911 0.348953
0.338349333333 0.312656666667
0.397540666667 0.297593666667
0.367396 0.289512333333
0.478890333333 0.329351
0.447749 0.315897666667
0.475018666667 0.371710666667
0.440612666667 0.389351333333
0.414825666667 0.327861
0.411561 0.358955
0.468013666667 0.458324
0.413056 0.471183333333
0.416022333333 0.436880333333
0.441545666667 0.427378333333
0.512549666667 0.518484333333
0.531881666667 0.548410666667
0.606930333333 0.412918
0.568732666667 0.297531
0.556383333333 0.269889333333
0.540083666667 0.317203
0.506864666667 0.308099
0.511009333333 0.251957333333
0.490139666667 0.270495
0.20679 0.243250333333
0.178365666667 0.242972666667
0.218379333333 0.207697
0.210459333333 0.174796
0.150231666667 0.208978
0.148983333333 0.174685666667
0.177261666667 0.159736333333
0.187438333333 0.751661333333
0.215058666667 0.721298333333
0.21561 0.940063666667
0.239717666667 0.961028666667
0.329641 0.973594666667
0.281518 0.957103666667
0.646877333333 0.588087
0.634237666667 0.548233666667
0.593893666667 0.535153666667
0.571004333333 0.556654
0.702669666667 0.377671333333
0.717455666667 0.409035
0.724776 0.34724
0.767429666667 0.362478666667
0.763945333333 0.395264333333
0.640237333333 0.214605666667
0.657876 0.159126666667
0.665753333333 0.188413666667
0.604384333333 0.201956666667
0.627425 0.141685333333
0.768815333333 0.850547333333
0.741727333333 0.873478666667
0.802655666667 0.863069
0.813156 0.895609333333
0.745377666667 0.911363
0.799648333333 0.926634333333
0.770156666667 0.932936333333
0.585469666667 0.876988666667
0.610998666667 0.884428666667
0.690782 0.896258333333
0.662704 0.893023666667
0.704948666667 0.956403
0.714024 0.927324666667
0.517572 0.972563333333
0.480794 0.95549
0.561022666667 0.949497666667
0.417917333333 0.940660666667
0.563180666667 0.74845
0.411706 0.620788
0.466116 0.772372666667
0.508334666667 0.776037
0.528155333333 0.750954
0.449251333333 0.742656333333
0.515276666667 0.718190333333
0.409763666667 0.743248666667
0.478539333333 0.528762
0.424986333333 0.585123
0.432185 0.506875333333
0.461619333333 0.503518
0.402412666667 0.531298
0.396986 0.563407666667
0.518015 0.637528
0.478677333333 0.565743
0.459985333333 0.586637
0.514567 0.574818333333
0.529583666667 0.604580333333
0.519174 0.0917967666667
0.523264 0.169076
0.464813666667 0.145428666667
0.4821 0.168297
0.486645333333 0.0875691333333
0.467322333333 0.1075442
0.367697333333 0.133875666667
0.40218 0.130731666667
0.419306 0.154531666667
0.305742333333 0.199496666667
0.336317666667 0.180547666667
0.335228333333 0.146843
0.271291 0.183394666667
0.262425333333 0.148635
0.295787333333 0.131032333333
0.435181333333 0.208513666667
0.418543333333 0.234710333333
0.403662 0.185426
0.376952333333 0.233383
0.37065 0.200045333333
0.0732173333333 0.526828666667
0.0628371333333 0.560356
0.151101333333 0.577144666667
0.0815822333333 0.603965
0.135760333333 0.612726333333
0.109375166667 0.623647
0.106891833333 0.338203333333
0.150153666667 0.342790666667
0.154328 0.373502
0.0229376666667 0.433375333333
0.00702401666667 0.3477
0.00426086333333 0.312545333333
0.00424207666667 0.489998
0.522539333333 0.459467
0.531644 0.492022666667
0.581240333333 0.444655333333
0.552257666667 0.435572333333
0.593743333333 0.476976
0.573865333333 0.500448666667
0.590264333333 0.351749666667
0.593055333333 0.385453666667
0.552284 0.343764333333
0.533704666667 0.379380666667
0.555485 0.404072333333
0.177615666667 0.818
0.193583666667 0.784087
0.286287 0.927469666667
0.306320666667 0.863404666667
0.616028 0.646528
0.622564333333 0.608465
0.577317666667 0.645608666667
0.562929333333 0.611630666667
0.587035333333 0.590112
0.61671 0.926711333333
0.645455 0.931450666667
0.593886666667 0.956572
0.628874 0.981598
0.664457666667 0.963763666667
0.553649333333 0.892051333333
0.541998 0.918923333333
0.498381333333 0.924423666667
0.35488 0.953343
0.381185 0.936069
0.364473 0.898001666667
0.326515 0.890596666667
0.318723 0.923419333333
0.43488 0.907657333333
0.471877666667 0.900725333333
0.452762 0.837219666667
0.519779333333 0.803447333333
0.532069666667 0.863929333333
0.56389 0.848866666667
0.562378333333 0.817742666667
0.483136 0.837745
0.493914666667 0.867103
0.623983333333 0.808173333333
0.589686333333 0.805115333333
0.620027333333 0.773200333333
0.585730333333 0.770142333333
0.350888666667 0.616811333333
0.383229 0.631521666667
0.430102666667 0.680833
0.434353333333 0.644911333333
0.488186333333 0.698733666667
0.458614333333 0.710273333333
0.489650666667 0.649758333333
0.464329333333 0.625376333333
0.392449 0.687676666667
0.381473 0.717709333333
0.368222666667 0.662488666667
0.345354333333 0.725441333333
0.335882333333 0.647778333333
0.572005333333 0.107149833333
0.539577333333 0.117168166667
0.545704 0.151604
0.584561666667 0.167752666667
0.598393 0.140711333333
0.117049933333 0.499722333333
0.105170933333 0.532826666667
0.149803666667 0.51735
0.137924666667 0.550454333333
0.0470743966667 0.414617333333
0.0874949 0.366201333333
0.0523461333333 0.361552666667
0.03056313 0.38164
0.0952829 0.416239666667
0.1139204 0.387911
0.235651333333 0.782639
0.322037 0.833888
0.300157666667 0.806845666667
0.341817 0.762505666667
0.311075666667 0.773786
0.205372333333 0.838269333333
0.270130333333 0.858079666667
0.239025333333 0.813896
0.267696 0.822893666667
0.204890666667 0.873745666667
0.229012 0.897991
0.257888666667 0.889322
0.283292 0.645433
0.313456333333 0.666463666667
0.259467666667 0.672541333333
0.317707333333 0.706803666667
0.250259 0.715427333333
0.296019333333 0.738198666667
0.264706333333 0.744342333333
0.353134 0.830103333333
0.375375666667 0.867025
0.361996 0.791780666667
0.419957666667 0.844510333333
0.409050333333 0.872089
0.414382333333 0.806548333333
0.393824 0.780255666667
