0.00809446866667 0.674839666667
0.937126666667 0.961906333333
0.903823333333 0.939344666667
0.160253733333 0.995345
0.124561733333 0.977795333333
0.0268038066667 0.910935666667
0.004978452 0.1453034
0.007661072 0.2074612
0.988841 0.280459666667
0.952582333333 0.286914333333
0.976011666667 0.342682333333
0.967026 0.382878333333
0.950346666667 0.612948
0.918444666667 0.599011333333
0.978501333333 0.581522666667
0.992929 0.627124666667
0.997253666667 0.481472666667
0.855158666667 0.441662333333
0.885157 0.982347
0.911439666667 0.737053
0.980781666667 0.828275
0.968849333333 0.740040333333
0.943847333333 0.757485333333
0.920099666667 0.908339333333
0.882158666667 0.750585666667
0.852944 0.724403
0.819874666667 0.728435
0.0514422666667 0.964042333333
0.0507063333333 0.931029666667
0.0948672 0.961468
0.0301929066667 0.846305
0.0441833733333 0.872857666667
0.03833391 0.121497866667
0.02277291 0.155360533333
0.0267871233333 0.0537246666667
0.0450307433333 0.0820198
0.961600666667 0.0837761
0.959449333333 0.1261836
0.862405333333 0.205114
0.857532333333 0.280594
0.921924 0.294965666667
0.906171666667 0.257639666667
0.876591 0.245699333333
0.825813333333 0.274162333333
0.674407 0.381693666667
0.840645 0.406566666667
0.06804 0.433301333333
0.0161646953333 0.599512333333
0.885834 0.602817
0.875467666667 0.569382333333
0.982555666667 0.510047666667
0.966574666667 0.546119666667
0.932662333333 0.561007
0.910360666667 0.540439
0.866583666667 0.947502
0.841082 0.974393
0.530182666667 0.932793666667
0.400467666667 0.978236666667
0.522798 0.987439333333
0.956534 0.638796666667
0.938056 0.670431666667
0.982897 0.671532
0.964419 0.703167
0.954549 0.797900666667
0.952172333333 0.883081666667
0.962997 0.916290333333
0.972786666667 0.864988666667
0.54872 0.702119
0.578165 0.719025666667
0.803059 0.662947
0.797175 0.699185
0.762779 0.692047
0.877861 0.779655333333
0.0834799333333 0.905269333333
0.0796467666667 0.869241
0.140327666667 0.903988333333
0.112469466667 0.921153666667
0.0304541666667 0.731712666667
0.0531920333333 0.679588
0.0276768286667 0.33505
0.027091962 0.388436
0.0435964 0.419254666667
0.0607547 0.397318
0.0679096 0.150178
0.317681333333 0.0408037333333
0.877002666667 0.175502333333
0.906543666667 0.168004
0.0613803133333 0.0246080633333
0.932523333333 0.188206666667
0.976408 0.203342333333
0.961105 0.16331
0.95696 0.243195333333
0.930588666667 0.225068333333
0.908959666667 0.323672666667
0.930632333333 0.355817333333
0.908475333333 0.379565333333
0.874148666667 0.321241333333
0.848876666667 0.348466
0.861530666667 0.374645333333
0.554428333333 0.545777
0.589652666667 0.557215333333
0.848872 0.518984
0.846889333333 0.558728
0.820215666667 0.589379666667
0.701261 0.417888
0.575830333333 0.359975333333
0.590464 0.394427
0.642357 0.376422666667
0.624918 0.404379333333
0.597239 0.332697333333
0.629311666667 0.339192333333
0.690671666667 0.352485
0.0909456 0.491766666667
0.127742 0.435752
0.0938973666667 0.452271666667
0.0520214666667 0.64075
0.0241197953333 0.528342666667
0.451189666667 0.581473666667
0.525871666667 0.563891333333
0.503240666667 0.537594333333
0.476920666667 0.540658333333
0.448801333333 0.519309333333
0.449655666667 0.489304
0.878978 0.631499
0.861945 0.693980666667
0.834759666667 0.661774666667
0.841938 0.628716
0.897465 0.699016666667
0.907319666667 0.669593666667
0.886843333333 0.438446666667
0.919274333333 0.408271
0.958242 0.417921333333
0.97242 0.447963333333
0.455310333333 0.613518333333
0.413431333333 0.760454333333
0.475105333333 0.961279666667
0.504085333333 0.937483333333
0.498728333333 0.848619333333
0.431150666667 0.825184333333
0.442279666667 0.790595666667
0.308273333333 0.877235666667
0.494445666667 0.809158
0.472824666667 0.786297666667
0.529543333333 0.806789333333
0.539193333333 0.776455333333
0.540859333333 0.669223
0.524023666667 0.597398666667
0.501273 0.655575333333
0.492434 0.61767
0.810095666667 0.958160333333
0.830763333333 0.905906666667
0.835597333333 0.931269333333
0.660124333333 0.979895333333
0.738613 0.712051
0.738852333333 0.744765
0.798160333333 0.889421333333
0.925767333333 0.822704
0.893247 0.811747666667
0.933180333333 0.856583333333
0.901107666667 0.881841
0.863023333333 0.881733
0.0656103 0.345903666667
0.0821837333333 0.377353
0.087904 0.318640333333
0.123313666667 0.396816666667
0.0507935666667 0.201653333333
0.078929 0.191808
0.0945289 0.139028333333
0.283097 0.0589257
0.806469333333 0.241673666667
0.824002666667 0.20752
0.770668666667 0.253698666667
0.755699333333 0.224085333333
0.726512666667 0.217246666667
0.721682333333 0.176051666667
0.840573666667 0.01675275
0.888637666667 0.0230969666667
0.850729666667 0.143556
0.384510333333 0.0347901
0.423187666667 0.0299216333333
0.351362 0.0202179333333
0.271558 0.01228393
0.497303666667 0.010155
0.378822333333 0.00708946333333
0.581486 0.429167
0.698862666667 0.555254
0.670071666667 0.560256333333
0.650746333333 0.603462333333
0.666851 0.629761
0.787337 0.589714
0.720070666667 0.584779
0.777358666667 0.630222666667
0.752149 0.649865333333
0.719763333333 0.643446
0.707384333333 0.61608
0.741211333333 0.418479
0.806846333333 0.412891
0.743636 0.559106666667
0.773313666667 0.556318333333
0.722428 0.529581666667
0.728854 0.494888333333
0.523481666667 0.260705333333
0.548801333333 0.285092333333
0.581098666667 0.291301333333
0.598995333333 0.267907666667
0.550254333333 0.0119782
0.444055 0.0516175666667
0.653847 0.310671
0.683157 0.318692666667
0.707703666667 0.291721666667
0.639671 0.280782333333
0.704003333333 0.249690333333
0.809864 0.308385
0.816311 0.342041333333
0.772675 0.288531333333
0.744792 0.306383333333
0.0637638666667 0.517938
0.0328194953333 0.449624
0.029200562 0.492230666667
0.158469 0.451875666667
0.180109666667 0.425109
0.956224666667 0.494129333333
0.945328 0.467199
0.917942 0.509633333333
0.885031666667 0.498832666667
0.898719 0.467332666667
0.42579 0.647246333333
0.378452 0.699809666667
0.379501 0.770804
0.308987666667 0.807330666667
0.170205 0.927511666667
0.207733333333 0.978554
0.172041333333 0.961004333333
0.326515 0.976785
0.360127 0.961053333333
0.32946 0.938884333333
0.304179333333 0.919716
0.483059333333 0.911948333333
0.479058666667 0.87193
0.447199 0.860957
0.454079333333 0.935744666667
0.358969666667 0.917323333333
0.389636666667 0.939492333333
0.424641333333 0.921749333333
0.421761666667 0.88698
0.339940333333 0.858887666667
0.344926333333 0.822048333333
0.393143333333 0.867206666667
0.365356 0.879807
0.400512 0.828911666667
0.377710666667 0.804672666667
0.548366333333 0.903042333333
0.535917666667 0.867903666667
0.554256333333 0.842643666667
0.587180333333 0.848905
0.552970333333 0.614807333333
0.560967 0.648726333333
0.596756666667 0.651013333333
0.614594 0.613695333333
0.590042666667 0.592738333333
0.774472333333 0.958693
0.730334666667 0.974999333333
0.695699666667 0.952064
0.698347333333 0.754164666667
0.846651 0.795694
0.8068 0.856808
0.846879 0.853245333333
0.862037 0.827786333333
0.170675333333 0.388078666667
0.144606333333 0.37591
0.0478639 0.230932333333
0.0171836286667 0.261625666667
0.030406462 0.297456
0.0621527 0.284965
0.0755102666667 0.256902
0.1124949 0.270000333333
0.169472333333 0.313897666667
0.187528333333 0.283706333333
0.1197481 0.311547333333
0.143190666667 0.331950666667
0.159319333333 0.159409333333
0.1247575 0.163464
0.113706633333 0.196021
0.0995828666667 0.0446237966667
0.131903666667 0.0454618633333
0.0819909333333 0.0784032
0.1019134 0.1067316
0.177124333333 0.137485
0.162345333333 0.0817526
0.149947 0.109242933333
0.272122666667 0.0959682
0.224067666667 0.13705
0.239743 0.1093639
0.2548 0.0482059666667
0.209580333333 0.0221499966667
0.164061 0.0321371633333
0.194502666667 0.0684279
0.222845666667 0.0791218
0.808546666667 0.186145
0.776044 0.190685333333
0.820676333333 0.151792666667
0.753368666667 0.162125333333
0.690157 0.163199333333
0.687405666667 0.0152645166667
0.863939333333 0.1127149
0.925604666667 0.105832166667
0.901280666667 0.1227559
0.927756 0.0634246666667
0.904914333333 0.0441357
0.390203 0.171064
0.336400333333 0.233836333333
0.555383333333 0.44275
0.489519333333 0.474583
0.514985 0.501524333333
0.545083666667 0.508027666667
0.562467333333 0.487402333333
0.693538333333 0.444724666667
0.702577333333 0.476969333333
0.649245333333 0.436487
0.61599 0.535915333333
0.652399 0.53346
0.598149333333 0.503851666667
0.667863666667 0.498764
0.607439666667 0.472313
0.640745 0.469680666667
0.823522333333 0.507717
0.791151666667 0.520343333333
0.829494666667 0.473190333333
0.7679 0.488438333333
0.804336666667 0.45209
0.775112666667 0.454711666667
0.514351333333 0.0238733333333
0.482268 0.0437460666667
0.450339666667 0.175101666667
0.412794666667 0.19774
0.444931666667 0.144782333333
0.460574 0.1136251
0.411884666667 0.140581666667
0.405702 0.105366333333
0.432914333333 0.0871401
0.523177 0.228837666667
0.487197666667 0.217407666667
0.4857 0.182074666667
0.781819333333 0.385819333333
0.785626333333 0.355659666667
0.745408333333 0.388785666667
0.721722666667 0.358986
0.751296333333 0.339855333333
0.267052666667 0.558141666667
0.296388666667 0.572919666667
0.421545 0.580333333333
0.420698666667 0.542786666667
0.0765516333333 0.624943
0.0816555 0.563447666667
0.0638300333333 0.588496
0.233158333333 0.564443333333
0.238807666667 0.413904
0.211293333333 0.431909333333
0.291641333333 0.488102
0.237121333333 0.377192333333
0.218441333333 0.297754333333
0.200385333333 0.327945666667
0.200172666667 0.358167333333
0.23974 0.166235
0.304287333333 0.250238333333
0.280179 0.226108
0.248312 0.239371666667
0.245025 0.284323333333
0.381153333333 0.483062333333
0.419854 0.471672
0.390051666667 0.610243
0.363581666667 0.599874
0.390176 0.645111333333
0.370773666667 0.666377333333
0.432702 0.733307333333
0.416741333333 0.706316333333
0.444677 0.675019
0.483036333333 0.679196333333
0.474026666667 0.746878666667
0.511248333333 0.710491
0.505297666667 0.739405
0.244499666667 0.765751333333
0.271248 0.853305666667
0.266976333333 0.82024
0.233335 0.794771333333
0.348136666667 0.757298
0.319415 0.711028666667
0.348951333333 0.723693
0.287753666667 0.728523
0.310407666667 0.776449
0.279561 0.760338333333
0.0953086333333 0.835064666667
0.175156333333 0.753792
0.277381 0.933131333333
0.236893666667 0.960210333333
0.269049666667 0.968031333333
0.577221666667 0.923936333333
0.559038 0.953687666667
0.595629333333 0.967790333333
0.626092 0.763057
0.598004333333 0.818569666667
0.587504666667 0.755765666667
0.574730333333 0.781974333333
0.677064666667 0.728190666667
0.690024333333 0.675772333333
0.698244 0.702195666667
0.644101333333 0.732000333333
0.658186666667 0.663867
0.624244666667 0.674886333333
0.616888333333 0.707062
0.738801333333 0.858307333333
0.715327666667 0.921633333333
0.764472333333 0.890177666667
0.750680333333 0.921803333333
0.685156333333 0.789021
0.704425666667 0.813128333333
0.630551 0.823407666667
0.645864333333 0.794103666667
0.703437666667 0.848262666667
0.803796666667 0.755467333333
0.816871666667 0.788231333333
0.763401 0.762474666667
0.792178666667 0.823886333333
0.742165333333 0.795981666667
0.757868 0.824629333333
0.178917 0.187407
0.212394333333 0.194667666667
0.218842 0.224749333333
0.184642 0.255653
0.142077466667 0.247238666667
0.142800133333 0.209074333333
0.30031 0.106779966667
0.371768333333 0.103646
0.328692333333 0.0722965666667
0.361415333333 0.0693486
0.794562666667 0.114815566667
0.735251333333 0.0952263666667
0.759757666667 0.1206079
0.736047333333 0.03433505
0.728069333333 0.0597471
0.782767666667 0.0296814833333
0.702092 0.1006289
0.680000666667 0.121650433333
0.69491 0.0651496333333
0.662091333333 0.0384355333333
0.666169 0.185655333333
0.647804 0.247507333333
0.675185 0.230951333333
0.843050666667 0.0897166
0.808460666667 0.0492401
0.803727333333 0.0835806
0.848679666667 0.0378158333333
0.864956333333 0.0588545666667
0.352904333333 0.303573333333
0.356 0.255749
0.531590333333 0.424153333333
0.496350666667 0.446820666667
0.497503333333 0.284213666667
0.522823 0.308600666667
0.495855666667 0.102617633333
0.506409 0.0682611333333
0.538492333333 0.0483884
0.324325 0.519969333333
0.323049666667 0.554507
0.360085333333 0.568808
0.362886 0.514061666667
0.385709 0.541630333333
0.122519233333 0.50728
0.156198 0.483908666667
0.177322333333 0.509134
0.197213 0.601462
0.226842666667 0.593904333333
0.224891333333 0.466893
0.22297 0.531133
0.206611333333 0.500871
0.256864333333 0.524831333333
0.257648666667 0.490663
0.298692333333 0.389065
0.269171666667 0.368213666667
0.326371 0.372919666667
0.294883666667 0.282217
0.267488333333 0.303038333333
0.272742333333 0.337712333333
0.323901 0.313639333333
0.312478666667 0.344179666667
0.421126 0.433713666667
0.457759 0.423583333333
0.456508333333 0.391109666667
0.367531666667 0.383722666667
0.360418 0.462121666667
0.317845666667 0.416885666667
0.362921666667 0.414795
0.386038333333 0.431523333333
0.309467 0.461253666667
0.290011333333 0.432746
0.294538 0.611394666667
0.324695333333 0.624048
0.267185666667 0.659499
0.258886333333 0.626077666667
0.309905 0.676451
0.331763 0.655683
0.238222666667 0.866050333333
0.192655666667 0.905934333333
0.248449666667 0.903395666667
0.223652333333 0.921083333333
0.147030666667 0.866246666667
0.180132666667 0.867855333333
0.200902333333 0.845659
0.176858333333 0.789930666667
0.200286333333 0.807445666667
0.128057 0.832826666667
0.141696 0.799660666667
0.0383762666667 0.771303333333
0.0461852333333 0.810568333333
0.0758375666667 0.802944666667
0.113975533333 0.646297
0.144233 0.632763666667
0.184269666667 0.641164
0.122572666667 0.760217333333
0.140901333333 0.736397666667
0.0689359333333 0.736555333333
0.0894626 0.761263333333
0.0788162 0.697299666667
0.115069533333 0.679815666667
0.140312666667 0.700497
0.228322 0.735295333333
0.195742666667 0.729272
0.254431666667 0.712854666667
0.243373666667 0.678408333333
0.176307 0.69681
0.197828333333 0.668387
0.686364 0.90174
0.678534 0.871254333333
0.64279 0.858705
0.612335 0.87552
0.607376 0.912854
0.666736 0.932170666667
0.636876 0.943001
0.304091333333 0.136905666667
0.293235666667 0.193656333333
0.276798333333 0.165513666667
0.332780666667 0.197251
0.355078666667 0.168922333333
0.342826666667 0.136719666667
0.621633 0.132672
0.648260666667 0.110688766667
0.583867666667 0.112336533333
0.611821333333 0.166003333333
0.631128666667 0.186303666667
0.568521 0.180222666667
0.558734 0.213923333333
0.589564666667 0.234546333333
0.618659 0.221146
0.381749666667 0.319602
0.394251666667 0.358078666667
0.423478666667 0.358867666667
0.446267666667 0.331764
0.413562 0.225844
0.388272 0.249409333333
0.452604666667 0.238538666667
0.401680666667 0.285973666667
0.462605666667 0.273477
0.436971666667 0.297346666667
0.485497333333 0.382322333333
0.476149666667 0.348291333333
0.521987666667 0.392128666667
0.539911666667 0.360404
0.514380666667 0.336759666667
0.514024333333 0.158283
0.519559333333 0.1237282
0.549335333333 0.158487666667
0.554870333333 0.123932866667
0.115675233333 0.571257
0.129357233333 0.541260666667
0.14289 0.601817
0.171746666667 0.580566
0.161899 0.547961
0.631808666667 0.0464291333333
0.632218666667 0.0797681
0.596118666667 0.0259080666667
0.569080666667 0.0533082333333
0.589698333333 0.0826952
