0.0459399666667 0.864662
0.002552327 0.463324166667
0.01825763 0.866992666667
0.01679373 0.822658
0.512684 0.98776
0.674492333333 0.983726666667
0.301051666667 0.00676093666667
0.0412375333333 0.93518
0.1048291 0.97125
0.0160175666667 0.686750333333
0.617492333333 0.851108
0.609014333333 0.881561333333
0.569872666667 0.882830666667
0.627415333333 0.978465666667
0.589790333333 0.953175333333
0.530912333333 0.959123666667
0.560829 0.940922666667
0.549235666667 0.90752
0.644525333333 0.828383333333
0.816708 0.976124666667
0.909095666667 0.940452
0.969038 0.120838866667
0.0694093936667 0.0118574966667
0.0936542666667 0.02698273
0.00752302366667 0.0735928666667
0.0281546603333 0.0343333666667
0.0523995333333 0.0494586
0.004009977 0.321487833333
0.00441510366667 0.154177833333
0.322865333333 0.175393
0.346 0.144549666667
0.307773666667 0.0379662
0.0726817 0.88997
0.0665153666667 0.916153333333
0.114988933333 0.878397333333
0.129587266667 0.70756
0.124508933333 0.741267333333
0.118090933333 0.846523
0.133436 0.815854333333
0.0613425 0.713568
0.03050793 0.719686666667
0.160925333333 0.710465666667
0.155847 0.744173
0.163971 0.815248333333
0.185713333333 0.854202333333
0.215245 0.857741
0.238515333333 0.830411
0.17717 0.775667
0.387984666667 0.978581333333
0.386263 0.92057
0.297425333333 0.974585
0.627142333333 0.906150666667
0.620669666667 0.937777
0.658294666667 0.963067333333
0.704627333333 0.721082666667
0.843607 0.959748333333
0.876366666667 0.93477
0.864182666667 0.907427
0.872095 0.878372333333
0.817577666667 0.917230333333
0.806572666667 0.942723333333
0.779673666667 0.959099666667
0.743239666667 0.964084333333
0.678533 0.837990333333
0.742591333333 0.858843666667
0.794849333333 0.886943666667
0.760319333333 0.884820666667
0.926582333333 0.613409333333
0.986011 0.635696
0.707603666667 0.781734
0.726015333333 0.761417
0.757242666667 0.769308333333
0.715492 0.814507
0.748031 0.832771666667
0.591548 0.0186649733333
0.865142666667 0.348484
0.848398666667 0.379735
0.741417666667 0.289181
0.770131333333 0.263056
0.736442 0.328121666667
0.696953333333 0.350269333333
0.737402666667 0.610780333333
0.709421666667 0.643500666667
0.781513666667 0.644644333333
0.774022666667 0.617338
0.755570666667 0.680264666667
0.720098666667 0.685678666667
0.597940333333 0.615743666667
0.726169 0.581168666667
0.679186 0.574307666667
0.624486 0.392795333333
0.870431666667 0.561033666667
0.86477 0.530169
0.800070666667 0.556603666667
0.806012 0.589513
0.811810333333 0.521246333333
0.838211333333 0.510645333333
0.884346 0.457244666667
0.859453333333 0.408165666667
0.891026333333 0.422305333333
0.831014333333 0.438697666667
0.848919 0.467399666667
0.893690333333 0.343372333333
0.911794 0.481539666667
0.902925666667 0.511218333333
0.806545 0.267400333333
0.852489 0.308407333333
0.822488 0.305692
0.858879333333 0.201403333333
0.822951666667 0.238285333333
0.857293666667 0.240566666667
0.667961 0.02141874
0.947679666667 0.0898833
0.888651 0.194759666667
0.955114333333 0.173225
0.212407666667 0.01531423
0.258397666667 0.0304321666667
0.0109614266667 0.208103666667
0.00735540666667 0.239304
0.357308666667 0.0637449
0.387228666667 0.0667238
0.341970666667 0.0320214666667
0.381238666667 0.01593414
0.416002666667 0.0338596733333
0.107527266667 0.934388
0.184079666667 0.958606
0.143374266667 0.960987
0.180055333333 0.924884333333
0.133521 0.902569
0.165343666667 0.895446333333
0.0603805666667 0.834479333333
0.0902243 0.827913
0.03123433 0.792475333333
0.03886553 0.756674666667
0.0697001 0.750556
0.0988909666667 0.765588
0.105569366667 0.797244333333
0.183679 0.684418
0.593415 0.415607
0.237579666667 0.802848333333
0.210248333333 0.776676
0.359827666667 0.749151
0.411320666667 0.936325
0.498042333333 0.966756666667
0.462878666667 0.966365333333
0.262865666667 0.852774
0.239595333333 0.880104
0.664526 0.909677
0.684666 0.879456
0.716185333333 0.882044666667
0.683136333333 0.944866333333
0.721004333333 0.940622333333
0.733913333333 0.908021666667
0.568001666667 0.649373666667
0.683821333333 0.638563
0.663472333333 0.664786333333
0.634419 0.655466666667
0.664819333333 0.598981666667
0.631366333333 0.616379666667
0.491582 0.825
0.510031666667 0.849851333333
0.555512333333 0.852547333333
0.584117333333 0.830723666667
0.577160333333 0.804479333333
0.672954333333 0.723170666667
0.656993333333 0.702579
0.669619333333 0.758948
0.6435 0.782114
0.60951 0.778594333333
0.848850333333 0.852684666667
0.818209666667 0.851452666667
0.819075333333 0.772481666667
0.791154333333 0.797204333333
0.789119333333 0.823257666667
0.804228666667 0.739472
0.808461666667 0.706069333333
0.769996333333 0.739320666667
0.774229333333 0.705918
0.963565 0.934080666667
0.933550666667 0.918976
0.927406666667 0.670858333333
0.951473666667 0.640355666667
0.976751666667 0.690652333333
0.7345 0.0709571333333
0.774191333333 0.0523857333333
0.797809666667 0.0782908333333
0.729240333333 0.109750233333
0.671817333333 0.0296005333333
0.708539 0.0509257
0.472899333333 0.173662666667
0.447042 0.194695333333
0.714577666667 0.270723
0.674507666667 0.279899
0.665479 0.249888
0.601151 0.258016333333
0.632747666667 0.24122
0.670844 0.333512666667
0.659037333333 0.303849
0.797814 0.333745
0.764805333333 0.344463
0.811071 0.367711333333
0.822083 0.644775666667
0.830372333333 0.680547333333
0.863769 0.688665666667
0.891426666667 0.661542333333
0.889699 0.626032333333
0.860204666667 0.594412333333
0.834083333333 0.607058
0.611206666667 0.530440666667
0.646225666667 0.463836666667
0.589966666667 0.488642666667
0.607244333333 0.455824
0.594165333333 0.554484666667
0.587485333333 0.587087333333
0.711627666667 0.508215666667
0.783438 0.505353666667
0.771698333333 0.540711
0.740869333333 0.548862
0.656934666667 0.405737333333
0.664845 0.436561666667
0.690637 0.387949
0.949322 0.214905
0.915481 0.230641666667
0.894491 0.254052666667
0.909452333333 0.300014333333
0.889285333333 0.281247666667
0.946895 0.461195
0.973039 0.478612
0.986776333333 0.374139333333
0.923891666667 0.528294333333
0.932061 0.578326666667
0.905404666667 0.557571
0.966211666667 0.550316666667
0.958904 0.516032666667
0.802130666667 0.201120666667
0.822609333333 0.13911
0.82804 0.176370666667
0.762285666667 0.1337962
0.791163666667 0.1209082
0.844897333333 0.0491396
0.826594333333 0.0728582
0.881573333333 0.0700974
0.842355 0.1134769
0.879068333333 0.108680666667
0.933216 0.0547034
0.902393 0.0527539333333
0.865717 0.0317961333333
0.725536 0.0212106066667
0.89596 0.167816333333
0.928582333333 0.162018333333
0.897471 0.1324031
0.930093333333 0.1266051
0.0257065633333 0.182353
0.110043066667 0.0487332633333
0.146312666667 0.0387693633333
0.156569 0.0696635333333
0.281975 0.237928666667
0.335229 0.283842
0.300474 0.338677
0.298846333333 0.303241666667
0.273245 0.281799
0.0278695466667 0.332424
0.0238666433333 0.297250666667
0.0274726633333 0.266050333333
0.379595333333 0.200931
0.384761333333 0.232105333333
0.350114 0.252781666667
0.339511333333 0.197860666667
0.322461333333 0.228311
0.270231 0.0917417666667
0.300638 0.0733223
0.324174333333 0.124042666667
0.328496333333 0.0899178666667
0.224608333333 0.0503772666667
0.243577333333 0.0763307666667
0.188874666667 0.0661535
0.207843666667 0.092107
0.0192105133333 0.388401333333
0.0137932166667 0.474124666667
0.215695666667 0.607550666667
0.02175807 0.553879666667
0.044149 0.510799666667
0.03237237 0.646721333333
0.02904547 0.603869666667
0.331771333333 0.418139333333
0.361741333333 0.399068333333
0.430268666667 0.345753333333
0.345902333333 0.62852
0.377988666667 0.644282666667
0.221280666667 0.688960333333
0.424459333333 0.854473333333
0.445974333333 0.826259666667
0.482882 0.877992
0.497936 0.932208
0.507725666667 0.905377333333
0.465066 0.939841
0.442917333333 0.881354333333
0.434891 0.916372666667
0.322452666667 0.911411333333
0.297706666667 0.930835333333
0.359415333333 0.936613666667
0.334669333333 0.956037666667
0.213375666667 0.927661333333
0.242088666667 0.909149666667
0.271203333333 0.934324333333
0.2174 0.961383
0.249063 0.971040666667
0.504389666667 0.792422666667
0.540227 0.784444666667
0.595887333333 0.752010666667
0.549442666667 0.757691
0.571814666667 0.686933666667
0.604806 0.692390666667
0.617263 0.719258666667
0.872640666667 0.722149
0.852760333333 0.762801
0.700221333333 0.1264377
0.671570333333 0.117776033333
0.674797666667 0.0529891666667
0.629329 0.0803762
0.658877333333 0.0805840666667
0.610482333333 0.0476420666667
0.638076 0.031664
0.399203666667 0.168049333333
0.428993666667 0.164625333333
0.382254333333 0.134135666667
0.402328333333 0.0961981
0.454851 0.143592666667
0.494457666667 0.296940666667
0.576733333333 0.0487952333333
0.524057666667 0.0218816066667
0.444795666667 0.04247964
0.484913 0.0350290733333
0.506269 0.0593619333333
0.43746 0.0822777666667
0.489532333333 0.0934914
0.460840666667 0.108956666667
0.511982 0.327683666667
0.728520666667 0.233096333333
0.756225333333 0.224793333333
0.702868333333 0.219141333333
0.753051333333 0.165246333333
0.771818 0.191973
0.714993333333 0.161733333333
0.696017666667 0.184574
0.627679 0.314668666667
0.574636 0.356345
0.615182 0.362942
0.639485666667 0.344332333333
0.601515 0.295326
0.568515333333 0.296265666667
0.556955 0.325667
0.665095 0.548483333333
0.638378666667 0.531381666667
0.682836333333 0.514698
0.65612 0.497596333333
0.561442 0.535063333333
0.560708333333 0.49166
0.795812333333 0.437073
0.786923666667 0.394517333333
0.757465666667 0.382799666667
0.722786 0.404138
0.921591666667 0.409924666667
0.950012333333 0.424519333333
0.922117 0.368237666667
0.03831543 0.148060666667
0.0726615333333 0.161750666667
0.0259113966667 0.1089197
0.0482252333333 0.0853321
0.0818953 0.0863014333333
0.143976666667 0.106319033333
0.162059666667 0.140863333333
0.141544333333 0.164613333333
0.102898233333 0.144192
0.105572566667 0.112993033333
0.213410666667 0.237294333333
0.188717 0.214137
0.251079666667 0.220484333333
0.215959666667 0.263590333333
0.244898666667 0.290650666667
0.143331333333 0.275568
0.255420333333 0.125737666667
0.247067 0.188451333333
0.280844333333 0.168653666667
0.281505333333 0.141443
0.206851666667 0.183884
0.214302 0.121285666667
0.191853 0.145919
0.0567597333333 0.337772333333
0.0701215 0.363121666667
0.109540433333 0.344466
0.1148142 0.304610333333
0.0868943333333 0.299626
0.138759233333 0.358675
0.144055233333 0.390629333333
0.187158333333 0.394807666667
0.173488 0.649416333333
0.186772 0.616427666667
0.157392333333 0.586314333333
0.509260666667 0.540447
0.539548 0.555785666667
0.54773 0.593908
0.303332333333 0.404498666667
0.256585666667 0.375269666667
0.285992666667 0.36858
0.271476333333 0.583224333333
0.229932333333 0.577494
0.214895333333 0.543490333333
0.289514 0.552248666667
0.333789666667 0.341238333333
0.362289666667 0.361923666667
0.396224 0.343012333333
0.354378 0.306527
0.385297 0.306765
0.4969 0.499046333333
0.439300333333 0.611939333333
0.481296666667 0.562226
0.473086 0.594017
0.340503 0.700246333333
0.331104666667 0.734454333333
0.315403 0.635839333333
0.278609333333 0.612067
0.312603666667 0.673917666667
0.282076 0.679407333333
0.243690333333 0.629087333333
0.249956333333 0.658349333333
0.370224333333 0.885737
0.384603333333 0.855360666667
0.328273 0.883611666667
0.297682666667 0.850531
0.471949333333 0.774952666667
0.440436666667 0.796417
0.414893333333 0.778355333333
0.484029666667 0.622608333333
0.528309333333 0.650061
0.518492666667 0.623251666667
0.450244 0.640530666667
0.545894333333 0.705615333333
0.531794 0.734795333333
0.516879 0.680303333333
0.867395666667 0.823308666667
0.872475 0.786342666667
0.442140333333 0.312532
0.466393333333 0.294041333333
0.411162666667 0.28783
0.410248 0.250629666667
0.445216666667 0.232319666667
0.470384333333 0.251029333333
0.590719 0.183396333333
0.626372666667 0.197892
0.618042333333 0.1197495
0.652253333333 0.171992666667
0.642578 0.140490333333
0.562000666667 0.0799080333333
0.530681 0.0773272666667
0.584463 0.118128166667
0.570158 0.146751666667
0.513944333333 0.111456733333
0.530959 0.142661
0.572701666667 0.234412666667
0.568644666667 0.203120666667
0.502999 0.229385333333
0.503688666667 0.189643
0.531346666667 0.175312
0.547978 0.254962333333
0.518893333333 0.253620666667
0.763031 0.484285666667
0.766909 0.455308
0.722049666667 0.478996666667
0.699102 0.448726
0.723340666667 0.434090666667
0.941839666667 0.309611333333
0.946663333333 0.352821
0.965532 0.262976
0.978190666667 0.320928666667
0.967570666667 0.388725666667
0.170513 0.298584
0.198491 0.289854
0.171214666667 0.341835333333
0.22743 0.316914333333
0.227997 0.350187666667
0.199759666667 0.366378666667
0.0855274 0.193768
0.124876433333 0.190140666667
0.0550297666667 0.210984333333
0.1481801 0.214863333333
0.128223433333 0.241268333333
0.0557866 0.248268333333
0.0870849 0.260802333333
0.182987333333 0.532547666667
0.157218 0.550919666667
0.1195129 0.412905333333
0.140136333333 0.642009666667
0.0676892666667 0.643337666667
0.130665666667 0.601658333333
0.118989266667 0.674105666667
0.0821690333333 0.677248
0.318854666667 0.546877333333
0.250197333333 0.416268
0.281149666667 0.430185333333
0.287960333333 0.464522666667
0.209007333333 0.419615
0.200684333333 0.454988333333
0.394257 0.420466666667
0.504201333333 0.368719666667
0.551242666667 0.410029666667
0.541767666667 0.380621
0.272933333333 0.710156
0.223906 0.748669
0.233507666667 0.718495
0.294062666667 0.738874333333
0.251237333333 0.774841333333
0.281968333333 0.773385666667
0.369097333333 0.828850666667
0.359923666667 0.779556333333
0.386096333333 0.794331333333
0.319106333333 0.799371
0.324128 0.826146333333
0.462708 0.743583333333
0.489120666667 0.726982
0.483416 0.695121
0.445846666667 0.670920666667
0.427043333333 0.742528666667
0.398150333333 0.728099333333
0.403264333333 0.675263
0.385528 0.701635333333
0.903945333333 0.723716333333
0.931053666667 0.699549
0.904100333333 0.760165333333
0.926308666667 0.773546666667
0.964429666667 0.735629666667
0.959529666667 0.773178333333
0.933753333333 0.809746
0.966974333333 0.809377666667
0.909675 0.863221333333
0.906465666667 0.833330666667
0.936947666667 0.882343666667
0.982089333333 0.861837
0.966962 0.897448333333
0.133690666667 0.445577666667
0.164534666667 0.464485333333
0.165399666667 0.499933666667
0.105949366667 0.474922333333
0.111024033333 0.512202
0.139630333333 0.518305666667
0.0590064 0.397209666667
0.0878033333333 0.419563
0.0369856 0.427837666667
0.0539592333333 0.470481
0.0799161333333 0.460497
0.101762566667 0.585577
0.0780184 0.608271333333
0.0513139333333 0.586206666667
0.0888366 0.545880666667
0.0581601333333 0.546522666667
0.352326333333 0.595131333333
0.344034666667 0.568236666667
0.384412666667 0.610894
0.412402666667 0.595784333333
0.231685333333 0.482528666667
0.26476 0.485556666667
0.233985 0.517333666667
0.267059666667 0.520361666667
0.44301 0.371568333333
0.475165333333 0.382282333333
0.423959666667 0.402976
0.446755 0.431407666667
0.47791 0.422259333333
0.531946 0.435336333333
0.50107 0.442554333333
0.541978666667 0.468212666667
0.511102666667 0.475430666667
0.454983 0.537914
0.419874666667 0.55355
0.463554333333 0.500976333333
0.440437 0.471560333333
0.360592333333 0.536252333333
0.391492333333 0.528188333333
0.335412333333 0.514893
0.380098666667 0.460474333333
0.403483333333 0.483136333333
0.349128333333 0.459683
0.3275 0.480379666667
