0.124304 3.50995e-05
0.162551 3.82435e-05
0.239046 2.82085e-05
0.258169 0.000164442
0.334664 0.00183087
0.353788 0.00202508
0.372911 0.00393541
0.430282 0.00378745
0.46853 0.00402295
0.487653 0.00298028
0.506777 0.00136102
0.525901 0.00542252
0.602395 0.04129
0.640643 0.0206931
0.67889 0.066593
0.698014 0.0382767
0.717137 0.0704995
0.736261 0.0277613
0.755384 0.026068
0.774508 0.0322542
0.793632 0.0862843
0.831879 0.345998
0.851003 0.229872
0.870126 1.00408
0.908374 2.94705
0.927497 5.03641
0.946621 1.59145
0.965745 0.752791
0.984868 0.839554
1.02312 0.475581
1.06136 0.50858
1.08049 0.608542
1.09961 4.58955
1.11873 2.1657
1.13786 7.44544
1.1761 4.07347
1.19523 1.23821
1.21435 0.805222
1.23348 0.929185
1.2526 0.373753
1.27172 0.0895468
1.29085 0.41358
1.30997 0.332446
1.32909 0.416013
1.34822 0.0385444
1.36734 0.354492
1.38647 0.530621
1.40559 1.01644
1.44384 0.456362
1.46296 1.1856
1.48208 0.494425
1.50121 0.955942
1.52033 0.476771
1.53945 0.238461
1.55858 0.632774
1.5777 0.419291
1.59683 0.784881
1.61595 0.332926
1.63507 0.340922
1.6542 0.262323
1.67332 0.685237
1.69244 0.687065
1.71157 1.35494
1.73069 0.18597
1.74981 0.137545
1.76894 0.81933
1.78806 1.11801
1.80719 0.383772
1.82631 0.861369
1.86456 0.889517
1.88368 1.06131
1.92193 1.29212
1.94105 0.66181
1.96017 0.82916
1.9793 2.36249
1.99842 1.2506
2.03667 0.974371
2.05579 0.957039
2.09404 1.43657
2.11316 0.558324
2.13229 0.850218
2.15141 1.59915
2.17054 2.42859
2.18966 1.34013
2.20878 1.07608
2.22791 3.45964
2.24703 1.83433
2.26615 1.17766
2.28528 1.18433
2.3044 0.971834
2.32352 1.06265
2.34265 0.223501
2.36177 1.09108
2.3809 0.691215
2.40002 0.71049
2.41914 0.677408
2.43827 0.485336
2.45739 0.922515
2.49564 0.562946
2.51476 0.852861
2.53388 0.686345
2.55301 0.741523
2.57213 0.469008
2.59126 0.793243
2.61038 1.15608
2.6295 0.674924
2.64863 1.16112
2.66775 1.01445
2.68687 0.71016
2.706 0.422577
2.72512 1.06238
2.74424 0.686272
2.76337 0.754978
2.78249 1.16571
2.80162 1.64138
2.82074 1.37799
2.83986 1.43509
2.85899 0.468029
2.87811 0.823888
2.89723 1.17195
2.91636 0.714062
2.93548 0.982401
2.95461 0.548672
2.97373 0.962979
2.99285 1.02445
3.01198 1.593
3.0311 1.31929
3.05022 0.818388
3.06935 1.13861
3.08847 1.22381
3.10759 0.744935
3.12672 1.00013
3.14584 0.837065
3.16497 1.28874
3.18409 1.14616
3.20321 1.10766
3.22234 1.15029
3.24146 1.19633
3.26058 1.03824
3.27971 0.950259
3.29883 1.62641
3.31795 1.7757
3.33708 0.958823
3.3562 1.35526
3.37533 1.07934
3.39445 0.860852
3.41357 1.09072
3.4327 0.721894
3.45182 0.884796
3.47094 1.09484
3.49007 0.641041
3.50919 1.18659
3.52831 0.923635
3.54744 1.31409
3.56656 1.30025
3.58569 0.862512
3.60481 0.722162
3.62393 1.52214
3.64306 0.690412
3.66218 0.750493
3.6813 1.32162
3.70043 0.890184
3.71955 0.832882
3.73868 1.16546
3.7578 0.685749
3.77692 0.811018
3.79605 0.876611
3.81517 0.838961
3.83429 1.0687
3.85342 1.09923
3.87254 0.643865
3.89166 0.840023
3.91079 0.906849
3.92991 1.29873
3.94904 1.15546
3.96816 1.01204
3.98728 0.567577
4.00641 0.96059
4.02553 1.0338
4.04465 0.798143
4.06378 1.02231
4.0829 0.997756
4.10202 0.822944
4.12115 0.986515
4.14027 0.825315
4.1594 1.26223
4.17852 1.23118
4.19764 1.3704
4.21677 0.872923
4.23589 0.775508
4.25501 1.30757
4.27414 1.26519
4.29326 0.615433
4.31238 0.970818
4.33151 1.05066
4.35063 0.820905
4.36976 0.608255
4.38888 1.17312
4.408 0.761955
4.42713 1.09994
4.44625 1.21554
4.46537 1.36835
4.4845 1.14079
4.50362 1.12538
4.52275 1.02205
4.54187 1.23346
4.56099 0.789427
4.58012 1.33071
4.59924 0.84798
4.61836 1.32395
4.63749 0.703235
4.65661 1.03283
4.67573 1.45348
4.69486 0.908736
4.71398 1.24283
4.73311 0.642623
4.75223 0.637479
4.77135 1.07416
4.79048 0.67084
4.8096 0.832824
4.82872 1.20956
4.84785 0.608688
4.86697 1.01147
4.88609 1.0796
4.90522 0.726163
4.92434 1.46576
4.94347 0.961693
4.96259 0.984605
4.98171 0.584853
5.00084 0.990626
5.01996 0.756025
5.03908 0.930217
5.05821 1.03169
5.07733 0.896931
5.09645 0.9977
5.11558 0.965948
5.1347 1.08949
5.15383 1.31339
5.17295 0.853971
5.19207 1.23102
5.2112 0.408471
5.23032 1.29768
5.24944 0.76702
5.26857 0.983043
5.28769 1.31446
5.30682 1.20766
5.32594 0.890841
5.34506 1.09471
5.36419 0.846143
5.38331 1.05952
5.40243 1.1465
5.42156 1.08258
5.44068 1.152
5.4598 1.03685
5.47893 0.956754
5.49805 0.983118
5.51718 1.15768
5.5363 0.884485
5.55542 0.766107
5.57455 1.12382
5.59367 1.01257
5.61279 0.846694
5.63192 1.06704
5.65104 0.677204
5.67016 0.858383
5.68929 1.101
5.70841 0.955948
5.72754 1.21569
5.74666 1.34894
5.76578 0.95364
5.78491 1.24368
5.80403 1.00999
5.82315 0.981351
5.84228 0.594461
5.8614 0.7493
5.88052 0.960895
5.89965 1.06125
5.91877 0.7533
5.9379 0.907237
5.95702 0.656783
5.97614 1.18174
5.99527 1.20053
6.01439 0.971372
6.03351 0.936017
6.05264 1.06918
6.07176 0.892693
6.09088 1.03966
6.11001 0.859172
6.12913 0.714288
6.14826 1.22208
6.16738 0.77223
6.1865 1.18198
6.20563 0.959128
6.22475 1.20537
6.24387 0.663214
6.263 1.11699
6.28212 0.987068
6.30125 0.799919
6.32037 1.3162
6.33949 1.09339
6.35862 1.14997
6.37774 0.799461
6.39686 1.07197
6.41599 0.801494
6.43511 0.850805
6.45423 1.11506
6.47336 1.17849
6.49248 0.495815
6.51161 1.26813
6.53073 0.823848
6.54985 1.21036
6.56898 1.13908
6.5881 1.09876
6.60722 0.739339
6.62635 1.11264
6.64547 1.00545
6.66459 0.879536
6.68372 0.951432
6.70284 0.869156
6.72197 1.67501
6.74109 0.895378
6.76021 1.12962
6.77934 0.704956
6.79846 0.82421
6.81758 0.63694
6.83671 1.17822
6.85583 0.992662
6.87495 1.23304
6.89408 1.2318
6.9132 0.834004
6.93233 1.08396
6.95145 1.03837
6.97057 0.941791
6.9897 0.872159
7.00882 1.07789
7.02794 0.712125
7.04707 1.0287
7.06619 1.20017
7.08532 0.602312
7.10444 1.06955
7.12356 0.891082
7.14269 1.03825
7.16181 0.818781
7.18093 1.10972
7.20006 1.28333
7.21918 1.03772
7.2383 1.15418
7.25743 1.02944
7.27655 1.07973
7.29568 0.943529
7.3148 1.12454
7.33392 0.895183
7.35305 0.862461
7.37217 1.1489
7.39129 0.618601
7.41042 1.08865
7.42954 1.30181
7.44866 1.06952
7.46779 1.08132
7.48691 0.905525
7.50604 1.32324
7.52516 0.681134
7.54428 1.00789
7.56341 0.995263
7.58253 0.870904
7.60165 1.10885
7.62078 0.763075
7.6399 0.93617
7.65902 0.735934
7.67815 1.16764
7.69727 0.864769
7.7164 0.842207
7.73552 1.07529
7.75464 1.03175
7.77377 1.07749
7.79289 1.15381
7.81201 0.992218
7.83114 0.854915
7.85026 1.51902
7.86939 1.33903
7.88851 0.727264
7.90763 0.842078
7.92676 0.801286
7.94588 0.727541
7.965 1.1525
7.98413 0.635057
8.00325 1.23967
8.02237 1.45307
8.0415 0.997947
8.06062 1.00478
8.07975 1.36033
8.09887 0.767741
8.11799 0.821873
8.13712 0.957267
8.15624 0.710687
8.17536 1.10325
8.19449 1.00824
8.21361 1.13795
8.23273 1.10879
8.25186 1.16489
8.27098 1.1936
8.29011 0.963057
8.30923 1.31555
8.32835 0.895581
8.34748 0.914081
8.3666 1.14684
8.38572 1.0668
8.40485 0.831236
8.42397 1.0141
8.44309 0.927694
8.46222 0.963043
8.48134 0.784824
8.50047 1.0182
8.51959 0.869291
8.53871 0.920434
8.55784 0.962529
8.57696 1.14169
8.59608 0.687652
8.61521 1.01365
8.63433 1.15034
8.65346 0.90362
8.67258 0.875094
8.6917 0.979774
8.71083 0.760383
8.72995 0.831485
8.74907 1.11697
8.7682 1.00074
8.78732 1.02987
8.80644 0.596535
8.82557 1.27667
8.84469 1.02215
8.86382 0.865855
8.88294 0.964926
8.90206 0.96438
8.92119 1.05168
8.94031 1.02879
8.95943 1.1474
8.97856 1.31184
8.99768 0.960009
9.0168 1.1815
9.03593 0.99502
9.05505 0.95271
9.07418 1.09712
9.0933 1.05028
9.11242 1.01007
9.13155 1.04984
9.15067 1.26926
9.16979 0.85328
9.18892 1.30302
9.20804 1.42113
9.22716 0.931504
9.24629 0.66207
9.26541 0.792208
9.28454 0.571335
9.30366 1.14922
9.32278 0.837059
9.34191 0.903765
9.36103 1.06541
9.38015 0.863809
9.39928 1.0666
9.4184 0.897352
9.43753 0.983168
9.45665 0.836381
9.47577 1.13756
9.4949 1.28386
9.51402 1.07285
9.53314 1.07605
9.55227 0.919946
