5
613

250
0.0131963
0.118933
0.604888	0.303319
0.20355	0.363515
0.37172	0.292414
0.366354	0.408126
0.557774	0.220372
0.939998	0.933259
0.464919	0.890935
0.208008	0.0223721
0.964018	0.13673
0.635488	0.727885
0.600756	0.780961
0.0437011	0.730667
0.474859	0.0769362
0.0149766	0.0840831
0.538281	0.490116
0.888276	0.952527
0.469465	0.771733
0.384686	0.955619
0.518028	0.86476
0.776814	0.20322
0.389942	0.54279
0.208304	0.931008
0.60789	0.903545
0.276461	0.262163
0.335892	0.483538
0.342437	0.852365
0.424607	0.322717
0.146648	0.432222
0.587632	0.413915
0.524893	0.0218706
0.702321	0.0125786
0.672367	0.0628323
0.749511	0.69961
0.631221	0.125172
0.165117	0.796092
0.436637	0.568796
0.410942	0.037419
0.423379	0.689206
0.394669	0.142219
0.0733656	0.938781
0.836615	0.309712
0.742014	0.823055
0.102328	0.00194893
0.801321	0.792586
0.136306	0.935531
0.632429	0.384301
0.901857	0.694029
0.203401	0.749582
0.322238	0.274381
0.728046	0.290654
0.439831	0.400798
0.0640477	0.627774
0.794203	0.109704
0.947891	0.872729
0.110811	0.366267
0.660493	0.881451
0.102038	0.172949
0.649625	0.251135
0.868203	0.0586474
0.699896	0.363847
0.0204785	0.499944
0.105802	0.726608
0.616805	0.998732
0.278999	0.133196
0.967356	0.542736
0.0278312	0.133104
0.332038	0.944791
0.25642	0.487237
0.351271	0.0528256
0.74869	0.982264
0.309507	0.3756
0.274396	0.558704
0.149688	0.516395
0.113136	0.612453
0.880723	0.152192
0.233629	0.313343
0.819731	0.944378
0.456904	0.509983
0.212221	0.673575
0.934972	0.268791
0.15811	0.159425
0.16508	0.215067
0.32982	0.796675
0.460118	0.969184
0.418434	0.104475
0.281117	0.970242
0.605517	0.0497425
0.744915	0.758496
0.787916	0.32482
0.884776	0.826096
0.232284	0.407718
0.0752981	0.303197
0.243232	0.817117
0.206536	0.53775
0.84907	0.0143231
0.0409158	0.380525
0.056419	0.809017
0.727258	0.0621933
0.557713	0.913192
0.715968	0.94553
0.861755	0.399425
0.845064	0.536652
0.839833	0.48384
0.613216	0.678457
0.739241	0.510035
0.726071	0.63437
0.575592	0.548417
0.0574885	0.209805
0.000633698	0.419027
0.731658	0.418581
0.997341	0.64054
0.284318	0.767458
0.489555	0.456169
0.95903	0.323427
0.295359	0.0625905
0.602501	0.182153
0.751239	0.903231
0.566061	0.844732
0.342728	0.683046
0.811881	0.721507
0.505834	0.807282
0.518455	0.675783
0.0816888	0.863657
0.0863189	0.0969158
0.433909	0.814837
0.887609	0.754037
0.792425	0.3917
0.567349	0.12902
0.27497	0.652779
0.071578	0.545605
0.0134058	0.859588
0.0130749	0.00578764
0.378129	0.819293
0.409333	0.211219
0.38475	0.735324
0.687219	0.164472
0.717556	0.56134
0.401877	0.629616
0.689003	0.812467
0.914827	0.00836511
0.586926	0.956605
0.518718	0.604921
0.350742	0.202397
0.130683	0.297848
0.511204	0.29892
0.00991662	0.333559
0.876238	0.624115
0.806039	0.597115
0.164303	0.0785883
0.651506	0.332166
0.791646	0.0104813
0.470267	0.168055
0.456833	0.236762
0.830356	0.858368
0.584921	0.363276
0.639864	0.555894
0.35324	0.00442686
0.253839	0.864357
0.988758	0.798682
0.52797	0.954794
0.320444	0.631128
0.878082	0.34598
0.270904	0.436279
0.544127	0.433199
0.91327	0.438694
0.969088	0.728779
0.57158	0.619701
0.977107	0.252677
0.254617	0.711547
0.0984151	0.780976
0.458382	0.602003
0.830836	0.196912
0.692256	0.468877
0.22197	0.227057
0.49387	0.378654
0.638705	0.445968
0.406557	0.910873
0.310713	0.326133
0.808759	0.66731
0.213935	0.594314
0.670386	0.964353
0.792062	0.456998
0.219538	0.121535
0.163659	0.88243
0.0651381	0.437032
0.948827	0.0607475
0.235711	0.167366
0.942343	0.592503
0.015191	0.589008
0.923361	0.49946
0.158179	0.57537
0.401924	0.455519
0.00521481	0.683093
0.160395	0.703412
0.360878	0.346352
0.625652	0.824928
0.989006	0.195991
0.705654	0.86451
0.660899	0.644347
0.917918	0.108286
0.877082	0.275437
0.200248	0.469233
0.155161	0.00268762
0.111327	0.477303
0.574218	0.73891
0.0315652	0.268542
0.52567	0.108954
0.821197	0.246664
0.86945	0.897343
0.494626	0.54908
0.692144	0.701565
0.0697932	0.683199
0.171972	0.267967
0.4722	0.0265066
0.329291	0.575693
0.507437	0.210547
0.937594	0.646844
0.930623	0.181891
0.965339	0.979729
0.708462	0.211196
0.166122	0.63436
0.284444	0.199056
0.257005	0.366527
0.935285	0.774642
0.920788	0.395845
0.499162	0.730999
0.673149	0.591185
0.306164	0.894226
0.589034	0.473368
0.117801	0.654944
0.0177203	0.918722
0.896609	0.563579
0.326778	0.10657
0.524333	0.161061
0.59825	0.245463
0.651967	0.509689
0.720949	0.116899
0.785778	0.531011
0.0922231	0.258843
0.134151	0.839379
0.974409	0.369565
0.231988	0.0706801
0.322669	0.740392
0.623085	0.606871
0.0617756	0.0376153
0.892875	0.211676
0.115718	0.0488494
0.762555	0.151952
0.971526	0.468567
0.749463	0.364211
//###########################


119
0.0104471
0.172385
0.811399	0.138476
0.0329163	0.5273
0.950342	0.427074
0.713266	0.723901
0.606238	0.54914
0.293072	0.542512
0.425274	0.137887
0.20475	0.826987
0.993494	0.279143
0.578616	0.0306469
0.481371	0.207253
0.773287	0.0586443
0.594708	0.625744
0.0923075	0.425617
0.184106	0.734447
0.705083	0.968177
0.801537	0.82301
0.255898	0.325199
0.0342389	0.650982
0.499388	0.402397
0.55443	0.304587
0.911288	0.352997
0.643402	0.78043
0.503375	0.525853
0.727966	0.248888
0.141573	0.133775
0.48783	0.963231
0.185662	0.58021
0.648605	0.914673
0.268326	0.626583
0.376563	0.979879
0.421813	0.726646
0.817036	0.396205
0.420448	0.246731
0.019147	0.754046
0.482709	0.798796
0.87182	0.470968
0.632769	0.349164
0.122148	0.795338
0.622897	0.163066
0.908459	0.881376
0.988885	0.920805
0.0576496	0.170859
0.492317	0.661756
0.56538	0.480657
0.382814	0.90601
0.935289	0.688322
0.510415	0.140228
0.850157	0.249393
0.230165	0.945841
0.472617	0.333928
0.862164	0.729654
0.127987	0.884348
0.16682	0.240155
0.136548	0.489587
0.189928	0.651595
0.418932	0.431285
0.881525	0.0374101
0.676496	0.519487
0.0557341	0.0620979
0.701567	0.62255
0.792427	0.619549
0.147274	0.318879
0.407774	0.0608899
0.0602928	0.853157
0.956051	0.507424
0.281172	0.0174801
0.0243143	0.354488
0.848054	0.561142
0.719018	0.143225
0.554329	0.762324
0.226269	0.45343
0.608869	0.715958
0.403196	0.818682
0.248428	0.0944014
0.336114	0.359858
0.794861	0.941655
0.39726	0.593447
0.882432	0.121825
0.86411	0.957578
0.800148	0.481434
0.317239	0.680998
0.211029	0.171736
0.489812	0.0447367
0.709293	0.39679
0.0427219	0.965387
0.591818	0.852307
0.965325	0.205388
0.494067	0.894109
0.13787	0.0209915
0.297054	0.44881
0.343341	0.145343
0.727797	0.850769
0.291562	0.916558
0.91044	0.792922
0.321764	0.236793
0.174659	0.401818
0.988287	0.132619
0.725594	0.469739
0.300891	0.750218
0.953907	0.0115458
0.919868	0.602732
0.767491	0.546344
0.0840369	0.577228
0.321756	0.824333
0.409329	0.501858
0.76294	0.336602
0.865417	0.653398
0.633175	0.0718045
0.785688	0.73065
0.0669983	0.250799
0.113291	0.694785
0.248051	0.24063
0.562869	0.937745
0.624291	0.274574
0.641021	0.418572
0.981075	0.826404
0.0226285	0.452127
0.572266	0.394241
//###########################


95
0.00934738
0.192935
0.119899	0.5043
0.1921	0.218707
0.545059	0.172051
0.522505	0.644733
0.365113	0.368498
0.79059	0.89493
0.559622	0.278829
0.977297	0.66806
0.82864	0.685603
0.943433	0.955935
0.719276	0.817856
0.25908	0.398923
0.641933	0.980316
0.832412	0.800193
0.95115	0.157301
0.253202	0.932367
0.0247429	0.983488
0.167721	0.60286
0.378463	0.677323
0.557069	0.0719736
0.135557	0.691531
0.773952	0.434735
0.695754	0.657377
0.518016	0.985499
0.680306	0.393445
0.426247	0.517103
0.0752813	0.188822
0.423318	0.292191
0.733325	0.0206716
0.431329	0.177104
0.0230304	0.105936
0.172733	0.770355
0.220953	0.496594
0.827931	0.569039
0.309426	0.171313
0.187148	0.0774768
0.326251	0.878686
0.928944	0.2944
0.670478	0.12978
0.356409	0.969809
0.52611	0.904319
0.0410144	0.764595
0.236787	0.848635
0.129605	0.861476
0.0787551	0.403555
0.463751	0.835357
0.167072	0.959393
0.960267	0.826787
0.905579	0.584518
0.532283	0.727521
0.538335	0.55372
0.553507	0.825107
0.183414	0.323821
0.849547	0.224108
0.770793	0.281371
0.771279	0.120095
0.362736	0.758394
0.443532	0.0658208
0.706932	0.922246
0.93609	0.0407021
0.0412021	0.584593
0.898629	0.460097
0.824428	0.0376413
0.561246	0.367849
0.817129	0.36552
0.242863	0.671375
0.36391	0.590777
0.661538	0.278189
0.994218	0.46551
0.181957	0.421986
0.0852315	0.282469
0.262008	0.29911
0.677518	0.498031
0.328193	0.0586339
0.111354	0.0721541
0.312048	0.493756
0.525008	0.469703
0.628338	0.864244
0.463297	0.400891
0.765657	0.749177
0.616576	0.569898
0.853197	0.129101
0.00645175	0.250951
0.0425772	0.903663
0.606652	0.457998
0.279338	0.600424
0.673449	0.744581
0.728305	0.188207
0.909057	0.719331
0.877081	0.874595
0.999011	0.354587
0.904006	0.377092
0.262933	0.758001
0.352691	0.247389
0.442581	0.736604
//###########################


89
0.00989722
0.199332
0.787938	0.0794754
0.381457	0.0257536
0.608776	0.223364
0.499893	0.696975
0.674837	0.433021
0.670998	0.567721
0.257252	0.0556262
0.0430248	0.617059
0.912038	0.14051
0.515066	0.261421
0.991582	0.227682
0.855535	0.611591
0.889047	0.247565
0.383158	0.27141
0.477754	0.424292
0.276113	0.946393
0.429266	0.346785
0.203668	0.293105
0.350134	0.165761
0.182962	0.165511
0.777977	0.488915
0.293001	0.680218
0.714739	0.169492
0.111075	0.84209
0.429988	0.949494
0.838967	0.930849
0.0386949	0.0449433
0.959885	0.445648
0.383723	0.647325
0.702519	0.676593
0.601493	0.930287
0.995815	0.736588
0.0243246	0.94828
0.982259	0.86502
0.727083	0.968154
0.870097	0.769699
0.144866	0.554373
0.468616	0.133805
0.164819	0.671404
0.225675	0.878257
0.0965187	0.141742
0.622178	0.763822
0.253108	0.457379
0.97917	0.337895
0.528703	0.344908
0.351623	0.526626
0.732744	0.32017
0.193798	0.99476
0.233965	0.777796
0.413259	0.859017
0.463922	0.569559
0.296856	0.288256
0.59811	0.0767965
0.75851	0.864491
0.165803	0.38301
0.925292	0.539562
0.559789	0.599816
0.36975	0.448317
0.249032	0.588684
0.659608	0.850058
0.772553	0.236698
0.833088	0.170632
0.542261	0.849019
0.718004	0.763576
0.0556563	0.282553
0.765371	0.605054
0.867853	0.422204
0.393522	0.757084
0.0841776	0.372275
0.917792	0.0336058
0.110896	0.936243
0.57018	0.43408
0.254767	0.207704
0.96203	0.656171
0.0738322	0.482278
0.693573	0.0811214
0.824977	0.343287
0.51817	0.0447964
0.3068	0.854027
0.0830087	0.715392
0.594505	0.518367
0.788197	0.706805
0.635514	0.311819
0.876846	0.854473
0.644627	0.0112803
0.279098	0.375556
0.166813	0.474723
0.121659	0.229805
0.508952	0.938404
//###########################


60
0.00879753
0.242771
0.759494	0.42177
0.0203676	0.429894
0.209904	0.630666
0.355024	0.632846
0.00416577	0.0630551
0.584361	0.111363
0.103505	0.307502
0.81923	0.777376
0.902145	0.172625
0.029875	0.700571
0.353693	0.0852115
0.933574	0.31754
0.33079	0.402044
0.00506167	0.957088
0.592828	0.880431
0.858016	0.877419
0.283625	0.495563
0.516207	0.370993
0.534039	0.697984
0.392501	0.300864
0.437321	0.194611
0.223519	0.967642
0.113446	0.0246542
0.648912	0.674079
0.670077	0.184022
0.722789	0.913062
0.35494	0.936856
0.992736	0.590217
0.17421	0.184699
0.428692	0.839164
0.868446	0.52547
0.741163	0.601748
0.217609	0.344901
0.219072	0.790429
0.106341	0.876741
0.175705	0.515927
0.574319	0.511867
0.861995	0.993183
0.0402127	0.179055
0.749791	0.107997
0.566118	0.994273
0.45048	0.466233
0.46448	0.0561137
0.657103	0.360155
0.963476	0.804987
0.842412	0.650316
0.75388	0.244923
0.697936	0.766927
0.555088	0.260094
0.306012	0.249293
0.662178	0.0279946
0.480926	0.58858
0.353352	0.741771
0.529983	0.802324
0.203304	0.0878778
0.0884383	0.615228
0.89658	0.41633
0.134085	0.72789
0.473619	0.94255
0.123891	0.423783
//###########################


