0.00546536066667 0.628631
0.997124666667 0.4146005
0.020748654 0.238356
0.285365333333 0.0913014
0.04894954 0.969846
0.0772404666667 0.256305333333
0.994823666667 0.2662325
0.946634333333 0.596142
0.972772333333 0.644924
0.987605666667 0.587483666667
0.916651 0.608784666667
0.986159666667 0.854384333333
0.0595689 0.218352666667
0.0340696 0.187085666667
0.38079 0.0430273333333
0.336871666667 0.0378697666667
0.306763333333 0.0633704666667
0.305251 0.120246
0.300616 0.167099666667
0.322547 0.195683666667
0.428607333333 0.510856
0.0269329206667 0.292908666667
0.0579254333333 0.279591
0.237857666667 0.301567666667
0.286831333333 0.592700666667
0.183381333333 0.406429666667
0.161460333333 0.385162666667
0.120865166667 0.378285666667
0.0917547 0.397798333333
0.0712287333333 0.318941333333
0.0402362206667 0.332259
0.990120333333 0.386711
0.991948333333 0.170459833333
0.388372 0.237541333333
0.951761 0.423214
0.975917 0.446869666667
0.940889333333 0.553421666667
0.921832 0.490906333333
0.966741333333 0.521989333333
0.958842333333 0.482434
0.910396 0.637965
0.875568666667 0.642757
0.832756 0.526299666667
0.862284666667 0.513640333333
0.88903 0.577154
0.906754333333 0.547671
0.895596 0.524711
0.849877333333 0.627648333333
0.818242 0.641596333333
0.828847333333 0.568154333333
0.857083666667 0.591225666667
0.858893 0.921956333333
0.7345 0.953803
0.770069 0.968839
0.269854666667 0.179897333333
0.324790333333 0.241262666667
0.284943 0.292348666667
0.291688 0.261015333333
0.375211666667 0.293433333333
0.363449666667 0.256845
0.218251533333 0.026531
0.294502 0.0359430333333
0.0398562333333 0.0833670666667
0.454051 0.148049666667
0.436683333333 0.0930022333333
0.463688666667 0.116664266667
0.374329666667 0.202983666667
0.347164 0.176708333333
0.409797666667 0.188561
0.414794 0.160328333333
0.342351 0.0842570666667
0.338405 0.112609333333
0.374584666667 0.0761947
0.402800666667 0.102589633333
0.390549 0.138530333333
0.358387 0.140487666667
0.159064833333 0.996531
0.194302 0.984067666667
0.311643 0.606727333333
0.46141 0.490725
0.496371 0.512447333333
0.362306333333 0.407410333333
0.344162666667 0.443953333333
0.392009 0.355519666667
0.404017333333 0.322003333333
0.435790666667 0.311001666667
0.392771 0.389554
0.343268666667 0.371374
0.312427 0.381458333333
0.358925333333 0.344119666667
0.347353666667 0.309471
0.311531666667 0.307182333333
0.241172 0.331733333333
0.217882 0.349693333333
0.283979333333 0.339684333333
0.286533666667 0.367534
0.224775 0.392250333333
0.250619333333 0.40214
0.327169 0.533161666667
0.333990666667 0.577918333333
0.180189 0.259997
0.115870266667 0.26542
0.312827666667 0.643917
0.197882 0.644184333333
0.237221 0.640618666667
0.256189 0.608972
0.256397666667 0.431698666667
0.294931 0.426349
0.307629 0.452807666667
0.071683 0.855253
0.0670718666667 0.825759666667
0.170281 0.670681666667
0.135267 0.659663333333
0.0412630333333 0.77523
0.0360324333333 0.806022333333
0.0243337666667 0.727053
0.01487784 0.852441333333
0.00912754 0.776382333333
0.0133528666667 0.681786333333
0.0223184733333 0.890166666667
0.0480842 0.873241
0.03003224 0.935503333333
0.0557979666667 0.918577666667
0.245424666667 0.464364
0.279045 0.483779666667
0.291722666667 0.521306666667
0.273732666667 0.552036666667
0.0366042206667 0.359990666667
0.0578897 0.387861333333
0.962447 0.0525055666667
0.951584333333 0.391585333333
0.973725333333 0.347087333333
0.947824 0.121665
0.962361333333 0.158026333333
0.970709 0.0854131666667
0.985246333333 0.1217745
0.707686 0.0475573333333
0.919961 0.121153666667
0.79984 0.1020101
0.550511333333 0.0378950333333
0.424711333333 0.246883333333
0.44556 0.274357333333
0.438835 0.213912
0.803815 0.504774333333
0.870694 0.392797
0.654609666667 0.590116666667
0.750720666667 0.651869333333
0.720054666667 0.660490666667
0.689934666667 0.640038
0.683065666667 0.597676333333
0.704921 0.575315
0.741873333333 0.839944666667
0.739652333333 0.882036666667
0.878398333333 0.958908666667
0.812514 0.980913666667
0.701410333333 0.989792666667
0.548832 0.994253
0.409628833333 0.996433666667
0.972481666667 0.924496666667
0.946324 0.969121666667
0.916523666667 0.945851333333
0.874128333333 0.883187666667
0.828557666667 0.919575
0.805618 0.944452666667
0.803991666667 0.882526666667
0.767202666667 0.895247
0.770049 0.929416666667
0.195924 0.178365
0.259068333333 0.245849333333
0.256930333333 0.210731666667
0.222033 0.2051
0.227062333333 0.269518333333
0.207952333333 0.247100333333
0.0698801666667 0.0571254333333
0.0523053333333 0.161454333333
0.0574586333333 0.130287366667
0.0778046333333 0.192721333333
0.479795 0.0508819
0.466792 0.0177056
0.505270333333 0.0275043666667
0.415764666667 0.0349415
0.443442 0.0585214666667
0.155980666667 0.966249666667
0.1207435 0.978713
0.0870686 0.970577666667
0.0848241 0.934359666667
0.262045333333 0.963078
0.2331 0.959309666667
0.290196333333 0.933686
0.386305 0.567539
0.363672666667 0.592853333333
0.658959666667 0.459727333333
0.664515666667 0.50105
0.350099 0.789460666667
0.698746333333 0.942052
0.666979666667 0.957027666667
0.706745 0.904455333333
0.639519 0.973026333333
0.595751 0.981965666667
0.461719 0.460955
0.420794 0.443658333333
0.421657666667 0.407401333333
0.348036 0.505409666667
0.392106333333 0.462998
0.357592333333 0.469362666667
0.400228666667 0.500425666667
0.37749 0.524852
0.166912 0.296322666667
0.167152666667 0.354725333333
0.182180666667 0.333435333333
0.132480566667 0.295937
0.1265575 0.347848333333
0.107154066667 0.326172666667
0.190898333333 0.828338
0.320348333333 0.771016333333
0.276418 0.789003
0.249662666667 0.769059333333
0.322763666667 0.729207
0.110495 0.876188666667
0.115922333333 0.909958666667
0.164888333333 0.859799
0.134265666667 0.854459
0.153404 0.933713333333
0.1071428 0.677062333333
0.0485733333333 0.696177666667
0.0682084 0.662788
0.206578666667 0.712480666667
0.176321333333 0.696194
0.135496666667 0.809308666667
0.107114866667 0.801545
0.156484666667 0.725143
0.186742 0.741429666667
0.174716666667 0.795875666667
0.198597333333 0.770496
0.0977913 0.435619333333
0.0305723666667 0.622786666667
0.0611883333333 0.634663666667
0.185666666667 0.614732333333
0.169726 0.432638
0.130245433333 0.446649333333
0.129802766667 0.480849333333
0.954659666667 0.196642666667
0.923714666667 0.212244
0.97433 0.23356
0.890170333333 0.367172333333
0.922409666667 0.366182666667
0.857259333333 0.336768666667
0.718045 0.318589333333
0.735892666667 0.347026333333
0.867538 0.140983
0.902951 0.190702666667
0.900191333333 0.153523666667
0.905136 0.0910563333333
0.895579 0.0379673666667
0.924737 0.0586600666667
0.851813666667 0.0502177333333
0.86821 0.105578666667
0.844045666667 0.0854327666667
0.822515666667 0.0284792133333
0.583641333333 0.0103425133333
0.866281 0.0162288466667
0.775828333333 0.0835486666667
0.732460333333 0.0581367
0.738091333333 0.0913269333333
0.765133333333 0.0309478133333
0.790736 0.0452328133333
0.643666 0.236645
0.674852 0.0742345666667
0.466458666667 0.210707666667
0.476678333333 0.173078
0.695393666667 0.509675666667
0.709825666667 0.540966
0.750759666667 0.537687
0.768362666667 0.512736333333
0.725194 0.472993666667
0.757229 0.479333333333
0.792681333333 0.471371333333
0.811922 0.446464666667
0.828447 0.378869
0.823534666667 0.345432
0.769582666667 0.396332666667
0.799408666667 0.405231666667
0.764944 0.350289666667
0.789857666667 0.325751666667
0.870846333333 0.479065333333
0.855702 0.449970666667
0.885435666667 0.422665666667
0.921372 0.435293
0.908517666667 0.467421
0.931807666667 0.670426333333
0.964200666667 0.690028
0.956281 0.725796
0.724878 0.701845
0.698868 0.714154666667
0.662695 0.659785666667
0.666805 0.692548
0.640596333333 0.631414
0.757385 0.618730666667
0.738324666667 0.589814666667
0.793833333333 0.618274333333
0.766032333333 0.564986
0.797232333333 0.581255
0.827924666667 0.717291666667
0.807922666667 0.680451333333
0.776849666667 0.690268
0.757364333333 0.719431666667
0.753232666667 0.753638666667
0.879508666667 0.676618
0.861679666667 0.710996666667
0.912278333333 0.69105
0.921632333333 0.723645666667
0.902899333333 0.75215
0.875716333333 0.753933
0.813090333333 0.855970333333
0.852891666667 0.85425
0.853911 0.794167
0.867565 0.823791
0.711979 0.833566666667
0.905391666667 0.817946666667
0.918920666667 0.786539666667
0.972949333333 0.796332
0.954830666667 0.761585333333
0.955350333333 0.889133333333
0.950401 0.851260333333
0.918753333333 0.847920666667
0.925053333333 0.908414
0.902163333333 0.882702666667
0.190856 0.121403933333
0.209145666667 0.148488
0.248179 0.144388666667
0.208917666667 0.0874469333333
0.259054666667 0.1026464
0.238083 0.0727887333333
0.140266533333 0.0373923666667
0.1055942 0.0414687333333
0.187351666667 0.0614626
0.152679333333 0.0655389666667
0.110397966667 0.196048333333
0.131533266667 0.168420333333
0.162333666667 0.185354
0.130792033333 0.230794333333
0.160679333333 0.224985666667
0.0908629666667 0.0867960666667
0.0854252333333 0.121562366667
0.1207316 0.139947666667
0.150214333333 0.1170976
0.133603666667 0.0872169666667
0.349193 0.878107333333
0.345693 0.823377666667
0.372550333333 0.845796666667
0.468400666667 0.966217666667
0.313421333333 0.843627
0.293680666667 0.900185
0.317840333333 0.876876
0.34116 0.655487333333
0.369657333333 0.633232666667
0.602378 0.565048
0.638931 0.558055666667
0.641413666667 0.522640666667
0.622087333333 0.449293333333
0.294073 0.718458
0.264902333333 0.740323666667
0.233673666667 0.712811333333
0.253611666667 0.672230666667
0.28923 0.675439666667
0.185012333333 0.923652666667
0.185079333333 0.889125333333
0.226387 0.931431
0.104974966667 0.70826
0.126215833333 0.731750333333
0.0741355666667 0.721843333333
0.0693983 0.759075333333
0.1042107 0.765653
0.101844633333 0.505444
0.243529333333 0.544870666667
0.234033666667 0.583331333333
0.202850333333 0.585526
0.215357333333 0.482374
0.186830666667 0.466027333333
0.21625 0.523019666667
0.157634333333 0.495132666667
0.160658666667 0.538197333333
0.190747666667 0.549737666667
0.858769 0.306725666667
0.720653333333 0.285316333333
0.706582333333 0.217552666667
0.739170333333 0.215837
0.6878 0.273549666667
0.681856333333 0.245366333333
0.929764 0.260188666667
0.899058 0.269734333333
0.9002 0.303658666667
0.961569333333 0.272206333333
0.961593 0.310805333333
0.930929666667 0.332712
0.669895333333 0.374539
0.683096 0.333492666667
0.663385666667 0.304258666667
0.871215333333 0.206449
0.861273 0.237536
0.621934666667 0.265148333333
0.613836666667 0.334002333333
0.635710666667 0.304578666667
0.644188 0.205407666667
0.684785666667 0.190354333333
0.653589666667 0.0517866
0.619297666667 0.0592859666667
0.591960333333 0.0302613666667
0.686423666667 0.0251093666667
0.663568666667 0.0125076133333
0.72374 0.01485498
0.602339 0.0898115666667
0.483756 0.265680333333
0.490531 0.235002
0.505109333333 0.292378333333
0.741668333333 0.416899666667
0.720218666667 0.444365666667
0.684862333333 0.439725
0.723886666667 0.388324
0.692838333333 0.400933333333
0.435151333333 0.549854666667
0.415587666667 0.582111333333
0.767436666667 0.812940333333
0.796134 0.824982333333
0.822281333333 0.793638
0.775402333333 0.770963666667
0.810331666667 0.759699
0.692976333333 0.803153333333
0.709530666667 0.770510333333
0.687652333333 0.748613
0.676301333333 0.889293
0.679314333333 0.860496333333
0.446374333333 0.940798333333
0.357646333333 0.906704333333
0.398242 0.909239
0.406195666667 0.937874666667
0.607708666667 0.508061333333
0.593938333333 0.476036666667
0.554003 0.535966
0.583902666667 0.536478666667
0.534378666667 0.507539333333
0.550508 0.476027333333
0.268479666667 0.87591
0.24253 0.889484666667
0.218568 0.869018333333
0.220752333333 0.831876
0.257610333333 0.815483
0.281375666667 0.839050666667
0.0857102666667 0.575384666667
0.0938940666667 0.612288333333
0.138931666667 0.563833333333
0.1079492 0.545363333333
0.129038333333 0.623013666667
0.151837 0.60458
0.0298843666667 0.586022
0.0523165333333 0.560995333333
0.00900268733333 0.497270333333
0.015351654 0.423341666667
0.0700676333333 0.460077666667
0.0745636333333 0.495702333333
0.0472744666667 0.521232333333
0.0469295333333 0.431034666667
0.0311912666667 0.472330333333
0.825314333333 0.283665666667
0.790127666667 0.294028333333
0.802901 0.22922
0.828960333333 0.248400333333
0.754348666667 0.273967666667
0.763476 0.244424666667
0.637018333333 0.389947333333
0.613008666667 0.366202
0.613976 0.420869
0.457962666667 0.343368666667
0.489085333333 0.333422333333
0.45265 0.387694333333
0.804766666667 0.195409666667
0.796317 0.136389
0.839850666667 0.155216
0.840768333333 0.183503
0.760217 0.156106
0.767749 0.186839666667
0.689863 0.164299666667
0.723789666667 0.147027
0.715747 0.1152037
0.677282 0.1086907
0.661120666667 0.137090333333
0.559868333333 0.228131
0.524115666667 0.220937666667
0.624846 0.145164333333
0.602786333333 0.124842333333
0.612990666667 0.187427
0.580458 0.19908
0.543176 0.0740536333333
0.567666333333 0.0969455666667
0.508599 0.0824556666667
0.499251333333 0.113757266667
0.568113666667 0.131976333333
0.557640666667 0.163951333333
0.504456 0.154473666667
0.527821 0.178039
0.533660333333 0.291742666667
0.554180666667 0.326156666667
0.586084 0.317421333333
0.592086333333 0.275237333333
0.562030666667 0.257804333333
0.639509666667 0.709107666667
0.649176333333 0.744630333333
0.636820666667 0.932246666667
0.638143666667 0.902108666667
0.60936 0.948245333333
0.375198 0.960910666667
0.288958333333 0.985038333333
0.317109333333 0.955646333333
0.344806 0.943105
0.363979 0.991552666667
0.422522 0.979966333333
0.354161333333 0.713384333333
0.360006666667 0.684797
0.581808666667 0.595046666667
0.477518666667 0.604687333333
0.492834666667 0.546823
0.464417666667 0.564099333333
0.527994333333 0.563486666667
0.537324666667 0.593998
0.515266 0.617922333333
0.542047666667 0.354667666667
0.505503333333 0.361297666667
0.573123 0.378132
0.569859 0.4063
0.574944666667 0.93209
0.509983333333 0.951271333333
0.543298333333 0.959893333333
0.405487 0.643736666667
0.403997666667 0.674472
0.428785 0.617929666667
0.461449666667 0.626261
0.607263333333 0.690013333333
0.61246 0.645082
0.586844666667 0.628908
0.484363 0.412608333333
0.506093666667 0.396158
0.494295666667 0.449612
0.532869666667 0.452153333333
0.539374 0.417696
0.626347 0.761158666667
0.562552 0.897539
0.649814333333 0.816027333333
0.626219 0.796956666667
0.644104 0.847982333333
0.591914 0.808422333333
0.572643 0.837737333333
0.619107 0.872484333333
0.587793 0.869500666667
0.524421666667 0.887013
0.472120333333 0.912617333333
0.503499333333 0.912942
0.468758 0.668514333333
0.434604 0.690918333333
0.471245 0.747789
0.580021666667 0.713630666667
0.589438666667 0.749253333333
0.571213333333 0.778617666667
0.534702666667 0.769547666667
0.424023 0.880726666667
0.457722666667 0.881181333333
0.406784666667 0.845881333333
0.428819666667 0.814113
0.384406333333 0.739124333333
0.382759333333 0.773391333333
0.415982 0.784408666667
0.420858 0.726983333333
0.440327 0.750962666667
0.496036333333 0.715790666667
0.524849 0.726563666667
0.496035333333 0.679301
0.551942666667 0.700011
0.526474333333 0.650282666667
0.553569 0.660219666667
0.475291333333 0.848394666667
0.463626666667 0.816171666667
0.533591666667 0.832664333333
0.510611333333 0.853901666667
0.516352 0.794279333333
0.481707 0.783293666667
