0.121723 0.02004
0.159176 0.0294415
0.234082 0.0862381
0.252809 0.130731
0.327715 0.0291909
0.346442 0.0241696
0.365168 0.0911596
0.421348 0.021579
0.458801 0.15722
0.477528 0.0559077
0.496254 0.0538732
0.514981 0.00753316
0.589887 0.0859396
0.627341 0.103715
0.664794 0.116503
0.68352 0.106798
0.702247 0.115033
0.720973 0.0684966
0.7397 0.139727
0.758427 0.088511
0.777153 0.139163
0.814606 1.10541
0.833333 1.18069
0.85206 1.15499
0.889513 1.2623
0.908239 0.621542
0.926966 0.791938
0.945692 0.332521
0.964419 0.576689
1.00187 0.843639
1.03933 1.57205
1.05805 3.51281
1.07678 4.14506
1.09551 2.94525
1.11423 1.71883
1.15168 0.715563
1.17041 1.10043
1.18914 0.58605
1.20786 1.7146
1.22659 0.718274
1.24532 1.05933
1.26404 1.27605
1.28277 0.77898
1.3015 1.54237
1.32022 0.506286
1.33895 1.44925
1.35768 1.66401
1.3764 1.16143
1.41386 1.05234
1.43258 0.620306
1.45131 0.521521
1.47004 0.326474
1.48876 0.28031
1.50749 0.492135
1.52622 0.79983
1.54494 0.833998
1.56367 0.697035
1.5824 0.976733
1.60112 0.905122
1.61985 0.926373
1.63858 0.593965
1.6573 0.71134
1.67603 0.479822
1.69476 0.662934
1.71348 0.891482
1.73221 0.893063
1.75094 0.429119
1.76966 0.618441
1.78839 0.540122
1.82584 0.845192
1.84457 1.6071
1.88202 1.39376
1.90075 0.660262
1.91947 0.562356
1.9382 1.26385
1.95693 0.695299
1.99438 0.782902
2.01311 1.38366
2.05056 1.12993
2.06929 1.04474
2.08801 1.41414
2.10674 0.634957
2.12547 2.01094
2.14419 1.50898
2.16292 0.914237
2.18165 0.692595
2.20037 1.05006
2.2191 1.07821
2.23783 0.720913
2.25655 0.913848
2.27528 1.05567
2.29401 1.39599
2.31273 1.24495
2.33146 1.87948
2.35019 0.966748
2.36891 0.722231
2.38764 0.994998
2.40637 1.49828
2.44382 0.344336
2.46255 0.738647
2.48127 0.945407
2.5 1.01709
2.51873 1.23535
2.53745 0.968243
2.55618 0.468576
2.57491 1.32965
2.59363 1.05585
2.61236 0.836931
2.63108 1.00099
2.64981 0.902765
2.66854 1.06912
2.68726 2.00521
2.70599 1.19276
2.72472 0.64254
2.74344 1.08648
2.76217 1.43923
2.7809 0.720308
2.79962 1.12409
2.81835 0.635223
2.83708 1.30005
2.8558 0.659528
2.87453 1.7507
2.89326 0.961667
2.91198 1.07675
2.93071 0.792976
2.94944 1.06132
2.96816 1.13861
2.98689 0.954515
3.00562 0.867697
3.02434 0.491357
3.04307 0.591332
3.0618 1.2492
3.08052 1.33434
3.09925 0.762667
3.11798 0.550826
3.1367 1.01577
3.15543 1.0961
3.17416 0.621556
3.19288 0.741622
3.21161 1.16488
3.23034 0.960542
3.24906 0.988149
3.26779 0.852412
3.28652 0.643631
3.30524 1.27422
3.32397 1.254
3.3427 1.21912
3.36142 1.08768
3.38015 0.688506
3.39887 0.799128
3.4176 0.945412
3.43633 0.732239
3.45505 1.52232
3.47378 0.727972
3.49251 1.55944
3.51123 0.862952
3.52996 0.906568
3.54869 0.762253
3.56741 1.22622
3.58614 0.807903
3.60487 0.667512
3.62359 1.29294
3.64232 1.35559
3.66105 1.19061
3.67977 1.57111
3.6985 1.12217
3.71723 1.14132
3.73595 0.748773
3.75468 1.03849
3.77341 0.857528
3.79213 1.11091
3.81086 1.29743
3.82959 1.36853
3.84831 1.10344
3.86704 1.06249
3.88577 1.34166
3.90449 0.621495
3.92322 0.957894
3.94195 0.94416
3.96067 0.683482
3.9794 0.740704
3.99813 0.810437
4.01685 0.575665
4.03558 0.975503
4.05431 1.5756
4.07303 0.525712
4.09176 0.923406
4.11049 0.985626
4.12921 0.89817
4.14794 1.1031
4.16666 0.185729
4.18539 1.13047
4.20412 0.95784
4.22284 0.753927
4.24157 1.00871
4.2603 0.964787
4.27902 1.09518
4.29775 0.971807
4.31648 1.17518
4.3352 0.740092
4.35393 0.947991
4.37266 0.798739
4.39138 1.5201
4.41011 1.38276
4.42884 0.737297
4.44756 1.13417
4.46629 0.586788
4.48502 0.666996
4.50374 0.683843
4.52247 0.770735
4.5412 1.13249
4.55992 0.928877
4.57865 1.13405
4.59738 0.98092
4.6161 0.906611
4.63483 0.960828
4.65356 0.751872
4.67228 0.858993
4.69101 1.04052
4.70974 0.822634
4.72846 0.625923
4.74719 1.0197
4.76592 0.786174
4.78464 0.875475
4.80337 1.06306
4.8221 1.48599
4.84082 1.01853
4.85955 0.839991
4.87828 1.15387
4.897 1.23627
4.91573 1.48153
4.93445 0.878311
4.95318 1.28939
4.97191 1.01419
4.99063 0.829633
5.00936 1.17016
5.02809 1.22189
5.04681 1.28861
5.06554 0.974983
5.08427 1.0588
5.10299 1.04379
5.12172 0.750598
5.14045 1.13356
5.15917 1.01177
5.1779 1.11758
5.19663 1.02758
5.21535 0.941751
5.23408 0.981653
5.25281 0.79983
5.27153 1.05948
5.29026 1.23097
5.30899 0.608215
5.32771 0.937004
5.34644 1.00355
5.36517 0.995065
5.38389 0.910749
5.40262 0.900643
5.42135 0.766379
5.44007 1.03962
5.4588 0.771025
5.47753 0.910903
5.49625 0.85442
5.51498 1.00442
5.53371 1.21114
5.55243 0.874865
5.57116 0.790617
5.58989 0.891977
5.60861 1.31043
5.62734 1.01399
5.64606 0.988566
5.66479 0.858146
5.68352 0.448918
5.70224 0.814564
5.72097 0.684292
5.7397 0.811477
5.75842 1.20907
5.77715 0.703472
5.79588 1.12512
5.8146 0.92712
5.83333 0.942052
5.85206 1.03978
5.87078 0.935502
5.88951 1.21954
5.90824 1.05751
5.92696 0.894264
5.94569 1.62238
5.96442 1.03945
5.98314 0.888825
6.00187 1.24007
6.0206 1.33874
6.03932 1.33473
6.05805 1.41672
6.07678 0.969297
6.0955 1.06935
6.11423 0.858045
6.13296 0.941213
6.15168 1.08712
6.17041 0.998692
6.18914 0.811122
6.20786 1.31911
6.22659 0.992076
6.24532 1.04353
6.26404 0.815149
6.28277 0.920883
6.3015 1.25568
6.32022 1.64827
6.33895 1.163
6.35768 0.858196
6.3764 1.0226
6.39513 0.904964
6.41385 1.39291
6.43258 1.0088
6.45131 0.853035
6.47003 0.848267
6.48876 1.07252
6.50749 0.902701
6.52621 0.836247
6.54494 0.760177
6.56367 1.33411
6.58239 0.763424
6.60112 1.10828
6.61985 1.1304
6.63857 1.04908
6.6573 1.06444
6.67603 0.675401
6.69475 0.668837
6.71348 1.04808
6.73221 0.743087
6.75093 0.843644
6.76966 0.795209
6.78839 0.811762
6.80711 0.897579
6.82584 0.936414
6.84457 0.953485
6.86329 0.744491
6.88202 1.07902
6.90075 0.831378
6.91947 0.952179
6.9382 1.35674
6.95693 1.13362
6.97565 1.01166
6.99438 0.816278
7.01311 1.24607
7.03183 0.862107
7.05056 0.791703
7.06929 1.08051
7.08801 0.778273
7.10674 0.514704
7.12547 0.925054
7.14419 1.3578
7.16292 1.41647
7.18164 0.913059
7.20037 1.22064
7.2191 1.0179
7.23782 1.09776
7.25655 0.96994
7.27528 0.635994
7.294 1.0459
7.31273 1.14863
7.33146 1.29215
7.35018 1.0234
7.36891 1.28422
7.38764 1.04927
7.40636 1.28479
7.42509 0.922497
7.44382 1.04005
7.46254 1.07107
7.48127 0.900981
7.5 1.0735
7.51872 1.31656
7.53745 1.03191
7.55618 1.30796
7.5749 1.0888
7.59363 0.818461
7.61236 1.09742
7.63108 1.14771
7.64981 1.2347
7.66854 0.894708
7.68726 0.749733
7.70599 0.947302
7.72472 0.871114
7.74344 0.921064
7.76217 0.680365
7.7809 1.16022
7.79962 0.824165
7.81835 1.3111
7.83708 0.772621
7.8558 0.749351
7.87453 0.854091
7.89325 1.00854
7.91198 0.898483
7.93071 0.814638
7.94943 0.826827
7.96816 0.778868
7.98689 0.817239
8.00561 0.998775
8.02434 0.713747
8.04307 0.52609
8.06179 1.1119
8.08052 0.70235
8.09925 0.840624
8.11797 1.17
8.1367 0.931419
8.15543 0.922335
8.17415 1.37411
8.19288 1.32639
8.21161 1.24394
8.23033 1.04148
8.24906 1.24513
8.26779 1.10775
8.28651 1.13181
8.30524 0.827564
8.32397 1.04661
8.34269 1.31075
8.36142 1.05679
8.38015 0.821485
8.39887 0.978823
8.4176 0.886029
8.43633 0.964594
8.45505 1.14109
8.47378 0.949892
8.49251 0.862248
8.51123 0.891098
8.52996 1.29176
8.54869 1.08793
8.56741 1.27744
8.58614 1.15008
8.60487 0.837527
8.62359 1.0015
8.64232 0.918583
8.66104 0.824024
8.67977 1.26155
8.6985 1.04142
8.71722 1.13845
8.73595 1.0385
8.75468 0.934412
8.7734 1.27359
8.79213 0.746759
8.81086 0.796477
8.82958 0.780952
8.84831 0.892626
8.86704 1.13662
8.88576 1.2726
8.90449 0.840569
8.92322 0.794587
8.94194 0.927653
8.96067 0.933736
8.9794 1.37605
8.99812 1.05622
9.01685 1.01201
9.03558 0.762892
9.0543 1.07118
9.07303 0.743452
9.09176 1.38259
9.11048 1.01783
9.12921 0.71264
9.14794 0.801714
9.16666 1.01416
9.18539 1.02481
9.20412 0.892525
9.22284 1.13681
9.24157 0.980246
9.2603 1.31432
9.27902 1.25142
9.29775 0.838734
9.31648 0.645255
9.3352 0.722762
9.35393 0.939319
