0.367696 0.192284
0.480833 0.277412
0.707107 0.877576
0.763675 1.37011
0.989949 0.468955
1.04652 0.0507078
1.10309 0.788493
1.27279 0.408029
1.38593 2.47186
1.4425 1.37637
1.49907 1.27733
1.55563 0.326034
1.78191 1.32598
1.89505 1.03449
2.00818 0.183691
2.06475 0.959791
2.12132 3.26651
2.17789 0.733085
2.23446 0.334632
2.29103 1.07772
2.34759 0.981543
2.46073 0.477326
2.5173 1.35303
2.57387 1.04824
2.68701 1.16967
2.74357 0.559601
2.80014 0.704685
2.85671 1.80332
2.91328 0.324881
3.02642 0.521269
3.13955 0.272885
3.19612 0.502306
3.25269 0.882491
3.30926 1.52939
3.36583 0.741939
3.47897 1.08806
3.53553 1.58134
3.5921 0.987676
3.64867 1.40037
3.70524 0.547485
3.76181 0.811126
3.81838 0.932498
3.87495 0.986298
3.93151 1.49056
3.98808 0.266756
4.04465 1.02803
4.10122 2.55397
4.15779 1.41528
4.27092 0.989763
4.32749 0.485944
4.38406 0.284945
4.44063 1.134
4.4972 0.410255
4.55377 0.906416
4.61034 0.872474
4.6669 0.342846
4.72347 0.678919
4.78004 0.823038
4.83661 1.35005
4.89318 0.548042
4.94975 1.38543
5.00632 0.959098
5.06288 0.937242
5.11945 0.862323
5.17602 0.329029
5.23259 1.34161
5.28916 1.37441
5.34573 0.516499
5.4023 1.1517
5.51543 0.99572
5.572 1.91012
5.68514 0.720949
5.74171 0.853049
5.79828 0.382033
5.85484 0.985468
5.91141 1.52919
6.02455 1.06174
6.08112 0.593903
6.19426 1.07377
6.25082 0.666138
6.30739 1.10722
6.36396 1.46208
6.42053 0.525193
6.4771 0.374078
6.53367 0.915832
6.59024 0.949463
6.6468 1.58123
6.70337 1.21554
6.75994 0.892908
6.81651 0.401126
6.87308 1.12143
6.92965 0.998604
6.98621 0.594062
7.04278 1.08226
7.09935 1.33714
7.15592 0.775065
7.21249 0.975347
7.26906 1.49285
7.38219 1.30756
7.43876 0.958003
7.49533 0.836015
7.5519 0.957872
7.60847 1.03253
7.66504 0.724992
7.72161 0.929055
7.77817 1.07122
7.83474 0.943025
7.89131 0.908943
7.94788 1.20327
8.00445 0.944525
8.06102 0.946092
8.11759 0.902472
8.17415 0.539177
8.23072 1.03258
8.28729 0.898182
8.34386 1.46468
8.40043 0.975402
8.457 0.655049
8.51357 1.00444
8.57013 0.717394
8.6267 0.775303
8.68327 0.790629
8.73984 1.2241
8.79641 0.458575
8.85298 1.21971
8.90955 1.22018
8.96611 1.19813
9.02268 1.17917
9.07925 1.37843
9.13582 0.445404
9.19239 0.900606
9.24896 1.04586
9.30553 1.07377
9.36209 0.905135
9.41866 0.975445
9.47523 0.71249
9.5318 1.16871
9.58837 0.608292
9.64494 1.18446
9.70151 0.775089
9.75807 0.896923
9.81464 0.717918
9.87121 0.832831
9.92778 0.966291
9.98435 1.18247
10.0409 0.63952
10.0975 1.33678
10.1541 1.35181
10.2106 0.429937
10.2672 0.827428
10.3238 0.718997
10.3803 1.07893
10.4369 0.750164
10.4935 1.07889
10.55 1.29487
10.6066 1.15662
10.6632 0.798077
10.7197 1.38423
10.7763 1.13193
10.8329 1.19351
10.8894 0.936877
10.946 0.960804
11.0026 1.34638
11.0592 0.763195
11.1157 0.958295
11.1723 1.17584
11.2289 0.875029
11.2854 1.00822
11.342 1.18833
11.3986 0.892814
11.4551 1.30841
11.5117 0.72966
11.5683 0.762865
11.6248 1.32192
11.6814 0.787818
11.738 0.989826
11.7945 0.698137
11.8511 1.18817
11.9077 1.06496
11.9642 0.634496
12.0208 1.05002
12.0774 1.04943
12.134 0.220432
12.1905 1.0376
12.2471 1.2651
12.3037 0.913751
12.3602 0.809752
12.4168 1.42885
12.4734 1.18197
12.5299 1.11316
12.5865 0.387713
12.6431 0.763421
12.6996 1.47945
12.7562 1.02096
12.8128 0.59344
12.8693 1.00533
12.9259 1.40023
12.9825 1.14645
13.039 0.7746
13.0956 0.951869
13.1522 0.828531
13.2088 0.794656
13.2653 1.09138
13.3219 1.0093
13.3785 1.04513
13.435 1.1342
13.4916 1.11537
13.5482 0.639942
13.6047 0.807571
13.6613 0.87265
13.7179 0.80946
13.7744 0.988495
13.831 1.37505
13.8876 1.13534
13.9441 1.05485
14.0007 0.8391
14.0573 0.906653
14.1139 1.03001
14.1704 1.08558
14.227 0.872408
14.2836 1.02714
14.3401 1.36962
14.3967 0.586214
14.4533 0.903956
14.5098 1.01941
14.5664 1.34961
14.623 0.838769
14.6795 0.932842
14.7361 1.19551
14.7927 1.03985
14.8492 1.08894
14.9058 0.891933
14.9624 0.896737
15.0189 0.868753
15.0755 1.01428
15.1321 0.951074
15.1887 0.876828
15.2452 1.27171
15.3018 0.778949
15.3584 1.13978
15.4149 0.905089
15.4715 1.07933
15.5281 0.779645
15.5846 0.837058
15.6412 0.915844
15.6978 1.00306
15.7543 0.93493
15.8109 0.949376
15.8675 1.02734
15.924 1.26671
15.9806 1.2297
16.0372 0.686332
16.0938 0.818922
16.1503 1.35007
16.2069 1.16176
16.2635 1.12522
16.32 1.02096
16.3766 0.861363
16.4332 0.873917
16.4897 0.902983
16.5463 0.955246
16.6029 1.058
16.6594 1.03778
16.716 0.835447
16.7726 0.868979
16.8291 1.22437
16.8857 0.6966
16.9423 0.994987
16.9988 1.02525
17.0554 0.942041
17.112 0.944092
17.1686 1.37499
17.2251 0.810591
17.2817 0.867943
17.3383 1.17695
17.3948 0.947245
17.4514 0.860683
17.508 1.4166
17.5645 0.999155
17.6211 0.494555
17.6777 0.913472
17.7342 1.12634
17.7908 1.07153
17.8474 1.1954
17.9039 1.25259
17.9605 1.21015
18.0171 0.80162
18.0736 1.10971
18.1302 0.76138
18.1868 0.969308
18.2434 1.04993
18.2999 1.00059
18.3565 0.902882
18.4131 0.938931
18.4696 0.642644
18.5262 1.09692
18.5828 0.956646
18.6393 1.24233
18.6959 1.09933
18.7525 1.0441
18.809 1.03725
18.8656 1.11617
18.9222 0.759869
18.9787 1.1095
19.0353 0.918079
19.0919 1.26674
19.1485 0.87665
19.205 0.680717
19.2616 1.01145
19.3182 1.10728
19.3747 1.10202
19.4313 0.911233
19.4879 0.919679
19.5444 0.903856
19.601 1.18564
19.6576 0.977294
19.7141 0.565108
19.7707 1.00935
19.8273 1.10209
19.8838 0.896468
19.9404 1.18709
19.997 1.44183
20.0535 0.887964
20.1101 0.835198
20.1667 0.820392
20.2233 0.924169
20.2798 0.955946
20.3364 1.36934
20.393 0.797466
20.4495 0.972558
20.5061 1.11075
20.5627 0.796
20.6192 0.922548
20.6758 0.733288
20.7324 0.991199
20.7889 1.07574
20.8455 0.916051
20.9021 1.08979
20.9586 0.819675
21.0152 1.26843
21.0718 0.902654
21.1284 1.09922
21.1849 1.08368
21.2415 0.903961
21.2981 0.973316
21.3546 1.34651
21.4112 1.13938
21.4678 0.777511
21.5243 0.877305
21.5809 1.05261
21.6375 0.957149
21.694 1.03727
21.7506 1.03165
21.8072 0.989426
21.8637 0.990373
21.9203 1.04187
21.9769 0.7816
22.0334 0.857065
22.09 0.90736
22.1466 1.036
22.2032 1.0281
22.2597 0.965781
22.3163 0.854928
22.3729 1.03445
22.4294 1.36376
22.486 0.967135
22.5426 1.28897
22.5991 0.930496
22.6557 1.09614
22.7123 0.875729
22.7688 1.24208
22.8254 1.11694
22.882 0.64345
22.9385 0.666562
22.9951 0.916086
23.0517 1.27783
23.1082 1.12621
23.1648 0.884341
23.2214 0.66235
23.278 0.952427
23.3345 0.917738
23.3911 1.13011
23.4477 1.27732
23.5042 0.928135
23.5608 0.727226
23.6174 1.07283
23.6739 0.905322
23.7305 1.14649
23.7871 0.795955
23.8436 1.20168
23.9002 0.901233
23.9568 1.07615
24.0133 1.15626
24.0699 0.89204
24.1265 0.976018
24.1831 1.14575
24.2396 0.853989
24.2962 1.16157
24.3528 1.19108
24.4093 1.08192
24.4659 0.786216
24.5225 0.883439
24.579 0.940014
24.6356 0.693203
24.6922 1.05523
24.7487 1.1575
24.8053 1.00198
24.8619 1.07798
24.9184 0.896701
24.975 0.951671
25.0316 1.10313
25.0881 1.05312
25.1447 1.34816
25.2013 0.863165
25.2579 1.0862
25.3144 0.938217
25.371 0.860582
25.4276 0.874627
25.4841 0.628764
25.5407 0.98744
25.5973 0.921442
25.6538 1.09839
25.7104 0.846358
25.767 1.13549
25.8235 1.11339
25.8801 1.21726
25.9367 0.966401
25.9932 1.0312
26.0498 1.16746
26.1064 0.939273
26.163 1.08177
26.2195 0.952554
26.2761 0.692239
26.3327 1.22291
26.3892 1.31462
26.4458 0.913497
26.5024 0.988305
26.5589 0.930246
26.6155 1.02382
26.6721 1.3009
26.7286 0.80088
26.7852 1.04046
26.8418 1.11302
26.8983 0.803183
26.9549 1.02105
27.0115 1.03555
27.068 0.854863
27.1246 1.30404
27.1812 1.04102
27.2378 1.01091
27.2943 0.809568
27.3509 0.792946
27.4075 0.525619
27.464 1.0893
27.5206 1.02887
27.5772 0.9374
27.6337 1.43601
27.6903 1.07698
27.7469 1.10264
27.8034 1.13633
27.86 1.07238
27.9166 1.13212
27.9731 0.731791
28.0297 1.03157
28.0863 0.871011
28.1428 0.970424
28.1994 1.38421
28.256 0.990127
