0.00513298766667 0.378900566667
0.0258893643333 0.723870666667
0.914964666667 0.289431333333
0.891237 0.0331562333333
0.454786 0.00733926433333
0.520099333333 0.004176771
0.951594666667 0.959340666667
0.84092 0.320030666667
0.0735814666667 0.517359
0.379029 0.975126333333
0.0408287333333 0.918301
0.1076825 0.471804666667
0.981291 0.270548
0.934124 0.133896
0.925457 0.0644078666667
0.955617333333 0.0730698
0.963185666667 0.101805766667
0.855711666667 0.281517333333
0.885869333333 0.272451666667
0.860726333333 0.037317
0.0298798666667 0.122935233333
0.583439333333 0.228139666667
0.446885333333 0.946915333333
0.468490666667 0.964880666667
0.960929333333 0.917204666667
0.800920333333 0.379147
0.771654 0.380536
0.808878 0.339759
0.779611666667 0.341148
0.678333 0.335759333333
0.712384333333 0.344271666667
0.0624432 0.551289
0.0831174 0.586244666667
0.278753333333 0.803345666667
0.0704648 0.444379333333
0.0241787566667 0.427919
0.0484671 0.468335666667
0.0445674566667 0.387745
0.0737067 0.415249666667
0.953386 0.152162
0.982447666667 0.120071766667
0.992289 0.1859331
0.990083666667 0.228705
0.909967666667 0.212995666667
0.907836 0.245353333333
0.947855666667 0.188132333333
0.974712 0.198814
0.936931333333 0.262333
0.965919333333 0.240657
0.869321 0.172110666667
0.881466333333 0.199068
0.834744 0.186889333333
0.846889333333 0.213846666667
0.862735666667 0.140643133333
0.893507 0.124471133333
0.892408333333 0.0837189666667
0.867605 0.0626277666667
0.16956 0.0989875666667
0.107651666667 0.137207
0.073289 0.142916333333
0.0602715666667 0.174013
0.0429682 0.0746399
0.0682801666667 0.10981
0.102642833333 0.104100666667
0.135676033333 0.389966333333
0.112868066667 0.418358333333
0.162399333333 0.453716666667
0.130947366667 0.454045666667
0.188982 0.420328
0.180338 0.392265
0.0604333566667 0.355196333333
0.181996666667 0.470407333333
0.208579333333 0.437018666667
0.615197666667 0.213873666667
0.649136666667 0.225993
0.824338 0.265151666667
0.822050333333 0.238507
0.497033 0.131871666667
0.525905666667 0.143980333333
0.560848 0.202354333333
0.554181333333 0.04403013
0.543923666667 0.0783293333333
0.524532666667 0.0241107966667
0.932015 0.835711
0.394685 0.998256333333
0.477472 0.992882333333
0.522370333333 0.981805666667
0.917662666667 0.875583666667
0.935504 0.907628
0.926169333333 0.949764
0.897986666667 0.957193333333
0.888717666667 0.880024
0.878376333333 0.919497666667
0.825089666667 0.392477333333
0.853480666667 0.810923333333
0.588074 0.412946333333
0.561575 0.410294
0.573642666667 0.270139666667
0.535884666667 0.272108
0.593912333333 0.340583333333
0.557916 0.342882
0.451193333333 0.381965666667
0.531777333333 0.396608333333
0.531407333333 0.365302666667
0.484379333333 0.281316333333
0.521566666667 0.296816
0.530934 0.322728666667
0.504425333333 0.345149333333
0.466462 0.354606333333
0.651003333333 0.311332
0.607262 0.31373
0.599656333333 0.288147666667
0.669784666667 0.246776
0.642841666667 0.27204
0.670260333333 0.288031666667
0.647534 0.433156333333
0.66757 0.366070333333
0.626890666667 0.368496333333
0.617763333333 0.404753
0.747343333333 0.403917666667
0.718732666667 0.389005666667
0.682822666667 0.432043
0.693731333333 0.401213666667
0.507041333333 0.728337666667
0.467047666667 0.785225
0.0322973 0.547294
0.015805031 0.666147666667
0.00940458766667 0.55594
0.0191472233333 0.472947333333
0.0612695666667 0.614337333333
0.0300645 0.628359
0.0368141333333 0.592498
0.364156666667 0.918562333333
0.422648333333 0.935199666667
0.387314333333 0.946393333333
0.27445 0.994607666667
0.228071666667 0.983319
0.332257 0.976012666667
0.322839666667 0.918556666667
0.299225333333 0.947274
0.264888 0.953833666667
0.308740666667 0.831899666667
0.294130666667 0.87116
0.322132666667 0.890379
0.363449666667 0.890384666667
0.270952333333 0.748446333333
0.286873666667 0.775239333333
0.0814667 0.648083333333
0.0618376666667 0.697509666667
0.0600514 0.671874333333
0.0363803976667 0.754237
0.159055666667 0.677703666667
0.145179 0.708284
0.236029666667 0.732734333333
0.829817666667 0.1253658
0.807968 0.108177133333
0.795123666667 0.0789045
0.756485 0.0677445
0.816062666667 0.0335192
0.822941333333 0.0588299666667
0.761113 0.02029104
0.729353 0.0344418066667
0.280906666667 0.0361718343333
0.305111333333 0.0523549676667
0.340015333333 0.0399926343333
0.396121333333 0.018496301
0.426695333333 0.1105993
0.399559 0.0761974666667
0.367827333333 0.0772089666667
0.397757333333 0.161076
0.429302666667 0.152404333333
0.138096866667 0.195432333333
0.134391866667 0.157691666667
0.163822333333 0.140387333333
0.190681 0.156467666667
0.200548666667 0.195258666667
0.177395 0.216919
0.124126533333 0.216977
0.0473986666667 0.0177594
0.0450252666667 0.0378074333333
0.0727815333333 0.0357308333333
0.157029333333 0.0705557
0.124622366667 0.0742721333333
0.106342133333 0.0407591
0.193156 0.0431593666667
0.238503333333 0.0226261343333
0.184096433333 0.0165094343333
0.1201867 0.3656
0.0924972333333 0.353487666667
0.0408948566667 0.317224
0.0157258233333 0.217761566667
0.0271090666667 0.171566233333
0.209873333333 0.274136
0.178513666667 0.252968
0.146905666667 0.257603
0.144916 0.333554666667
0.1223332 0.287888333333
0.117226533333 0.321442333333
0.394248333333 0.198206666667
0.370416333333 0.21404
0.423747666667 0.230319
0.436974666667 0.328432666667
0.449818666667 0.293984666667
0.413921333333 0.262759666667
0.381107 0.257899
0.338139 0.211383333333
0.189725 0.504592666667
0.225255666667 0.514121
0.113750866667 0.601669666667
0.173788666667 0.621898
0.144700333333 0.649406666667
0.113591866667 0.64119
0.246468333333 0.559363666667
0.227763666667 0.583445
0.44708 0.0955360333333
0.481986333333 0.1059914
0.503135 0.0755579333333
0.492603 0.0446177333333
0.444318 0.0406493666667
0.419943666667 0.0611342
0.503565666667 0.235559333333
0.518732333333 0.207805666667
0.507457333333 0.174975
0.450865 0.222912
0.475599333333 0.242684333333
0.452911 0.182128
0.478584666667 0.162866333333
0.890372333333 0.797308333333
0.917137333333 0.805402333333
0.932270666667 0.765963666667
0.976303333333 0.884738
0.965230333333 0.835288666667
0.582992666667 0.972112333333
0.675417 0.964563333333
0.703819 0.931280666667
0.677663 0.909225333333
0.635314 0.965654
0.761380333333 0.884362
0.841290333333 0.919178333333
0.745418 0.921972666667
0.870519333333 0.341439666667
0.862646666667 0.374498333333
0.824417666667 0.789446666667
0.766575333333 0.787759333333
0.790552333333 0.810915
0.609819333333 0.549996666667
0.654281666667 0.678537333333
0.684159 0.626852666667
0.685319 0.662112666667
0.606560666667 0.610850333333
0.659083666667 0.593801
0.629921333333 0.586009333333
0.649321333333 0.718620666667
0.733871 0.801238
0.713784 0.277305333333
0.782616666667 0.274006
0.713778333333 0.249822666667
0.765527666667 0.306850666667
0.728578333333 0.309118
0.780329 0.247361333333
0.462843 0.909751
0.438606 0.898035333333
0.616840666667 0.784095333333
0.478403666667 0.717204333333
0.445849666667 0.681063666667
0.421726666667 0.689579666667
0.462032333333 0.748661333333
0.432959666667 0.733438
0.190416 0.974111
0.195259 0.946704
0.222059333333 0.923171666667
0.254032666667 0.921093333333
0.208528333333 0.887044
0.262190333333 0.880704666667
0.235312666667 0.862027
0.343945333333 0.81882
0.318640333333 0.708298333333
0.306149 0.737708666667
0.322070333333 0.764501666667
0.349154666667 0.779528333333
0.400406666667 0.743315333333
0.386359333333 0.774513333333
0.0723133666667 0.752094
0.0887691 0.719612666667
0.120372 0.722526
0.625413 0.0168152366667
0.589748333333 0.0398970633333
0.583741333333 0.167113666667
0.612547333333 0.174398
0.640767666667 0.159133666667
0.571588666667 0.107181133333
0.560074 0.141570333333
0.731801666667 0.0803626666667
0.715135 0.107525866667
0.704669666667 0.0470599733333
0.671560333333 0.0406373066667
0.732142 0.218511666667
0.766809333333 0.217082333333
0.776194666667 0.134026
0.796385333333 0.181270666667
0.798044333333 0.151214666667
0.368314 0.139204666667
0.354492 0.109829466667
0.0909576666667 0.27238
0.0617788666667 0.280957333333
0.0489043666667 0.247761666667
0.0703930333333 0.213062666667
0.0961803333333 0.223995333333
0.174871 0.324221666667
0.203113666667 0.302992
0.235873 0.322464
0.227875333333 0.358166666667
0.194803666667 0.358565666667
0.308914333333 0.365779333333
0.230489333333 0.201026333333
0.238695333333 0.243854666667
0.264168333333 0.236702333333
0.167255666667 0.525947
0.123224466667 0.505002666667
0.111121133333 0.526600666667
0.184081666667 0.559556666667
0.130616333333 0.575955666667
0.159545666667 0.587967333333
0.312527666667 0.625654333333
0.290072 0.678284333333
0.289616333333 0.644103
0.466778666667 0.410917
0.493888333333 0.422271333333
0.420823666667 0.533337
0.25816 0.391216
0.290692666667 0.393390666667
0.315136666667 0.436881
0.420219666667 0.398006
0.435805 0.426957333333
0.549367333333 0.946159
0.508328333333 0.943462333333
0.492326666667 0.912747333333
0.603214666667 0.887259333333
0.635993 0.914591
0.622046 0.937737
0.568483 0.898680333333
0.577603 0.929226333333
0.756267 0.946743333333
0.703850333333 0.973494
0.847735 0.975112666667
0.774265333333 0.987739
0.800676666667 0.840951333333
0.797850666667 0.874104333333
0.832693 0.888264333333
0.864087333333 0.862915
0.841263 0.841781
0.928044 0.318778333333
0.907201 0.342739666667
0.965382333333 0.321571
0.873845333333 0.525955333333
0.830764 0.42632
0.864048333333 0.445941666667
0.907867 0.733444
0.886012666667 0.750584666667
0.698870333333 0.466397333333
0.707800333333 0.611986333333
0.735487333333 0.537655
0.682725 0.578934666667
0.695961333333 0.546640666667
0.718923333333 0.714357333333
0.718233666667 0.684201333333
0.627685333333 0.524559333333
0.673274 0.485393666667
0.669159666667 0.517210333333
0.639049 0.466575666667
0.613387 0.485552
0.584410333333 0.486504
0.580147666667 0.452994
0.553648666667 0.450341666667
0.608878333333 0.720966333333
0.526247333333 0.712420333333
0.556381 0.746579
0.588225666667 0.747537
0.569454333333 0.610749333333
0.525946 0.673194
0.559333666667 0.656146666667
0.62918 0.668233
0.611781333333 0.643597666667
0.598033 0.694771
0.580634333333 0.670135666667
0.702692666667 0.741506
0.670521666667 0.741554
0.711385333333 0.780310333333
0.658693666667 0.780458
0.681642666667 0.803371333333
0.662665333333 0.854087333333
0.683602666667 0.831363666667
0.689544333333 0.880803
0.731662666667 0.865247666667
0.725304333333 0.838432333333
0.480829333333 0.839585333333
0.539121 0.869096
0.503576333333 0.872171
0.492036666667 0.800645333333
0.515659 0.775215
0.540843 0.785634333333
0.601495333333 0.809754
0.623715666667 0.842599666667
0.600232 0.857823666667
0.556495666667 0.837696666667
0.557342333333 0.812251
0.449208 0.649137
0.501497333333 0.612466666667
0.495008666667 0.642721333333
0.476698666667 0.579264
0.156916333333 0.940214333333
0.0742944 0.939063
0.114880633333 0.967012333333
0.152073333333 0.967621333333
0.215776333333 0.759777666667
0.242578666667 0.803596
0.225404666667 0.830759666667
0.0224732976667 0.819701
0.0343895643333 0.785251
0.381274 0.867305666667
0.369972666667 0.831281666667
0.422918666667 0.87154
0.444663 0.841641666667
0.434549333333 0.810419333333
0.401503666667 0.804293666667
0.348883666667 0.696119666667
0.377524 0.709358666667
0.392612666667 0.677804
0.343226666667 0.647657
0.368385666667 0.639978666667
0.638849333333 0.125005166667
0.667711333333 0.104850033333
0.651268666667 0.0712641666667
0.613980333333 0.0707204333333
0.606078333333 0.1037053
0.720406 0.138155
0.743938 0.148000666667
0.719631 0.186463333333
0.680619333333 0.196991333333
0.674900666667 0.169607666667
0.299719 0.100919633333
0.321287666667 0.1211778
0.258544333333 0.170748333333
0.280812 0.188643666667
0.319009 0.176819666667
0.335109666667 0.150553
0.359045 0.274043333333
0.353606666667 0.304051666667
0.287553666667 0.259493
0.323327333333 0.245998
0.348211333333 0.362339666667
0.397378 0.379089
0.366169 0.391152666667
0.398864333333 0.336875
0.373455666667 0.327574666667
0.272480333333 0.558205
0.227647 0.695611
0.256563 0.675775
0.197752333333 0.671472
0.202049 0.633987333333
0.231488 0.623945
0.256107333333 0.641593666667
0.237183333333 0.445143
0.262336333333 0.427802333333
0.246131333333 0.48806
0.299607 0.456420666667
0.273312333333 0.508914
0.301635 0.494615333333
0.371365666667 0.484554666667
0.345249666667 0.451597666667
0.364269666667 0.432603
0.413422 0.474998666667
0.411064 0.449490666667
0.821348666667 0.94365
0.808183 0.961888666667
0.78713 0.947764333333
0.976417333333 0.366521
0.980915333333 0.499950333333
0.993114666667 0.527106333333
0.985544333333 0.623801666667
0.898015666667 0.396598333333
0.923373666667 0.379929666667
0.893743 0.434199
0.96732 0.437652333333
0.955251666667 0.400918333333
0.869684333333 0.659347666667
0.970519666667 0.538187
0.807846333333 0.523038666667
0.845238333333 0.503912
0.847075666667 0.469637666667
0.813791333333 0.450016
0.835400333333 0.753893333333
0.860103666667 0.728646333333
0.848573333333 0.689419666667
0.755664333333 0.65495
0.492375666667 0.459839333333
0.522338333333 0.474224
0.449144 0.507437
0.448949333333 0.483011333333
0.495353 0.558923333333
0.488492 0.524821666667
0.51826 0.514780666667
0.520151666667 0.592126
0.547939333333 0.584805333333
0.564943666667 0.548893666667
0.553833 0.524408333333
0.428649666667 0.621697333333
0.385993 0.588983666667
0.387081333333 0.615038666667
0.427740666667 0.566273333333
0.449651666667 0.582079
0.0972026 0.785130666667
0.0753245333333 0.806134333333
0.255165333333 0.136564666667
0.271965 0.107935166667
0.217242666667 0.128051666667
0.202137333333 0.0947899
0.224478333333 0.0650565666667
0.256383333333 0.0696888333333
0.295270666667 0.336388
0.314718666667 0.309425333333
0.264935333333 0.319874666667
0.284383333333 0.292912
0.314814666667 0.587575666667
0.29918 0.567994
0.356075 0.573621666667
0.320279666667 0.525607
0.376949666667 0.542555
0.356789 0.514122
0.862919666667 0.567714
0.882771666667 0.588475666667
0.861726 0.625550666667
0.827096 0.59026
0.825171333333 0.622926
0.939919666667 0.602344333333
0.913913333333 0.581654333333
0.960757 0.575118666667
0.934750666667 0.554428666667
0.913968333333 0.701735
0.902360333333 0.667744666667
0.902117666667 0.501031333333
0.927872666667 0.522656
0.953664666667 0.496982
0.944507333333 0.457429
0.914528666667 0.459423333333
0.73033 0.47543
0.754037 0.447885333333
0.785544333333 0.46153
0.748865666667 0.506565
0.781436666667 0.500278333333
0.818937333333 0.692378666667
0.803493666667 0.659682
0.774903666667 0.672300666667
0.808125666667 0.732426666667
0.773166 0.744824333333
0.755387666667 0.717395
0.737202333333 0.607785
0.760287666667 0.617592333333
0.751653 0.565747666667
0.791441 0.557418
0.797196 0.584517
0.196037666667 0.810397333333
0.165806 0.819918666667
0.167406 0.741716
0.190924 0.762318
0.142599 0.755958
0.135885333333 0.786081333333
0.171501666667 0.878616666667
0.151678666667 0.847049666667
0.14669 0.908254666667
0.946096666667 0.691194666667
0.978554666667 0.705429
0.948864666667 0.632422333333
0.934488666667 0.657204333333
0.951716 0.730118333333
0.969798 0.769134666667
0.0889333666667 0.913584
0.1176526 0.895878
0.0554677 0.892822
0.0541938666667 0.859774666667
0.0875525333333 0.840087666667
0.1175456 0.855429
