0.0602456 0.055627
0.0787827 0.0176163
0.115857 0.067378
0.125125 0.073114
0.1622 0.0819539
0.171468 0.134527
0.180737 0.0649506
0.208542 0.0964604
0.22708 0.168794
0.236348 0.15082
0.245617 0.150844
0.254885 0.118456
0.291959 0.0795974
0.310496 0.0684631
0.329034 0.291479
0.338302 0.122613
0.347571 0.176155
0.356839 0.126065
0.366108 0.0619428
0.375376 0.096789
0.384645 0.167514
0.403182 0.287797
0.412451 0.149436
0.421719 0.115763
0.440256 0.13962
0.449525 0.147081
0.458793 0.43654
0.468062 0.272114
0.47733 0.328763
0.495867 0.21369
0.514405 0.238473
0.523673 0.181738
0.532942 0.296842
0.54221 0.147489
0.551479 0.377171
0.570016 0.452802
0.579284 0.427974
0.588553 0.224341
0.597822 0.538886
0.60709 0.3358
0.616359 0.482452
0.625627 0.611849
0.634896 0.1877
0.644164 0.438439
0.653433 1.08249
0.662701 0.447937
0.67197 0.9775
0.681239 0.410517
0.699776 0.624119
0.709044 0.581111
0.718313 1.05751
0.727581 0.773765
0.73685 0.421527
0.746118 0.59464
0.755387 0.499734
0.764655 0.70295
0.773924 0.778222
0.783193 0.623559
0.792461 0.531947
0.80173 0.2618
0.810998 0.990642
0.820267 0.722701
0.829535 0.764262
0.838804 0.650703
0.848072 0.602311
0.857341 0.956731
0.86661 0.850228
0.875878 1.48626
0.885147 0.659524
0.903684 0.735437
0.912952 0.980342
0.931489 0.664369
0.940758 0.7733
0.950026 0.2851
0.959295 0.744343
0.968564 0.516747
0.987101 0.897844
0.996369 1.39908
1.01491 1.60891
1.02417 1.17667
1.03344 0.78086
1.04271 1.26874
1.05198 0.199887
1.06125 1.05274
1.07052 0.828453
1.07979 0.814659
1.08905 0.8277
1.09832 1.25689
1.10759 1.25114
1.11686 0.690595
1.12613 1.48517
1.1354 0.320484
1.14467 1.00292
1.15393 1.26208
1.1632 1.31748
1.17247 0.810457
1.18174 0.941783
1.19101 1.30075
1.20955 1.58138
1.21881 1.10211
1.22808 1.12644
1.23735 0.967917
1.24662 1.69001
1.25589 0.473105
1.26516 1.29044
1.27443 0.938339
1.28369 1.01115
1.29296 1.98702
1.30223 0.527192
1.3115 0.718807
1.32077 1.01206
1.33004 1.30816
1.33931 1.47131
1.34857 0.793423
1.35784 1.24827
1.36711 1.23549
1.37638 1.0946
1.38565 1.32857
1.39492 1.61149
1.40419 1.08943
1.41345 1.79896
1.42272 0.574818
1.43199 1.06792
1.44126 0.501674
1.45053 1.10735
1.4598 1.75595
1.46907 0.997984
1.47833 1.58926
1.4876 1.2535
1.49687 1.05431
1.50614 1.17014
1.51541 1.39811
1.52468 1.06904
1.53395 0.797627
1.54321 0.683624
1.55248 0.761196
1.56175 1.33969
1.57102 0.69747
1.58029 1.51052
1.58956 1.28669
1.59883 1.63867
1.60809 1.04567
1.61736 0.947939
1.62663 1.17677
1.6359 1.05464
1.64517 2.12404
1.65444 0.594557
1.6637 1.05998
1.67297 0.599581
1.68224 1.11733
1.69151 1.29493
1.70078 1.34896
1.71005 1.11602
1.71932 1.11561
1.72858 0.84083
1.73785 0.978568
1.74712 0.769481
1.75639 1.70885
1.76566 0.779161
1.77493 1.12484
1.7842 0.540484
1.79346 1.14388
1.80273 1.2342
1.812 1.16686
1.82127 0.825468
1.83054 0.923969
1.83981 0.871014
1.84908 0.936102
1.85834 1.19863
1.86761 0.784496
1.87688 0.971621
1.88615 0.900474
1.89542 1.01675
1.90469 1.4133
1.91396 0.867215
1.92322 1.14164
1.93249 0.680953
1.94176 0.977535
1.95103 1.20896
1.9603 1.30838
1.96957 0.868429
1.97884 1.20965
1.9881 0.907221
1.99737 1.00826
2.00664 0.702358
2.01591 0.80444
2.02518 0.996935
2.03445 1.00723
2.04372 0.851156
2.05298 0.974155
2.06225 0.647377
2.07152 0.829194
2.08079 1.2685
2.09006 0.948108
2.09933 1.06805
2.1086 0.510492
2.11786 0.553653
2.12713 0.83372
2.1364 0.831096
2.14567 0.709654
2.15494 1.03524
2.16421 0.789651
2.17348 0.881522
2.18274 0.85685
2.19201 0.789556
2.20128 0.961041
2.21055 0.930856
2.21982 0.998557
2.22909 1.12007
2.23836 0.663304
2.24762 0.961097
2.25689 0.937194
2.26616 0.903195
2.27543 0.853938
2.2847 1.4358
2.29397 0.805004
2.30323 0.600826
2.3125 1.07772
2.32177 1.0057
2.33104 0.900786
2.34031 0.794243
2.34958 1.43057
2.35885 0.606887
2.36811 0.812854
2.37738 0.866439
2.38665 1.17966
2.39592 0.781751
2.40519 1.28557
2.41446 0.944736
2.42373 1.2834
2.43299 0.831724
2.44226 0.726808
2.45153 0.890119
2.4608 0.53445
2.47007 0.474138
2.47934 0.888662
2.48861 0.789337
2.49787 0.89901
2.50714 0.955983
2.51641 0.605424
2.52568 0.859685
2.53495 1.17937
2.54422 0.943331
2.55349 1.26399
2.56275 0.847377
2.57202 0.580628
2.58129 0.985102
2.59056 0.983623
2.59983 0.58302
2.6091 1.32645
2.61837 0.925069
2.62763 1.25733
2.6369 1.14966
2.64617 0.86644
2.65544 0.812159
2.66471 1.21358
2.67398 1.18747
2.68325 0.788192
2.69251 0.779321
2.70178 0.924124
2.71105 0.825211
2.72032 0.93495
2.72959 0.970888
2.73886 1.03925
2.74813 0.766077
2.75739 1.09988
2.76666 0.903931
2.77593 0.690844
2.7852 0.87016
2.79447 0.967709
2.80374 0.98185
2.81301 1.2447
2.82227 1.46413
2.83154 1.36493
2.84081 1.05716
2.85008 1.00569
2.85935 0.604244
2.86862 1.20937
2.87789 1.25091
2.88715 1.51441
2.89642 0.956316
2.90569 1.26131
2.91496 0.930212
2.92423 1.11906
2.9335 1.15213
2.94276 1.31443
2.95203 1.05655
2.9613 1.85731
2.97057 1.14749
2.97984 1.01799
2.98911 1.14608
2.99838 1.35694
3.00764 1.2142
3.01691 1.08912
3.02618 1.35964
3.03545 0.885461
3.04472 1.34284
3.05399 1.21364
3.06326 0.965985
3.07252 1.04725
3.08179 0.937465
3.09106 1.66852
3.10033 1.02309
3.1096 1.42557
3.11887 1.39731
3.12814 1.58494
3.1374 1.06489
3.14667 1.07044
3.15594 1.04108
3.16521 1.08554
3.17448 0.803152
3.18375 1.09452
3.19302 0.841775
3.20228 1.16507
3.21155 0.87921
3.22082 1.2305
3.23009 1.15236
3.23936 0.792796
3.24863 0.951341
3.2579 1.50321
3.26716 1.15058
3.27643 0.960993
3.2857 1.28433
3.29497 0.847377
3.30424 0.967109
3.31351 0.820657
3.32278 0.998594
3.33204 1.0108
3.34131 1.03044
3.35058 1.12872
3.35985 1.16774
3.36912 1.29807
3.37839 0.759819
3.38766 0.949907
3.39692 0.997552
3.40619 1.01015
3.41546 1.00423
3.42473 1.13143
3.434 0.706248
3.44327 1.03416
3.45254 0.828998
3.4618 0.948237
3.47107 0.857379
3.48034 0.946806
3.48961 1.03494
3.49888 0.773596
3.50815 0.863157
3.51742 0.877112
3.52668 0.896946
3.53595 1.17245
3.54522 0.742957
3.55449 0.941079
3.56376 0.938286
3.57303 0.853209
3.5823 0.665163
3.59156 1.01695
3.60083 0.87273
3.6101 0.841101
3.61937 0.6041
3.62864 0.854541
3.63791 1.14709
3.64717 0.803069
3.65644 0.97429
3.66571 1.21644
3.67498 0.978988
3.68425 0.903373
3.69352 0.876466
3.70279 0.819753
3.71205 1.14778
3.72132 1.00524
3.73059 0.787959
3.73986 0.870739
3.74913 1.341
3.7584 1.04153
3.76767 0.911434
3.77693 0.76567
3.7862 0.650161
3.79547 0.896256
3.80474 1.0814
3.81401 1.1012
3.82328 0.985859
3.83255 0.930906
3.84181 1.14395
3.85108 0.921282
3.86035 0.987437
3.86962 0.921469
3.87889 0.766589
3.88816 0.826346
3.89743 0.714963
3.90669 0.992575
3.91596 0.895357
3.92523 1.01383
3.9345 0.971622
3.94377 0.99723
3.95304 1.04922
3.96231 1.03213
3.97157 0.846523
3.98084 1.04545
3.99011 0.930581
3.99938 1.0855
4.00865 1.11444
4.01792 1.04802
4.02719 0.721629
4.03645 0.971575
4.04572 0.893493
4.05499 1.06512
4.06426 0.981111
4.07353 0.797551
4.0828 1.03003
4.09207 1.12983
4.10133 0.859168
4.1106 0.846505
4.11987 1.0419
4.12914 1.17461
4.13841 1.10288
4.14768 1.18785
4.15695 1.17512
4.16621 1.21313
4.17548 1.0088
4.18475 1.07729
4.19402 0.955927
4.20329 0.745087
4.21256 1.06358
4.22183 1.10907
4.23109 0.982134
4.24036 0.899504
4.24963 1.17806
4.2589 1.17088
4.26817 0.793042
4.27744 0.703657
4.2867 1.04514
4.29597 0.831744
4.30524 0.72352
4.31451 1.20163
4.32378 1.2427
4.33305 1.06006
4.34232 1.10861
4.35158 0.870249
4.36085 0.960732
4.37012 1.0008
4.37939 1.04967
4.38866 1.2623
4.39793 1.01068
4.4072 1.38888
4.41646 1.06655
4.42573 1.06236
4.435 0.724861
4.44427 1.03483
4.45354 1.07807
4.46281 0.972964
4.47208 0.966299
4.48134 0.766141
4.49061 0.924641
4.49988 0.931683
4.50915 1.11845
4.51842 0.723016
4.52769 0.956761
4.53696 1.16117
4.54622 0.960866
4.55549 0.810825
4.56476 1.12736
4.57403 1.08232
4.5833 0.912503
4.59257 1.34859
4.60184 0.919382
4.6111 1.16807
4.62037 1.01675
4.62964 1.07659
