0.996002666667 0.700461
0.989704 0.795509666667
0.0606502 0.961419
0.0362513 0.937006
0.985521666667 0.689413
0.983023333333 0.872246666667
0.995282 0.323145333333
0.584371633333 0.991277
0.988082333333 0.546315333333
0.869817666667 0.535225666667
0.980738666667 0.239471
0.974023666667 0.185993666667
0.963673666667 0.287099666667
0.945397333333 0.210547
0.937819666667 0.245403333333
0.942333 0.173026333333
0.970959333333 0.148473
0.508267666667 0.0032212
0.02730269 0.308190666667
0.452951333333 0.570416666667
0.482007666667 0.232871
0.327630333333 0.554217
0.331921 0.583547
0.425574333333 0.600965666667
0.391268666667 0.588026333333
0.365028333333 0.605655666667
0.838255666667 0.988913333333
0.921263333333 0.980062333333
0.884143333333 0.969291666667
0.862108666667 0.782296
0.831181 0.760525
0.848570666667 0.809516666667
0.847383666667 0.842454333333
0.817643 0.787745666667
0.1051051 0.828695333333
0.167105666667 0.813659
0.1381655 0.797945333333
0.1312049 0.653064
0.969457666667 0.582025
0.939649333333 0.552106666667
0.973195666667 0.630074
0.784800333333 0.555744666667
0.939802666667 0.867141666667
0.948810333333 0.950278333333
0.963632333333 0.913760666667
0.911690333333 0.939507666667
0.878140333333 0.865774666667
0.909043333333 0.856949666667
0.891932 0.504796
0.927738333333 0.509943666667
0.971326666667 0.0723889333333
0.968634333333 0.109108066667
0.695795666667 0.241551333333
0.796629 0.193431333333
0.728813333333 0.168008666667
0.730383333333 0.499180333333
0.708538 0.471320666667
0.677116 0.477987333333
0.743218 0.677225333333
0.713463333333 0.676687666667
0.182730366667 0.02601879
0.02137899 0.162352466667
0.108472266667 0.346815666667
0.0519452333333 0.348225
0.0786258333333 0.330818
0.307135333333 0.332754666667
0.180375666667 0.341620333333
0.222975 0.333193333333
0.268922333333 0.357490666667
0.230686333333 0.359107333333
0.369763 0.409552333333
0.333104333333 0.351490666667
0.452158666667 0.239377666667
0.435054 0.201677
0.502696666667 0.255141
0.372285333333 0.301649333333
0.399516666667 0.275108333333
0.434077 0.277840333333
0.385191 0.371182
0.365121 0.337946
0.363592333333 0.01253635
0.343966666667 0.0942872333333
0.331351666667 0.0648511333333
0.246034666667 0.297129666667
0.263703666667 0.589912666667
0.304490333333 0.603992666667
0.300362333333 0.532767333333
0.311088 0.500085666667
0.122080266667 0.856822666667
0.156729333333 0.852251333333
0.771377333333 0.964535666667
0.750645 0.984552
0.715248 0.943916666667
0.694515666667 0.963933
0.793196333333 0.942566666667
0.896628333333 0.788677333333
0.914380666667 0.823223666667
0.963997333333 0.807896333333
0.94514 0.833415666667
0.532997666667 0.966559666667
0.4490973 0.990158
0.704599333333 0.907987333333
0.674895666667 0.882525333333
0.688065 0.839891666667
0.0689480333333 0.829608666667
0.0417138333333 0.775670666667
0.0675507666667 0.795016666667
0.125111566667 0.688926
0.0982141666667 0.761172666667
0.132671833333 0.765014666667
0.178738333333 0.574347
0.172624 0.506731
0.0724247333333 0.511765
0.104429466667 0.509386666667
0.137114333333 0.530932
0.140111 0.565681666667
0.914914 0.570459333333
0.904679666667 0.600657333333
0.880888666667 0.558726
0.870654333333 0.588924
0.951089 0.647067333333
0.915335 0.631615666667
0.896758 0.666158333333
0.696382666667 0.595013333333
0.729971666667 0.589816
0.737772666667 0.557157333333
0.716407 0.530999
0.83793 0.596056333333
0.798965666667 0.580319666667
0.762943 0.602953333333
0.981260333333 0.485902333333
0.950724666667 0.479449
0.987487333333 0.423601
0.939256666667 0.0332573333333
0.859244666667 0.041711
0.876338333333 0.0133860166667
0.829483 0.01816415
0.706792333333 0.02736855
0.672812666667 0.0443456666667
0.758921666667 0.273075333333
0.771227333333 0.210830333333
0.741961 0.194243
0.756604333333 0.242111666667
0.727338 0.225524333333
0.825393333333 0.0584872333333
0.795631666667 0.0349403833333
0.764468 0.0405434166667
0.858648333333 0.167941333333
0.912305666667 0.159556
0.886561666667 0.183154
0.528051 0.701556
0.686574333333 0.620200666667
0.695848666667 0.651036333333
0.660224 0.671916
0.642704 0.614634666667
0.768267666667 0.735466
0.745984 0.721560666667
0.594219666667 0.682427
0.628678 0.662596333333
0.620432333333 0.636150666667
0.569689666667 0.634695333333
0.543354333333 0.658614333333
0.559638666667 0.679900333333
0.601685333333 0.564363666667
0.629872 0.585466333333
0.662737333333 0.569811333333
0.657515 0.513303666667
0.674960666667 0.538455666667
0.0346117 0.1156588
0.0532034666667 0.143316666667
0.0485536 0.0680397
0.0718691 0.166264
0.1045853 0.145487
0.1223237 0.0462352
0.110918233333 0.106949433333
0.0812593333333 0.103083433333
0.0783204666667 0.0722906666667
0.162658 0.481820333333
0.116588466667 0.480788666667
0.106515133333 0.455930333333
0.0453952666667 0.386075333333
0.0707652 0.407487
0.0698984 0.441106
0.047967 0.468342666667
0.547905 0.609723666667
0.500699 0.608874
0.566131 0.574599333333
0.540834666667 0.549188333333
0.487025666667 0.577050666667
0.508935333333 0.552489333333
0.356080333333 0.463558333333
0.381631666667 0.446733666667
0.347185333333 0.496389333333
0.387322333333 0.542288666667
0.356791333333 0.530588
0.600619666667 0.523710666667
0.625499 0.509951
0.656812333333 0.444223333333
0.379526333333 0.0853872
0.366911333333 0.0559511
0.435629333333 0.0397388933333
0.398617666667 0.0323955266667
0.596487666667 0.01100821
0.654648 0.0211958833333
0.454556333333 0.175426666667
0.485931333333 0.191712333333
0.390050666667 0.154478666667
0.406141 0.194155666667
0.518496 0.176547666667
0.518673666667 0.144885333333
0.582702666667 0.174803333333
0.553488 0.199092
0.541612333333 0.236526666667
0.558408666667 0.257716
0.685579666667 0.172179666667
0.609825333333 0.183191333333
0.673277 0.147347
0.636729 0.148010666667
0.502665 0.292682
0.553817666667 0.322174333333
0.533731666667 0.292456333333
0.299721 0.0241650566667
0.299186666667 0.0529242666667
0.244673666667 0.0250820233333
0.224618666667 0.179262333333
0.382893333333 0.244028333333
0.383837 0.211521
0.307281 0.302623
0.280112666667 0.280832666667
0.340414333333 0.285062333333
0.343815666667 0.253094333333
0.279507333333 0.23863
0.310077 0.228452333333
0.211319 0.785524666667
0.197334333333 0.815276666667
0.265031666667 0.845235
0.163451333333 0.650037
0.248306333333 0.554921333333
0.265957333333 0.532167666667
0.238252333333 0.502122333333
0.207216666667 0.545389666667
0.204099 0.512523333333
0.242854333333 0.472531333333
0.416660666667 0.748916666667
0.455788666667 0.727948333333
0.380166 0.746785666667
0.355284666667 0.781153333333
0.558355333333 0.921667
0.569117333333 0.952650666667
0.0908198333333 0.907260666667
0.1154426 0.892852
0.0902952 0.950668
0.183154333333 0.874942333333
0.239584666667 0.865195333333
0.211334333333 0.853874
0.404101 0.916995
0.359709666667 0.956899666667
0.395661333333 0.948008333333
0.434435333333 0.958335
0.487160333333 0.976977
0.858969666667 0.953808
0.830298 0.938248333333
0.827475666667 0.901294666667
0.886516666667 0.924024
0.868904 0.897000666667
0.867837 0.668837
0.866191333333 0.70922
0.833805333333 0.729100666667
0.801926666667 0.709551666667
0.660823666667 0.956272
0.633589 0.976612333333
0.630964 0.934536333333
0.603729333333 0.954876666667
0.726626333333 0.832624666667
0.796374666667 0.806009666667
0.766914333333 0.783712666667
0.740305333333 0.796673666667
0.809903333333 0.845269666667
0.799231666667 0.872884
0.0436984333333 0.852213666667
0.0323578666667 0.907389333333
0.0572814 0.888395
0.0141685333333 0.845507333333
0.0235704 0.812582666667
0.0908529333333 0.729076
0.0970241666667 0.695601666667
0.0653969666667 0.682271
0.0555831666667 0.737219333333
0.0404949666667 0.710706333333
0.0645424666667 0.550225666667
0.0576022333333 0.642471333333
0.921652 0.701673
0.955529333333 0.766953666667
0.970373 0.725207333333
0.953345 0.692511
0.918919666667 0.757926666667
0.902070333333 0.725342333333
0.954972333333 0.317830333333
0.936916333333 0.445853666667
0.906981333333 0.427305
0.761597333333 0.484464333333
0.728221666667 0.332574
0.731154 0.297354333333
0.697294333333 0.282417666667
0.792338 0.282232
0.739480666667 0.137151333333
0.752866 0.0740603333333
0.707082666667 0.122022
0.710077 0.0669289
0.693461333333 0.0920298666667
0.839327 0.143223666667
0.801937 0.152128666667
0.824491 0.0893085666667
0.850897666667 0.110965933333
0.772144 0.129841
0.783127333333 0.0992786333333
0.883737666667 0.101948666667
0.911346333333 0.1191804
0.939048666667 0.0932858
0.891182333333 0.0635150666667
0.924339 0.0598395333333
0.456417333333 0.697928666667
0.491123333333 0.687218333333
0.436649 0.632025333333
0.422813666667 0.667504333333
0.477699333333 0.633299666667
0.49857 0.658068333333
0.585499666667 0.894684
0.644384666667 0.881584666667
0.623496333333 0.905327333333
0.566148 0.870095
0.571645666667 0.832420666667
0.489864 0.750073666667
0.527420333333 0.734391666667
0.553230666667 0.753530666667
0.516285 0.81868
0.542233333333 0.804263666667
0.603688333333 0.718216
0.586120666667 0.748136333333
0.227916333333 0.270286666667
0.196085 0.267258666667
0.185453 0.227649666667
0.218963666667 0.213461333333
0.248351666667 0.232458
0.0608709333333 0.204904666667
0.0352250233333 0.268315
0.02897259 0.228651
0.170673666667 0.448236666667
0.203835 0.440059333333
0.209534 0.412098333333
0.193407333333 0.386249
0.164137333333 0.373136
0.134334 0.434602666667
0.1252506 0.376909
0.112481933333 0.404349
0.442869 0.536588
0.411545666667 0.521399333333
0.539731 0.513119
0.563961666667 0.497877
0.507831666667 0.51642
0.668016 0.414522333333
0.583361 0.316323666667
0.616777 0.269559
0.586205333333 0.273439333333
0.539023 0.117682066667
0.460582 0.1399342
0.443586666667 0.069119
0.492134666667 0.124557533333
0.424989333333 0.126507533333
0.41919 0.0912117333333
0.512484 0.0973542666667
0.333912333333 0.121974233333
0.358759333333 0.150831333333
0.316337333333 0.192946666667
0.351019666667 0.185081333333
0.627846 0.240724333333
0.621191333333 0.210335666667
0.667052333333 0.230376333333
0.660397666667 0.199987666667
0.442217333333 0.308012
0.479241333333 0.313393333333
0.193030333333 0.161408
0.1485184 0.173519666667
0.134209066667 0.149491
0.217246333333 0.0428796
0.258114 0.0618876333333
0.292338333333 0.869791666667
0.317569333333 0.847779666667
0.334362666667 0.930177333333
0.241044333333 0.608632
0.197168666667 0.602598
0.186566666667 0.628248666667
0.255969333333 0.647536333333
0.227879 0.654045333333
0.184204 0.68473
0.220316333333 0.685947666667
0.231929666667 0.722717666667
0.202442666667 0.749807333333
0.162325333333 0.708049
0.168950666667 0.736356333333
0.295629666667 0.462522333333
0.267009666667 0.452584333333
0.323369666667 0.437195
0.329936333333 0.409066333333
0.313347666667 0.384240666667
0.274049333333 0.387044666667
0.25194 0.414510666667
0.382021333333 0.813944333333
0.394969666667 0.682212666667
0.378253333333 0.718324
0.304466 0.80377
0.320559333333 0.774538
0.305895333333 0.743499333333
0.255009333333 0.738982
0.279842 0.727004666667
0.243326 0.783595666667
0.267199666667 0.805806
0.15654 0.918529666667
0.189602666667 0.905191333333
0.229818 0.904099
0.807166333333 0.673722666667
0.770741333333 0.655301666667
0.778822 0.627355333333
0.826232 0.626384
0.840690666667 0.652888666667
0.730228666667 0.891115333333
0.739086333333 0.858386333333
0.762696333333 0.905075666667
0.771554 0.872346666667
0.0304022133333 0.559934333333
0.02768308 0.614837
0.0170021133333 0.667387333333
0.0243866133333 0.503284
0.00856404666667 0.747486666667
0.0110702033333 0.399172
0.02094808 0.454635666667
0.115259366667 0.585248666667
0.0845772333333 0.576703666667
0.111038266667 0.622591666667
0.0803561333333 0.614046666667
0.954135666667 0.350046666667
0.969338333333 0.387936333333
0.949303 0.416642333333
0.919178333333 0.365704
0.919368 0.398093666667
0.787747 0.492203666667
0.805475666667 0.527152333333
0.841294333333 0.521094666667
0.919833 0.308442
0.899168333333 0.342720333333
0.441277666667 0.904247333333
0.502487 0.857445
0.46617 0.853054
0.439344666667 0.873570333333
0.496291333333 0.937055333333
0.464206666667 0.931542666667
0.520638333333 0.912501666667
0.522937666667 0.880703
0.489621666667 0.799523333333
0.475934333333 0.773786
0.457872 0.818473666667
0.42864 0.775226666667
0.418882 0.805886666667
0.606516333333 0.818275
0.609994 0.784723666667
0.633679666667 0.842851333333
0.667579666667 0.819989666667
0.708283333333 0.739868333333
0.703958 0.766734666667
0.689648333333 0.714858
0.669793666667 0.782783666667
0.639371333333 0.772094
0.657222333333 0.70612
0.635145 0.732589333333
0.171305 0.279813333333
0.162821666667 0.316254666667
0.129805 0.317677
0.413931666667 0.459191333333
0.422209666667 0.489325333333
0.453533 0.504514
0.484388333333 0.493722666667
0.654451333333 0.375306
0.691811333333 0.337255666667
0.681640333333 0.364524666667
0.621073 0.360403
0.611382 0.332061666667
0.672787666667 0.305314333333
0.636949 0.303685666667
0.541131 0.0415980333333
0.472659666667 0.02575996
0.510222666667 0.0173693933333
0.480617 0.0551400666667
0.512162333333 0.0634562
0.590254666667 0.1320561
0.571042666667 0.109397833333
0.628213 0.121143766667
0.600724333333 0.0531709
0.573472333333 0.0672118666667
0.636845333333 0.0618800666667
0.651139666667 0.0904879666667
0.269425 0.1289379
0.301186 0.133803233333
0.259589666667 0.165660333333
0.291350666667 0.170525666667
0.201153666667 0.130300666667
0.242577333333 0.111432566667
0.237377666667 0.0825878333333
0.167635 0.123331
0.19651 0.0635798
0.163530666667 0.0659986333333
0.149186333333 0.0959201
0.34146 0.863229666667
0.402453666667 0.865646666667
0.378626666667 0.843345
0.383228666667 0.898209
0.349442 0.9025
0.359875333333 0.637239333333
0.369346333333 0.665378
0.319669 0.637093333333
0.293807333333 0.661917666667
0.302163 0.693219333333
0.328216333333 0.709714
0.35263 0.701489333333
0.113244633333 0.965359333333
0.154866666667 0.947629666667
0.241736 0.933426
0.278809333333 0.919079
0.297228666667 0.943343333333
0.322575666667 0.970065666667
0.766953666667 0.440975666667
0.748455 0.359769666667
0.734615333333 0.438039666667
0.722406666667 0.388112
0.714397 0.415005333333
0.813793333333 0.458956333333
0.797829666667 0.428109333333
0.811515333333 0.403798666667
0.849053666667 0.399733333333
0.875211 0.428563
0.868135 0.470059333333
0.839119 0.477822333333
0.904276333333 0.249374
0.894991 0.281682
0.853944666667 0.282698333333
0.878237 0.219658
0.824122666667 0.260334666667
0.825694333333 0.221030333333
0.850323666667 0.204445333333
0.842009 0.311374333333
0.800296666667 0.312216333333
0.843856666667 0.368001666667
0.862390666667 0.344636333333
0.78314 0.349543666667
0.806318333333 0.372067
0.0824281 0.224141
0.135204633333 0.256189
0.1152633 0.281251666667
0.1464303 0.226494333333
0.123571033333 0.205578333333
0.0857158666667 0.287969333333
0.0669576 0.265500666667
0.566910333333 0.469066333333
0.539239666667 0.440557666667
0.608763 0.473729
0.620475333333 0.443317666667
0.470788 0.344639333333
0.492316333333 0.369895333333
0.418462333333 0.368863333333
0.433764 0.339258
0.177277 0.96744
0.215244666667 0.967672
0.135654966667 0.985169666667
0.277665 0.980047333333
0.284639633333 0.988992333333
0.388682 0.983638
0.5528 0.415357
0.552704666667 0.361410666667
0.530723333333 0.37766
0.591939 0.383901333333
0.592183 0.413454333333
0.476793 0.399195333333
0.481636333333 0.453214
0.501639666667 0.432160666667
0.442503 0.433871333333
0.439963 0.403544666667
