0.113473 0.029228
0.148388 0.324783
0.218218 0.0853753
0.235675 0.149642
0.305505 0.169723
0.322962 0.0763177
0.34042 0.052566
0.392792 0.0853006
0.427707 0.0590235
0.445164 0.0553374
0.462622 0.0965394
0.480079 0.0703487
0.549909 0.0861737
0.584824 0.140362
0.619739 0.0483422
0.637196 0.182617
0.654654 0.126307
0.672111 0.0915493
0.689569 0.0496948
0.707026 0.0720749
0.724483 0.0550047
0.759398 0.0248815
0.776856 0.540237
0.794313 0.598306
0.829228 0.327271
0.846685 1.56987
0.864143 0.486747
0.8816 0.753784
0.899058 1.07281
0.933973 0.680409
0.968887 2.15633
0.986345 1.07147
1.0038 1.49248
1.02126 2.21353
1.03872 1.80245
1.07363 1.67101
1.09109 2.56509
1.10855 1.42618
1.126 0.373654
1.14346 1.43287
1.16092 0.899294
1.17838 1.10041
1.19583 3.01776
1.21329 1.33685
1.23075 2.57816
1.24821 1.10082
1.26566 0.843715
1.28312 2.88256
1.31804 1.80834
1.33549 1.19965
1.35295 2.35318
1.37041 0.922705
1.38787 0.503418
1.40532 0.536131
1.42278 0.57371
1.44024 0.59964
1.4577 0.468109
1.47515 1.06326
1.49261 1.13897
1.51007 0.767911
1.52753 0.779638
1.54498 0.580854
1.56244 0.867756
1.5799 1.44409
1.59735 0.376121
1.61481 0.837216
1.63227 0.488872
1.64973 1.0032
1.66718 1.02165
1.7021 0.760212
1.71956 0.588919
1.75447 0.828868
1.77193 1.18399
1.78939 0.952563
1.80684 0.655939
1.8243 0.897252
1.85922 0.66032
1.87667 0.635972
1.91159 1.18631
1.92905 1.28757
1.9465 1.60773
1.96396 0.904511
1.98142 1.09107
1.99888 0.869522
2.01633 1.03213
2.03379 1.85526
2.05125 0.742369
2.06871 0.789903
2.08616 0.647939
2.10362 0.766328
2.12108 1.53791
2.13854 0.743552
2.15599 0.559613
2.17345 0.500453
2.19091 1.06852
2.20837 1.02451
2.22582 0.449731
2.24328 1.13388
2.27819 0.975405
2.29565 0.883645
2.31311 0.85762
2.33057 0.429399
2.34802 1.07494
2.36548 0.73845
2.38294 0.611898
2.4004 1.16642
2.41785 0.992546
2.43531 1.67045
2.45277 1.67002
2.47023 0.817856
2.48768 0.914408
2.50514 1.29495
2.5226 1.87528
2.54006 1.38986
2.55751 1.25293
2.57497 0.979879
2.59243 1.41467
2.60989 1.03396
2.62734 1.50265
2.6448 1.27374
2.66226 1.44893
2.67972 0.857342
2.69717 1.23732
2.71463 1.19759
2.73209 0.850079
2.74955 0.993021
2.767 0.765694
2.78446 0.809409
2.80192 0.918412
2.81938 0.769245
2.83683 0.989419
2.85429 1.13109
2.87175 0.832292
2.8892 0.766491
2.90666 1.02837
2.92412 1.30899
2.94158 0.597804
2.95903 0.826238
2.97649 1.35643
2.99395 1.23208
3.01141 1.09414
3.02886 0.703596
3.04632 1.61894
3.06378 1.05381
3.08124 0.841997
3.09869 0.849769
3.11615 0.826053
3.13361 0.518086
3.15107 0.429427
3.16852 0.800903
3.18598 1.03634
3.20344 0.690513
3.2209 1.30281
3.23835 0.83018
3.25581 0.807426
3.27327 0.81283
3.29073 1.1776
3.30818 0.398071
3.32564 0.62339
3.3431 0.593273
3.36056 0.871427
3.37801 0.93955
3.39547 0.794519
3.41293 1.26835
3.43039 0.911061
3.44784 0.813599
3.4653 0.788119
3.48276 0.922961
3.50021 0.833821
3.51767 1.18121
3.53513 0.925909
3.55259 1.03389
3.57004 0.918739
3.5875 0.824384
3.60496 1.29171
3.62242 1.39875
3.63987 1.14337
3.65733 0.905807
3.67479 1.01996
3.69225 0.726101
3.7097 1.53296
3.72716 1.32646
3.74462 0.961264
3.76208 1.10276
3.77953 1.47348
3.79699 0.793049
3.81445 0.966111
3.83191 0.936573
3.84936 1.17694
3.86682 1.29849
3.88428 0.751196
3.90174 1.56127
3.91919 0.933907
3.93665 1.47982
3.95411 1.31633
3.97157 1.03354
3.98902 0.67334
4.00648 1.08413
4.02394 0.798736
4.0414 0.930634
4.05885 1.19655
4.07631 0.578769
4.09377 0.959006
4.11123 1.24521
4.12868 0.72907
4.14614 0.840842
4.1636 0.655386
4.18105 0.933283
4.19851 0.751292
4.21597 0.610073
4.23343 1.18191
4.25088 0.831867
4.26834 0.680107
4.2858 0.877993
4.30326 0.822298
4.32071 0.754975
4.33817 0.808636
4.35563 1.23143
4.37309 0.603934
4.39054 0.866459
4.408 0.699049
4.42546 1.12283
4.44292 1.07786
4.46037 0.772473
4.47783 0.962273
4.49529 0.830811
4.51275 0.814674
4.5302 0.9108
4.54766 0.654978
4.56512 1.29325
4.58258 0.675647
4.60003 0.780366
4.61749 0.690025
4.63495 0.829376
4.65241 1.13777
4.66986 1.21732
4.68732 1.29308
4.70478 0.838274
4.72224 1.26346
4.73969 0.926597
4.75715 1.19898
4.77461 1.10089
4.79206 0.909847
4.80952 1.1961
4.82698 0.798529
4.84444 1.0486
4.86189 1.35356
4.87935 0.928387
4.89681 0.993333
4.91427 1.92843
4.93172 0.950382
4.94918 1.03421
4.96664 1.68026
4.9841 1.3432
5.00155 1.15197
5.01901 1.2586
5.03647 1.08351
5.05393 1.43271
5.07138 1.33192
5.08884 0.993667
5.1063 1.2894
5.12376 1.46149
5.14121 1.02875
5.15867 0.89633
5.17613 0.999524
5.19359 0.938427
5.21104 1.15772
5.2285 1.31092
5.24596 0.876692
5.26342 0.774664
5.28087 0.720319
5.29833 0.85408
5.31579 1.05345
5.33325 0.908184
5.3507 0.810744
5.36816 0.985523
5.38562 0.581613
5.40307 1.07398
5.42053 1.0306
5.43799 1.16988
5.45545 0.806288
5.4729 0.981686
5.49036 1.04797
5.50782 1.19799
5.52528 0.903723
5.54273 0.532094
5.56019 1.01351
5.57765 0.971473
5.59511 0.75452
5.61256 0.723075
5.63002 0.918524
5.64748 1.11258
5.66494 0.705642
5.68239 0.743955
5.69985 0.942635
5.71731 0.796888
5.73477 0.599583
5.75222 0.63564
5.76968 1.13285
5.78714 0.971701
5.8046 0.787626
5.82205 1.28224
5.83951 0.934293
5.85697 0.75013
5.87443 0.969823
5.89188 1.1467
5.90934 1.14492
5.9268 1.13073
5.94426 1.30305
5.96171 0.904535
5.97917 1.22013
5.99663 1.0402
6.01409 1.00422
6.03154 1.05637
6.049 0.483259
6.06646 1.37953
6.08391 1.32448
6.10137 1.07154
6.11883 1.26005
6.13629 1.01524
6.15374 0.975156
6.1712 0.96456
6.18866 1.11981
6.20612 1.21763
6.22357 1.3079
6.24103 1.34292
6.25849 1.37892
6.27595 1.05613
6.2934 1.11869
6.31086 1.37974
6.32832 1.10725
6.34578 0.898259
6.36323 0.836838
6.38069 1.0153
6.39815 1.49032
6.41561 0.930036
6.43306 1.5315
6.45052 1.39197
6.46798 1.2411
6.48544 0.940723
6.50289 0.7022
6.52035 1.12023
6.53781 0.771607
6.55527 0.944792
6.57272 0.665572
6.59018 1.18642
6.60764 0.60402
6.6251 0.981008
6.64255 0.96422
6.66001 0.683997
6.67747 0.738311
6.69492 0.75314
6.71238 0.941196
6.72984 0.99061
6.7473 0.767439
6.76475 0.606591
6.78221 0.867358
6.79967 1.03651
6.81713 1.18624
6.83458 0.604925
6.85204 0.840539
6.8695 0.887052
6.88696 0.783056
6.90441 0.744959
6.92187 0.711641
6.93933 1.04585
6.95679 0.772286
6.97424 0.87318
6.9917 1.02107
7.00916 0.557064
7.02662 1.07132
7.04407 0.974112
7.06153 1.34747
7.07899 0.871531
7.09645 1.23599
7.1139 0.853381
7.13136 0.959653
7.14882 1.09704
7.16628 1.35424
7.18373 0.708766
7.20119 1.11749
7.21865 1.40857
7.23611 1.05115
7.25356 0.898956
7.27102 1.38607
7.28848 1.01365
7.30593 1.50276
7.32339 1.04117
7.34085 1.04812
7.35831 1.05028
7.37576 1.21334
7.39322 1.23106
7.41068 0.691422
7.42814 1.15857
7.44559 1.04467
7.46305 1.28534
7.48051 1.13995
7.49797 1.64753
7.51542 1.40116
7.53288 0.950544
7.55034 1.01575
7.5678 1.29721
7.58525 0.967541
7.60271 0.926875
7.62017 1.07853
7.63763 0.963898
7.65508 1.09106
7.67254 0.847278
7.69 1.27892
7.70746 1.1415
7.72491 0.804262
7.74237 0.818664
7.75983 0.837728
7.77729 0.81625
7.79474 0.809203
7.8122 0.687362
7.82966 0.715543
7.84712 1.0021
7.86457 1.11262
7.88203 0.7258
7.89949 1.06941
7.91695 0.716756
7.9344 0.875682
7.95186 0.865654
7.96932 0.909826
7.98677 0.703667
8.00423 0.942559
8.02169 0.761045
8.03915 1.01307
8.0566 0.955726
8.07406 0.918584
8.09152 0.84967
8.10898 0.846062
8.12643 0.831868
8.14389 1.01053
8.16135 0.826441
8.17881 1.00777
8.19626 1.1128
8.21372 0.924844
8.23118 1.00664
8.24864 0.800791
8.26609 0.824064
8.28355 1.12296
8.30101 0.997246
8.31847 0.83296
8.33592 1.45049
8.35338 0.831723
8.37084 1.32845
8.3883 0.87819
8.40575 1.11107
8.42321 0.941791
8.44067 0.815574
8.45813 0.954007
8.47558 0.779843
8.49304 1.23992
8.5105 1.12673
8.52796 1.22036
8.54541 1.23985
8.56287 1.1673
8.58033 1.49279
8.59778 1.21254
8.61524 0.881977
8.6327 1.12745
8.65016 0.976415
8.66761 1.09716
8.68507 0.774318
8.70253 0.523359
8.71999 1.15926
