0.125201 8.03459e-05
0.163725 0.000389513
0.240772 0.000466586
0.260033 0.00434685
0.33708 0.0139651
0.356342 0.018852
0.375604 0.0115588
0.433389 0.0174563
0.471913 0.0211046
0.491174 0.00659669
0.510436 0.0220724
0.529698 0.0364615
0.606745 0.0471796
0.645268 0.108577
0.683792 0.100872
0.703053 0.220377
0.722315 0.104003
0.741577 0.115535
0.760839 0.101174
0.7801 0.227125
0.799362 0.330173
0.837886 0.0345543
0.857147 1.19475
0.876409 1.55581
0.914932 0.475784
0.934194 3.44828
0.953456 0.37996
0.972718 1.25505
0.991979 1.54459
1.0305 1.02772
1.06903 2.4756
1.08829 1.23344
1.10755 2.2443
1.12681 3.10549
1.14607 2.53543
1.1846 1.66276
1.20386 2.07611
1.22312 0.945988
1.24238 0.257184
1.26164 1.08138
1.28091 0.820807
1.30017 0.715223
1.31943 2.08339
1.33869 0.951047
1.35795 1.29741
1.37721 0.836515
1.39648 0.498903
1.41574 1.57745
1.45426 1.19992
1.47352 0.760816
1.49278 1.49547
1.51205 0.885156
1.53131 0.285387
1.55057 0.450109
1.56983 0.418558
1.58909 0.405239
1.60835 0.277116
1.62762 0.625699
1.64688 0.845339
1.66614 0.299157
1.6854 0.524747
1.70466 0.457022
1.72393 0.830064
1.74319 1.08299
1.76245 0.138639
1.78171 0.844994
1.80097 0.400383
1.82023 1.75427
1.8395 0.985207
1.87802 0.777247
1.89728 0.701738
1.9358 1.053
1.95507 0.952238
1.97433 1.01478
1.99359 1.11628
2.01285 0.890586
2.05137 1.03686
2.07064 1.22966
2.10916 1.48771
2.12842 2.10107
2.14768 1.98543
2.16695 0.964903
2.18621 1.70678
2.20547 0.975964
2.22473 0.78646
2.24399 2.85587
2.26325 1.20396
2.28252 1.20943
2.30178 1.01199
2.32104 1.04115
2.3403 1.48564
2.35956 0.545636
2.37882 0.740546
2.39809 0.505269
2.41735 1.16737
2.43661 1.27302
2.45587 0.49493
2.47513 1.22796
2.51366 0.931262
2.53292 0.773608
2.55218 0.655803
2.57144 0.535227
2.5907 0.898355
2.60997 0.319454
2.62923 0.48477
2.64849 0.945821
2.66775 0.783563
2.68701 1.33054
2.70627 1.33497
2.72554 0.614295
2.7448 0.757619
2.76406 0.898613
2.78332 1.40169
2.80258 0.874347
2.82184 0.80542
2.84111 0.604062
2.86037 0.920271
2.87963 1.23249
2.89889 1.09435
2.91815 1.27705
2.93741 1.17632
2.95668 0.679989
2.97594 1.01789
2.9952 1.54052
3.01446 0.942992
3.03372 1.37662
3.05299 0.58678
3.07225 0.781901
3.09151 0.80548
3.11077 0.798311
3.13003 1.05791
3.14929 0.840323
3.16856 0.817199
3.18782 0.812682
3.20708 1.00803
3.22634 0.886031
3.2456 0.702055
3.26486 0.975822
3.28413 1.48861
3.30339 1.54657
3.32265 1.13524
3.34191 0.815653
3.36117 1.69783
3.38043 1.2017
3.3997 1.16646
3.41896 1.02968
3.43822 0.862041
3.45748 0.94804
3.47674 0.808943
3.49601 0.908299
3.51527 1.32805
3.53453 0.965272
3.55379 1.24105
3.57305 1.24461
3.59231 1.1532
3.61158 0.729045
3.63084 1.72268
3.6501 0.870399
3.66936 0.723983
3.68862 0.820829
3.70788 1.26626
3.72715 0.849226
3.74641 0.980634
3.76567 1.10263
3.78493 0.803217
3.80419 0.654649
3.82345 0.764203
3.84272 0.893688
3.86198 0.946848
3.88124 1.16827
3.9005 0.575884
3.91976 0.937665
3.93903 0.717316
3.95829 0.622232
3.97755 0.906864
3.99681 1.25372
4.01607 1.04662
4.03533 0.800318
4.0546 0.882286
4.07386 0.828111
4.09312 1.34597
4.11238 1.05918
4.13164 0.756138
4.1509 0.786589
4.17017 1.18389
4.18943 0.69267
4.20869 0.722417
4.22795 0.669695
4.24721 1.21947
4.26647 1.50162
4.28574 0.501844
4.305 1.37546
4.32426 0.754627
4.34352 1.09244
4.36278 1.08615
4.38205 1.01209
4.40131 0.671363
4.42057 1.01537
4.43983 1.00027
4.45909 1.09183
4.47835 1.1598
4.49762 0.724525
4.51688 0.952363
4.53614 1.1584
4.5554 0.701925
4.57466 0.803646
4.59392 0.630763
4.61319 1.10464
4.63245 1.20902
4.65171 0.657429
4.67097 1.374
4.69023 0.953533
4.70949 0.586851
4.72876 1.07683
4.74802 1.06236
4.76728 1.10549
4.78654 1.06796
4.8058 1.5771
4.82506 0.896554
4.84433 1.01847
4.86359 0.736651
4.88285 1.33809
4.90211 1.4209
4.92137 1.02561
4.94064 1.09428
4.9599 0.86188
4.97916 0.749867
4.99842 1.03086
5.01768 0.775792
5.03694 1.43446
5.05621 0.711972
5.07547 1.07606
5.09473 0.72723
5.11399 0.837497
5.13325 1.40571
5.15251 1.1719
5.17178 1.22015
5.19104 0.678693
5.2103 1.0586
5.22956 0.903585
5.24882 1.22926
5.26808 0.957666
5.28735 0.848134
5.30661 1.22921
5.32587 0.659324
5.34513 0.912679
5.36439 1.25803
5.38366 0.91089
5.40292 0.895775
5.42218 1.56717
5.44144 0.820814
5.4607 0.855461
5.47996 1.1287
5.49923 1.1623
5.51849 0.998296
5.53775 0.897858
5.55701 0.93015
5.57627 1.3008
5.59553 0.994093
5.6148 1.07915
5.63406 1.04858
5.65332 1.2893
5.67258 0.883706
5.69184 1.08334
5.7111 0.913754
5.73037 0.760607
5.74963 1.04556
5.76889 1.12526
5.78815 0.836038
5.80741 0.937984
5.82668 0.831174
5.84594 0.857709
5.8652 1.00908
5.88446 0.809564
5.90372 0.83559
5.92298 1.01869
5.94225 0.639466
5.96151 1.15138
5.98077 1.20844
6.00003 1.26822
6.01929 0.980725
6.03855 1.2231
6.05782 1.31656
6.07708 1.09518
6.09634 1.09696
6.1156 0.712829
6.13486 1.1756
6.15412 1.28702
6.17339 1.15867
6.19265 0.911188
6.21191 1.35714
6.23117 1.23143
6.25043 0.777544
6.2697 0.869869
6.28896 1.37101
6.30822 0.76736
6.32748 0.741329
6.34674 0.569646
6.366 1.14126
6.38527 0.984113
6.40453 0.714314
6.42379 1.39247
6.44305 0.916638
6.46231 0.776221
6.48157 0.964364
6.50084 0.980727
6.5201 1.03323
6.53936 1.24213
6.55862 1.45237
6.57788 0.850228
6.59714 0.989963
6.61641 1.04895
6.63567 0.934887
6.65493 0.85462
6.67419 0.462192
6.69345 1.09774
6.71272 1.12953
6.73198 0.946328
6.75124 1.06406
6.7705 0.873534
6.78976 0.784697
6.80902 1.10011
6.82829 0.840299
6.84755 1.06513
6.86681 1.20427
6.88607 1.104
6.90533 1.22432
6.92459 0.777428
6.94386 0.850509
6.96312 1.40739
6.98238 0.949394
7.00164 1.02535
7.0209 0.744447
7.04016 0.929934
7.05943 1.33184
7.07869 0.856059
7.09795 1.4604
7.11721 1.04578
7.13647 1.42117
7.15574 0.907165
7.175 0.81582
7.19426 1.24233
7.21352 0.747857
7.23278 0.956273
7.25204 0.737513
7.27131 1.30994
7.29057 0.811066
7.30983 1.26016
7.32909 1.11487
7.34835 0.856747
7.36761 0.890567
7.38688 0.812523
7.40614 0.928972
7.4254 1.19804
7.44466 0.815949
7.46392 0.772054
7.48318 1.17376
7.50245 1.25518
7.52171 1.14532
7.54097 0.715605
7.56023 1.0227
7.57949 0.979813
7.59876 0.868917
7.61802 1.0447
7.63728 0.595038
7.65654 1.1495
7.6758 0.811515
7.69506 1.08124
7.71433 1.33281
7.73359 0.691871
7.75285 1.09886
7.77211 1.00269
7.79137 1.29225
7.81063 0.788718
7.8299 1.1287
7.84916 0.723721
7.86842 0.935946
7.88768 1.00851
7.90694 1.18989
7.9262 0.71848
7.94547 1.04059
7.96473 1.30419
7.98399 1.0369
8.00325 0.88217
8.02251 1.13445
8.04177 0.919567
8.06104 1.1048
8.0803 0.90758
8.09956 0.987419
8.11882 0.985716
8.13808 1.09503
8.15735 1.09266
8.17661 0.610739
8.19587 1.00636
8.21513 1.08084
8.23439 1.05032
8.25365 1.04379
8.27292 1.29879
8.29218 1.3834
8.31144 0.799461
8.3307 0.85266
8.34996 1.16385
8.36922 0.912486
8.38849 0.760492
8.40775 0.89987
8.42701 0.924791
8.44627 0.978311
8.46553 0.710907
8.48479 1.40841
8.50406 1.05071
8.52332 1.05868
8.54258 0.778774
8.56184 1.00628
8.5811 0.988709
8.60037 0.91577
8.61963 0.926521
8.63889 0.795537
8.65815 1.16109
8.67741 1.20126
8.69667 0.914593
8.71594 1.07862
8.7352 0.643071
8.75446 1.0551
8.77372 0.949754
8.79298 1.16303
8.81224 1.05308
8.83151 1.22005
8.85077 0.81175
8.87003 1.19503
8.88929 0.861413
8.90855 1.16919
8.92781 0.953861
8.94708 1.03566
8.96634 0.963601
8.9856 1.1771
9.00486 0.760453
9.02412 1.09832
9.04339 1.05338
9.06265 1.00373
9.08191 1.10927
9.10117 0.675989
9.12043 0.883946
9.13969 1.18363
9.15896 0.916952
9.17822 0.89855
9.19748 1.45548
9.21674 0.823566
9.236 1.26199
9.25526 0.748336
9.27453 1.05702
9.29379 0.929065
9.31305 0.697294
9.33231 1.13319
9.35157 0.916563
9.37083 1.1085
9.3901 1.09659
9.40936 1.12861
9.42862 1.21324
9.44788 0.954442
9.46714 1.25195
9.48641 0.815233
9.50567 0.923963
9.52493 1.02046
9.54419 0.924325
9.56345 0.939406
9.58271 0.985372
9.60198 0.459419
9.62124 0.966926
