0.969821666667 0.135496066667
0.988496666667 0.875590666667
0.01368394 0.570698666667
0.00709170433333 0.110180066667
0.0138349576667 0.241383333333
0.966491333333 0.900901
0.850803 0.948233333333
0.828147666667 0.97495
0.860173333333 0.988531333333
0.507298333333 0.843409333333
0.462324666667 0.891977333333
0.490112666667 0.917973
0.0573101333333 0.549159
0.0280347233333 0.530779
0.0692705666667 0.516761666667
0.0399951566667 0.498381666667
0.0137478333333 0.402580666667
0.0347396566667 0.457625
0.0947137666667 0.497511
0.136906333333 0.417101666667
0.398363 0.623447333333
0.1003311 0.675710666667
0.02997565 0.612155
0.0401219166667 0.646386666667
0.0722689 0.644438666667
0.0586874666667 0.582004666667
0.0833969666667 0.604000666667
0.120651166667 0.519003
0.912954 0.0640572666667
0.877039333333 0.109757466667
0.939356333333 0.0908515333333
0.920451666667 0.114325133333
0.925363 0.146874333333
0.958714333333 0.174334
0.951573333333 0.208703
0.645768 0.0189156266667
0.0766576666667 0.0422114
0.03763699 0.0482022333333
0.0230198566667 0.0799266
0.477101333333 0.0201008933333
0.519703333333 0.362103333333
0.489095 0.390357333333
0.573788333333 0.306894666667
0.949536666667 0.926856333333
0.963945666667 0.960886666667
0.939785333333 0.977221
0.906273333333 0.971411
0.905313 0.916524
0.88621 0.944744333333
0.892542666667 0.885217333333
0.991168333333 0.542336666667
0.498097333333 0.768722
0.474730666667 0.517829333333
0.1495521 0.979184333333
0.244223 0.966344333333
0.304745666667 0.987779666667
0.526051666667 0.871950333333
0.521408666667 0.908289666667
0.558615666667 0.933699
0.482881 0.953608666667
0.433835 0.973822
0.447047666667 0.949804
0.435275666667 0.911826666667
0.0235161433333 0.353199333333
0.0598081 0.433147333333
0.0905068 0.454653333333
0.107952533333 0.425970333333
0.492681666667 0.421496
0.519799666667 0.484297666667
0.481668666667 0.485499333333
0.463771666667 0.455399666667
0.416373666667 0.517627
0.444619333333 0.565420666667
0.448500333333 0.531328
0.411573333333 0.585106666667
0.158734666667 0.436623
0.0405869766667 0.331979333333
0.0512761666667 0.362688666667
0.0943246666667 0.383244333333
0.0665763 0.387592333333
0.355512333333 0.490359333333
0.330509333333 0.408420666667
0.243599333333 0.50615
0.235624333333 0.539341666667
0.131405 0.668554666667
0.296288 0.545721
0.255442333333 0.562007333333
0.247222333333 0.596270333333
0.426456666667 0.637656666667
0.458685333333 0.859613333333
0.478969 0.836792666667
0.470033 0.793506
0.441433666667 0.787441
0.407528333333 0.895711
0.375851666667 0.907836
0.419675333333 0.856559666667
0.411359666667 0.827674
0.388494666667 0.761282333333
0.372353666667 0.688422333333
0.423473 0.753838
0.0245848966667 0.677889
0.0233361133333 0.80784
0.00643755333333 0.619071
0.00484364666667 0.507685333333
0.0850245666667 0.708333333333
0.0364852133333 0.752746333333
0.0414253466667 0.708563666667
0.170882333333 0.743405
0.219143333333 0.895198666667
0.346994 0.720829666667
0.355245666667 0.751676
0.812386666667 0.0738845333333
0.871668666667 0.0624073666667
0.854658666667 0.0846339666667
0.823868666667 0.181829666667
0.832722666667 0.210566
0.89431 0.164312
0.836728 0.150263
0.863672 0.141216
0.669657666667 0.215941333333
0.608216 0.14982
0.706728 0.0989451
0.666114666667 0.0466998333333
0.696268666667 0.0598370666667
0.423064333333 0.272119333333
0.450973666667 0.34527
0.458636333333 0.379980666667
0.918014333333 0.261195666667
0.867286 0.227284333333
0.861297333333 0.27093
0.888113666667 0.28791
0.917085333333 0.221796666667
0.893173333333 0.204865333333
0.968088333333 0.238006
0.943463333333 0.265309666667
0.728009333333 0.162089666667
0.752269333333 0.187533666667
0.790828666667 0.171404666667
0.803688 0.139838
0.739017333333 0.119018966667
0.791246 0.1028567
0.759591333333 0.0926936666667
0.706495333333 0.239830333333
0.743755666667 0.222569333333
0.946145333333 0.857508333333
0.916420333333 0.852157
0.968150666667 0.832198
0.531823666667 0.424762666667
0.541044666667 0.457464666667
0.642497666667 0.633
0.796292 0.961450666667
0.693498333333 0.654421333333
0.658113333333 0.662442333333
0.571010666667 0.865149333333
0.209800333333 0.949829333333
0.179312666667 0.962773333333
0.201598 0.914550333333
0.272718666667 0.9463
0.255841333333 0.910433333333
0.561085 0.964678333333
0.516646333333 0.974904666667
0.590096 0.990541333333
0.483386666667 0.988330666667
0.367403666667 0.937723
0.327332 0.933063333333
0.310258666667 0.957488666667
0.352904 0.979379
0.393608666667 0.965019666667
0.387519666667 0.57355
0.388439 0.540163
0.355518 0.53151
0.323163666667 0.557860666667
0.148926 0.501669333333
0.162262666667 0.471015666667
0.202689666667 0.530543666667
0.175294 0.536252666667
0.210664666667 0.497352
0.196605666667 0.472407333333
0.330097333333 0.476555666667
0.324334 0.442286
0.303227333333 0.505566666667
0.270356666667 0.488661333333
0.410717 0.484315
0.382776666667 0.465700333333
0.434075666667 0.452739666667
0.218883666667 0.442166
0.206941333333 0.391509666667
0.198205333333 0.418068
0.286807333333 0.432257666667
0.2597 0.449622
0.132860666667 0.626773666667
0.112914833333 0.593491666667
0.126103166667 0.560590333333
0.163553333333 0.566153666667
0.351294666667 0.657479
0.365517666667 0.63395
0.289065666667 0.616370333333
0.355596333333 0.601283333333
0.324161333333 0.594247
0.501958333333 0.733597666667
0.538946 0.723866
0.338097 0.784836666667
0.313094 0.794947666667
0.371346 0.794443
0.376250333333 0.827231666667
0.432473666667 0.672371
0.409460333333 0.695474333333
0.435733 0.725428666667
0.473736666667 0.718047
0.472823333333 0.685325333333
0.135688333333 0.750285
0.100300466667 0.735668333333
0.0691537666667 0.765940666667
0.0424200333333 0.861898666667
0.041339 0.912751333333
0.160509666667 0.685438
0.179905666667 0.713049
0.314792666667 0.718650333333
0.212119333333 0.862072666667
0.574150333333 0.254763666667
0.596575666667 0.278680666667
0.634103 0.269981333333
0.640090666667 0.227978333333
0.590695666667 0.171037666667
0.578659333333 0.223813333333
0.607072333333 0.205727333333
0.697002333333 0.166134
0.668089666667 0.182738333333
0.645134666667 0.155189666667
0.658196666667 0.123969133333
0.686695 0.1247328
0.749920333333 0.0505319666667
0.718887 0.0377492333333
0.815590333333 0.0412792
0.782035 0.0433031666667
0.460880666667 0.194972333333
0.478574333333 0.218394666667
0.513448 0.217609666667
0.542436 0.203105666667
0.548274666667 0.172547666667
0.454611666667 0.278082333333
0.475773666667 0.252461
0.470424333333 0.319704666667
0.508695333333 0.326161333333
0.534554333333 0.300468
0.535126333333 0.268122333333
0.510647333333 0.251676
0.958844666667 0.312616333333
0.983469666667 0.285312666667
0.987764666667 0.393886333333
0.980596666667 0.468225666667
0.827427666667 0.271610333333
0.808197666667 0.237526
0.774252666667 0.238627
0.961235333333 0.651943666667
0.894288 0.321955666667
0.93957 0.342548
0.973180666667 0.526869666667
0.555534 0.364592
0.564067666667 0.396112666667
0.58376 0.335076666667
0.616903666667 0.340704666667
0.658126 0.293170333333
0.646372333333 0.323129333333
0.503508666667 0.545962
0.760304666667 0.962135
0.688754666667 0.978360666667
0.626484 0.965923666667
0.690594666667 0.739945333333
0.701194333333 0.785632666667
0.657643666667 0.729014666667
0.642601333333 0.697567
0.610537333333 0.706491
0.676672666667 0.805696333333
0.662508666667 0.836867333333
0.305986333333 0.897692
0.272035666667 0.886250666667
0.334097 0.879448666667
0.334766 0.849921
0.304858666667 0.827243333333
0.262848 0.829506333333
0.247134333333 0.853579666667
0.086119 0.0700174333333
0.119573833333 0.0789572333333
0.0519430333333 0.0986358666667
0.145222666667 0.0617038666667
0.110348133333 0.344665333333
0.419073666667 0.207512
0.406092333333 0.242194
0.385412666667 0.423814666667
0.356804333333 0.397434666667
0.425794333333 0.387862666667
0.416883333333 0.415693
0.418131666667 0.353152
0.586052 0.681271666667
0.547112333333 0.690404666667
0.602500333333 0.642905333333
0.121836633333 0.781025666667
0.0822519333333 0.790204666667
0.0686673 0.831069
0.0923443333333 0.852306333333
0.0786953333333 0.953894333333
0.0679802666667 0.918915333333
0.0927383333333 0.8893
0.113574066667 0.956521333333
0.143334633333 0.940110333333
0.131571633333 0.890129333333
0.155001633333 0.911476666667
0.181261333333 0.657781
0.219215333333 0.610704
0.18276 0.597544
0.165255666667 0.625262666667
0.221296333333 0.70144
0.256907666667 0.710781666667
0.238234333333 0.64788
0.217784666667 0.667238333333
0.298615 0.692711666667
0.309757333333 0.663947666667
0.281697666667 0.646852
0.247641666667 0.803560666667
0.279095333333 0.780208333333
0.205009 0.764084666667
0.206860333333 0.795222
0.249643666667 0.743070333333
0.282948666667 0.750855333333
0.423471 0.126593066667
0.535173333333 0.0257599266667
0.474952666667 0.160398666667
0.455766 0.131112733333
0.523905 0.126547333333
0.516166 0.152995333333
0.812558333333 0.302532333333
0.970088 0.798444
0.987485666667 0.724754666667
0.974735666667 0.696647
0.940476666667 0.682246666667
0.941751 0.777827333333
0.950007 0.749751333333
0.928187 0.723417666667
0.863467 0.874659666667
0.917671 0.551861333333
0.941175 0.604657666667
0.946402666667 0.576639
0.966936333333 0.403725333333
0.945790666667 0.376525333333
0.94233 0.432468
0.906352333333 0.421581333333
0.907184333333 0.388926
0.946518666667 0.461642
0.963709 0.491543333333
0.920211 0.488306333333
0.937401333333 0.518207666667
0.584428 0.460905333333
0.789421666667 0.518620333333
0.719303333333 0.321036
0.753809 0.269653333333
0.715855 0.269515666667
0.696842666667 0.291033333333
0.757391333333 0.329339333333
0.772884666667 0.299474333333
0.472026666667 0.592749
0.504685666667 0.586789
0.467074333333 0.626644333333
0.493291666667 0.660708666667
0.524469666667 0.659169666667
0.735945333333 0.906505
0.728684666667 0.9332
0.712608 0.872117666667
0.676123 0.867112333333
0.732134666667 0.795531
0.734813666667 0.835132666667
0.766006666667 0.835772
0.709422666667 0.681807666667
0.708722 0.717851
0.636420666667 0.761718666667
0.64485 0.792713
0.605349333333 0.746672333333
0.630686 0.823884
0.0297702143333 0.148619
0.0596153666667 0.128439
0.155727333333 0.298464
0.184773333333 0.363293666667
0.154209 0.370330666667
0.141278666667 0.340620333333
0.236837666667 0.374573666667
0.214669666667 0.346357666667
0.297073 0.377305
0.270674 0.391492
0.398255666667 0.295907
0.394708666667 0.334669
0.359773 0.353286
0.364476333333 0.149843666667
0.361758 0.184115666667
0.401356333333 0.151197
0.398638 0.185469
0.332373333333 0.193712
0.585871 0.618700333333
0.537034 0.603068
0.54678 0.625831666667
0.135018966667 0.804858
0.1191113 0.835274333333
0.147281 0.859652
0.180865333333 0.845824333333
0.174985333333 0.811799333333
0.465464333333 0.0650057333333
0.499567666667 0.0444065
0.525299333333 0.0659886666667
0.503589 0.0986611666667
0.476663333333 0.0958232333333
0.563141666667 0.109080933333
0.558211666667 0.0731777666667
0.598238 0.116650933333
0.637683333333 0.0692431333333
0.633874333333 0.0979024
0.617336666667 0.0414589266667
0.585609 0.0391110266667
0.830517333333 0.336507666667
0.868514333333 0.342401333333
0.87519 0.375394333333
0.919387333333 0.652257666667
0.910944 0.620282
0.902086666667 0.717314333333
0.896584333333 0.679834333333
0.841045333333 0.69599
0.86329 0.670745
0.856905333333 0.738566
0.884652333333 0.750801
0.835650333333 0.826664666667
0.866549333333 0.831699666667
0.896624333333 0.816915333333
0.902496666667 0.784980333333
0.808907 0.859816
0.766559666667 0.898914666667
0.774415333333 0.865166666667
0.829131666667 0.886561333333
0.823366666667 0.917922666667
0.795286333333 0.924925333333
0.709243333333 0.619682666667
0.860704 0.528551333333
0.883156 0.554470666667
0.819304666667 0.540783333333
0.603314333333 0.491262
0.646221 0.493689
0.594932333333 0.402716
0.606071666667 0.434806666667
0.619542333333 0.376823333333
0.878309 0.440725666667
0.860726666667 0.496671333333
0.887979 0.478276666667
0.841163 0.4016
0.845114 0.434276
0.801956 0.478729666667
0.831861666667 0.469012666667
0.657460666667 0.899190333333
0.656034333333 0.947388666667
0.686685 0.930890666667
0.775891333333 0.669039666667
0.743786333333 0.683379666667
0.807358333333 0.691729666667
0.743085666667 0.719423
0.571533 0.833317333333
0.596998333333 0.816764333333
0.527854 0.814956
0.527589 0.783555333333
0.554360666667 0.755699333333
0.580091 0.770547
0.039079081 0.210197333333
0.0497894143333 0.181589666667
0.1275345 0.119939
0.101752 0.140802333333
0.162602666667 0.140887333333
0.184646666667 0.116669
0.175227333333 0.0784673
0.179808333333 0.0347658333333
0.209813 0.0515292666667
0.241279 0.0580563
0.144698166667 0.0242131666667
0.307461833333 0.01486486
0.411492666667 0.0135930266667
0.343507 0.124886
0.183304333333 0.287671666667
0.195684333333 0.253894333333
0.242454333333 0.305784666667
0.215367 0.316039666667
0.328038 0.228283
0.364376 0.251472
0.360508666667 0.280081
0.831582333333 0.755094
0.800846333333 0.726554
0.787406 0.797985666667
0.822558 0.794229
0.764262666667 0.772204
0.768678666667 0.739907333333
0.741084 0.557103666667
0.727587333333 0.503473
0.757022333333 0.522525666667
0.820087333333 0.569746666667
0.861016333333 0.580619666667
0.847660666667 0.632606333333
0.872511666667 0.60972
0.595225333333 0.585553
0.588573 0.519360333333
0.562308 0.576626666667
0.548441666667 0.515836666667
0.539088666667 0.545171
0.658183666667 0.523552333333
0.693175333333 0.525802333333
0.705193666667 0.556339666667
0.687164666667 0.588193666667
0.655804 0.59349
0.625161 0.570248
0.625024333333 0.540076
0.646748333333 0.382768
0.667922666667 0.350053
0.702137 0.350096666667
0.618375 0.930710333333
0.626127 0.8985
0.586355333333 0.918266
0.594107333333 0.886055666667
0.0701179666667 0.245096333333
0.1024077 0.305308
0.1275339 0.280023666667
0.0448738433333 0.276282333333
0.0602854766667 0.305509333333
0.0924070666667 0.194280666667
0.1145245 0.173673333333
0.127487566667 0.245021
0.0998454666667 0.22963
0.155837333333 0.174892
0.179546333333 0.198352333333
0.168061 0.229684
0.285223333333 0.105508666667
0.299171333333 0.169323333333
0.307586666667 0.134769333333
0.229489666667 0.180098666667
0.261460333333 0.190531
0.358162333333 0.0944901
0.401246333333 0.0948438333333
0.398373666667 0.0422877333333
0.422342333333 0.068546
0.313194666667 0.0228992333333
0.353204666667 0.0391093666667
0.334089333333 0.0650139
0.27574 0.0412507666667
0.297070666667 0.0661491333333
0.279569 0.267240666667
0.290133333333 0.235357
0.256757666667 0.221993666667
0.244822 0.271216666667
0.230114666667 0.247694333333
0.334920666667 0.330569666667
0.332109333333 0.296126666667
0.296533333333 0.291776
0.298515666667 0.343602666667
0.277036 0.319318666667
0.793975 0.587848
0.743487 0.616140666667
0.757298666667 0.585415666667
0.776981666667 0.638415333333
0.810053 0.621607333333
0.733701666667 0.475479333333
0.775671 0.454641333333
0.648913 0.438388666667
0.664979666667 0.412242666667
0.670176 0.466914333333
0.710221 0.458407
0.235879333333 0.090635
0.258493 0.113189
0.213832666667 0.122309666667
0.236446333333 0.144863666667
0.731337 0.375642333333
0.776825666667 0.422987
0.715354 0.405073333333
0.739332333333 0.422712
0.771687666667 0.360425666667
0.80514 0.364536
0.80911 0.396635333333
