0.986537333333 0.511294733333
0.03103321 0.0860744666667
0.0434566766667 0.115320033333
0.0813547 0.0965384333333
0.0689312333333 0.0672928666667
0.985163666667 0.775386666667
0.285879333333 0.0483066
0.0353893466 0.227524666667
0.0159923232667 0.179290666667
0.0427473433333 0.148344666667
0.104528666667 0.272386
0.0796123666667 0.166603
0.175585 0.191608666667
0.142631333333 0.188659666667
0.0918137333333 0.0406894666667
0.132099 0.0415479
0.982185 0.242621066667
0.353100033333 0.993095666667
0.0364348 0.546850666667
0.0138941723333 0.497834
0.958704333333 0.590386
0.976435333333 0.763403
0.978942666667 0.662476
0.974491666667 0.561733
0.938589333333 0.626153
0.977695333333 0.914573
0.656343666667 0.988386333333
0.256688333333 0.0404098333333
0.209088 0.0150038
0.169642 0.0284999
0.154110333333 0.306636333333
0.137543666667 0.275927
0.285476 0.363777
0.0954244333333 0.242468666667
0.112892433333 0.212493
0.0640756 0.228330333333
0.0815436 0.198354666667
0.160452 0.0642784333333
0.197995 0.0512304333333
0.228977666667 0.0666615666667
0.944095666667 0.0445866666667
0.874113 0.17341
0.875732666667 0.141448
0.0352873333333 0.592926333333
0.0186189 0.631724666667
0.01016258 0.674219666667
0.00429038566667 0.586404666667
0.0008908656 0.466194666667
0.0168200466667 0.860859
0.223145366667 0.989956333333
0.321810666667 0.986222333333
0.147771 0.338951666667
0.0241538923333 0.378964
0.1065465 0.356287333333
0.1033065 0.394018666667
0.0010778656 0.304311333333
0.00384610566667 0.343828333333
0.0217725599333 0.254572333333
0.792363 0.704959333333
0.786830333333 0.671768666667
0.815105333333 0.652062
0.783084 0.980388666667
0.861375333333 0.990439
0.902349 0.981099333333
0.85557 0.966855666667
0.964596 0.952915666667
0.943307666667 0.971809666667
0.606849666667 0.672878
0.767356666667 0.725026666667
0.73343 0.728014
0.729492 0.762478666667
0.752511333333 0.659905
0.829097333333 0.767397333333
0.789705666667 0.756327
0.769283 0.778304
0.810950666667 0.827612666667
0.781250666667 0.806160666667
0.656087666667 0.879944333333
0.649062666667 0.845937333333
0.739928 0.967443
0.699488666667 0.974448666667
0.6596 0.947468666667
0.429676666667 0.0147592
0.325649 0.025537
0.265686666667 0.338184333333
0.228937666667 0.336306333333
0.178836666667 0.611945666667
0.206627333333 0.600859
0.150170666667 0.0905142333333
0.169167333333 0.1181195
0.110573533333 0.106145733333
0.109540533333 0.143185666667
0.141210666667 0.151104
0.230025666667 0.103493833333
0.202851333333 0.124368166667
0.207848333333 0.160301666667
0.915761 0.196668333333
0.946742 0.186083666667
0.958558666667 0.509731333333
0.973910666667 0.1154974
0.948493333333 0.148386
0.919132 0.127008666667
0.948784333333 0.0773085666667
0.917403333333 0.0938708333333
0.879391 0.0889141666667
0.851904 0.122704333333
0.404497666667 0.973395333333
0.0250638133333 0.828441666667
0.0682714333333 0.813473
0.0336181466667 0.794848
0.209876333333 0.36051
0.175065333333 0.360519666667
0.0589632 0.524667
0.038586739 0.409066333333
0.0729044333333 0.411399
0.027695739 0.447243333333
0.0903962666667 0.445026333333
0.0533908666667 0.479148
0.0817737 0.474598333333
0.0787958 0.339247
0.0437735533333 0.348041
0.0786249666667 0.303126333333
0.0416250133333 0.289771
0.0234657666667 0.312905333333
0.873001666667 0.666348666667
0.845067 0.676765
0.847662 0.740097
0.833276666667 0.708959333333
0.886656666667 0.799575
0.839028333333 0.828266666667
0.852483 0.800778333333
0.593208 0.633288666667
0.561048333333 0.615214333333
0.647429666667 0.738122666667
0.541906333333 0.639423333333
0.708196666667 0.703201333333
0.716151 0.673153333333
0.665098666667 0.707397333333
0.640653666667 0.678791
0.829136333333 0.90479
0.795136 0.952549333333
0.826648333333 0.948356
0.757448333333 0.831268666667
0.723426333333 0.838726
0.787148333333 0.852720666667
0.793423666667 0.881070333333
0.685479333333 0.894061
0.687826666667 0.927926
0.717898666667 0.876045666667
0.724446333333 0.937823666667
0.762396333333 0.924851
0.758196 0.896938
0.456839666667 0.251842
0.473235 0.282213
0.566321333333 0.379882666667
0.5309 0.274836666667
0.507774333333 0.290794
0.551952666667 0.349033333333
0.565666333333 0.277329666667
0.576300333333 0.306526
0.354028666667 0.048981
0.390304666667 0.0454058333333
0.305225 0.296732
0.278559 0.300639
0.26196 0.266533666667
0.232058 0.258463666667
0.219261 0.219732333333
0.181704333333 0.282527333333
0.211908 0.290691
0.182544333333 0.221250333333
0.165137666667 0.251818
0.152897666667 0.594024666667
0.167481 0.652172333333
0.189797 0.671692333333
0.189135 0.708644333333
0.268069333333 0.804021666667
0.238463666667 0.758974333333
0.230238666667 0.726712
0.253248333333 0.706555333333
0.274914333333 0.772018
0.208454666667 0.779992666667
0.217664333333 0.840770666667
0.225407666667 0.809248666667
0.449752 0.690661
0.415461 0.696218666667
0.28792 0.705206333333
0.497559 0.428573333333
0.469676333333 0.454170666667
0.468291 0.488036
0.913046666667 0.345188333333
0.930663333333 0.307914333333
0.958120333333 0.262978
0.957970666667 0.227807666667
0.787475666667 0.486461333333
0.767076333333 0.452148333333
0.807211333333 0.557689333333
0.798043666667 0.616230666667
0.821002666667 0.592542666667
0.948961333333 0.471278333333
0.543392333333 0.01057249
0.396314 0.915444333333
0.363189 0.899578333333
0.377585333333 0.951598333333
0.338532333333 0.952105
0.329675 0.926624666667
0.351605333333 0.873245
0.297409 0.825347
0.613970333333 0.850996333333
0.584786666667 0.83738
0.164376333333 0.397698
0.133842 0.413861333333
0.152651666667 0.465867
0.124829 0.447753
0.91164 0.682952333333
0.945543666667 0.660413333333
0.966016666667 0.708449666667
0.908781666667 0.767263333333
0.893172666667 0.741166333333
0.920869333333 0.709635
0.942804 0.773745666667
0.953194666667 0.740545666667
0.888515 0.585223666667
0.856831 0.602880333333
0.90737 0.616489
0.875686 0.634145666667
0.896711 0.558741666667
0.935681 0.55424
0.934606333333 0.521062666667
0.878628666667 0.933389333333
0.857401 0.897242
0.863012 0.862982666667
0.929890333333 0.924560333333
0.908602 0.943454333333
0.907107333333 0.822199
0.961285333333 0.832994333333
0.940476 0.811241
0.896917333333 0.858118333333
0.956324333333 0.871253666667
0.925325 0.885419666667
0.634657666667 0.512979
0.640007 0.788825666667
0.663462666667 0.763884
0.660855 0.818227
0.702602 0.775078
0.697814666667 0.812275
0.577553 0.806590333333
0.602516666667 0.785809666667
0.448134333333 0.309859333333
0.484262666667 0.228026333333
0.523783666667 0.24244
0.106828433333 0.509016
0.144891666667 0.561596666667
0.0910117 0.538023666667
0.106710933333 0.561450666667
0.143273666667 0.497558
0.0860946 0.778819666667
0.1192794 0.616947
0.0425552666667 0.649721333333
0.0592237 0.610923
0.091791 0.595620333333
0.291257333333 0.669626666667
0.239712666667 0.623573666667
0.234238 0.654180333333
0.256585666667 0.670975666667
0.307401333333 0.757700666667
0.311296 0.722966666667
0.345462 0.710212666667
0.210563666667 0.562927666667
0.237875 0.553554
0.176186 0.512870333333
0.174767 0.541586333333
0.225243333333 0.494355
0.251135666667 0.513697333333
0.44121 0.621027333333
0.509563666667 0.618521
0.492438666667 0.646874
0.462032666667 0.646705333333
0.555573 0.414066333333
0.52785 0.438569
0.593183 0.478911
0.589510333333 0.439740333333
0.544902333333 0.580093333333
0.566612333333 0.552681
0.493977666667 0.515
0.510087 0.581216666667
0.486155 0.554016
0.254354666667 0.211186666667
0.249901333333 0.181397666667
0.278292 0.236514666667
0.343889 0.0820519333333
0.815641333333 0.494298
0.827977 0.531397666667
0.865287333333 0.531272666667
0.722967 0.449851
0.875249 0.351057333333
0.960183 0.438492333333
0.973585333333 0.351536
0.963709333333 0.297280333333
0.933923666667 0.371227333333
0.931337 0.404153666667
0.684576333333 0.137894433333
0.663561 0.200270333333
0.868487 0.0636905666667
0.901810666667 0.0359253333333
0.839005 0.01943819
0.837026666667 0.0630595666667
0.796321 0.0321782566667
0.701214333333 0.100145266667
0.751590333333 0.04152069
0.453890333333 0.973589333333
0.469022333333 0.949851666667
0.501158 0.989555666667
0.251675666667 0.980757
0.295309666667 0.968436666667
0.297574 0.915758666667
0.246596333333 0.871213666667
0.269166333333 0.941234333333
0.306733333333 0.882196666667
0.283679333333 0.861017
0.532435 0.972126333333
0.508901666667 0.947497333333
0.0521787666667 0.950266333333
0.0422523333333 0.916025666667
0.0504961 0.883608333333
0.190068 0.8497
0.152265333333 0.827806666667
0.185564333333 0.448752333333
0.188276 0.414475
0.219056333333 0.394358333333
0.225243666667 0.461928
0.600008333333 0.556737666667
0.631920333333 0.543923
0.744186666667 0.627941333333
0.761444 0.603973666667
0.760230333333 0.514974333333
0.767630333333 0.549102666667
0.744822 0.571699
0.712224666667 0.562031666667
0.605395 0.732917
0.583937666667 0.755662333333
0.58926 0.696278666667
0.556476333333 0.680898333333
0.324147666667 0.359757
0.331024333333 0.330257333333
0.415508333333 0.305954
0.360343666667 0.317727333333
0.391180666667 0.333262666667
0.465236666667 0.336493666667
0.493476333333 0.391274666667
0.519691666667 0.354908333333
0.503540333333 0.326259666667
0.717337666667 0.170757666667
0.709006333333 0.197401
0.436859333333 0.125191666667
0.376194 0.100435433333
0.403403 0.0746767666667
0.436871666667 0.085019
0.517773666667 0.0613631333333
0.492851666667 0.0804357
0.461913333333 0.0629598666667
0.431371333333 0.0353312666667
0.499123 0.0281286333333
0.554587 0.0366846666667
0.488865666667 0.1178655
0.457915 0.140562333333
0.446625666667 0.177655333333
0.477036 0.193927
0.177702333333 0.772411666667
0.166607666667 0.733325666667
0.134755666667 0.728979
0.146055 0.793961333333
0.120414 0.771344
0.129290233333 0.668347
0.107027633333 0.651042666667
0.114080566667 0.703861666667
0.0628708 0.668514333333
0.542869333333 0.854849
0.511256333333 0.911066333333
0.540495 0.892951666667
0.370135333333 0.847643333333
0.403926666667 0.836729
0.338993 0.820925
0.266775 0.572213
0.272549 0.604301333333
0.337172 0.394159666667
0.563839666667 0.489557666667
0.532444 0.474889666667
0.554783666667 0.523345
0.523388 0.508677
0.274714 0.162049
0.305061 0.171481666667
0.259835333333 0.120078666667
0.319812333333 0.139812666667
0.287978333333 0.0911431666667
0.317608333333 0.1014445
0.327735333333 0.268137666667
0.317401333333 0.242025666667
0.36084 0.277969333333
0.330481333333 0.209925666667
0.411672 0.248224
0.395441333333 0.274689666667
0.903832666667 0.494354666667
0.873483666667 0.500063
0.843265 0.473257333333
0.915322333333 0.461694
0.903338333333 0.431879666667
0.616713 0.428146333333
0.650188333333 0.442147
0.85594 0.383487666667
0.844649666667 0.441154333333
0.869974666667 0.42229
0.739702 0.0988373
0.770685 0.0697284666667
0.808454666667 0.0831923
0.655185 0.0551640666667
0.687015666667 0.0682852
0.674578 0.0256483233333
0.706408666667 0.0387694566667
0.232619333333 0.902509
0.238063333333 0.934977333333
0.205787333333 0.965392333333
0.173284 0.944178
0.199255 0.891980666667
0.172195666667 0.903234666667
0.569786333333 0.913251333333
0.624793333333 0.905457666667
0.601344333333 0.888765
0.625958333333 0.939117
0.596804 0.965168
0.564081 0.955995
0.112893033333 0.978890666667
0.0815797 0.957853333333
0.14179 0.953937666667
0.110476666667 0.932900333333
0.0819748333333 0.876751666667
0.110746 0.901142
0.0911958333333 0.84021
0.130227666667 0.848088666667
0.140971 0.881236
0.248972 0.410618
0.257871 0.443910333333
0.281404666667 0.395282
0.311086666667 0.414501
0.298464333333 0.446342666667
0.650785 0.574189333333
0.684422666667 0.586657666667
0.618948333333 0.618304666667
0.618873 0.587004
0.650279666667 0.646243333333
0.682679 0.644801666667
0.699762666667 0.620292666667
0.701883333333 0.529446
0.668328333333 0.507047666667
0.670622 0.471467666667
0.710216666667 0.474174666667
0.727080666667 0.504985
0.399493 0.365264
0.453011333333 0.390722
0.440923 0.364589666667
0.36994 0.396996666667
0.631943333333 0.251487666667
0.661543 0.237675333333
0.552042 0.0675574666667
0.568518666667 0.0897380333333
0.588855333333 0.042879
0.627714 0.059652
0.614833666667 0.0902789666667
0.54666 0.222843
0.598204666667 0.222246666667
0.575339666667 0.240320333333
0.655547333333 0.139305766667
0.627474333333 0.119062433333
0.642863333333 0.175038333333
0.607106666667 0.183202333333
0.0548682666667 0.701455
0.0838154333333 0.719498
0.0260964133333 0.725157
0.0357225133333 0.759362333333
0.0701711333333 0.752091
0.429025 0.858282666667
0.462043666667 0.858199666667
0.481880333333 0.893506666667
0.425127333333 0.902252333333
0.454400666667 0.920129333333
0.477561333333 0.83141
0.463433333333 0.799373333333
0.515917333333 0.834922666667
0.534177 0.803978333333
0.475639666667 0.712847333333
0.469868333333 0.741549
0.546615 0.743225
0.521818 0.770760333333
0.489430333333 0.769668
0.503593666667 0.691977333333
0.535288666667 0.705099333333
0.39892 0.733391
0.365714666667 0.739515666667
0.396931666667 0.804579666667
0.344201333333 0.768061
0.356352666667 0.795291333333
0.427439666667 0.756535
0.424878333333 0.787388
0.317203666667 0.641384333333
0.310356666667 0.606850333333
0.317726333333 0.466505333333
0.355571333333 0.196707
0.349218666667 0.154655
0.412670666667 0.184535
0.391826666667 0.212173
0.406516333333 0.149084333333
0.379319666667 0.134670333333
0.656338 0.406932333333
0.679978666667 0.320759666667
0.606408333333 0.370342
0.622862666667 0.392931666667
0.748719333333 0.161116666667
0.754445666667 0.126945466667
0.783675666667 0.166429
0.811013 0.134931333333
0.794789 0.1128618
0.38218 0.424607333333
0.359739 0.456803666667
0.436403666667 0.445157
0.423821333333 0.419007
0.849268333333 0.190858333333
0.805685666667 0.187976666667
0.794618333333 0.215673
0.697217666667 0.256984
0.705405666667 0.286929333333
0.726306 0.226791333333
0.758526333333 0.233156666667
0.776792666667 0.424590666667
0.812628333333 0.416528333333
0.819125666667 0.383616
0.791442333333 0.364702666667
0.795070333333 0.336107
0.770118 0.270933333333
0.755970666667 0.323085666667
0.746085666667 0.294513333333
0.516773 0.171568
0.546876 0.186070333333
0.517313333333 0.1325995
0.5551 0.1186945
0.592141333333 0.136096
0.584457666667 0.164503333333
0.359263666667 0.679269666667
0.350255666667 0.646372333333
0.381342666667 0.621325333333
0.409525666667 0.640164666667
0.396057333333 0.671400333333
0.290119333333 0.518070333333
0.316116333333 0.500873
0.299208666667 0.552650666667
0.326803333333 0.574667333333
0.730612666667 0.346634
0.695300666667 0.351892
0.743573333333 0.400807333333
0.751725666667 0.373831666667
0.710953333333 0.417246
0.683793666667 0.395528333333
0.621385333333 0.342079333333
0.649973333333 0.322132666667
0.605646 0.309112666667
0.634234 0.289166
0.863376 0.222025
0.902973333333 0.280652333333
0.830676333333 0.234738
0.900653 0.228487333333
0.919465 0.254575666667
0.394680333333 0.590651666667
0.36683 0.566878666667
0.437596 0.586574
0.451611666667 0.556698333333
0.824586333333 0.320506333333
0.860101333333 0.319963
0.870209 0.286832
0.809519 0.283905
0.833985333333 0.265193333333
0.353395333333 0.513850666667
0.379562 0.537450666667
0.376235 0.483854666667
0.421428 0.531348
0.430284666667 0.501701666667
0.411258333333 0.477808333333
