0.105056 0.00012436
0.137381 8.6349e-05
0.202031 0.000178962
0.218193 0.000266607
0.282843 0.000234765
0.299005 0.000437255
0.315168 0.000492546
0.363655 0.00277402
0.39598 0.004806
0.412142 0.00481674
0.428305 0.00133734
0.444467 0.00373747
0.509117 0.00386614
0.541442 0.0104285
0.573767 0.0228879
0.589929 0.0226284
0.606092 0.0292959
0.622254 0.0782455
0.638416 0.123295
0.654579 0.0402714
0.670741 0.0829863
0.703066 0.224902
0.719229 0.0602328
0.735391 0.058572
0.767716 0.1167
0.783878 0.134739
0.800041 0.185871
0.816203 0.279224
0.832366 0.472973
0.864691 0.987284
0.897015 1.76878
0.913178 2.72959
0.92934 1.70981
0.945503 1.70335
0.961665 1.94088
0.99399 1.11538
1.01015 0.572873
1.02631 0.989311
1.04248 0.516876
1.05864 1.25877
1.0748 1.44441
1.09096 2.4759
1.10713 0.950617
1.12329 4.09698
1.13945 3.57107
1.15561 3.92644
1.17178 2.6016
1.18794 2.34292
1.22026 1.40618
1.23643 0.66177
1.25259 0.158046
1.26875 0.381426
1.28491 0.523208
1.30108 0.540298
1.31724 0.295347
1.3334 0.419147
1.34956 0.740317
1.36573 1.04121
1.38189 0.783555
1.39805 0.738466
1.41421 0.502344
1.43038 0.615408
1.44654 1.07394
1.4627 0.840297
1.47886 0.442363
1.49503 0.721149
1.51119 0.633753
1.52735 0.483654
1.54351 0.315364
1.57584 0.431432
1.592 0.482343
1.62433 0.531093
1.64049 0.832487
1.65665 1.16797
1.67281 0.67635
1.68898 0.983264
1.7213 1.01263
1.73746 1.12322
1.76979 0.617834
1.78595 0.758924
1.80211 0.594646
1.81827 0.592866
1.83444 1.6499
1.8506 0.777659
1.86676 0.732998
1.88292 0.821417
1.89909 0.544701
1.91525 1.16398
1.93141 1.48458
1.94757 1.42016
1.96374 1.9315
1.9799 1.24771
1.99606 1.19789
2.01222 1.34212
2.02839 0.910645
2.04455 0.826858
2.06071 1.62714
2.07687 0.870369
2.1092 0.844365
2.12536 0.961787
2.14152 1.15747
2.15769 1.73661
2.17385 1.09023
2.19001 1.52306
2.20617 1.89766
2.22234 1.18272
2.2385 1.79241
2.25466 1.12019
2.27082 1.60837
2.28699 1.21646
2.30315 1.41712
2.31931 0.480586
2.33547 1.01587
2.35164 1.34307
2.3678 0.652049
2.38396 0.597663
2.40012 1.18399
2.41628 1.52768
2.43245 0.719861
2.44861 1.25723
2.46477 1.01965
2.48093 2.05552
2.4971 1.26755
2.51326 0.543791
2.52942 0.779217
2.54558 0.451726
2.56175 0.728169
2.57791 0.847706
2.59407 0.535843
2.61023 1.48937
2.6264 0.59645
2.64256 0.671693
2.65872 0.53268
2.67488 1.10796
2.69105 0.745833
2.70721 0.500453
2.72337 0.719186
2.73953 0.86182
2.7557 0.847047
2.77186 1.30886
2.78802 1.47675
2.80418 1.21302
2.82035 1.46257
2.83651 0.741076
2.85267 0.77757
2.86883 0.44898
2.885 0.601063
2.90116 0.957938
2.91732 0.595928
2.93348 1.1279
2.94965 0.87155
2.96581 0.97625
2.98197 0.864484
2.99813 0.705026
3.0143 1.03903
3.03046 1.06142
3.04662 1.374
3.06278 0.968213
3.07894 1.06928
3.09511 1.97445
3.11127 1.27291
3.12743 0.84758
3.14359 1.02715
3.15976 0.978745
3.17592 1.10093
3.19208 0.976551
3.20824 0.840654
3.22441 0.516493
3.24057 1.18677
3.25673 1.12495
3.27289 0.860058
3.28906 1.2275
3.30522 1.18138
3.32138 2.5126
3.33754 1.2104
3.35371 1.08517
3.36987 0.969178
3.38603 1.01859
3.40219 1.00022
3.41836 2.07087
3.43452 0.87233
3.45068 0.930672
3.46684 1.13705
3.48301 0.9107
3.49917 1.1589
3.51533 1.05339
3.53149 1.06783
3.54766 1.02366
3.56382 1.17757
3.57998 1.07081
3.59614 1.35975
3.61231 1.02224
3.62847 1.37207
3.64463 0.818068
3.66079 0.54201
3.67696 0.635828
3.69312 0.376588
3.70928 0.776794
3.72544 0.633788
3.74161 1.23816
3.75777 0.722027
3.77393 0.910195
3.79009 1.18962
3.80625 0.900568
3.82242 0.552137
3.83858 0.743186
3.85474 1.25072
3.8709 0.989842
3.88707 0.989325
3.90323 0.753421
3.91939 1.08547
3.93555 0.951769
3.95172 0.835934
3.96788 1.12288
3.98404 1.08702
4.0002 0.922744
4.01637 1.18531
4.03253 1.33033
4.04869 0.919297
4.06485 1.02213
4.08102 0.800557
4.09718 1.27565
4.11334 0.678517
4.1295 1.11264
4.14567 1.08352
4.16183 1.00905
4.17799 0.80562
4.19415 0.835952
4.21032 1.05451
4.22648 0.749958
4.24264 1.06331
4.2588 0.772268
4.27497 1.70827
4.29113 1.24454
4.30729 0.485098
4.32345 1.37497
4.33962 1.22565
4.35578 0.778788
4.37194 0.834762
4.3881 1.41242
4.40427 0.969129
4.42043 1.01253
4.43659 1.09284
4.45275 1.25873
4.46891 1.42512
4.48508 0.98867
4.50124 0.744272
4.5174 0.885486
4.53356 0.814539
4.54973 1.16954
4.56589 0.869708
4.58205 0.99131
4.59821 1.05281
4.61438 0.808722
4.63054 0.706978
4.6467 0.926144
4.66286 0.796359
4.67903 0.763704
4.69519 1.07566
4.71135 1.28879
4.72751 1.22488
4.74368 0.894375
4.75984 0.678979
4.776 1.19844
4.79216 0.9926
4.80833 1.24856
4.82449 1.05358
4.84065 0.69505
4.85681 1.02656
4.87298 0.817393
4.88914 1.04987
4.9053 1.01284
4.92146 1.42317
4.93763 0.753218
4.95379 1.15137
4.96995 1.04708
4.98611 1.16051
5.00228 1.13223
5.01844 1.11297
5.0346 0.993462
5.05076 0.955043
5.06693 0.800715
5.08309 1.01253
5.09925 0.854698
5.11541 0.765582
5.13157 1.72787
5.14774 0.944613
5.1639 0.984986
5.18006 1.2805
5.19622 1.06823
5.21239 1.06291
5.22855 0.805711
5.24471 1.01854
5.26087 0.723686
5.27704 0.725441
5.2932 0.773935
5.30936 0.739
5.32552 0.590699
5.34169 1.2502
5.35785 1.08111
5.37401 1.16858
5.39017 0.849295
5.40634 1.32722
5.4225 1.09516
5.43866 1.4975
5.45482 0.701446
5.47099 1.10118
5.48715 0.884651
5.50331 0.999949
5.51947 0.707344
5.53564 0.661281
5.5518 0.808739
5.56796 1.28246
5.58412 1.03407
5.60029 0.818105
5.61645 0.832686
5.63261 0.98743
5.64877 1.2835
5.66494 0.935244
5.6811 1.28595
5.69726 1.05586
5.71342 0.978236
5.72959 0.866614
5.74575 1.02237
5.76191 1.12662
5.77807 0.970384
5.79423 0.887761
5.8104 1.26925
5.82656 0.680731
5.84272 1.28127
5.85888 1.09565
5.87505 1.26898
5.89121 0.910184
5.90737 0.78067
5.92353 1.04123
5.9397 1.02975
5.95586 1.0014
5.97202 0.978965
5.98818 0.819485
6.00435 1.07565
6.02051 0.95259
6.03667 1.20633
6.05283 0.999191
6.069 0.949657
6.08516 0.845604
6.10132 1.35547
6.11748 1.01476
6.13365 0.603093
6.14981 0.734928
6.16597 1.00989
6.18213 0.89212
6.1983 1.22751
6.21446 0.912381
6.23062 0.923126
6.24678 0.886798
6.26295 0.978168
6.27911 1.00507
6.29527 1.16497
6.31143 0.487692
6.3276 1.01194
6.34376 1.16381
6.35992 0.837711
6.37608 1.11822
6.39225 1.03184
6.40841 1.24672
6.42457 1.03623
6.44073 0.804058
6.4569 1.194
6.47306 0.797573
6.48922 0.712525
6.50538 1.08307
6.52154 1.34698
6.53771 0.906389
6.55387 0.905471
6.57003 0.792936
6.58619 1.10868
6.60236 0.909015
6.61852 0.886594
6.63468 0.999629
6.65084 1.04825
6.66701 1.31767
6.68317 0.892337
6.69933 1.0838
6.71549 0.871085
6.73166 1.13156
6.74782 0.867757
6.76398 1.00796
6.78014 1.34139
6.79631 1.11898
6.81247 1.13762
6.82863 0.995405
6.84479 0.632555
6.86096 1.09087
6.87712 0.805204
6.89328 0.890722
6.90944 0.654806
6.92561 1.11102
6.94177 1.03599
6.95793 0.839183
6.97409 1.11567
6.99026 1.00184
7.00642 1.15388
7.02258 1.10445
7.03874 0.840526
7.05491 1.27286
7.07107 1.04581
7.08723 0.860449
7.10339 0.833846
7.11956 0.7191
7.13572 1.16532
7.15188 0.964671
7.16804 0.727079
7.1842 1.08776
7.20037 1.0233
7.21653 0.829826
7.23269 1.36488
7.24885 1.02093
7.26502 1.11529
7.28118 1.09611
7.29734 0.900731
7.3135 0.846165
7.32967 0.785667
7.34583 0.808253
7.36199 0.936355
7.37815 0.849112
7.39432 1.14301
7.41048 1.12841
7.42664 0.855259
7.4428 0.912579
7.45897 1.11243
7.47513 0.851909
7.49129 1.27796
7.50745 1.25803
7.52362 1.13584
7.53978 1.39955
7.55594 0.88031
7.5721 1.19959
7.58827 0.922701
7.60443 1.00065
7.62059 0.910729
7.63675 1.11011
7.65292 0.875513
7.66908 0.975232
7.68524 0.940955
7.7014 0.769797
7.71757 0.868095
7.73373 1.17583
7.74989 0.903863
7.76605 0.795987
7.78222 0.782942
7.79838 1.17495
7.81454 0.888621
7.8307 0.904022
7.84686 0.654076
7.86303 1.0807
7.87919 0.930727
7.89535 1.10992
7.91151 0.85475
7.92768 0.954194
7.94384 1.42302
7.96 0.97527
7.97616 1.37525
7.99233 0.888221
8.00849 1.15059
8.02465 0.991119
8.04081 1.08939
8.05698 0.86483
8.07314 1.09781
