0.114155 5.15752e-05
0.149279 7.47561e-05
0.219529 0.000268696
0.237091 0.00034467
0.30734 0.00193146
0.324902 0.00150503
0.342464 0.00240821
0.395151 0.00300832
0.430276 0.00233661
0.447838 0.00572275
0.4654 0.00504715
0.482963 0.00346554
0.553212 0.0120269
0.588336 0.0226899
0.623461 0.117245
0.641023 0.0652823
0.658586 0.0884814
0.676148 0.024053
0.69371 0.056984
0.711272 0.0245719
0.728835 0.0994578
0.763959 0.117438
0.781522 0.0868345
0.799084 0.166637
0.834208 0.10951
0.851771 0.34023
0.869333 0.949027
0.886895 1.54323
0.904458 2.24781
0.939582 2.48175
0.974707 0.848708
0.992269 0.799265
1.00983 1.47099
1.02739 0.375954
1.04496 1.76973
1.08008 1.23463
1.09764 3.38072
1.1152 4.51718
1.13277 2.33839
1.15033 1.88396
1.16789 2.83696
1.18545 2.95603
1.20302 1.08115
1.22058 1.48095
1.23814 0.347486
1.2557 0.435948
1.27327 0.483692
1.29083 0.677526
1.32595 0.826025
1.34351 0.524697
1.36108 0.314148
1.37864 0.875847
1.3962 0.580379
1.41376 0.615641
1.43133 0.67643
1.44889 0.554268
1.46645 0.403229
1.48401 0.724155
1.50158 0.564067
1.51914 0.248217
1.5367 0.390821
1.55426 0.489668
1.57182 0.391642
1.58939 0.375715
1.60695 0.380891
1.62451 0.353129
1.64207 1.07005
1.65964 0.300292
1.6772 0.944866
1.71232 0.824623
1.72988 1.44382
1.76501 0.734288
1.78257 0.880791
1.80013 0.373261
1.8177 1.31609
1.83526 0.888108
1.87038 0.520076
1.88795 0.862648
1.92307 1.12941
1.94063 1.28041
1.95819 0.66688
1.97576 1.54281
1.99332 0.987137
2.01088 1.36418
2.02844 1.51609
2.04601 1.3099
2.06357 1.02223
2.08113 1.5173
2.09869 1.30822
2.11625 1.04348
2.13382 1.58337
2.15138 0.544
2.16894 1.50127
2.1865 0.900262
2.20407 1.84577
2.22163 1.62529
2.23919 1.20881
2.25675 1.44239
2.29188 0.828103
2.30944 1.28755
2.327 1.34902
2.34456 1.29899
2.36213 0.614545
2.37969 0.939085
2.39725 0.641181
2.41481 0.624008
2.43238 0.664035
2.44994 0.76643
2.4675 0.882084
2.48506 1.23588
2.50263 0.755034
2.52019 1.20489
2.53775 1.32531
2.55531 1.18696
2.57287 0.854758
2.59044 0.618697
2.608 0.749552
2.62556 1.25496
2.64312 0.595245
2.66069 0.659527
2.67825 0.818156
2.69581 0.539117
2.71337 0.766551
2.73093 1.03045
2.7485 0.887658
2.76606 0.608726
2.78362 0.56996
2.80118 1.00845
2.81875 1.02034
2.83631 1.0485
2.85387 0.846421
2.87143 0.571555
2.889 0.867622
2.90656 0.846153
2.92412 0.735448
2.94168 0.395116
2.95924 0.760824
2.97681 0.877448
2.99437 1.38199
3.01193 1.46952
3.02949 1.284
3.04706 1.43089
3.06462 0.990465
3.08218 0.575003
3.09974 1.19681
3.1173 0.5248
3.13487 1.05469
3.15243 1.36249
3.16999 0.723786
3.18755 1.01902
3.20512 1.6488
3.22268 1.02044
3.24024 1.4431
3.2578 0.887284
3.27537 1.46741
3.29293 1.35651
3.31049 1.66995
3.32805 1.12069
3.34561 1.44163
3.36318 1.17669
3.38074 0.898931
3.3983 0.619972
3.41586 0.733992
3.43343 0.644124
3.45099 0.914815
3.46855 1.31384
3.48611 0.848144
3.50368 1.28946
3.52124 0.833403
3.5388 1.30073
3.55636 0.691161
3.57392 1.04677
3.59149 0.985712
3.60905 0.631743
3.62661 0.937221
3.64417 0.802404
3.66174 0.987207
3.6793 1.20809
3.69686 0.545084
3.71442 0.810064
3.73198 0.732993
3.74955 0.992476
3.76711 0.773001
3.78467 0.622379
3.80223 1.01542
3.8198 1.25801
3.83736 0.900869
3.85492 0.910936
3.87248 1.33904
3.89005 0.982216
3.90761 0.845415
3.92517 1.17799
3.94273 0.864238
3.96029 0.727544
3.97786 0.569233
3.99542 0.901264
4.01298 1.09521
4.03054 0.778436
4.04811 1.16267
4.06567 1.24247
4.08323 0.902733
4.10079 1.22138
4.11836 1.29823
4.13592 1.1441
4.15348 0.886976
4.17104 1.15891
4.1886 1.07942
4.20617 1.0472
4.22373 1.23281
4.24129 1.1686
4.25885 0.980084
4.27642 0.947852
4.29398 0.913578
4.31154 0.904669
4.3291 0.903479
4.34666 1.04586
4.36423 0.912298
4.38179 0.839726
4.39935 1.55118
4.41691 1.2187
4.43448 1.40231
4.45204 1.02802
4.4696 1.16639
4.48716 1.35485
4.50473 0.964513
4.52229 1.25704
4.53985 0.896274
4.55741 1.14303
4.57497 0.743635
4.59254 1.01552
4.6101 0.916636
4.62766 0.954889
4.64522 0.662566
4.66279 1.10883
4.68035 0.970467
4.69791 1.17873
4.71547 0.680331
4.73303 0.970599
4.7506 0.60872
4.76816 1.08022
4.78572 0.845255
4.80328 0.514964
4.82085 0.960701
4.83841 1.16814
4.85597 0.913142
4.87353 0.988159
4.8911 0.905614
4.90866 0.563589
4.92622 0.940273
4.94378 0.743184
4.96134 1.03629
4.97891 1.10839
4.99647 0.560243
5.01403 0.821128
5.03159 0.872529
5.04916 1.04373
5.06672 1.03465
5.08428 0.90853
5.10184 1.46607
5.11941 1.30744
5.13697 1.13858
5.15453 1.18143
5.17209 1.2431
5.18965 1.23275
5.20722 0.726875
5.22478 1.19717
5.24234 1.08357
5.2599 1.16194
5.27747 0.954461
5.29503 1.18728
5.31259 1.1778
5.33015 0.69531
5.34771 1.3338
5.36528 1.12417
5.38284 1.00015
5.4004 0.905697
5.41796 1.20472
5.43553 0.926254
5.45309 1.01681
5.47065 1.43872
5.48821 0.751026
5.50578 0.706606
5.52334 1.04517
5.5409 0.645438
5.55846 0.9913
5.57602 0.615678
5.59359 1.20172
5.61115 1.40929
5.62871 0.954791
5.64627 0.774593
5.66384 0.875818
5.6814 0.379404
5.69896 1.2843
5.71652 0.971965
5.73408 0.633818
5.75165 0.931171
5.76921 1.02281
5.78677 0.94374
5.80433 1.03801
5.8219 0.822156
5.83946 0.955753
5.85702 0.965686
5.87458 1.0012
5.89215 1.0813
5.90971 1.56969
5.92727 1.23839
5.94483 0.768184
5.96239 1.22631
5.97996 0.89607
5.99752 1.05169
6.01508 0.974283
6.03264 0.926195
6.05021 1.37719
6.06777 0.649243
6.08533 0.7391
6.10289 1.06349
6.12046 0.824583
6.13802 1.00629
6.15558 0.963655
6.17314 1.06291
6.1907 1.19198
6.20827 1.22707
6.22583 0.89645
6.24339 1.16465
6.26095 0.794389
6.27852 1.09633
6.29608 1.21702
6.31364 1.06507
6.3312 1.03836
6.34876 0.87938
6.36633 0.777997
6.38389 1.22841
6.40145 0.922266
6.41901 1.11064
6.43658 1.18642
6.45414 0.652076
6.4717 1.06397
6.48926 0.965283
6.50683 0.983171
6.52439 0.881723
6.54195 0.732137
6.55951 0.779899
6.57707 0.822819
6.59464 0.900306
6.6122 0.838656
6.62976 1.15007
6.64732 1.38582
6.66489 0.841707
6.68245 1.11242
6.70001 1.00736
6.71757 1.03125
6.73513 1.29763
6.7527 1.346
6.77026 0.963999
6.78782 1.21631
6.80538 0.992769
6.82295 0.999947
6.84051 0.821195
6.85807 0.87196
6.87563 0.965007
6.8932 1.10872
6.91076 1.07723
6.92832 1.06226
6.94588 0.842853
6.96344 0.889893
6.98101 0.783502
6.99857 1.10183
7.01613 0.819462
7.03369 1.1046
7.05126 0.697352
7.06882 1.08509
7.08638 0.93112
7.10394 0.631747
7.12151 1.28714
7.13907 1.12454
7.15663 1.42362
7.17419 0.946716
7.19175 0.877682
7.20932 0.702858
7.22688 1.06212
7.24444 0.940738
7.262 0.840667
7.27957 1.35132
7.29713 0.886315
7.31469 0.807086
7.33225 0.959831
7.34981 1.25642
7.36738 0.995177
7.38494 1.01767
7.4025 0.793766
7.42006 0.884896
7.43763 0.799337
7.45519 0.852131
7.47275 1.06046
7.49031 0.819328
7.50788 0.796487
7.52544 1.00993
7.543 1.3778
7.56056 1.02145
7.57812 1.13983
7.59569 1.2269
7.61325 1.13584
7.63081 1.19932
7.64837 0.887458
7.66594 0.876605
7.6835 1.16418
7.70106 1.18767
7.71862 0.753671
7.73619 1.37714
7.75375 0.769505
7.77131 1.16796
7.78887 0.969882
7.80643 0.902535
7.824 1.00336
7.84156 0.998577
7.85912 0.982614
7.87668 1.13982
7.89425 0.704499
7.91181 0.81719
7.92937 0.786361
7.94693 1.08744
7.96449 0.755189
7.98206 1.20226
7.99962 1.08306
8.01718 0.989066
8.03474 0.899914
8.05231 0.901807
8.06987 1.26025
8.08743 0.998886
8.10499 1.02583
8.12256 0.96092
8.14012 0.845167
8.15768 0.986958
8.17524 1.22212
8.1928 0.841823
8.21037 0.697305
8.22793 1.17131
8.24549 0.786239
8.26305 1.24173
8.28062 1.06493
8.29818 0.951045
8.31574 1.00927
8.3333 0.842137
8.35086 1.23988
8.36843 0.981427
8.38599 1.18988
8.40355 0.708036
8.42111 1.27994
8.43868 1.20748
8.45624 0.957425
8.4738 1.10714
8.49136 0.817325
8.50893 0.898037
8.52649 1.311
8.54405 0.985974
8.56161 0.68997
8.57917 0.862446
8.59674 1.12802
8.6143 0.926854
8.63186 1.08181
8.64942 1.0107
8.66699 0.92719
8.68455 0.784518
8.70211 0.747833
8.71967 0.808455
8.73724 0.784642
8.7548 1.31512
8.77236 0.960526
