0.0987124 0.00019388
0.129085 0.000165488
0.189832 9.21426e-05
0.205018 5.83079e-05
0.265764 0.00101638
0.280951 0.000860574
0.296137 0.00189638
0.341697 0.00236891
0.37207 0.0121001
0.387256 0.00295792
0.402443 0.00318343
0.41763 0.00352515
0.478376 0.00690387
0.508749 0.00196293
0.539122 0.00842607
0.554308 0.0276708
0.569495 0.0322802
0.584681 0.0121918
0.599868 0.0461968
0.615054 0.0256264
0.630241 0.0501408
0.660614 0.00555542
0.6758 0.0360814
0.690987 0.10476
0.72136 0.0551814
0.736547 0.0450394
0.751733 0.0535224
0.76692 0.116615
0.782106 0.0646379
0.812479 0.204058
0.842852 0.556499
0.858039 0.888919
0.873225 0.947879
0.888412 4.61856
0.903598 3.08534
0.933971 1.05716
0.949158 1.45736
0.964345 1.2887
0.979531 0.825794
0.994718 0.565723
1.0099 0.759526
1.02509 0.948406
1.04028 1.13337
1.05546 1.82679
1.07065 0.685383
1.08584 1.95828
1.10102 5.16642
1.11621 1.51196
1.14658 1.98799
1.16177 6.59522
1.17696 2.84524
1.19214 0.423094
1.20733 1.44039
1.22252 1.40773
1.2377 0.897834
1.25289 0.321081
1.26808 0.630077
1.28326 0.604625
1.29845 0.772587
1.31363 0.288228
1.32882 0.388852
1.34401 0.880483
1.35919 0.369984
1.37438 1.13119
1.38957 0.399621
1.40475 1.09991
1.41994 0.925954
1.43513 0.735219
1.45031 0.961011
1.48069 0.208293
1.49587 0.301261
1.52625 0.445598
1.54143 0.525924
1.55662 0.445357
1.57181 0.457027
1.58699 0.228395
1.61737 0.440395
1.63255 0.614169
1.66292 0.71737
1.67811 0.915118
1.6933 0.689634
1.70848 1.40615
1.72367 0.64307
1.73886 1.00187
1.75404 0.734945
1.76923 1.10724
1.78442 1.48857
1.7996 0.889367
1.81479 0.484883
1.82998 0.997806
1.84516 0.601662
1.86035 1.12594
1.87554 0.506725
1.89072 0.820388
1.90591 0.571156
1.9211 1.4789
1.93628 0.557692
1.95147 1.25167
1.98184 0.809319
1.99703 1.56403
2.01221 1.16876
2.0274 0.877826
2.04259 1.36654
2.05777 1.21239
2.07296 0.536603
2.08815 0.870793
2.10333 0.990214
2.11852 0.566208
2.13371 1.21507
2.14889 1.94076
2.16408 1.36402
2.17927 1.26824
2.19445 1.27287
2.20964 2.06884
2.22483 1.43693
2.24001 1.12172
2.2552 1.59715
2.27039 0.790716
2.28557 1.18834
2.30076 1.06515
2.31595 1.01369
2.33113 0.839162
2.34632 0.687002
2.36151 0.799979
2.37669 0.855154
2.39188 0.638141
2.40706 1.20655
2.42225 1.51168
2.43744 0.753114
2.45262 0.676198
2.46781 0.899254
2.483 0.74022
2.49818 1.6993
2.51337 0.78453
2.52856 0.905686
2.54374 1.52065
2.55893 1.13764
2.57412 0.934967
2.5893 0.958896
2.60449 0.431915
2.61968 0.419792
2.63486 0.742017
2.65005 0.537209
2.66524 0.902966
2.68042 0.909795
2.69561 0.88759
2.7108 1.04121
2.72598 0.950133
2.74117 0.710217
2.75635 0.636548
2.77154 1.06808
2.78673 1.38387
2.80191 0.708381
2.8171 0.868213
2.83229 1.34124
2.84747 0.97494
2.86266 0.883533
2.87785 0.797128
2.89303 0.830407
2.90822 0.888598
2.92341 0.775055
2.93859 0.86328
2.95378 0.974789
2.96897 0.807554
2.98415 1.33998
2.99934 0.581302
3.01453 0.985043
3.02971 0.909252
3.0449 0.86912
3.06009 1.11362
3.07527 1.82625
3.09046 0.708972
3.10564 1.08715
3.12083 0.689833
3.13602 0.877118
3.1512 0.841529
3.16639 1.05901
3.18158 1.28284
3.19676 0.964264
3.21195 1.20853
3.22714 0.771108
3.24232 1.37402
3.25751 1.8385
3.2727 0.758768
3.28788 1.24982
3.30307 1.46128
3.31826 1.49728
3.33344 1.03877
3.34863 0.868589
3.36382 1.73401
3.379 1.37388
3.39419 1.58344
3.40938 1.11875
3.42456 0.855614
3.43975 1.1209
3.45494 0.65841
3.47012 1.36589
3.48531 0.725596
3.50049 0.99416
3.51568 1.02123
3.53087 1.01387
3.54605 1.96659
3.56124 1.02762
3.57643 0.98482
3.59161 1.19489
3.6068 0.989994
3.62199 0.790136
3.63717 1.17457
3.65236 1.06466
3.66755 1.24101
3.68273 0.749934
3.69792 0.890072
3.71311 1.12017
3.72829 0.900203
3.74348 0.89312
3.75867 0.930361
3.77385 0.72016
3.78904 0.788391
3.80423 0.769961
3.81941 0.879344
3.8346 1.43962
3.84978 0.849851
3.86497 1.48263
3.88016 1.01365
3.89534 0.942465
3.91053 0.76645
3.92572 0.896422
3.9409 0.68107
3.95609 0.522678
3.97128 0.871222
3.98646 0.655409
4.00165 0.722745
4.01684 1.23104
4.03202 0.935516
4.04721 1.17585
4.0624 1.4945
4.07758 1.02666
4.09277 0.942955
4.10796 0.910969
4.12314 0.9477
4.13833 0.910588
4.15352 0.945501
4.1687 0.862732
4.18389 0.79021
4.19907 1.22044
4.21426 1.00435
4.22945 1.01511
4.24463 1.1374
4.25982 1.33862
4.27501 1.0644
4.29019 0.984131
4.30538 1.17518
4.32057 1.09541
4.33575 1.10794
4.35094 0.635096
4.36613 1.07058
4.38131 0.781491
4.3965 1.17872
4.41169 1.1023
4.42687 1.33075
4.44206 1.20797
4.45725 1.09119
4.47243 1.13929
4.48762 0.886828
4.50281 1.19669
4.51799 1.02722
4.53318 0.939596
4.54837 0.629032
4.56355 1.35221
4.57874 0.819986
4.59392 1.08957
4.60911 1.03629
4.6243 1.04682
4.63948 1.15059
4.65467 0.769733
4.66986 0.902882
4.68504 1.13537
4.70023 1.19782
4.71542 1.38018
4.7306 0.887992
4.74579 1.0196
4.76098 1.26066
4.77616 0.831827
4.79135 0.855471
4.80654 0.979723
4.82172 1.08446
4.83691 0.889039
4.8521 1.0804
4.86728 0.959384
4.88247 0.877133
4.89766 0.837619
4.91284 0.664721
4.92803 1.06662
4.94321 1.21638
4.9584 1.02462
4.97359 0.849034
4.98877 0.62575
5.00396 0.855554
5.01915 1.06093
5.03433 0.882983
5.04952 0.892048
5.06471 0.496043
5.07989 0.951741
5.09508 0.949422
5.11027 1.07396
5.12545 1.16718
5.14064 0.891188
5.15583 0.444939
5.17101 0.729809
5.1862 1.06763
5.20139 1.05094
5.21657 0.802001
5.23176 0.552444
5.24695 1.37655
5.26213 1.06131
5.27732 1.02336
5.2925 0.725657
5.30769 1.51959
5.32288 1.146
5.33806 1.10564
5.35325 1.13046
5.36844 0.727794
5.38362 0.815581
5.39881 1.16943
5.414 1.16469
5.42918 1.13285
5.44437 1.1929
5.45956 1.17377
5.47474 1.14949
5.48993 0.771608
5.50512 1.00526
5.5203 0.794261
5.53549 1.06185
5.55068 1.10829
5.56586 1.04018
5.58105 1.14085
5.59624 1.00551
5.61142 0.812197
5.62661 0.967938
5.6418 1.12065
5.65698 1.00123
5.67217 1.00499
5.68735 0.676865
5.70254 1.13649
5.71773 1.17589
5.73291 1.02208
5.7481 0.763319
5.76329 1.59626
5.77847 0.849467
5.79366 1.06099
5.80885 0.818901
5.82403 1.0085
5.83922 1.08406
5.85441 0.925441
5.86959 1.14359
5.88478 1.08814
5.89997 0.736237
5.91515 0.908671
5.93034 0.841936
5.94553 1.16423
5.96071 0.659015
5.9759 0.92264
5.99109 0.921982
6.00627 1.3414
6.02146 1.08668
6.03664 0.898096
6.05183 1.32698
6.06702 0.848008
6.0822 1.04869
6.09739 1.28139
6.11258 1.08995
6.12776 0.898
6.14295 0.887445
6.15814 0.973317
6.17332 0.947814
6.18851 0.997906
6.2037 0.944724
6.21888 0.67047
6.23407 0.985163
6.24926 1.14777
6.26444 1.13119
6.27963 1.08622
6.29482 1.0051
6.31 0.850507
6.32519 0.985924
6.34038 1.05986
6.35556 1.08397
6.37075 0.726973
6.38593 0.822029
6.40112 0.696956
6.41631 0.776292
6.43149 1.09399
6.44668 0.806028
6.46187 0.962345
6.47705 0.976637
6.49224 1.25141
6.50743 0.877108
6.52261 1.16353
6.5378 0.860848
6.55299 0.899106
6.56817 1.46558
6.58336 0.74516
6.59855 1.08735
6.61373 1.17246
6.62892 1.0661
6.64411 1.04307
6.65929 1.05858
6.67448 1.24989
6.68967 1.46746
6.70485 1.00569
6.72004 1.15917
6.73523 0.890876
6.75041 1.15328
6.7656 1.0786
6.78078 0.9339
6.79597 1.26533
6.81116 1.03666
6.82634 0.812395
6.84153 1.07799
6.85672 0.880439
6.8719 0.95799
6.88709 1.46439
6.90228 1.23991
6.91746 0.840318
6.93265 1.04763
6.94784 0.919191
6.96302 0.774325
6.97821 0.833943
6.9934 1.14286
7.00858 0.981865
7.02377 0.838131
7.03896 1.10868
7.05414 1.07468
7.06933 1.1457
7.08452 0.775606
7.0997 1.139
7.11489 0.843625
7.13007 0.956665
7.14526 1.14387
7.16045 1.01503
7.17563 0.887086
7.19082 0.986648
7.20601 0.920392
7.22119 0.781016
7.23638 1.13434
7.25157 0.972224
7.26675 0.678298
7.28194 0.953453
7.29713 0.857275
7.31231 0.84577
7.3275 1.11471
7.34269 1.13909
7.35787 1.55079
7.37306 0.740354
7.38825 1.16599
7.40343 0.881592
7.41862 1.07848
7.43381 1.44441
7.44899 1.16994
7.46418 0.788839
7.47937 0.980863
7.49455 0.686212
7.50974 1.07123
7.52492 0.817497
7.54011 0.859629
7.5553 1.06458
7.57048 1.09067
7.58567 1.39688
