0.106145 0.000183619
0.138804 0.000142277
0.204124 0.000203316
0.220454 9.01214e-05
0.285774 0.0018496
0.302104 0.00185066
0.318434 0.00378471
0.367423 0.00892839
0.400083 0.00189251
0.416413 0.0103769
0.432743 0.00429475
0.449073 0.00842272
0.514393 0.00897348
0.547053 0.0142518
0.579713 0.0478243
0.596043 0.0532536
0.612372 0.157536
0.628702 0.0555677
0.645032 0.142406
0.661362 0.0898314
0.677692 0.127822
0.710352 0.0220582
0.726682 0.140104
0.743012 0.078155
0.775672 0.0828259
0.792002 0.0547601
0.808332 0.259169
0.824662 0.389585
0.840991 0.539034
0.873651 1.44574
0.906311 0.925142
0.922641 3.7553
0.938971 1.13056
0.955301 1.36013
0.971631 3.41728
1.00429 0.993925
1.02062 0.857424
1.03695 1.30545
1.05328 0.503592
1.06961 1.9686
1.08594 2.09349
1.10227 1.9061
1.1186 1.26047
1.13493 2.51558
1.15126 1.47924
1.16759 2.38911
1.18392 2.50972
1.20025 3.28685
1.23291 1.32572
1.24924 1.17383
1.26557 0.927495
1.2819 0.257807
1.29823 0.414821
1.31456 0.639175
1.33089 0.741527
1.34722 1.30714
1.36355 0.86676
1.37988 0.92677
1.39621 0.863414
1.41254 1.53908
1.42887 1.32396
1.4452 0.512755
1.46153 0.491188
1.47786 1.06733
1.49419 0.305287
1.51052 0.564914
1.52685 0.391194
1.54318 0.440984
1.55951 0.521922
1.59217 0.58433
1.6085 0.713244
1.64116 0.79691
1.65749 0.880877
1.67382 1.66832
1.69015 0.931455
1.70648 0.450935
1.73914 0.666454
1.75547 0.237647
1.78813 0.974469
1.80446 0.862437
1.82079 0.30007
1.83712 1.19384
1.85345 0.46789
1.86978 0.711878
1.88611 0.548708
1.90244 0.784778
1.91877 1.96149
1.9351 0.778916
1.95143 1.33475
1.96776 1.22888
1.98409 0.988121
2.00042 0.743577
2.01675 1.07375
2.03308 0.640365
2.04941 1.26696
2.06574 0.994709
2.08207 1.54986
2.0984 0.92764
2.13106 0.647068
2.14739 1.14167
2.16372 1.8708
2.18005 1.91981
2.19638 1.3722
2.21271 2.44732
2.22904 0.500978
2.24537 1.75851
2.2617 0.89657
2.27803 0.715533
2.29436 0.847316
2.31069 1.70413
2.32702 1.04544
2.34335 1.11163
2.35968 1.06246
2.37601 0.993907
2.39233 1.22422
2.40866 0.68139
2.42499 0.933122
2.44132 0.585624
2.45765 0.983544
2.47398 1.30331
2.49031 0.921708
2.50664 0.67908
2.52297 1.28496
2.5393 0.75206
2.55563 0.847694
2.57196 0.658746
2.58829 0.549305
2.60462 1.27447
2.62095 0.796599
2.63728 0.606745
2.65361 0.621672
2.66994 0.510875
2.68627 0.434282
2.7026 1.00982
2.71893 0.946914
2.73526 1.47728
2.75159 1.06208
2.76792 0.925888
2.78425 0.8268
2.80058 0.848058
2.81691 1.02899
2.83324 0.629907
2.84957 0.638343
2.8659 0.489739
2.88223 0.886824
2.89856 1.36426
2.91489 0.651676
2.93122 0.562557
2.94755 1.08434
2.96388 0.790617
2.98021 0.83698
2.99654 1.16808
3.01287 1.37246
3.0292 0.959624
3.04553 0.995391
3.06186 1.43881
3.07819 1.03587
3.09452 1.90939
3.11085 1.25119
3.12718 1.03552
3.14351 0.93159
3.15984 0.731969
3.17617 0.857736
3.1925 0.814429
3.20883 0.933235
3.22516 1.2485
3.24149 1.478
3.25782 1.07281
3.27415 1.17027
3.29048 1.40552
3.30681 1.37679
3.32314 1.55652
3.33947 1.03757
3.3558 1.1799
3.37213 1.211
3.38846 0.982691
3.40479 0.866811
3.42112 0.504871
3.43745 1.04506
3.45378 0.903623
3.47011 0.864372
3.48644 1.04229
3.50277 1.24058
3.5191 0.900269
3.53543 1.01638
3.55176 0.714787
3.56809 0.908585
3.58442 0.84464
3.60075 1.1925
3.61708 1.08644
3.63341 0.729701
3.64974 0.861831
3.66607 0.829716
3.6824 0.736951
3.69873 1.05558
3.71506 0.94473
3.73139 0.604232
3.74772 1.03352
3.76405 1.25398
3.78038 1.16653
3.79671 0.891897
3.81304 1.09821
3.82937 1.05084
3.8457 1.03517
3.86203 1.40492
3.87836 0.70705
3.89469 0.781063
3.91102 1.21057
3.92735 1.26221
3.94368 0.798299
3.96001 0.959439
3.97634 1.03398
3.99267 0.978446
4.009 1.10133
4.02533 0.869111
4.04166 0.93589
4.05799 0.784773
4.07432 1.21245
4.09065 0.854557
4.10698 0.881204
4.12331 0.975655
4.13964 1.17657
4.15597 0.726356
4.1723 0.977759
4.18863 1.1715
4.20496 0.823092
4.22129 1.38943
4.23762 0.763239
4.25395 1.15582
4.27028 1.05385
4.28661 0.784001
4.30294 1.23458
4.31927 1.80618
4.3356 1.03188
4.35193 1.24829
4.36826 0.93259
4.38459 0.993929
4.40092 0.813733
4.41725 0.86634
4.43358 0.897705
4.44991 1.24374
4.46624 0.874497
4.48257 0.917515
4.4989 0.79746
4.51523 1.0397
4.53156 1.03321
4.54789 1.36583
4.56422 1.12218
4.58055 0.886476
4.59688 0.621274
4.61321 1.27062
4.62954 1.10014
4.64587 1.1286
4.6622 0.932361
4.67853 1.1008
4.69486 1.19336
4.71119 0.991548
4.72752 1.43679
4.74385 1.12423
4.76018 0.974737
4.7765 0.867456
4.79283 1.02758
4.80916 0.895796
4.82549 0.719476
4.84182 0.796539
4.85815 0.809296
4.87448 1.0364
4.89081 0.790526
4.90714 1.08439
4.92347 1.22023
4.9398 0.951196
4.95613 0.810011
4.97246 0.704027
4.98879 1.34891
5.00512 1.36329
5.02145 0.586222
5.03778 0.872116
5.05411 0.866837
5.07044 0.710428
5.08677 1.52085
5.1031 0.91901
5.11943 0.953684
5.13576 1.11741
5.15209 1.00447
5.16842 1.16209
5.18475 0.827889
5.20108 1.10889
5.21741 0.691247
5.23374 0.831335
5.25007 0.865915
5.2664 0.709847
5.28273 1.15977
5.29906 1.28105
5.31539 0.830791
5.33172 1.11879
5.34805 0.914573
5.36438 1.40998
5.38071 1.53757
5.39704 0.923681
5.41337 1.17782
5.4297 0.981173
5.44603 1.2022
5.46236 1.25865
5.47869 1.01732
5.49502 0.71779
5.51135 1.03978
5.52768 0.800557
5.54401 1.04116
5.56034 0.825001
5.57667 1.11893
5.593 0.511912
5.60933 1.14529
5.62566 0.89817
5.64199 1.07882
5.65832 1.18301
5.67465 1.01179
5.69098 1.16916
5.70731 1.03988
5.72364 1.23823
5.73997 1.03489
5.7563 0.868141
5.77263 1.26368
5.78896 1.28245
5.80529 0.8396
5.82162 0.783353
5.83795 1.14826
5.85428 1.0155
5.87061 0.708438
5.88694 0.659493
5.90327 1.28598
5.9196 0.844918
5.93593 0.986995
5.95226 1.37685
5.96859 0.896835
5.98492 1.05356
6.00125 1.07828
6.01758 0.668235
6.03391 1.0709
6.05024 0.617743
6.06657 1.24527
6.0829 0.687261
6.09923 0.653612
6.11556 0.816794
6.13189 0.891476
6.14822 0.987332
6.16455 1.1836
6.18088 0.601735
6.19721 1.08322
6.21354 1.20284
6.22987 1.10981
6.2462 0.618483
6.26253 1.16264
6.27886 0.889857
6.29519 0.972728
6.31152 1.00681
6.32785 1.01143
6.34418 1.18935
6.36051 1.08176
6.37684 1.15075
6.39317 1.33852
6.4095 1.28429
6.42583 1.12859
6.44216 0.80088
6.45849 0.808762
6.47482 0.681485
6.49115 0.91335
6.50748 1.25075
6.52381 0.942435
6.54014 1.10335
6.55647 0.893463
6.5728 0.842211
6.58913 0.728673
6.60546 1.13438
6.62179 0.867377
6.63812 1.19583
6.65445 0.922949
6.67078 1.33623
6.68711 1.01723
6.70344 1.17274
6.71977 0.783098
6.7361 1.14365
6.75243 1.17166
6.76876 0.884354
6.78509 0.876721
6.80142 1.00041
6.81775 0.821086
6.83408 0.881008
6.85041 1.06252
6.86674 0.953623
6.88307 1.10418
6.8994 1.1469
6.91573 1.01983
6.93206 1.07736
6.94839 1.00262
6.96472 1.08235
6.98105 0.748712
6.99738 1.18804
7.01371 0.98389
7.03004 0.812601
7.04637 1.07579
7.0627 0.777561
7.07903 0.706025
7.09536 1.38841
7.11169 1.07086
7.12802 1.03286
7.14435 1.08139
7.16068 1.17807
7.177 0.732288
7.19333 0.948269
7.20966 0.965141
7.22599 0.840055
7.24232 0.634763
7.25865 0.934907
7.27498 0.844804
7.29131 1.09955
7.30764 1.07817
7.32397 1.04469
7.3403 1.12203
7.35663 1.00731
7.37296 1.05579
7.38929 1.00622
7.40562 1.41624
7.42195 1.21914
7.43828 1.04288
7.45461 0.991449
7.47094 1.39311
7.48727 1.02633
7.5036 1.25324
7.51993 0.810365
7.53626 0.920421
7.55259 0.787645
7.56892 0.849695
7.58525 0.844047
7.60158 1.11529
7.61791 1.20932
7.63424 0.795449
7.65057 0.830313
7.6669 1.11108
7.68323 1.12853
7.69956 0.971669
7.71589 1.12606
7.73222 1.02012
7.74855 0.971933
7.76488 1.08967
7.78121 0.894074
7.79754 1.12263
7.81387 0.814757
7.8302 0.965399
7.84653 0.991294
7.86286 1.35853
7.87919 0.765989
7.89552 0.801399
7.91185 0.996619
7.92818 0.912882
7.94451 0.982378
7.96084 0.902109
7.97717 1.09322
7.9935 1.29826
8.00983 1.01393
8.02616 0.654649
8.04249 1.09149
8.05882 0.97577
8.07515 0.981135
8.09148 0.996339
8.10781 0.925148
8.12414 0.678493
8.14047 1.28601
8.1568 0.921072
