0.060654 1.19139e-05
0.0793168 8.33516e-06
0.116642 1.74877e-05
0.125974 0.000304725
0.163299 0.00117352
0.172631 0.000328659
0.181962 0.00309991
0.209956 0.00292926
0.228619 0.0148227
0.23795 0.00435713
0.247282 0.00318257
0.256613 0.00645338
0.293939 0.0089343
0.312602 0.00609212
0.331264 0.00424412
0.340596 0.0246499
0.349927 0.00271547
0.359258 0.0196992
0.36859 0.0595253
0.377921 0.02752
0.387253 0.0337239
0.405915 0.0243294
0.415247 0.0169989
0.424578 0.0253035
0.443241 0.0463583
0.452572 0.0814888
0.461904 0.115417
0.471235 0.0470462
0.480567 0.0198294
0.499229 0.0717182
0.517892 0.153847
0.527224 0.0828244
0.536555 0.0576582
0.545886 0.201591
0.555218 0.0901791
0.57388 0.233369
0.583212 0.0971252
0.592543 0.0644353
0.601875 0.106983
0.611206 0.108751
0.620537 0.307117
0.629869 0.162918
0.6392 0.0399272
0.648532 0.220115
0.657863 0.0876061
0.667194 0.118706
0.676526 0.1178
0.685857 0.104894
0.70452 0.332534
0.713851 0.0745894
0.723183 0.563916
0.732514 0.0749043
0.741845 0.423019
0.751177 0.392801
0.760508 0.321008
0.76984 0.287335
0.779171 0.299161
0.788502 0.169072
0.797834 0.272999
0.807165 0.306938
0.816497 0.356653
0.825828 0.245897
0.835159 0.543687
0.844491 0.498567
0.853822 0.191048
0.863154 0.691521
0.872485 0.973012
0.881816 0.362343
0.891148 0.770249
0.90981 0.997778
0.919142 1.20076
0.937805 1.64981
0.947136 1.2353
0.956467 0.506658
0.965799 1.56787
0.97513 1.01259
0.993793 2.59123
1.00312 2.02085
1.02179 1.17579
1.03112 1.69613
1.04045 1.55754
1.04978 0.860751
1.05911 1.55421
1.06844 0.99251
1.07778 0.853558
1.08711 1.82414
1.09644 1.18474
1.10577 1.5092
1.1151 2.69693
1.12443 2.21536
1.13376 3.24153
1.1431 3.97592
1.15243 2.19097
1.16176 2.56025
1.17109 2.05021
1.18042 1.38803
1.18975 2.08246
1.19908 2.12461
1.21775 1.95832
1.22708 2.26212
1.23641 0.818186
1.24574 2.0108
1.25507 0.883853
1.2644 2.13026
1.27373 1.06018
1.28307 1.02642
1.2924 1.16939
1.30173 0.990576
1.31106 1.37676
1.32039 1.36359
1.32972 1.40994
1.33905 0.703235
1.34839 1.5504
1.35772 1.02164
1.36705 1.21881
1.37638 1.18792
1.38571 1.42876
1.39504 0.426238
1.40437 0.801223
1.41371 1.04079
1.42304 0.681525
1.43237 0.35943
1.4417 0.75968
1.45103 1.77823
1.46036 0.765921
1.46969 0.436471
1.47903 0.300869
1.48836 0.661114
1.49769 0.637577
1.50702 0.573351
1.51635 0.622556
1.52568 0.564738
1.53501 0.672096
1.54434 0.58125
1.55368 0.533385
1.56301 1.39214
1.57234 0.658685
1.58167 0.566624
1.591 0.74389
1.60033 0.71585
1.60966 0.434376
1.619 0.670206
1.62833 0.731258
1.63766 0.649575
1.64699 0.787331
1.65632 0.713256
1.66565 0.590481
1.67498 0.703113
1.68432 0.414102
1.69365 0.626784
1.70298 0.415022
1.71231 0.49778
1.72164 0.515827
1.73097 0.659459
1.7403 0.685339
1.74964 0.774978
1.75897 0.77457
1.7683 0.97056
1.77763 0.744259
1.78696 0.849301
1.79629 0.799738
1.80562 0.463077
1.81496 0.709644
1.82429 0.471353
1.83362 0.568757
1.84295 0.622731
1.85228 0.595706
1.86161 0.437005
1.87094 0.817804
1.88027 0.991702
1.88961 0.480781
1.89894 0.695377
1.90827 0.471223
1.9176 1.03738
1.92693 0.765658
1.93626 0.784647
1.94559 0.849642
1.95493 0.736539
1.96426 1.20584
1.97359 0.640628
1.98292 1.00458
1.99225 0.768253
2.00158 0.796506
2.01091 0.628646
2.02025 0.527107
2.02958 1.21668
2.03891 0.945276
2.04824 1.09208
2.05757 1.3555
2.0669 1.19424
2.07623 0.490806
2.08557 0.755849
2.0949 0.953129
2.10423 1.46211
2.11356 1.77608
2.12289 1.46862
2.13222 0.804989
2.14155 1.21328
2.15089 1.51782
2.16022 1.18267
2.16955 1.21872
2.17888 1.25251
2.18821 1.75681
2.19754 1.27971
2.20687 1.51301
2.21621 1.85646
2.22554 1.59921
2.23487 0.835121
2.2442 1.36984
2.25353 1.46093
2.26286 1.88251
2.27219 1.1734
2.28152 1.09854
2.29086 1.34995
2.30019 1.13457
2.30952 1.0643
2.31885 1.5302
2.32818 1.64369
2.33751 1.35418
2.34684 1.42475
2.35618 0.995551
2.36551 1.29751
2.37484 1.95779
2.38417 1.25673
2.3935 1.55864
2.40283 1.1208
2.41216 1.07076
2.4215 1.51097
2.43083 1.16273
2.44016 1.21544
2.44949 1.57299
2.45882 1.31428
2.46815 0.804553
2.47748 1.32224
2.48682 1.50455
2.49615 1.21543
2.50548 0.996163
2.51481 0.811786
2.52414 1.00489
2.53347 0.734311
2.5428 1.46496
2.55214 0.841302
2.56147 0.8768
2.5708 1.22448
2.58013 0.986852
2.58946 0.677374
2.59879 0.868267
2.60812 0.940794
2.61745 0.653679
2.62679 1.00197
2.63612 0.720327
2.64545 0.562949
2.65478 0.66699
2.66411 0.830538
2.67344 0.866486
2.68277 0.910525
2.69211 0.772918
2.70144 0.784587
2.71077 0.664561
2.7201 0.750321
2.72943 0.625148
2.73876 0.85522
2.74809 0.801217
2.75743 0.896638
2.76676 0.60594
2.77609 0.745765
2.78542 0.510331
2.79475 0.557974
2.80408 0.726688
2.81341 0.68422
2.82275 0.750949
2.83208 0.854603
2.84141 0.716023
2.85074 0.685195
2.86007 0.573176
2.8694 0.939387
2.87873 0.536959
2.88807 0.60625
2.8974 1.12679
2.90673 1.13464
2.91606 0.66826
2.92539 0.814442
2.93472 0.70667
2.94405 1.07754
2.95338 0.389288
2.96272 0.499383
2.97205 0.759719
2.98138 0.841738
2.99071 0.623499
3.00004 0.637619
3.00937 0.784949
3.0187 0.603077
3.02804 0.887754
3.03737 0.914344
3.0467 0.912725
3.05603 0.846933
3.06536 0.843047
3.07469 0.58743
3.08402 0.939767
3.09336 0.874498
3.10269 0.934196
3.11202 0.945244
3.12135 0.733829
3.13068 0.696733
3.14001 0.77995
3.14934 0.954199
3.15868 1.17873
3.16801 1.40764
3.17734 0.949579
3.18667 1.06856
3.196 1.39804
3.20533 0.908262
3.21466 1.11324
3.224 1.08117
3.23333 1.12406
3.24266 0.821713
3.25199 1.27422
3.26132 1.02208
3.27065 1.02163
3.27998 1.4366
3.28931 1.43636
3.29865 1.53319
3.30798 1.09714
3.31731 1.1628
3.32664 1.37511
3.33597 1.096
3.3453 1.51406
3.35463 1.38348
3.36397 1.63471
3.3733 1.11564
3.38263 1.11661
3.39196 1.58138
3.40129 1.38752
3.41062 1.55097
3.41995 1.43793
3.42929 1.42055
3.43862 1.50031
3.44795 1.53014
3.45728 1.09715
3.46661 1.06868
3.47594 1.33346
3.48527 1.80747
3.49461 1.71819
3.50394 1.02507
3.51327 1.19757
3.5226 1.20848
3.53193 0.901054
3.54126 1.66286
3.55059 1.48033
3.55993 1.58242
3.56926 0.71302
3.57859 1.38065
3.58792 1.49058
3.59725 1.08314
3.60658 1.13124
3.61591 1.38344
3.62524 1.14606
3.63458 1.02056
3.64391 1.62225
3.65324 1.26457
3.66257 0.898712
3.6719 0.869933
3.68123 0.713103
3.69056 0.909944
3.6999 0.946432
3.70923 0.783008
3.71856 0.861733
3.72789 0.954539
3.73722 0.65774
3.74655 0.754784
3.75588 0.742973
3.76522 0.832287
3.77455 0.947822
3.78388 0.660282
3.79321 0.855359
3.80254 0.837062
3.81187 0.762167
3.8212 0.539501
3.83054 0.792557
3.83987 0.580082
3.8492 0.787132
3.85853 0.83847
3.86786 0.829449
3.87719 0.698567
3.88652 0.595208
3.89586 0.702378
3.90519 0.733018
3.91452 0.684717
3.92385 0.636138
3.93318 0.720875
3.94251 0.795831
3.95184 0.744118
3.96117 0.976503
3.97051 0.812351
3.97984 0.563479
3.98917 0.668818
3.9985 0.681376
4.00783 0.850217
4.01716 0.598616
4.02649 0.744889
4.03583 0.685968
4.04516 0.853839
4.05449 1.09973
4.06382 0.748988
4.07315 0.866301
4.08248 0.598326
4.09181 0.787089
4.10115 0.527673
4.11048 0.801462
4.11981 0.85033
4.12914 0.772237
4.13847 0.65458
4.1478 0.709466
4.15713 1.04171
4.16647 0.964996
4.1758 0.823554
4.18513 0.674958
4.19446 0.896076
4.20379 1.15693
4.21312 0.78195
4.22245 0.756446
4.23179 0.726097
4.24112 0.809399
4.25045 1.0249
4.25978 1.17274
4.26911 0.988639
4.27844 1.21876
4.28777 1.26647
4.2971 1.46202
4.30644 1.20639
4.31577 1.06912
4.3251 1.15865
4.33443 1.16926
4.34376 1.30091
4.35309 0.89495
4.36242 1.07815
4.37176 1.15599
4.38109 1.44882
4.39042 1.09947
4.39975 1.07997
4.40908 1.22519
4.41841 1.21617
4.42774 1.33312
4.43708 1.11288
4.44641 2.55145
4.45574 1.11371
4.46507 1.48858
4.4744 1.09789
4.48373 1.32236
4.49306 1.25058
4.5024 1.08475
4.51173 1.91668
4.52106 1.48954
4.53039 1.26807
4.53972 1.3648
4.54905 1.91677
4.55838 1.29667
4.56772 1.19929
4.57705 1.15646
4.58638 1.34984
4.59571 1.17455
4.60504 1.04867
4.61437 1.00239
4.6237 0.979893
4.63303 1.35358
4.64237 0.956972
4.6517 1.61053
4.66103 1.2526
