0.104 0.000570406
0.136 0.000502882
0.2 0.000933986
0.216 0.00421259
0.28 0.00330467
0.296 0.00475783
0.312 0.00735448
0.36 0.00914803
0.392 0.0449016
0.408 0.031003
0.424 0.0546782
0.44 0.0197581
0.504 0.0439293
0.536 0.11133
0.568 0.063686
0.584 0.0261304
0.6 0.302817
0.616 0.0845145
0.632 0.0907389
0.648 0.123405
0.664 0.348265
0.696 0.102761
0.712 0.125666
0.728 0.401407
0.76 0.388293
0.776 0.220309
0.792 0.355579
0.808 0.554662
0.824 0.240858
0.856 1.10867
0.888 0.773556
0.904 2.72756
0.92 1.16174
0.936 0.527652
0.952 1.77006
0.984 1.09129
1 0.55131
1.016 2.47491
1.032 2.02275
1.048 0.692342
1.064 0.910561
1.08 2.18628
1.096 2.19748
1.112 1.92222
1.128 2.98829
1.144 1.70682
1.16 2.92032
1.176 0.973366
1.208 1.29281
1.224 1.22233
1.24 3.22218
1.256 0.842251
1.272 0.975694
1.288 1.04903
1.304 1.61023
1.32 1.43441
1.336 1.35913
1.352 0.973629
1.368 0.857187
1.384 0.879245
1.4 0.858158
1.416 0.963076
1.432 0.645664
1.448 0.752542
1.464 0.490107
1.48 0.893013
1.496 0.830661
1.512 0.70785
1.528 0.665946
1.56 0.614133
1.576 0.411448
1.608 0.505681
1.624 0.622684
1.64 0.864326
1.656 0.488773
1.672 0.466656
1.704 0.61094
1.72 1.27511
1.752 0.786539
1.768 0.463503
1.784 0.699582
1.8 0.537036
1.816 0.745803
1.832 1.05772
1.848 0.588811
1.864 0.680895
1.88 0.616421
1.896 1.08439
1.912 0.860016
1.928 1.26893
1.944 1.21144
1.96 1.25189
1.976 1.37146
1.992 1.36196
2.008 1.27898
2.024 1.23511
2.04 1.16177
2.056 1.38525
2.088 0.786744
2.104 1.08004
2.12 1.31813
2.136 0.933854
2.152 1.53865
2.168 1.59763
2.184 0.943828
2.2 1.50966
2.216 1.10507
2.232 0.988097
2.248 1.11699
2.264 0.618009
2.28 1.03679
2.296 1.18348
2.312 1.18686
2.328 0.885289
2.344 1.16129
2.36 1.23804
2.376 1.28871
2.392 1.1384
2.408 1.11992
2.424 0.868159
2.44 1.05544
2.456 0.832989
2.472 1.1079
2.488 0.762063
2.504 0.777962
2.52 0.930464
2.536 0.385965
2.552 0.822494
2.568 0.637494
2.584 1.00563
2.6 0.712904
2.616 0.453891
2.632 0.661675
2.648 0.845371
2.664 0.797784
2.68 0.786279
2.696 0.721186
2.712 1.25139
2.728 1.07285
2.744 0.750301
2.76 0.568598
2.776 0.991624
2.792 1.68616
2.808 0.71879
2.824 0.991705
2.84 1.31855
2.856 1.08444
2.872 0.721451
2.888 0.592413
2.904 1.23549
2.92 0.988876
2.936 1.12784
2.952 0.616714
2.968 0.93424
2.984 1.4469
3 1.12806
3.016 1.76757
3.032 0.931755
3.048 0.921409
3.064 1.47871
3.08 1.33426
3.096 1.42604
3.112 0.747786
3.128 0.923618
3.144 1.24788
3.16 1.75293
3.176 0.777546
3.192 1.95381
3.208 1.02001
3.224 0.997465
3.24 1.73069
3.256 1.00084
3.272 0.628805
3.288 1.17913
3.304 0.952704
3.32 1.07529
3.336 0.742423
3.352 0.788254
3.368 1.16199
3.384 0.848624
3.4 1.23244
3.416 0.822177
3.432 0.680886
3.448 0.745261
3.464 0.804356
3.48 1.17152
3.496 1.05366
3.512 0.784986
3.528 0.980107
3.544 0.716304
3.56 0.931516
3.576 0.97158
3.592 0.928281
3.608 0.773097
3.624 0.967384
3.64 0.670522
3.656 0.735137
3.672 1.28578
3.688 0.917543
3.704 1.04773
3.72 0.731408
3.736 0.887601
3.752 0.878018
3.768 1.10512
3.784 1.05213
3.8 0.764108
3.816 0.798994
3.832 0.752367
3.848 0.847421
3.864 0.785872
3.88 1.33401
3.896 1.26678
3.912 1.36062
3.928 0.856763
3.944 0.987653
3.96 0.917005
3.976 1.10066
3.992 1.03256
4.008 0.967776
4.024 1.1072
4.04 1.2156
4.056 1.1731
4.072 1.7477
4.088 0.751888
4.104 1.41882
4.12 1.3118
4.136 0.776503
4.152 1.76843
4.168 1.7724
4.184 0.846802
4.2 0.903516
4.216 0.991856
4.232 1.20173
4.248 0.895753
4.264 0.575042
4.28 1.2171
4.296 0.887788
4.312 1.25476
4.328 0.796921
4.344 0.971046
4.36 1.26767
4.376 0.927535
4.392 1.06089
4.408 1.05322
4.424 0.700003
4.44 0.941648
4.456 1.13329
4.472 1.17396
4.488 0.806954
4.504 0.644615
4.52 0.828181
4.536 0.598973
4.552 0.775664
4.568 0.746983
4.584 1.20088
4.6 0.879082
4.616 0.966787
4.632 0.867908
4.648 0.693867
4.664 0.960579
4.68 0.845049
4.696 0.89672
4.712 0.755401
4.728 0.894565
4.744 0.76451
4.76 1.31902
4.776 1.05901
4.792 0.818476
4.808 1.00678
4.824 1.32655
4.84 0.944012
4.856 1.62961
4.872 1.0002
4.888 0.934878
4.904 1.06869
4.92 1.10596
4.936 1.19408
4.952 0.667128
4.968 1.01306
4.984 1.29434
5 0.979516
5.016 0.840406
5.032 1.21673
5.048 1.07972
5.064 1.09003
5.08 1.17626
5.096 0.918355
5.112 1.06924
5.128 1.14547
5.144 1.50645
5.16 1.24209
5.176 1.21911
5.192 1.10271
5.208 0.987916
5.224 1.07694
5.24 0.808607
5.256 1.11063
5.272 0.928767
5.288 0.940549
5.304 0.8939
5.32 1.06325
5.336 1.00041
5.352 1.40704
5.368 0.831664
5.384 0.985617
5.4 0.546735
5.416 0.916097
5.432 1.11277
5.448 1.12047
5.464 0.816882
5.48 1.18618
5.496 1.06388
5.512 0.916787
5.528 0.901511
5.544 1.13504
5.56 0.80707
5.576 1.32415
5.592 0.934671
5.608 0.967167
5.624 0.806635
5.64 1.05178
5.656 0.954395
5.672 1.09262
5.688 0.923632
5.704 0.912515
5.72 0.80878
5.736 0.903472
5.752 1.00185
5.768 0.723886
5.784 0.947647
5.8 1.01943
5.816 1.09002
5.832 0.754692
5.848 1.19203
5.864 1.08192
5.88 0.733383
5.896 0.956502
5.912 1.08831
5.928 1.0842
5.944 0.87021
5.96 1.34334
5.976 1.00451
5.992 1.06344
6.008 0.959764
6.024 1.12129
6.04 1.21149
6.056 1.08539
6.072 0.546047
6.088 1.19739
6.104 0.794208
6.12 0.943451
6.136 1.11212
6.152 0.779187
6.168 1.0222
6.184 1.80879
6.2 1.14794
6.216 1.02868
6.232 1.17634
6.248 0.99429
6.264 0.789811
6.28 0.636994
6.296 1.09634
6.312 0.981042
6.328 1.03309
6.344 1.23506
6.36 0.971054
6.376 1.20305
6.392 0.955009
6.408 0.783514
6.424 1.20633
6.44 0.716824
6.456 1.02624
6.472 1.18748
6.488 0.720292
6.504 1.24048
6.52 0.852359
6.536 0.794114
6.552 0.686123
6.568 1.2675
6.584 1.11453
6.6 0.745265
6.616 0.869636
6.632 1.26292
6.648 0.791121
6.664 0.850246
6.68 1.02369
6.696 1.06606
6.712 0.969071
6.728 0.997755
6.744 0.751718
6.76 1.19319
6.776 0.906701
6.792 0.847106
6.808 1.04573
6.824 0.786628
6.84 1.03355
6.856 1.06906
6.872 1.15853
6.888 0.938139
6.904 0.940665
6.92 1.08649
6.936 1.11442
6.952 1.10349
6.968 1.03941
6.984 1.40684
7 0.996809
7.016 0.90036
7.032 0.8659
7.048 0.908381
7.064 0.918328
7.08 1.12472
7.096 1.29133
7.112 0.84842
7.128 1.22519
7.144 1.51213
7.16 1.23743
7.176 1.33553
7.192 0.816021
7.208 1.12924
7.224 0.734011
7.24 0.641697
7.256 0.999279
7.272 0.993767
7.288 1.04266
7.304 0.871388
7.32 1.1582
7.336 1.19505
7.352 0.802136
7.368 0.791172
7.384 1.02196
7.4 0.976939
7.416 1.4213
7.432 0.914712
7.448 0.929385
7.464 1.33604
7.48 0.881883
7.496 1.0452
7.512 0.921216
7.528 0.875316
7.544 0.767165
7.56 1.03346
7.576 1.0785
7.592 0.602067
7.608 0.840176
7.624 0.877201
7.64 1.19705
7.656 1.00176
7.672 0.975414
7.688 1.21755
7.704 0.791829
7.72 0.621884
7.736 0.906078
7.752 0.952656
7.768 1.37469
7.784 1.04474
7.8 1.16442
7.816 0.642267
7.832 1.22972
7.848 1.0086
7.864 1.21281
7.88 0.996136
7.896 0.701098
7.912 0.767855
7.928 0.926926
7.944 1.02652
7.96 1.1374
7.976 1.17321
7.992 1.15443
