0.960964333333 0.532802
0.858038 0.973847333333
0.0517025 0.579879666667
0.9817 0.345761333333
0.949188666667 0.502038666667
0.772871666667 0.981022666667
0.429504433333 0.00630032666667
0.978150666667 0.151170333333
0.964438666667 0.182319333333
0.01892623 0.0779542266667
0.966040333333 0.412667333333
0.957072 0.461335
0.616012333333 0.981718
0.595611 0.953285666667
0.723703 0.594582666667
0.664057666667 0.532719666667
0.927654 0.446053333333
0.994921333333 0.593849333333
0.989305333333 0.442029666667
0.981695333333 0.55699
0.983170333333 0.875328333333
0.987187 0.783725666667
0.929195 0.70655
0.898759666667 0.688872666667
0.870086333333 0.703742333333
0.835672333333 0.693397666667
0.636408333333 0.503989666667
0.580357 0.510945666667
0.607477666667 0.522719333333
0.861041 0.0106471933333
0.0781046 0.321716
0.0765583333333 0.383257666667
0.109796 0.384132666667
0.0223311833333 0.389251
0.00775831333333 0.311633333333
0.0464547766667 0.365231666667
0.04084151 0.338957333333
0.0245864633333 0.207775333333
0.0100628733333 0.261066666667
0.0190224766667 0.31241
0.0493597333333 0.8685
0.0793902333333 0.956466
0.0567780333333 0.928952666667
0.0716755 0.898073666667
0.0871527666667 0.714546666667
0.0302615733333 0.424029
0.0611257666667 0.424367666667
0.0239311733333 0.475254
0.0653164666667 0.545423
0.0498146 0.510066666667
0.137958466667 0.420864333333
0.941507666667 0.303742
0.962928 0.228590333333
0.969551333333 0.268222
0.933361666667 0.338191666667
0.945745666667 0.369577666667
0.918879333333 0.416222666667
0.837833333333 0.968304333333
0.358796333333 0.970131
0.467715 0.973026
0.504628666667 0.986859666667
0.545759333333 0.994098333333
0.248126666667 0.765953333333
0.509641666667 0.951067333333
0.567284666667 0.943707333333
0.546555333333 0.964901
0.564023333333 0.833574666667
0.563555333333 0.900008666667
0.558781666667 0.801961666667
0.637572333333 0.690768333333
0.741199666667 0.625673666667
0.757757333333 0.691724333333
0.666591666667 0.687173333333
0.677570333333 0.652632333333
0.69706 0.713708333333
0.726330666667 0.688851666667
0.715095 0.655325333333
0.513932333333 0.595422666667
0.550637333333 0.539045
0.464628 0.622795666667
0.496410666667 0.628023333333
0.512829 0.663226333333
0.600608666667 0.56412
0.566077333333 0.570254333333
0.549614333333 0.596812
0.661952666667 0.6234
0.628229666667 0.614664
0.62542 0.579501
0.681980666667 0.595002
0.659938333333 0.566830333333
0.842730333333 0.516586333333
0.865427666667 0.48876
0.915962333333 0.506116
0.902221666667 0.480680666667
0.823175 0.66773
0.777021666667 0.630543333333
0.782343666667 0.663067666667
0.861010333333 0.453826
0.820649333333 0.416829666667
0.827085333333 0.447030666667
0.889029666667 0.415916
0.810242333333 0.509564
0.799014666667 0.474942333333
0.776678333333 0.407488666667
0.928425 0.745199666667
0.955178 0.764757
0.973137333333 0.721516666667
0.982192666667 0.683408666667
0.956438333333 0.685189666667
0.842137333333 0.641298333333
0.815839666667 0.583769333333
0.810216666667 0.61652
0.945304333333 0.569262
0.966035333333 0.59345
0.966401333333 0.627448333333
0.94478 0.6492
0.909721333333 0.652469666667
0.884215666667 0.632463
0.601284333333 0.393792
0.603100333333 0.0776221666667
0.2398301 0.008119
0.120442866667 0.331683333333
0.131420533333 0.358920333333
0.576527666667 0.479790666667
0.603328 0.448916
0.585221666667 0.425078666667
0.462804 0.582059666667
0.493807 0.564085666667
0.514049 0.534265666667
0.923487666667 0.174052
0.824370666667 0.0215142266667
0.908992666667 0.0330079666667
0.943081666667 0.0397208333333
0.964720666667 0.0704159
0.954647333333 0.103895666667
0.0611477666667 0.841913666667
0.0490190666667 0.805332666667
0.0493990666667 0.664352
0.0556317333333 0.711204
0.0348919666667 0.620104333333
0.330158333333 0.988103
0.440673333333 0.992236333333
0.234039666667 0.823285666667
0.228526666667 0.855290666667
0.171995 0.420614666667
0.172197666667 0.383028666667
0.226078666667 0.422276333333
0.197788333333 0.443448666667
0.115251533333 0.445841666667
0.0716565 0.45022
0.0666757333333 0.484694
0.781951 0.959740333333
0.692331 0.749538333333
0.735727333333 0.942774666667
0.390112 0.954134666667
0.380518333333 0.914775666667
0.40936 0.900871
0.438928 0.927584
0.429646333333 0.960135
0.258360666667 0.432913
0.171191 0.714028666667
0.25956 0.618256
0.403619333333 0.645955333333
0.442701333333 0.647703666667
0.446164333333 0.682826666667
0.380968666667 0.832230333333
0.367348666667 0.790804333333
0.526259333333 0.860197333333
0.530727 0.8888
0.464897666667 0.908072666667
0.497542666667 0.918665
0.595005 0.885602333333
0.675987333333 0.878668333333
0.612099333333 0.915733
0.651238666667 0.914481333333
0.530346 0.797618666667
0.625536333333 0.723816333333
0.629354 0.779132333333
0.649826666667 0.756051333333
0.585478 0.771260333333
0.563942666667 0.738716
0.583528333333 0.714353
0.564602666667 0.630367666667
0.545339 0.664181333333
0.573211666667 0.685832
0.606965666667 0.667745666667
0.601164 0.636194666667
0.692933333333 0.519941
0.782336 0.562751
0.782979333333 0.529812
0.748367666667 0.516742666667
0.741686333333 0.569225333333
0.721317 0.538706666667
0.845549666667 0.390354
0.897470666667 0.351565666667
0.880005 0.382645
0.728796666667 0.342058333333
0.866039666667 0.737436666667
0.893943 0.761216666667
0.914546333333 0.573153333333
0.888150333333 0.599086333333
0.89698 0.540770666667
0.860542 0.543161666667
0.851695 0.575171
0.636580333333 0.378211666667
0.699845 0.353468
0.656836666667 0.0118663333333
0.579168666667 0.0525106666667
0.5744 0.0214682733333
0.624527 0.0353886
0.0794547333333 0.213818666667
0.0807223 0.292375666667
0.0501369 0.2406
0.0450031333333 0.276737666667
0.329960333333 0.0163935733333
0.134296433333 0.0114585933333
0.228927333333 0.220943333333
0.493789333333 0.504955
0.389306333333 0.404926
0.417224333333 0.346002
0.90598 0.144609333333
0.87371 0.144377
0.923427666667 0.105602
0.931768666667 0.234844666667
0.910832 0.206660666667
0.0965275333333 0.839561
0.030777 0.781234666667
0.0339777333333 0.733746333333
0.0175265733333 0.567611666667
0.0249089333333 0.660283333333
0.258699333333 0.880358
0.316154333333 0.942174666667
0.287516333333 0.960146666667
0.191760333333 0.866124666667
0.190008666667 0.894958666667
0.155690333333 0.845992333333
0.124593766667 0.860111
0.111529766667 0.892037333333
0.1144436 0.953988666667
0.174290266667 0.975188
0.131685666667 0.920439
0.165164 0.918123
0.219878666667 0.916153
0.251803 0.912386333333
0.262515666667 0.945379666667
0.221402333333 0.962832666667
0.195034 0.939317333333
0.968458 0.834871
0.950083333333 0.803669666667
0.888025 0.952188666667
0.863447666667 0.927701666667
0.807328333333 0.937575666667
0.838633333333 0.921652666667
0.790803333333 0.906663333333
0.822108333333 0.890740333333
0.643408666667 0.807098666667
0.674437666667 0.822585333333
0.656021 0.852472333333
0.604774333333 0.830839666667
0.614178 0.858154666667
0.716883333333 0.765914666667
0.733115666667 0.815359
0.705225333333 0.805497
0.652078666667 0.971823666667
0.670816666667 0.942139666667
0.691259666667 0.981471333333
0.709997666667 0.951787333333
0.71301 0.875218333333
0.767390333333 0.853075
0.734517 0.845928666667
0.766391 0.891745666667
0.736692333333 0.905692333333
0.263509333333 0.475306333333
0.291024333333 0.487628666667
0.1094725 0.600937333333
0.0737609 0.608301333333
0.0735084333333 0.642760333333
0.182302333333 0.655909666667
0.170864333333 0.625761666667
0.132130666667 0.628004333333
0.150980333333 0.683086666667
0.1155017 0.677939333333
0.108090033333 0.653005
0.100486866667 0.532573333333
0.102588433333 0.497412
0.128991066667 0.475311666667
0.208253 0.703405
0.211416666667 0.661786333333
0.244875333333 0.647732333333
0.317888 0.734069
0.322112333333 0.666308666667
0.414178666667 0.699202666667
0.374659666667 0.753247333333
0.347659333333 0.717256
0.385115 0.676958
0.353119666667 0.685554
0.494657 0.821931666667
0.485328666667 0.852897333333
0.457151333333 0.870907666667
0.421349 0.868606
0.411164666667 0.839225
0.500878333333 0.699650666667
0.469751333333 0.705632666667
0.527466666667 0.736265333333
0.520566333333 0.764466666667
0.750561666667 0.420193333333
0.766462 0.457446
0.743078 0.478998333333
0.828179 0.857354
0.797873333333 0.834606333333
0.789383 0.0406018933333
0.752293666667 0.0332390933333
0.540939666667 0.0668151
0.247172666667 0.0341155
0.0413825666667 0.0512326266667
0.283475 0.367196333333
0.282268333333 0.410928333333
0.317654333333 0.416053333333
0.259405 0.347383333333
0.225916333333 0.380478666667
0.197828666667 0.364065
0.231752333333 0.103225533333
0.114988233333 0.275900666667
0.351551333333 0.504133666667
0.377130666667 0.439208333333
0.324378666667 0.475906333333
0.338031333333 0.445106666667
0.429677333333 0.578190666667
0.392419333333 0.617178333333
0.542728666667 0.471872666667
0.509055666667 0.477073
0.546931333333 0.437844
0.452246333333 0.504298666667
0.426548 0.541652333333
0.396856666667 0.540472666667
0.388501666667 0.506372666667
0.434481666667 0.468993333333
0.400428333333 0.472247
0.365318666667 0.378366333333
0.332766 0.383595333333
0.315193 0.353924
0.382438333333 0.345192666667
0.500688333333 0.253401666667
0.887661 0.0524276
0.895632 0.0854295666667
0.849526333333 0.0446229
0.841272 0.0845832
0.868361666667 0.106117566667
0.0828781666667 0.781025
0.103937433333 0.802711
0.101253066667 0.743493
0.149812666667 0.737827666667
0.353679666667 0.897329333333
0.320631333333 0.908732
0.355271666667 0.85917
0.291010333333 0.879033333333
0.918861 0.818924
0.858197333333 0.844348
0.889473666667 0.796028333333
0.858709 0.804729333333
0.892548666667 0.908249666667
0.890816333333 0.873045
0.920715333333 0.856322
0.952843333333 0.874591666667
0.917126 0.932736666667
0.967555666667 0.915049
0.952100666667 0.941677
0.240344 0.591819
0.255843666667 0.556915
0.197675 0.59781
0.1353905 0.574497666667
0.132013166667 0.542401
0.184859333333 0.573613
0.295619333333 0.720316
0.256042 0.737088
0.237893666667 0.708421
0.263709666667 0.675964333333
0.294383333333 0.684257666667
0.433630666667 0.805577666667
0.470070333333 0.799486666667
0.485521666667 0.765584333333
0.461295 0.743365
0.422958666667 0.732715666667
0.410745666667 0.761026
0.687444333333 0.480602666667
0.710538333333 0.461624
0.653757 0.471416333333
0.641794666667 0.444719333333
0.715650666667 0.421951
0.693292666667 0.395498333333
0.658984333333 0.405301666667
0.849893666667 0.167147333333
0.670994 0.0489325
0.639761333333 0.0764526666667
0.725473666667 0.302218
0.787372 0.322024666667
0.781718 0.377012333333
0.762195 0.351854666667
0.82489 0.368657333333
0.823202333333 0.334010333333
0.884245333333 0.321323666667
0.847985666667 0.313232
0.910539333333 0.292337
0.907423666667 0.263071333333
0.767344666667 0.786739666667
0.799229 0.798840666667
0.810355666667 0.723540333333
0.832907666667 0.749488666667
0.830046333333 0.781969666667
0.773272 0.726529333333
0.754321 0.755354
0.819985666667 0.152240666667
0.816712333333 0.107935966667
0.789979 0.0870633333333
0.490720333333 0.0298271733333
0.502618333333 0.0580519333333
0.180704333333 0.0307657666667
0.203450333333 0.0451481
0.201186 0.0888972
0.0966131 0.01881806
0.0673659 0.0389809266667
0.143021 0.0381252333333
0.0385409966667 0.1199264
0.0609973333333 0.0932048
0.0472291633333 0.164729666667
0.0776607 0.173566
0.262082666667 0.313925333333
0.238669333333 0.254041666667
0.111145566667 0.215963666667
0.123939566667 0.241995666667
0.161307 0.235160666667
0.190402666667 0.211460333333
0.365475333333 0.555938666667
0.340350666667 0.527092333333
0.301720333333 0.522072666667
0.290060666667 0.550522333333
0.530278 0.411124666667
0.491451333333 0.342493666667
0.450438666667 0.435605333333
0.483469666667 0.443028666667
0.500489333333 0.411109
0.478256666667 0.377935333333
0.428561 0.404576666667
0.439359333333 0.378826333333
0.471914666667 0.317259666667
0.480070666667 0.283091333333
0.436585 0.319877
0.165187333333 0.764517666667
0.208291 0.7746
0.202956666667 0.802727666667
0.161373666667 0.814600333333
0.137687 0.791869
0.330346333333 0.840591333333
0.299133333333 0.849052
0.333732333333 0.794798666667
0.311272 0.774054666667
0.281088 0.789167
0.272335333333 0.818371666667
0.170061333333 0.517703666667
0.195128666667 0.471109333333
0.164937666667 0.485775666667
0.228567666667 0.492330333333
0.227434666667 0.528750333333
0.199119333333 0.539457333333
0.73142 0.180709333333
0.727070333333 0.219653333333
0.760581 0.164331666667
0.79067 0.175083
0.749039666667 0.129262
0.759986333333 0.1033287
0.732118 0.0640605333333
0.702200333333 0.0650302333333
0.693227333333 0.290704
0.628362333333 0.268519666667
0.674940333333 0.321613333333
0.645984 0.336553666667
0.622863333333 0.319137
0.701134 0.156833333333
0.666563 0.177788666667
0.637367666667 0.167417
0.652223 0.103744066667
0.630432333333 0.133065666667
0.709523333333 0.124815666667
0.690552333333 0.0998520666667
0.59455 0.138834333333
0.579679666667 0.110682233333
0.530188666667 0.172924666667
0.548573666667 0.104996933333
0.529281333333 0.132627033333
0.530159 0.259411666667
0.254173 0.196125
0.245466333333 0.136899
0.236671666667 0.163831666667
0.316456333333 0.152639333333
0.351364 0.161788333333
0.331383666667 0.321663333333
0.366076333333 0.318161
0.378348 0.286150333333
0.341333666667 0.197583666667
0.358554666667 0.224511
0.284580666667 0.209754333333
0.306426 0.188434666667
0.349185666667 0.261272
0.323009 0.282008666667
0.278480333333 0.252849333333
0.29137 0.279193666667
0.394312333333 0.222726666667
0.403132333333 0.262082
0.429182 0.277628666667
0.451336333333 0.259046
0.499229333333 0.1249277
0.480200333333 0.0885344333333
0.0935383333333 0.104895733333
0.101170466667 0.0704744333333
0.129263666667 0.0671030333333
0.215068666667 0.273752333333
0.225592333333 0.307291666667
0.194827 0.324336
0.176231 0.264354333333
0.158218333333 0.316062666667
0.150146 0.289620333333
0.361079666667 0.613476666667
0.352169666667 0.579526
0.315385333333 0.579129333333
0.326523 0.635165
0.300384333333 0.611959
0.589188666667 0.336639333333
0.577013333333 0.369636333333
0.544297333333 0.374203666667
0.527703333333 0.338746333333
0.542258 0.302627333333
0.571027333333 0.305087666667
0.804254333333 0.205224
0.837019333333 0.271295666667
0.843392666667 0.200701
0.870598 0.21773
0.870163333333 0.250121666667
0.753004 0.239315333333
0.779454666667 0.289987666667
0.750954666667 0.279977333333
0.804318666667 0.260037
0.788532666667 0.228864333333
0.654466666667 0.246476333333
0.684688 0.264465
0.668831666667 0.214276333333
0.699053 0.232265
0.553372333333 0.192659
0.584315666667 0.175800666667
0.607548666667 0.197081666667
0.552945 0.233005666667
0.602553 0.245160333333
0.578892666667 0.264226
0.275462333333 0.1186211
0.307105666667 0.123387766667
0.261748333333 0.0849476333333
0.274904333333 0.0595867
0.311871666667 0.0552575333333
0.330359 0.0853851333333
0.475666 0.153837333333
0.491817 0.183078666667
0.416509 0.197195666667
0.479039333333 0.213253666667
0.447483333333 0.217968333333
0.447332666667 0.0883820333333
0.369823 0.086971
0.175265 0.117624333333
0.146403666667 0.105177333333
0.197036666667 0.158885333333
0.176013333333 0.181695666667
0.134123666667 0.179364
0.112095866667 0.154585333333
0.119610533333 0.127842333333
0.423739666667 0.0611001
0.387362333333 0.0597440666667
0.444709333333 0.03302774
0.391187 0.0273774066667
0.345366666667 0.0407701666667
0.438538333333 0.146995333333
0.429234 0.1179333
0.407718 0.168258666667
0.374905333333 0.150350333333
0.388101666667 0.1178783
