0.0600444 0.000488241
0.0785196 3.9485e-05
0.11547 0.000315765
0.124708 0.000357657
0.161658 0.000668984
0.170896 0.00282924
0.180133 0.00590914
0.207846 0.0152189
0.226321 0.0205132
0.235559 0.00643113
0.244797 0.000998697
0.254034 0.00915425
0.290985 0.0177276
0.30946 0.0201936
0.327935 0.0134783
0.337173 0.0195828
0.34641 0.00936379
0.355648 0.0329487
0.364885 0.0451605
0.374123 0.0573848
0.383361 0.10054
0.401836 0.00779379
0.411073 0.0788637
0.420311 0.0965489
0.438786 0.0433906
0.448024 0.104407
0.457261 0.0362132
0.466499 0.0396684
0.475737 0.124511
0.494212 0.0874318
0.512687 0.105613
0.521925 0.271792
0.531162 0.0790445
0.5404 0.307985
0.549637 0.162568
0.568113 0.201914
0.57735 0.295586
0.586588 0.273098
0.595825 0.144921
0.605063 0.182355
0.614301 0.0647344
0.623538 0.159212
0.632776 0.143177
0.642013 0.331896
0.651251 0.380203
0.660489 0.0794645
0.669726 0.216093
0.678964 0.134603
0.697439 0.221409
0.706677 0.323114
0.715914 0.446188
0.725152 0.412033
0.73439 0.280876
0.743627 0.358377
0.752865 0.407011
0.762102 0.235299
0.77134 0.564184
0.780578 0.928268
0.789815 0.473074
0.799053 0.58736
0.80829 0.385275
0.817528 0.581635
0.826766 0.616309
0.836003 0.26987
0.845241 0.724856
0.854478 0.432641
0.863716 0.49685
0.872954 0.389158
0.882191 0.461438
0.900666 0.550682
0.909904 1.4227
0.928379 1.14455
0.937617 0.983375
0.946854 2.12465
0.956092 0.897812
0.96533 1.44933
0.983805 1.13295
0.993042 1.33009
1.01152 1.79945
1.02076 0.889364
1.02999 1.10354
1.03923 0.813031
1.04847 1.30786
1.05771 1.65079
1.06694 0.596657
1.07618 1.69354
1.08542 1.337
1.09466 1.84143
1.10389 2.6817
1.11313 1.55151
1.12237 2.91191
1.13161 2.89699
1.14084 2.32214
1.15008 0.892546
1.15932 1.55865
1.16856 1.7111
1.17779 3.19062
1.18703 2.01953
1.20551 2.15448
1.21474 2.37868
1.22398 1.07298
1.23322 1.43055
1.24246 2.08488
1.2517 1.84922
1.26093 1.91248
1.27017 1.50662
1.27941 2.19913
1.28865 0.39351
1.29788 1.0599
1.30712 1.16711
1.31636 1.15858
1.3256 1.27616
1.33483 1.52003
1.34407 1.2099
1.35331 1.64046
1.36255 0.428521
1.37178 1.18602
1.38102 1.44238
1.39026 0.990538
1.3995 0.730603
1.40873 1.46409
1.41797 1.19955
1.42721 1.39552
1.43645 1.60864
1.44569 0.816016
1.45492 0.531133
1.46416 0.979369
1.4734 0.543477
1.48264 1.21601
1.49187 0.745746
1.50111 0.715569
1.51035 0.533079
1.51959 0.651703
1.52882 0.681372
1.53806 0.627385
1.5473 0.953733
1.55654 0.660865
1.56577 0.405931
1.57501 0.624049
1.58425 1.13196
1.59349 0.896763
1.60272 0.518341
1.61196 1.06571
1.6212 0.511873
1.63044 0.651805
1.63967 1.21816
1.64891 0.759575
1.65815 0.439864
1.66739 0.545436
1.67663 0.668825
1.68586 0.603475
1.6951 0.575921
1.70434 0.521011
1.71358 0.652583
1.72281 0.967487
1.73205 0.610869
1.74129 0.48344
1.75053 0.89971
1.75976 0.724526
1.769 0.805482
1.77824 1.06332
1.78748 0.655797
1.79671 0.735022
1.80595 0.664167
1.81519 0.655313
1.82443 0.604222
1.83366 0.756486
1.8429 0.822405
1.85214 0.749645
1.86138 0.811744
1.87061 0.77205
1.87985 0.744629
1.88909 0.635583
1.89833 0.472055
1.90757 0.917487
1.9168 0.997046
1.92604 0.897338
1.93528 0.59619
1.94452 0.951466
1.95375 0.726036
1.96299 0.825229
1.97223 0.834411
1.98147 0.429957
1.9907 0.924131
1.99994 0.889559
2.00918 0.915779
2.01842 0.868705
2.02765 0.86223
2.03689 0.872187
2.04613 0.8288
2.05537 0.862609
2.0646 0.750416
2.07384 0.528897
2.08308 0.937785
2.09232 1.00742
2.10155 0.983109
2.11079 0.800943
2.12003 0.692105
2.12927 0.86043
2.13851 1.12156
2.14774 0.815327
2.15698 0.942317
2.16622 0.806092
2.17546 0.943273
2.18469 1.50689
2.19393 0.938933
2.20317 0.989216
2.21241 1.32623
2.22164 1.46027
2.23088 1.74784
2.24012 0.989079
2.24936 1.64001
2.25859 1.23394
2.26783 1.2213
2.27707 2.09284
2.28631 1.3218
2.29554 1.34458
2.30478 1.31739
2.31402 1.24765
2.32326 1.3045
2.3325 0.780888
2.34173 1.3052
2.35097 1.94781
2.36021 1.4335
2.36945 1.66602
2.37868 0.870023
2.38792 1.71332
2.39716 0.695489
2.4064 1.35382
2.41563 1.75921
2.42487 1.50148
2.43411 1.3673
2.44335 1.63546
2.45258 1.48258
2.46182 0.959806
2.47106 1.10905
2.4803 0.903079
2.48953 1.15804
2.49877 1.3972
2.50801 1.91534
2.51725 1.01866
2.52648 0.956265
2.53572 1.17881
2.54496 1.11171
2.5542 1.04871
2.56344 1.05271
2.57267 0.865414
2.58191 0.701413
2.59115 1.12923
2.60039 0.92896
2.60962 1.10206
2.61886 0.852956
2.6281 1.13539
2.63734 1.33422
2.64657 0.942055
2.65581 0.803338
2.66505 0.865332
2.67429 0.99216
2.68352 0.782444
2.69276 1.32662
2.702 1.36857
2.71124 0.863112
2.72047 0.623216
2.72971 0.999418
2.73895 0.90443
2.74819 1.04649
2.75742 0.631563
2.76666 0.852147
2.7759 0.914636
2.78514 0.856737
2.79438 0.708072
2.80361 1.18801
2.81285 0.952641
2.82209 0.9157
2.83133 0.844567
2.84056 0.819697
2.8498 0.897997
2.85904 0.623743
2.86828 0.638654
2.87751 0.479456
2.88675 0.837166
2.89599 0.918293
2.90523 0.543754
2.91446 0.590872
2.9237 0.664749
2.93294 0.774785
2.94218 0.682157
2.95141 0.946398
2.96065 0.637105
2.96989 0.714975
2.97913 0.764662
2.98836 0.905698
2.9976 0.594492
3.00684 0.529736
3.01608 0.563481
3.02532 0.704439
3.03455 0.938733
3.04379 0.430873
3.05303 0.971334
3.06227 0.724436
3.0715 0.62014
3.08074 0.740555
3.08998 0.628967
3.09922 0.729838
3.10845 0.863218
3.11769 0.931904
3.12693 0.925211
3.13617 0.865065
3.1454 0.960181
3.15464 0.978006
3.16388 0.808722
3.17312 0.86884
3.18235 0.729904
3.19159 1.01809
3.20083 0.993789
3.21007 0.996712
3.21931 0.861009
3.22854 0.832167
3.23778 0.690168
3.24702 0.658204
3.25626 1.44812
3.26549 1.08195
3.27473 0.983752
3.28397 0.899177
3.29321 0.953044
3.30244 1.35194
3.31168 1.11473
3.32092 1.02262
3.33016 1.3924
3.33939 0.989014
3.34863 0.952796
3.35787 1.26206
3.36711 0.978534
3.37634 0.895288
3.38558 1.1236
3.39482 1.03312
3.40406 1.29784
3.41329 0.916642
3.42253 1.16716
3.43177 1.03712
3.44101 1.30346
3.45025 0.86517
3.45948 1.22861
3.46872 1.32103
3.47796 1.46236
3.4872 1.26963
3.49643 1.19726
3.50567 1.09951
3.51491 1.59496
3.52415 1.44256
3.53338 1.54986
3.54262 1.58381
3.55186 1.14869
3.5611 1.37824
3.57033 1.0264
3.57957 1.19143
3.58881 1.31188
3.59805 1.50732
3.60728 0.99437
3.61652 1.2452
3.62576 1.83793
3.635 1.33932
3.64423 1.25094
3.65347 1.39538
3.66271 1.32409
3.67195 1.31541
3.68119 1.69289
3.69042 1.07272
3.69966 1.19152
3.7089 0.846217
3.71814 1.03206
3.72737 1.1519
3.73661 0.796938
3.74585 1.2555
3.75509 0.895226
3.76432 1.18457
3.77356 1.00873
3.7828 1.03326
3.79204 0.743033
3.80127 1.08653
3.81051 0.867647
3.81975 1.04441
3.82899 1.05899
3.83822 0.738822
3.84746 1.09852
3.8567 0.759053
3.86594 0.611738
3.87518 0.915042
3.88441 0.817252
3.89365 0.901245
3.90289 0.77178
3.91213 0.707598
3.92136 0.688271
3.9306 0.825842
3.93984 0.905888
3.94908 0.748196
3.95831 1.04603
3.96755 0.726774
3.97679 1.10691
3.98603 0.756268
3.99526 0.951314
4.0045 0.895209
4.01374 0.731114
4.02298 0.593478
4.03221 0.979371
4.04145 0.803784
4.05069 0.717863
4.05993 0.710412
4.06916 0.76185
4.0784 0.78699
4.08764 0.674915
4.09688 0.751666
4.10612 0.771828
4.11535 1.04137
4.12459 0.755066
4.13383 0.608696
4.14307 0.57079
4.1523 0.548882
4.16154 0.783309
4.17078 0.823323
4.18002 0.525203
4.18925 0.496687
4.19849 0.946026
4.20773 0.837356
4.21697 1.04556
4.2262 0.689407
4.23544 0.692451
4.24468 0.727337
4.25392 0.867057
4.26315 0.829551
4.27239 1.07276
4.28163 0.856705
4.29087 0.985204
4.3001 0.889216
4.30934 0.785357
4.31858 1.05178
4.32782 0.917596
4.33706 0.600741
4.34629 0.730697
4.35553 0.736899
4.36477 0.878902
4.37401 1.26662
4.38324 0.975679
4.39248 0.902003
4.40172 1.13304
4.41096 0.758181
4.42019 1.20717
4.42943 1.31835
4.43867 1.02038
4.44791 1.02728
4.45714 1.05047
4.46638 0.962897
4.47562 0.869357
4.48486 0.954089
4.49409 0.803835
4.50333 0.86738
4.51257 1.11671
4.52181 1.29944
4.53104 1.33755
4.54028 1.1941
4.54952 1.13174
4.55876 1.49704
4.568 1.10997
4.57723 1.2248
4.58647 1.44907
4.59571 1.58009
4.60495 2.06634
4.61418 1.21491
