0.0431836 0.361017
0.0564709 0.159541
0.0830455 0.262023
0.0896891 0.0991189
0.116264 0.0287172
0.122907 0.256966
0.129551 0.0319919
0.149482 0.0370332
0.162769 0.576602
0.169413 0.0937638
0.176056 0.0633816
0.1827 0.051956
0.209275 0.116455
0.222562 0.043861
0.235849 0.0138261
0.242493 0.0468062
0.249136 0.276463
0.25578 0.0384686
0.262424 0.0668261
0.269067 0.0245255
0.275711 0.0737308
0.288998 0.266791
0.295642 0.0957954
0.302286 0.0564872
0.315573 0.0553148
0.322216 0.170235
0.32886 0.430619
0.335504 0.0454682
0.342147 0.0758853
0.355435 0.0768029
0.368722 0.0847993
0.375366 0.212406
0.382009 0.028449
0.388653 0.0744373
0.395296 0.0749376
0.408584 0.0389545
0.415227 0.235733
0.421871 0.0300793
0.428515 0.118631
0.435158 0.113003
0.441802 0.0909132
0.448446 0.0475673
0.455089 0.579605
0.461733 0.0670759
0.468377 0.0508185
0.47502 0.124973
0.481664 0.0434125
0.488307 0.0615496
0.501595 0.145672
0.508238 0.188927
0.514882 0.142292
0.521526 0.256829
0.528169 0.195079
0.534813 0.427228
0.541457 0.1715
0.5481 0.375285
0.554744 0.31482
0.561387 0.558094
0.568031 0.12485
0.574675 0.315552
0.581318 0.216305
0.587962 0.276218
0.594606 0.301434
0.601249 0.314556
0.607893 0.355499
0.614537 0.558999
0.62118 0.485552
0.627824 0.199
0.634467 0.481975
0.647755 0.504259
0.654398 1.11281
0.667686 0.722862
0.674329 0.885595
0.680973 0.874268
0.687617 0.668822
0.69426 0.888463
0.707547 0.979973
0.714191 1.08843
0.727478 0.976015
0.734122 0.655677
0.740766 0.576133
0.747409 0.599944
0.754053 1.07934
0.760697 1.23145
0.76734 0.750159
0.773984 1.19569
0.780628 1.22041
0.787271 1.26793
0.793915 0.645494
0.800558 0.957418
0.807202 1.37782
0.813846 1.10999
0.820489 1.25071
0.827133 0.528641
0.833777 0.879642
0.84042 0.812782
0.847064 0.63522
0.853708 0.832226
0.866995 0.70224
0.873638 0.703784
0.880282 0.455304
0.886926 0.408462
0.893569 0.508755
0.900213 0.730559
0.906857 0.526876
0.9135 0.479647
0.920144 0.432184
0.926788 0.786053
0.933431 0.576342
0.940075 0.240642
0.946718 0.376951
0.953362 0.500746
0.960006 0.491765
0.966649 0.327965
0.973293 0.299646
0.979937 0.669321
0.98658 0.23916
0.993224 0.182215
0.999868 0.469384
1.00651 0.552036
1.01315 0.386459
1.0198 0.230807
1.02644 0.256363
1.03309 0.166174
1.03973 0.399214
1.04637 0.570176
1.05302 0.620396
1.05966 0.386342
1.0663 0.723273
1.07295 0.504719
1.07959 0.915736
1.08623 0.605996
1.09288 0.926189
1.09952 0.690758
1.10617 0.631225
1.11281 1.21
1.11945 1.26976
1.1261 1.04501
1.13274 0.986342
1.13938 1.22621
1.14603 1.45099
1.15267 0.723166
1.15931 0.801543
1.16596 0.912567
1.1726 1.05758
1.17925 0.968759
1.18589 0.844534
1.19253 1.08797
1.19918 1.00422
1.20582 1.13437
1.21246 0.997528
1.21911 0.99724
1.22575 1.26485
1.23239 1.30725
1.23904 1.6368
1.24568 1.49756
1.25233 1.12307
1.25897 1.29404
1.26561 1.39093
1.27226 1.37613
1.2789 1.84967
1.28554 2.53644
1.29219 1.1668
1.29883 1.31033
1.30547 2.11882
1.31212 1.84292
1.31876 1.33967
1.32541 2.13858
1.33205 1.89562
1.33869 1.01757
1.34534 1.48017
1.35198 1.64801
1.35862 1.74559
1.36527 1.36633
1.37191 1.73074
1.37855 1.80052
1.3852 1.32297
1.39184 2.10742
1.39849 1.98851
1.40513 2.40208
1.41177 2.02729
1.41842 2.31669
1.42506 2.71683
1.4317 1.44691
1.43835 2.25764
1.44499 1.55936
1.45163 1.57499
1.45828 2.01771
1.46492 2.09254
1.47157 1.76663
1.47821 2.3062
1.48485 0.835424
1.4915 2.12768
1.49814 1.7431
1.50478 1.80183
1.51143 2.02471
1.51807 1.80205
1.52472 1.24537
1.53136 1.91175
1.538 1.25633
1.54465 1.30754
1.55129 1.22052
1.55793 1.37524
1.56458 1.14239
1.57122 0.88324
1.57786 1.29527
1.58451 0.775321
1.59115 1.05085
1.5978 1.24188
1.60444 0.836457
1.61108 1.57361
1.61773 1.0128
1.62437 0.843055
1.63101 0.90313
1.63766 0.888226
1.6443 0.594758
1.65094 1.17193
1.65759 0.86648
1.66423 0.685298
1.67088 0.781452
1.67752 0.857477
1.68416 0.752793
1.69081 0.696649
1.69745 0.608898
1.70409 0.728995
1.71074 0.618172
1.71738 0.709767
1.72402 0.516934
1.73067 0.512576
1.73731 0.452571
1.74396 0.749784
1.7506 0.686192
1.75724 0.757808
1.76389 0.607192
1.77053 1.08965
1.77717 0.617289
1.78382 0.546249
1.79046 0.56269
1.7971 0.541545
1.80375 0.372632
1.81039 0.37606
1.81704 0.893199
1.82368 0.514122
1.83032 0.552936
1.83697 0.554421
1.84361 0.625928
1.85025 0.814658
1.8569 0.728691
1.86354 0.499401
1.87018 0.51236
1.87683 0.646794
1.88347 0.379691
1.89012 0.599586
1.89676 0.707426
1.9034 0.410366
1.91005 0.610388
1.91669 0.722901
1.92333 0.672593
1.92998 0.783412
1.93662 0.626293
1.94326 0.982433
1.94991 0.752516
1.95655 0.701296
1.9632 0.831293
1.96984 0.701968
1.97648 0.73309
1.98313 0.85444
1.98977 0.698909
1.99641 0.680863
2.00306 0.66839
2.0097 0.641804
2.01634 0.590813
2.02299 0.912852
2.02963 0.955404
2.03628 1.02103
2.04292 0.782748
2.04956 0.622704
2.05621 0.656685
2.06285 0.781286
2.06949 0.798061
2.07614 0.885359
2.08278 0.860249
2.08942 0.834206
2.09607 1.00746
2.10271 0.851335
2.10936 0.744041
2.116 0.985551
2.12264 0.568877
2.12929 1.03492
2.13593 0.66646
2.14257 0.782758
2.14922 0.968028
2.15586 1.15721
2.1625 0.952856
2.16915 0.606713
2.17579 0.979192
2.18244 1.18998
2.18908 1.60419
2.19572 0.925122
2.20237 1.30979
2.20901 1.13988
2.21565 1.10696
2.2223 1.00512
2.22894 1.03333
2.23558 0.795686
2.24223 0.907686
2.24887 0.893818
2.25552 0.977855
2.26216 1.34025
2.2688 0.683452
2.27545 1.20151
2.28209 1.31063
2.28873 0.986306
2.29538 1.26251
2.30202 0.918742
2.30866 1.19194
2.31531 0.959937
2.32195 0.864324
2.3286 1.04735
2.33524 1.22306
2.34188 1.16425
2.34853 1.05318
2.35517 0.655365
2.36181 0.810761
2.36846 0.95046
2.3751 1.25917
2.38174 1.15052
2.38839 1.37439
2.39503 1.25899
2.40168 1.06828
2.40832 1.1122
2.41496 1.30371
2.42161 1.00588
2.42825 1.32659
2.43489 1.13411
2.44154 0.866556
2.44818 1.06838
2.45482 1.18261
2.46147 1.01768
2.46811 1.07938
2.47476 1.57028
2.4814 0.924202
2.48804 1.33028
2.49469 0.92048
2.50133 1.38426
2.50797 1.1733
2.51462 0.971199
2.52126 1.81406
2.5279 0.889664
2.53455 1.39726
2.54119 0.883818
2.54784 0.980861
2.55448 0.826511
2.56112 0.962335
2.56777 0.877966
2.57441 1.27361
2.58105 1.22925
2.5877 1.03467
2.59434 1.63622
2.60098 1.07441
2.60763 0.895848
2.61427 1.36537
2.62092 0.969581
2.62756 1.54074
2.6342 1.32084
2.64085 1.24603
2.64749 0.915694
2.65413 1.33405
2.66078 0.889077
2.66742 1.16263
2.67406 1.11526
2.68071 1.12673
2.68735 0.700611
2.694 0.871197
2.70064 1.08247
2.70728 0.823654
2.71393 0.901887
2.72057 0.865839
2.72721 1.30025
2.73386 1.268
2.7405 1.30447
2.74714 0.982632
2.75379 0.673267
2.76043 0.813646
2.76708 1.12147
2.77372 0.894056
2.78036 1.10946
2.78701 1.1672
2.79365 1.3109
2.80029 1.37272
2.80694 0.827239
2.81358 1.44109
2.82022 0.846693
2.82687 0.840553
2.83351 1.02552
2.84016 1.41431
2.8468 0.903626
2.85344 0.97043
2.86009 1.18499
2.86673 1.04092
2.87337 1.14466
2.88002 0.832371
2.88666 1.16917
2.8933 1.81955
2.89995 1.00762
2.90659 1.05444
2.91324 0.997061
2.91988 1.10292
2.92652 0.97791
2.93317 1.2333
2.93981 0.957394
2.94645 0.642953
2.9531 0.949222
2.95974 0.885885
2.96638 0.811589
2.97303 1.13695
2.97967 1.28311
2.98632 0.778928
2.99296 1.25939
2.9996 1.00746
3.00625 0.873104
3.01289 0.93553
3.01953 1.11176
3.02618 1.08528
3.03282 0.96463
3.03946 1.02642
3.04611 1.19196
3.05275 0.82336
3.0594 1.16274
3.06604 1.1514
3.07268 0.826865
3.07933 0.873096
3.08597 0.976263
3.09261 0.834558
3.09926 0.635349
3.1059 0.915302
3.11254 0.699653
3.11919 0.766097
3.12583 1.25078
3.13248 0.778223
3.13912 1.03036
3.14576 0.927661
3.15241 0.542964
3.15905 0.899144
3.16569 0.611904
3.17234 1.11256
3.17898 1.0113
3.18562 0.890965
3.19227 0.733672
3.19891 0.63948
3.20556 0.732647
3.2122 0.987306
3.21884 0.806057
3.22549 0.831064
3.23213 1.02074
3.23877 0.806329
3.24542 1.0936
3.25206 0.914086
3.2587 0.673448
3.26535 0.997413
3.27199 1.05344
3.27864 1.27883
3.28528 1.30343
3.29192 0.96817
3.29857 1.13559
3.30521 0.845335
3.31185 1.18591
3.3185 1.01242
