0.0735391 0.00164027
0.0961665 0.000171408
0.141421 2.82686e-05
0.152735 9.30803e-05
0.19799 0.000220848
0.209304 0.00066763
0.220617 0.000429962
0.254558 0.000493695
0.277186 0.0014308
0.2885 0.00234374
0.299813 0.000569862
0.311127 0.0108113
0.356382 0.00722967
0.379009 0.0129781
0.401637 0.014293
0.41295 0.0105366
0.424264 0.0265052
0.435578 0.0117978
0.446891 0.0126557
0.458205 0.0276236
0.469519 0.0133159
0.492146 0.0106795
0.50346 0.0271249
0.514774 0.012129
0.537401 0.0204549
0.548715 0.0442594
0.560029 0.0401315
0.571342 0.0561916
0.582656 0.207634
0.605283 0.16765
0.627911 0.248006
0.639225 0.216016
0.650538 0.329588
0.661852 0.156469
0.673166 0.178991
0.695793 0.110108
0.707107 0.200088
0.71842 0.537046
0.729734 0.344004
0.741048 0.429559
0.752362 0.248201
0.763675 0.313079
0.774989 0.332834
0.786303 0.398063
0.797616 0.22902
0.80893 0.87189
0.820244 0.37336
0.831558 0.389246
0.854185 1.54278
0.865499 2.28205
0.876812 1.32163
0.888126 1.93623
0.89944 0.754134
0.910754 2.6189
0.922067 1.40969
0.933381 1.27687
0.944695 1.70624
0.956008 2.28941
0.967322 1.57466
0.978636 0.983785
0.989949 0.658808
1.00126 0.978438
1.01258 1.02236
1.02389 0.614914
1.0352 0.929804
1.04652 0.935803
1.05783 0.796913
1.06915 1.17758
1.08046 0.869233
1.10309 0.822802
1.1144 1.69218
1.13703 1.71801
1.14834 1.60666
1.15966 3.98457
1.17097 0.893413
1.18228 1.89504
1.20491 1.26775
1.21622 1.1506
1.23885 1.75785
1.25016 0.675716
1.26148 1.03833
1.27279 0.672216
1.28411 1.37409
1.29542 1.57341
1.30673 0.530418
1.31805 1.1191
1.32936 0.666714
1.34067 1.54423
1.35199 2.34904
1.3633 1.17972
1.37462 1.77778
1.38593 2.38157
1.39724 2.09356
1.40856 0.844964
1.41987 1.31911
1.43118 1.34721
1.4425 1.60656
1.45381 1.38358
1.47644 1.29223
1.48775 1.22884
1.49907 0.85701
1.51038 0.956162
1.52169 0.95708
1.53301 0.731425
1.54432 1.19826
1.55563 0.842157
1.56695 0.867399
1.57826 0.464066
1.58958 0.605698
1.60089 0.649098
1.6122 0.765418
1.62352 0.458083
1.63483 0.86453
1.64614 0.772167
1.65746 0.835954
1.66877 0.563622
1.68009 0.679647
1.6914 0.746115
1.70271 0.571327
1.71403 0.416341
1.72534 0.702177
1.73665 0.562196
1.74797 0.914772
1.75928 1.15186
1.7706 0.629662
1.78191 0.508264
1.79322 0.700923
1.80454 0.398694
1.81585 0.861257
1.82716 0.597828
1.83848 0.677009
1.84979 0.554165
1.86111 0.61389
1.87242 0.632292
1.88373 0.843491
1.89505 1.00119
1.90636 0.842025
1.91767 0.609943
1.92899 0.713247
1.9403 1.1021
1.95161 1.12728
1.96293 0.56997
1.97424 0.936743
1.98556 0.991727
1.99687 0.789029
2.00818 1.33942
2.0195 1.4516
2.03081 0.84111
2.04212 0.800152
2.05344 0.939025
2.06475 0.855096
2.07607 0.997849
2.08738 0.725454
2.09869 0.863668
2.11001 1.27649
2.12132 0.860988
2.13263 0.711094
2.14395 0.789287
2.15526 1.75621
2.16658 0.723026
2.17789 1.57295
2.1892 1.26128
2.20052 1.18491
2.21183 1.113
2.22314 1.40777
2.23446 0.99448
2.24577 1.6476
2.25708 1.46739
2.2684 1.03035
2.27971 1.42474
2.29103 1.97016
2.30234 1.43609
2.31365 1.09565
2.32497 0.759094
2.33628 1.06534
2.34759 1.3799
2.35891 1.76282
2.37022 0.88734
2.38154 1.12294
2.39285 0.82118
2.40416 1.13609
2.41548 0.934411
2.42679 0.892627
2.4381 1.06939
2.44942 1.02021
2.46073 1.67954
2.47205 0.817243
2.48336 1.21087
2.49467 0.689775
2.50599 1.06182
2.5173 1.07817
2.52861 0.85552
2.53993 0.957048
2.55124 0.944896
2.56255 1.14629
2.57387 1.06156
2.58518 0.624246
2.5965 0.974942
2.60781 0.741245
2.61912 1.26446
2.63044 0.76243
2.64175 1.06014
2.65306 0.937196
2.66438 0.703679
2.67569 1.08151
2.68701 0.694725
2.69832 0.940246
2.70963 1.1378
2.72095 0.931403
2.73226 1.37166
2.74357 0.798134
2.75489 1.27233
2.7662 1.11945
2.77752 0.962722
2.78883 1.27105
2.80014 0.947402
2.81146 0.940134
2.82277 0.995999
2.83408 1.00152
2.8454 0.897996
2.85671 0.632469
2.86803 0.8825
2.87934 1.32599
2.89065 1.00923
2.90197 1.17253
2.91328 0.593547
2.92459 1.04778
2.93591 0.541538
2.94722 0.855559
2.95853 1.13527
2.96985 1.07606
2.98116 1.0777
2.99248 1.66224
3.00379 1.2178
3.0151 1.04127
3.02642 0.717232
3.03773 0.795822
3.04904 0.881509
3.06036 1.0483
3.07167 1.33979
3.08299 0.615378
3.0943 0.541427
3.10561 1.05381
3.11693 0.853506
3.12824 0.6795
3.13955 0.689047
3.15087 0.998408
3.16218 0.664876
3.1735 0.746679
3.18481 0.883931
3.19612 0.871706
3.20744 0.747438
3.21875 0.966516
3.23006 0.951782
3.24138 0.574937
3.25269 0.751813
3.264 0.82718
3.27532 1.00765
3.28663 0.865524
3.29795 1.2139
3.30926 1.49691
3.32057 0.916233
3.33189 0.54741
3.3432 0.658841
3.35451 0.955462
3.36583 1.36247
3.37714 1.05595
3.38846 1.25252
3.39977 1.01898
3.41108 1.01382
3.4224 1.12495
3.43371 1.11977
3.44502 1.39718
3.45634 0.90655
3.46765 1.00707
3.47897 1.12626
3.49028 1.27731
3.50159 0.773765
3.51291 1.34709
3.52422 0.759644
3.53553 1.38632
3.54685 1.21261
3.55816 1.198
3.56948 0.821112
3.58079 1.15709
3.5921 0.835023
3.60342 0.913193
3.61473 1.28247
3.62604 1.10354
3.63736 1.01043
3.64867 1.18822
3.65998 0.885307
3.6713 1.03929
3.68261 1.12194
3.69393 0.939583
3.70524 1.1276
3.71655 1.33143
3.72787 0.67674
3.73918 1.47223
3.75049 1.0247
3.76181 0.710779
3.77312 1.37606
3.78444 1.0182
3.79575 0.738662
3.80706 1.26063
3.81838 1.12316
3.82969 1.24107
3.841 0.735231
3.85232 0.920407
3.86363 1.2005
3.87495 0.941842
3.88626 1.18774
3.89757 0.66233
3.90889 1.0389
3.9202 0.808802
3.93151 1.09421
3.94283 0.970903
3.95414 0.943378
3.96545 0.68128
3.97677 0.798681
3.98808 1.09578
3.9994 1.09809
4.01071 0.916252
4.02202 0.890008
4.03334 0.95055
4.04465 1.03852
4.05596 0.962904
4.06728 0.833031
4.07859 1.189
4.08991 0.949395
4.10122 0.855221
4.11253 1.08796
4.12385 0.845365
4.13516 0.794796
4.14647 0.939415
4.15779 0.692232
4.1691 0.97107
4.18042 0.658015
4.19173 0.778405
4.20304 0.963723
4.21436 1.058
4.22567 0.936572
4.23698 0.711869
4.2483 1.05036
4.25961 0.996672
4.27092 1.06478
4.28224 0.937483
4.29355 0.89275
4.30487 1.17462
4.31618 1.02596
4.32749 0.978082
4.33881 1.16868
4.35012 0.735279
4.36143 0.923857
4.37275 0.898904
4.38406 0.931897
4.39538 1.05996
4.40669 1.20851
4.418 0.764683
4.42932 0.950114
4.44063 1.38134
4.45194 0.840777
4.46326 0.902511
4.47457 1.06608
4.48589 1.11694
4.4972 1.08525
4.50851 1.42237
4.51983 0.893811
4.53114 1.17036
4.54245 0.985342
4.55377 0.943738
4.56508 0.773928
4.5764 0.827478
4.58771 1.23431
4.59902 0.817885
4.61034 1.07558
4.62165 0.996424
4.63296 1.10546
4.64428 0.828834
4.65559 1.12265
4.6669 0.887683
4.67822 1.02976
4.68953 1.26313
4.70085 0.737563
4.71216 1.10774
4.72347 0.839761
4.73479 1.00116
4.7461 0.96644
4.75741 1.03679
4.76873 0.922489
4.78004 1.21916
4.79136 0.938417
4.80267 0.802103
4.81398 0.951621
4.8253 1.22379
4.83661 1.03354
4.84792 1.32959
4.85924 1.0384
4.87055 1.64778
4.88187 0.777766
4.89318 0.874846
4.90449 1.07338
4.91581 0.970568
4.92712 1.14511
4.93843 1.47655
4.94975 1.1058
4.96106 0.928678
4.97237 0.928595
4.98369 0.968633
4.995 1.01884
5.00632 0.854278
5.01763 0.989064
5.02894 1.10167
5.04026 1.38532
5.05157 0.739446
5.06288 0.836156
5.0742 0.769757
5.08551 0.737342
5.09683 0.894567
5.10814 1.21807
5.11945 0.854029
5.13077 0.672397
5.14208 0.793548
5.15339 1.30706
5.16471 1.27536
5.17602 1.03508
5.18734 1.07327
5.19865 0.766101
5.20996 1.03145
5.22128 0.818305
5.23259 1.35719
5.2439 0.706278
5.25522 0.923413
5.26653 0.832839
5.27785 0.858606
5.28916 1.15675
5.30047 1.0474
5.31179 0.556974
5.3231 0.737624
5.33441 0.81806
5.34573 0.733245
5.35704 1.13758
5.36835 1.20782
5.37967 0.961384
5.39098 0.859259
5.4023 0.750896
5.41361 1.19252
5.42492 1.41146
5.43624 0.886504
5.44755 0.993975
5.45886 0.882164
5.47018 1.0352
5.48149 1.03475
5.49281 0.688738
5.50412 0.842223
5.51543 0.771191
5.52675 0.838988
5.53806 0.956676
5.54937 1.22775
5.56069 0.957164
5.572 1.16766
5.58332 1.12114
5.59463 0.904079
5.60594 1.17386
5.61726 1.40433
5.62857 1.29145
5.63988 1.29398
5.6512 1.13554
