0.104 0.0083446
0.136 0.14065
0.2 0.241318
0.216 0.129004
0.28 0.0291195
0.296 0.0102924
0.312 0.0964502
0.36 0.147773
0.392 0.0485689
0.408 0.185675
0.424 0.271934
0.44 0.0505354
0.504 0.0859796
0.536 0.0815799
0.568 0.14272
0.584 0.237737
0.6 0.133433
0.616 0.190687
0.632 0.126833
0.648 0.228756
0.664 0.272808
0.696 1.20088
0.712 0.540768
0.728 0.372864
0.76 0.897181
0.776 0.420759
0.792 0.88571
0.808 0.357983
0.824 0.58404
0.856 0.880431
0.888 1.20248
0.904 0.748609
0.92 1.00704
0.936 0.889047
0.952 1.13438
0.984 0.89639
1 1.92338
1.016 0.395757
1.032 0.293067
1.048 1.02411
1.064 0.721514
1.08 1.39158
1.096 1.34987
1.112 1.27594
1.128 5.51754
1.144 1.22777
1.16 0.458081
1.176 1.70509
1.208 1.90376
1.224 2.04388
1.24 1.44316
1.256 1.27239
1.272 1.43394
1.288 0.394172
1.304 1.32299
1.32 1.69742
1.336 1.302
1.352 0.819438
1.368 1.16773
1.384 0.592124
1.4 0.453573
1.416 1.03644
1.432 0.990042
1.448 0.21605
1.464 0.740963
1.48 0.811648
1.496 1.57073
1.512 0.925981
1.528 1.24657
1.56 0.905806
1.576 0.718932
1.608 0.875958
1.624 0.856314
1.64 0.998075
1.656 1.18427
1.672 1.4372
1.704 0.678594
1.72 0.494914
1.752 0.51495
1.768 1.11733
1.784 0.955807
1.8 0.880198
1.816 0.240451
1.832 1.14885
1.848 1.02031
1.864 0.852342
1.88 0.606962
1.896 1.29526
1.912 0.761395
1.928 1.58501
1.944 1.78814
1.96 1.04873
1.976 0.628706
1.992 0.301297
2.008 1.08639
2.024 0.847351
2.04 0.607135
2.056 1.24133
2.088 0.700708
2.104 0.678575
2.12 0.761243
2.136 0.597829
2.152 1.14339
2.168 1.43275
2.184 0.740316
2.2 0.806728
2.216 1.15812
2.232 1.01274
2.248 1.47141
2.264 1.01016
2.28 0.89526
2.296 1.35539
2.312 0.706867
2.328 0.871227
2.344 1.18068
2.36 0.98642
2.376 1.02466
2.392 0.924918
2.408 0.812157
2.424 1.27311
2.44 1.29465
2.456 1.09843
2.472 1.17037
2.488 0.608614
2.504 0.939636
2.52 0.736933
2.536 0.417722
2.552 1.36167
2.568 0.519019
2.584 2.52677
2.6 0.807543
2.616 1.21082
2.632 0.797936
2.648 1.01685
2.664 1.23871
2.68 0.898259
2.696 0.922694
2.712 1.42393
2.728 1.09118
2.744 0.967127
2.76 0.852133
2.776 1.22783
2.792 0.889513
2.808 1.07671
2.824 0.949896
2.84 0.936752
2.856 0.921569
2.872 1.3981
2.888 1.47674
2.904 1.08674
2.92 1.23771
2.936 1.14264
2.952 0.567113
2.968 0.945312
2.984 1.42831
3 1.02455
3.016 1.00736
3.032 0.864203
3.048 0.940937
3.064 1.27058
3.08 0.682378
3.096 0.857182
3.112 0.946062
3.128 0.991407
3.144 1.14851
3.16 0.82936
3.176 0.792664
3.192 1.44876
3.208 1.32947
3.224 0.928043
3.24 0.728674
3.256 0.977476
3.272 1.16964
3.288 1.49368
3.304 0.361972
3.32 1.19308
3.336 0.949665
3.352 1.62816
3.368 0.810854
3.384 0.694815
3.4 0.801486
3.416 1.06464
3.432 0.440583
3.448 0.701105
3.464 0.756032
3.48 0.455445
3.496 1.03884
3.512 1.13277
3.528 0.890473
3.544 1.25899
3.56 0.817269
3.576 1.02915
3.592 1.5364
3.608 1.0319
3.624 0.545458
3.64 0.799525
3.656 0.60261
3.672 0.981847
3.688 0.741018
3.704 0.955028
3.72 1.19948
3.736 0.672905
3.752 1.09266
3.768 1.28483
3.784 0.885986
3.8 1.23902
3.816 0.778616
3.832 1.25847
3.848 0.789065
3.864 1.15072
3.88 0.93446
3.896 1.1634
3.912 0.905303
3.928 1.20008
3.944 0.492946
3.96 1.49906
3.976 1.02606
3.992 0.905201
4.008 0.996865
4.024 1.164
4.04 0.695117
4.056 1.22291
4.072 1.46215
4.088 1.06481
4.104 0.988084
4.12 0.903859
4.136 0.868539
4.152 0.827958
4.168 0.763253
4.184 0.894167
4.2 0.815148
4.216 1.11627
4.232 0.868077
4.248 1.09825
4.264 0.516744
4.28 1.00133
4.296 1.04116
4.312 1.02781
4.328 1.22834
4.344 1.03464
4.36 0.571925
4.376 0.672216
4.392 0.916227
4.408 0.844852
4.424 0.809771
4.44 0.903375
4.456 1.46966
4.472 0.900332
4.488 0.844619
4.504 0.995073
4.52 1.27672
4.536 0.51337
4.552 1.01483
4.568 0.871036
4.584 0.863223
4.6 0.837313
4.616 1.25276
4.632 0.954773
4.648 1.62965
4.664 1.08544
4.68 1.04452
4.696 1.20369
4.712 1.01969
4.728 1.24121
4.744 0.573984
4.76 1.089
4.776 1.23591
4.792 0.848396
4.808 0.988556
4.824 0.824119
4.84 1.18514
4.856 0.990764
4.872 1.05988
4.888 0.873853
4.904 0.934656
4.92 1.12452
4.936 1.28605
4.952 0.852253
4.968 1.09248
4.984 1.00577
5 1.03296
5.016 0.925272
5.032 0.92387
5.048 0.754406
5.064 1.03481
5.08 0.865071
5.096 1.13618
5.112 0.950607
5.128 1.20948
5.144 1.33227
5.16 0.80376
5.176 1.3016
5.192 1.17404
5.208 1.22102
5.224 0.904187
5.24 1.09121
5.256 1.05044
5.272 0.963523
5.288 1.1503
5.304 1.12549
5.32 0.951306
5.336 1.00133
5.352 1.07752
5.368 0.704391
5.384 0.951985
5.4 0.684755
5.416 0.784927
5.432 0.978026
5.448 0.984422
5.464 0.776397
5.48 0.78227
5.496 1.34772
5.512 0.949471
5.528 0.937798
5.544 0.95382
5.56 1.16738
5.576 1.00024
5.592 0.924319
5.608 0.854304
5.624 1.33544
5.64 0.78361
5.656 0.956954
5.672 0.961155
5.688 1.16399
5.704 1.27407
5.72 0.631407
5.736 0.876295
5.752 1.19065
5.768 0.841398
5.784 0.827984
5.8 0.909238
5.816 0.856156
5.832 0.822541
5.848 1.35921
5.864 0.972219
5.88 0.955502
5.896 1.02852
5.912 1.18458
5.928 0.960266
5.944 1.08751
5.96 1.66548
5.976 1.03829
5.992 1.02282
6.008 0.995102
6.024 1.50846
6.04 1.29087
6.056 0.84919
6.072 0.956233
6.088 1.04465
6.104 0.90486
6.12 0.881291
6.136 1.09059
6.152 0.94111
6.168 0.821518
6.184 0.815048
6.2 0.846583
6.216 0.813476
6.232 0.906776
6.248 1.31399
6.264 0.917059
6.28 1.12137
6.296 0.837333
6.312 0.98099
6.328 0.937724
6.344 1.45923
6.36 1.00756
6.376 0.990444
6.392 0.815127
6.408 1.13814
6.424 0.895934
6.44 0.886991
6.456 1.16615
6.472 1.28088
6.488 1.11139
6.504 0.941521
6.52 0.715528
6.536 0.958348
6.552 0.734166
6.568 0.923788
6.584 0.974756
6.6 0.910243
6.616 1.16431
6.632 1.22416
6.648 1.17278
6.664 0.941793
6.68 0.927882
6.696 0.929872
6.712 1.04119
6.728 0.770017
6.744 1.00409
6.76 1.15559
6.776 0.83649
6.792 0.967027
6.808 1.0692
6.824 1.03129
6.84 0.773765
6.856 1.4083
6.872 1.04106
6.888 1.09964
6.904 1.25403
6.92 0.923955
6.936 0.880924
6.952 0.769847
6.968 1.00135
6.984 0.969544
7 1.14167
7.016 0.904687
7.032 0.859421
7.048 0.811289
7.064 1.05988
7.08 0.87347
7.096 0.990198
7.112 0.970215
7.128 1.00722
7.144 1.04925
7.16 1.00669
7.176 1.04999
7.192 0.85269
7.208 1.05385
7.224 1.18085
7.24 1.12107
7.256 0.761212
7.272 0.808392
7.288 1.15088
7.304 0.963807
7.32 1.07886
7.336 0.917913
7.352 0.94334
7.368 0.712592
7.384 1.24794
7.4 1.0661
7.416 1.01185
7.432 1.10445
7.448 1.01824
7.464 0.741433
7.48 1.00446
7.496 1.12234
7.512 0.957701
7.528 1.24447
7.544 1.18018
7.56 0.990306
7.576 0.776374
7.592 0.828567
7.608 1.15231
7.624 0.753729
7.64 1.09633
7.656 1.24385
7.672 0.912071
7.688 1.11879
7.704 0.802622
7.72 1.10455
7.736 0.850101
7.752 0.818047
7.768 1.40973
7.784 0.924463
7.8 1.16467
7.816 1.16838
7.832 0.76666
7.848 0.830883
7.864 1.86017
7.88 1.09743
7.896 0.842875
7.912 1.26361
7.928 0.82376
7.944 0.763192
7.96 1.27222
7.976 0.853254
7.992 0.83534
