0.104 0.000186197
0.136 0.000132135
0.2 4.89442e-05
0.216 0.00017191
0.28 0.000577787
0.296 0.00239698
0.312 0.00115753
0.36 0.00853229
0.392 0.00023064
0.408 0.00394513
0.424 0.00879478
0.44 0.00382306
0.504 0.00964377
0.536 0.007333
0.568 0.0236673
0.584 0.0409338
0.6 0.20192
0.616 0.0114661
0.632 0.0389864
0.648 0.181429
0.664 0.0986801
0.696 0.24151
0.712 0.114688
0.728 0.174766
0.76 0.119011
0.776 0.0696026
0.792 0.356508
0.808 0.236847
0.824 0.286131
0.856 1.54611
0.888 1.20264
0.904 2.97875
0.92 1.72525
0.936 2.24419
0.952 0.365895
0.984 0.840329
1 0.782994
1.016 1.66517
1.032 0.9069
1.048 0.767482
1.064 0.842824
1.08 0.819046
1.096 3.39188
1.112 2.50536
1.128 2.18192
1.144 2.70071
1.16 4.68834
1.176 4.20553
1.208 1.58667
1.224 1.45969
1.24 0.855436
1.256 1.80918
1.272 1.19974
1.288 0.322116
1.304 0.70792
1.32 0.50223
1.336 0.734458
1.352 1.36819
1.368 0.387308
1.384 0.578769
1.4 0.92469
1.416 0.494687
1.432 0.661897
1.448 0.382389
1.464 0.407463
1.48 0.471451
1.496 0.909035
1.512 0.704233
1.528 0.376036
1.56 0.591304
1.576 0.608172
1.608 0.892153
1.624 0.805117
1.64 0.476432
1.656 0.673536
1.672 0.630033
1.704 1.12022
1.72 1.51176
1.752 0.752032
1.768 0.671652
1.784 0.708766
1.8 0.638759
1.816 0.444954
1.832 0.786398
1.848 0.750148
1.864 0.708491
1.88 1.46853
1.896 0.94425
1.912 1.06887
1.928 0.509438
1.944 0.732475
1.96 1.5889
1.976 0.746508
1.992 1.5779
2.008 0.976598
2.024 2.13125
2.04 1.35105
2.056 0.765295
2.088 0.816123
2.104 0.757477
2.12 1.23193
2.136 0.760955
2.152 1.32944
2.168 0.962266
2.184 2.53168
2.2 1.48174
2.216 1.274
2.232 1.11469
2.248 0.621863
2.264 1.81295
2.28 1.77652
2.296 1.40607
2.312 0.581061
2.328 0.924567
2.344 1.2123
2.36 1.17397
2.376 1.36171
2.392 0.704994
2.408 1.00691
2.424 1.08459
2.44 0.870699
2.456 1.38519
2.472 1.44839
2.488 0.225173
2.504 0.917527
2.52 0.362285
2.536 0.454246
2.552 0.754293
2.568 0.4007
2.584 0.990385
2.6 0.861704
2.616 0.844522
2.632 0.738661
2.648 0.769007
2.664 0.975566
2.68 0.533972
2.696 0.826973
2.712 1.12883
2.728 1.03635
2.744 1.15733
2.76 0.859084
2.776 0.91497
2.792 0.929617
2.808 0.836742
2.824 0.744533
2.84 1.09045
2.856 0.917534
2.872 1.82351
2.888 0.881126
2.904 0.782553
2.92 1.24964
2.936 0.970707
2.952 1.19098
2.968 0.758559
2.984 0.83895
3 1.02694
3.016 1.03707
3.032 0.880112
3.048 1.03783
3.064 0.561549
3.08 1.19809
3.096 1.43721
3.112 0.909543
3.128 1.00007
3.144 1.07748
3.16 0.855347
3.176 0.89662
3.192 0.945019
3.208 1.07351
3.224 1.05256
3.24 1.26784
3.256 1.01789
3.272 1.06443
3.288 1.85301
3.304 1.03089
3.32 0.811211
3.336 1.63
3.352 1.00252
3.368 1.17776
3.384 0.87814
3.4 1.00591
3.416 0.743019
3.432 0.380785
3.448 0.995194
3.464 1.09773
3.48 1.17495
3.496 1.11401
3.512 1.11154
3.528 1.02734
3.544 0.900434
3.56 0.517822
3.576 1.31732
3.592 0.718341
3.608 1.28442
3.624 0.824167
3.64 1.32621
3.656 0.634717
3.672 1.05985
3.688 0.700856
3.704 0.88056
3.72 0.613553
3.736 0.877041
3.752 1.23947
3.768 1.02994
3.784 0.748926
3.8 1.01597
3.816 0.933277
3.832 1.05859
3.848 1.25515
3.864 0.882853
3.88 0.500235
3.896 0.836564
3.912 1.40608
3.928 0.906578
3.944 0.815739
3.96 1.1284
3.976 0.869218
3.992 1.31353
4.008 1.07023
4.024 0.885607
4.04 0.698249
4.056 0.855621
4.072 1.00202
4.088 1.21555
4.104 0.983082
4.12 1.34664
4.136 0.903974
4.152 1.07503
4.168 1.06961
4.184 1.04917
4.2 0.939541
4.216 0.763537
4.232 0.657921
4.248 0.95205
4.264 0.518375
4.28 0.917047
4.296 1.06257
4.312 1.12053
4.328 0.898849
4.344 0.644785
4.36 0.825169
4.376 0.965075
4.392 0.956888
4.408 0.966618
4.424 1.17311
4.44 1.07229
4.456 1.47985
4.472 0.931565
4.488 0.91078
4.504 1.09541
4.52 1.22397
4.536 0.648967
4.552 0.939059
4.568 1.01921
4.584 1.57434
4.6 0.849915
4.616 0.859395
4.632 1.14463
4.648 1.03456
4.664 1.08793
4.68 0.825967
4.696 0.964053
4.712 0.766693
4.728 1.5599
4.744 1.03681
4.76 1.3617
4.776 1.09182
4.792 1.07073
4.808 0.982381
4.824 1.09972
4.84 0.841808
4.856 0.777275
4.872 0.901204
4.888 1.06761
4.904 1.25037
4.92 1.07456
4.936 0.995906
4.952 0.952364
4.968 0.858029
4.984 0.691389
5 1.09515
5.016 1.06726
5.032 0.968119
5.048 1.28067
5.064 0.731886
5.08 1.08676
5.096 0.988152
5.112 1.01963
5.128 0.69724
5.144 0.624248
5.16 1.09066
5.176 1.16162
5.192 1.07088
5.208 1.18029
5.224 1.25089
5.24 0.748034
5.256 0.90038
5.272 1.3248
5.288 0.800034
5.304 1.33535
5.32 1.22861
5.336 1.23912
5.352 0.737452
5.368 0.963096
5.384 1.13304
5.4 0.848727
5.416 0.823512
5.432 1.41803
5.448 0.708914
5.464 0.874077
5.48 0.650024
5.496 0.897615
5.512 1.14215
5.528 0.914002
5.544 0.916474
5.56 0.880071
5.576 1.41699
5.592 1.05888
5.608 0.957838
5.624 1.2737
5.64 0.88946
5.656 1.04594
5.672 0.856446
5.688 1.10821
5.704 0.89905
5.72 1.05472
5.736 0.980734
5.752 1.06688
5.768 1.17501
5.784 0.928738
5.8 1.08729
5.816 0.811462
5.832 0.675558
5.848 1.30516
5.864 0.914982
5.88 1.05562
5.896 1.16148
5.912 1.00364
5.928 1.6521
5.944 0.975945
5.96 1.00637
5.976 1.53588
5.992 0.757186
6.008 0.721066
6.024 1.3483
6.04 0.712875
6.056 1.35521
6.072 0.615771
6.088 1.1409
6.104 1.06511
6.12 1.10814
6.136 0.868055
6.152 0.691252
6.168 0.632054
6.184 1.06162
6.2 1.30458
6.216 1.07514
6.232 0.884127
6.248 0.848807
6.264 0.772012
6.28 1.32282
6.296 0.932768
6.312 1.06655
6.328 0.675609
6.344 0.879913
6.36 0.982149
6.376 0.958189
6.392 1.00609
6.408 0.92357
6.424 0.955119
6.44 1.10336
6.456 0.960981
6.472 1.00136
6.488 0.959198
6.504 0.992041
6.52 1.33605
6.536 1.12618
6.552 0.939168
6.568 0.913334
6.584 1.07948
6.6 1.24
6.616 1.07559
6.632 0.902062
6.648 0.916721
6.664 1.16632
6.68 0.946581
6.696 0.811076
6.712 0.810631
6.728 1.02342
6.744 0.965729
6.76 0.58062
6.776 0.960276
6.792 1.09538
6.808 1.07164
6.824 1.04921
6.84 0.9523
6.856 1.1651
6.872 1.03938
6.888 0.99374
6.904 0.984687
6.92 1.23655
6.936 1.02254
6.952 0.909821
6.968 1.52441
6.984 1.04668
7 1.17383
7.016 1.10461
7.032 0.863276
7.048 0.87835
7.064 0.84727
7.08 1.13738
7.096 1.03323
7.112 1.04591
7.128 0.732148
7.144 0.890235
7.16 0.984475
7.176 1.04261
7.192 0.78663
7.208 0.929141
7.224 1.03169
7.24 0.700252
7.256 1.03112
7.272 0.864579
7.288 1.14099
7.304 1.26623
7.32 0.855628
7.336 0.997307
7.352 0.957019
7.368 0.796673
7.384 1.16154
7.4 0.980141
7.416 1.10848
7.432 0.908254
7.448 1.09782
7.464 1.24299
7.48 0.9036
7.496 0.928547
7.512 0.885974
7.528 0.844734
7.544 1.05393
7.56 0.983357
7.576 0.806811
7.592 0.828778
7.608 0.777405
7.624 1.11643
7.64 1.05416
7.656 0.948226
7.672 1.13136
7.688 0.931648
7.704 0.876736
7.72 0.780721
7.736 1.23843
7.752 1.02781
7.768 1.01219
7.784 0.928157
7.8 0.771137
7.816 1.02796
7.832 1.20241
7.848 1.48674
7.864 1.13324
7.88 0.86078
7.896 1.20714
7.912 1.1143
7.928 1.25722
7.944 1.1504
7.96 0.876209
7.976 1.16246
7.992 1.09502
