300

200
0.0302771
0.132971
0.23019	0.00140979
0.978046	0.701795
0.362731	0.132993
0.251661	0.579898
0.175429	0.231383
0.622627	0.912027
0.88348	0.906275
0.190792	0.615625
0.895669	0.570299
0.460505	0.217434
0.452347	0.904084
0.609026	0.817308
0.611359	0.410082
0.182678	0.499432
0.967963	0.570734
0.0728756	0.24851
0.983892	0.246223
0.667662	0.17695
0.587084	0.544496
0.798626	0.482131
0.900703	0.802974
0.960925	0.00974808
0.292253	0.926192
0.669885	0.793823
0.30152	0.140102
0.0433264	0.749152
0.663613	0.518588
0.456078	0.0410198
0.693686	0.736574
0.0246144	0.19186
0.20179	0.847936
0.768901	0.923513
0.60364	0.631628
0.866388	0.270864
0.264076	0.79707
0.531932	0.799306
0.471407	0.783113
0.418092	0.717718
0.134193	0.389908
0.330259	0.805069
0.141003	0.133202
0.527105	0.676363
0.893921	0.691521
0.371714	0.758113
0.0864235	0.439409
0.805931	0.204904
0.286381	0.68868
0.341041	0.223798
0.201431	0.910946
0.34577	0.0387794
0.108113	0.88617
0.192812	0.680144
0.43075	0.278533
0.110918	0.947015
0.0508735	0.38415
0.614546	0.694819
0.4298	0.143801
0.446039	0.497185
0.614589	0.0134666
0.00502987	0.425374
0.963522	0.878105
0.84337	0.637529
0.5648	0.117432
0.673795	0.392389
0.0697202	0.149081
0.533115	0.936435
0.615581	0.244334
0.762444	0.268613
0.857515	0.151536
0.914533	0.965403
0.0389533	0.479598
0.943996	0.177727
0.936907	0.388718
0.196503	0.288824
0.169201	0.440289
0.00787999	0.818607
0.732403	0.0434291
0.825188	0.783236
0.863019	0.0868336
0.119215	0.573988
0.915443	0.328476
0.916547	0.496618
0.844693	0.967087
0.691529	0.650743
0.130927	0.645266
0.674409	0.0230723
0.477649	0.102291
0.702165	0.277894
0.156074	0.728989
0.269277	0.0661599
0.779664	0.696776
0.349414	0.581765
0.453631	0.434717
0.203503	0.0726692
0.74434	0.129151
0.279656	0.328809
0.567751	0.358786
0.814053	0.392382
0.0344901	0.0405101
0.331253	0.288901
0.333125	0.386493
0.969104	0.112526
0.515575	0.24674
0.550322	0.431968
0.277618	0.203193
0.98328	0.508141
0.300341	0.447748
0.766999	0.550323
0.450232	0.365801
0.0968564	0.0834823
0.731367	0.200253
0.877996	0.210574
0.163541	0.989415
0.201449	0.176032
0.0247122	0.931449
0.582394	0.762747
0.450468	0.663159
0.723469	0.878751
0.0992556	0.511092
0.851778	0.517083
0.359691	0.48758
0.613594	0.307505
0.426037	0.82384
0.854861	0.453085
0.206954	0.390339
0.802887	0.106294
0.0360199	0.667656
0.533098	0.605782
0.672637	0.331799
0.254496	0.261547
0.733574	0.499488
0.297079	0.99387
0.781904	0.861838
0.0918158	0.8221
0.392518	0.959067
0.404971	0.608294
0.649012	0.591419
0.389749	0.425032
0.0335096	0.31662
0.877138	0.0184601
0.681245	0.952974
0.586413	0.190988
0.330679	0.866112
0.751912	0.642939
0.0591239	0.608012
0.62632	0.117548
0.92398	0.744411
0.276588	0.514487
0.817095	0.325313
0.549329	0.868781
0.80264	0.0358946
0.748381	0.801612
0.919738	0.061841
0.751952	0.407247
0.232935	0.460765
0.107455	0.329756
0.823925	0.579074
0.509216	0.176749
0.903963	0.631279
0.497844	0.326945
0.26257	0.868894
0.0460898	0.87042
0.662755	0.86641
0.837696	0.722595
0.845042	0.858481
0.529885	0.0607299
0.399278	0.20643
0.594337	0.479938
0.0313043	0.101307
0.244929	0.739386
0.404732	0.542467
0.358547	0.674902
0.403695	0.0719279
0.0495435	0.546347
0.555197	0.99639
0.0879523	0.69893
0.696563	0.450764
0.311292	0.747023
0.485447	0.986716
0.683574	0.0911197
0.510272	0.495559
0.190933	0.78779
0.486261	0.853768
0.521654	0.739322
0.270524	0.390913
0.468483	0.601038
0.0948832	0.00766287
0.390362	0.891584
0.992947	0.361801
0.710291	0.58012
0.733141	0.346372
0.110346	0.194351
0.986182	0.63065
0.875981	0.383219
0.244089	0.644714
0.506896	0.388317
0.307226	0.631075
0.738243	0.977269
0.373617	0.335588
0.241664	0.129809
//###########################


100
0.00363325
0.18805
0.528872	0.97403
0.817588	0.169899
0.982612	0.396031
0.399979	0.121136
0.387269	0.297775
0.253404	0.83259
0.167187	0.761317
0.495184	0.0645439
0.848029	0.552378
0.294842	0.367074
0.775349	0.439385
0.0109562	0.0697427
0.534287	0.300219
0.296705	0.573183
0.806998	0.908109
0.0207571	0.526508
0.0200499	0.611783
0.368008	0.85483
0.311393	0.188521
0.50156	0.631249
0.693628	0.203494
0.911415	0.0239483
0.619457	0.36944
0.992487	0.736316
0.0147271	0.270482
0.884735	0.479867
0.714851	0.842993
0.704282	0.0627541
0.128912	0.998356
0.418138	0.37965
0.172844	0.387769
0.531016	0.834625
0.477364	0.731848
0.549715	0.714095
0.830511	0.275955
0.362336	0.793806
0.55199	0.155689
0.161928	0.927239
0.75507	0.594094
0.645642	0.95209
0.435323	0.244281
0.658109	0.268003
0.803065	0.725328
0.908741	0.192575
0.144533	0.6
0.874793	0.652835
0.983119	0.183904
0.117131	0.229231
0.407421	0.497029
0.164014	0.162958
0.00512611	0.888779
0.234728	0.692412
0.552624	0.480039
0.367155	0.0124375
0.643017	0.65401
0.424396	0.57905
0.227228	0.0464496
0.323555	0.689214
0.162713	0.0812909
0.433003	0.939275
0.882845	0.836099
0.240286	0.912147
0.661746	0.760191
0.774724	0.349354
0.0628729	0.11552
0.965399	0.311029
0.401285	0.67977
0.293458	0.481668
0.805731	0.992355
0.0498696	0.807815
0.602683	0.0828069
0.647334	0.472621
0.469592	0.162113
0.146151	0.306313
0.827187	0.0714518
0.485986	0.527683
0.492941	0.451998
0.132746	0.68768
0.147986	0.855133
0.575964	0.803383
0.246779	0.297736
0.120251	0.475316
0.589771	0.881712
0.862226	0.346058
0.942932	0.527601
0.61635	0.564871
0.208813	0.523251
0.713877	0.394518
0.707577	0.523473
0.032525	0.964914
0.0894074	0.370369
0.309573	0.104306
0.973881	0.827096
0.932086	0.123552
0.784711	0.795321
0.881972	0.942196
0.278364	0.764316
0.912556	0.265602
0.333416	0.941521
0.350252	0.418146
//###########################


