0.0735391 5.00397e-05
0.0961665 4.82698e-05
0.141421 3.75625e-05
0.152735 0.000109695
0.19799 1.56061e-05
0.209304 9.23842e-05
0.220617 3.84002e-05
0.254558 0.000239482
0.277186 0.000677378
0.2885 0.000267942
0.299813 0.001742
0.311127 0.00149673
0.356382 0.00291347
0.379009 0.00416675
0.401637 0.000368178
0.41295 0.00140653
0.424264 0.00300906
0.435578 0.00170346
0.446891 0.0028668
0.458205 0.00230375
0.469519 0.00296455
0.492146 0.00687966
0.50346 0.00372748
0.514774 0.00468817
0.537401 0.0017009
0.548715 0.00650384
0.560029 0.000980606
0.571342 0.0159175
0.582656 0.0124357
0.605283 0.0243546
0.627911 0.0472974
0.639225 0.047101
0.650538 0.0399698
0.661852 0.095285
0.673166 0.0701173
0.695793 0.032453
0.707107 0.0519449
0.71842 0.036905
0.729734 0.0545769
0.741048 0.0474592
0.752362 0.085848
0.763675 0.055658
0.774989 0.160989
0.786303 0.0788829
0.797616 0.0233318
0.80893 0.135373
0.820244 0.147643
0.831558 0.131352
0.854185 0.288764
0.865499 0.548687
0.876812 4.69347
0.888126 3.18331
0.89944 1.47002
0.910754 1.70663
0.922067 4.02443
0.933381 0.628117
0.944695 2.17275
0.956008 0.618524
0.967322 1.26261
0.978636 1.42631
0.989949 0.701294
1.00126 0.48116
1.01258 0.421551
1.02389 1.22437
1.0352 0.294699
1.04652 0.23732
1.05783 0.516216
1.06915 0.528349
1.08046 0.916649
1.10309 2.47366
1.1144 5.09517
1.13703 4.76736
1.14834 2.50919
1.15966 10.6504
1.17097 2.55234
1.18228 1.40608
1.20491 1.85171
1.21622 3.0371
1.23885 0.560098
1.25016 0.887239
1.26148 0.469413
1.27279 0.277127
1.28411 0.609544
1.29542 0.283864
1.30673 0.341748
1.31805 0.52968
1.32936 0.516221
1.34067 0.507581
1.35199 1.46909
1.3633 0.427477
1.37462 0.441871
1.38593 1.31984
1.39724 0.357506
1.40856 0.595792
1.41987 0.859919
1.43118 0.241142
1.4425 0.731149
1.45381 0.326499
1.47644 0.503856
1.48775 0.575323
1.49907 0.394037
1.51038 0.41247
1.52169 0.43824
1.53301 0.362759
1.54432 0.67217
1.55563 0.425997
1.56695 0.354491
1.57826 0.372119
1.58958 0.357186
1.60089 0.660229
1.6122 0.419307
1.62352 0.50769
1.63483 0.470887
1.64614 0.728213
1.65746 0.990076
1.66877 1.75352
1.68009 0.757158
1.6914 0.859011
1.70271 0.877011
1.71403 1.62258
1.72534 0.817468
1.73665 0.784055
1.74797 0.752934
1.75928 1.62524
1.7706 0.674633
1.78191 0.46304
1.79322 0.49168
1.80454 0.73953
1.81585 0.537142
1.82716 0.890925
1.83848 0.814228
1.84979 0.210409
1.86111 1.04646
1.87242 0.628168
1.88373 0.976316
1.89505 0.929566
1.90636 0.987463
1.91767 1.05559
1.92899 1.3869
1.9403 0.770685
1.95161 1.92583
1.96293 1.11107
1.97424 1.79534
1.98556 1.70151
1.99687 1.3385
2.00818 2.2844
2.0195 1.26478
2.03081 1.2264
2.04212 0.978713
2.05344 1.27596
2.06475 0.990457
2.07607 0.843908
2.08738 0.610487
2.09869 1.17524
2.11001 0.932803
2.12132 1.13402
2.13263 1.06125
2.14395 1.47421
2.15526 1.00125
2.16658 1.70669
2.17789 1.43917
2.1892 1.4855
2.20052 0.989507
2.21183 1.04043
2.22314 2.09107
2.23446 1.14178
2.24577 0.70091
2.25708 1.58515
2.2684 1.80385
2.27971 1.47368
2.29103 0.71028
2.30234 1.44652
2.31365 1.14603
2.32497 0.903985
2.33628 0.912278
2.34759 1.06844
2.35891 0.932887
2.37022 0.909602
2.38154 0.972035
2.39285 0.783783
2.40416 0.890743
2.41548 1.06705
2.42679 0.731276
2.4381 0.733991
2.44942 0.930563
2.46073 1.98798
2.47205 1.1599
2.48336 0.903274
2.49467 0.661931
2.50599 1.29572
2.5173 0.597581
2.52861 1.0862
2.53993 0.996266
2.55124 0.7123
2.56255 0.736141
2.57387 0.729127
2.58518 0.836571
2.5965 0.740813
2.60781 0.752251
2.61912 0.842394
2.63044 0.958862
2.64175 0.477992
2.65306 0.737809
2.66438 0.610888
2.67569 0.819085
2.68701 0.578276
2.69832 0.637053
2.70963 0.80047
2.72095 1.0053
2.73226 0.858499
2.74357 0.844967
2.75489 0.875766
2.7662 0.908528
2.77752 0.97512
2.78883 0.778624
2.80014 1.2454
2.81146 0.967136
2.82277 0.838758
2.83408 1.22229
2.8454 0.936783
2.85671 0.941118
2.86803 0.662774
2.87934 1.18369
2.89065 0.805815
2.90197 0.876059
2.91328 0.857396
2.92459 0.600099
2.93591 1.21021
2.94722 0.888869
2.95853 1.02332
2.96985 0.925691
2.98116 0.911707
2.99248 0.92046
3.00379 1.22306
3.0151 0.453344
3.02642 1.14037
3.03773 0.958131
3.04904 1.28082
3.06036 1.7056
3.07167 1.15764
3.08299 1.0225
3.0943 1.16851
3.10561 0.833315
3.11693 1.23658
3.12824 0.960137
3.13955 1.25498
3.15087 0.794154
3.16218 1.07758
3.1735 0.97824
3.18481 0.989134
3.19612 1.16773
3.20744 1.0102
3.21875 1.12534
3.23006 0.948861
3.24138 0.887924
3.25269 1.27036
3.264 1.49334
3.27532 0.857812
3.28663 0.982724
3.29795 1.4518
3.30926 1.48433
3.32057 0.964135
3.33189 1.20577
3.3432 0.808838
3.35451 0.97591
3.36583 1.23408
3.37714 1.39351
3.38846 0.846114
3.39977 0.866547
3.41108 0.90853
3.4224 1.16581
3.43371 1.38436
3.44502 0.845882
3.45634 1.01839
3.46765 0.751527
3.47897 1.40794
3.49028 1.15472
3.50159 1.15153
3.51291 0.852609
3.52422 1.13341
3.53553 1.17756
3.54685 0.786958
3.55816 0.768868
3.56948 0.900519
3.58079 0.998464
3.5921 1.20553
3.60342 1.09286
3.61473 1.01994
3.62604 1.22667
3.63736 0.804695
3.64867 0.657499
3.65998 0.591227
3.6713 0.749185
3.68261 0.90871
3.69393 0.919112
3.70524 0.828984
3.71655 1.01401
3.72787 1.34768
3.73918 0.896231
3.75049 0.928602
3.76181 0.749844
3.77312 0.719477
3.78444 1.19349
3.79575 0.840674
3.80706 1.15498
3.81838 1.06773
3.82969 0.75777
3.841 0.865888
3.85232 0.939202
3.86363 1.18615
3.87495 1.05273
3.88626 1.08356
3.89757 0.773757
3.90889 0.852573
3.9202 1.19731
3.93151 1.05753
3.94283 0.873965
3.95414 0.889083
3.96545 1.03164
3.97677 0.716343
3.98808 0.805783
3.9994 0.857967
4.01071 1.14033
4.02202 1.23596
4.03334 1.13577
4.04465 1.25758
4.05596 0.876582
4.06728 1.10508
4.07859 0.910431
4.08991 1.06696
4.10122 1.05386
4.11253 0.95671
4.12385 1.21636
4.13516 0.826312
4.14647 1.05706
4.15779 1.10022
4.1691 0.918099
4.18042 0.671295
4.19173 1.17776
4.20304 0.974235
4.21436 0.978657
4.22567 1.26792
4.23698 0.908739
4.2483 1.21767
4.25961 0.719809
4.27092 1.2649
4.28224 1.12643
4.29355 0.710914
4.30487 0.961155
4.31618 1.2042
4.32749 1.05677
4.33881 1.08891
4.35012 1.20231
4.36143 1.00188
4.37275 0.978939
4.38406 0.942551
4.39538 1.03611
4.40669 0.748036
4.418 0.759596
4.42932 1.05673
4.44063 0.597143
4.45194 1.3552
4.46326 0.846141
4.47457 1.41345
4.48589 1.0521
4.4972 0.95793
4.50851 0.900029
4.51983 1.07135
4.53114 1.15187
4.54245 0.649154
4.55377 1.34713
4.56508 1.20542
4.5764 0.790148
4.58771 1.15946
4.59902 1.11369
4.61034 1.10777
4.62165 0.8835
4.63296 0.845986
4.64428 0.879752
4.65559 1.09987
4.6669 1.04968
4.67822 1.11504
4.68953 0.77521
4.70085 0.893647
4.71216 1.00375
4.72347 1.19946
4.73479 0.847603
4.7461 0.884741
4.75741 0.90547
4.76873 0.49063
4.78004 1.16638
4.79136 0.918789
4.80267 0.9812
4.81398 0.975373
4.8253 1.22991
4.83661 0.980031
4.84792 0.948111
4.85924 0.84457
4.87055 0.947025
4.88187 0.960399
4.89318 1.00153
4.90449 1.11089
4.91581 1.04087
4.92712 0.786247
4.93843 1.12946
4.94975 1.14957
4.96106 0.873987
4.97237 1.15055
4.98369 1.08334
4.995 0.821488
5.00632 0.846461
5.01763 0.724403
5.02894 0.838504
5.04026 0.96073
5.05157 0.784078
5.06288 1.03165
5.0742 1.20644
5.08551 1.11161
5.09683 1.07882
5.10814 0.893903
5.11945 0.959298
5.13077 1.0497
5.14208 1.50024
5.15339 1.04593
5.16471 0.913195
5.17602 1.07086
5.18734 0.998237
5.19865 1.31381
5.20996 0.900495
5.22128 0.974055
5.23259 0.791901
5.2439 1.15368
5.25522 1.13908
5.26653 1.00143
5.27785 0.9368
5.28916 1.04104
5.30047 1.0074
5.31179 0.941315
5.3231 1.14312
5.33441 1.04454
5.34573 1.1599
5.35704 0.98622
5.36835 0.937762
5.37967 0.989484
5.39098 1.33263
5.4023 0.824082
5.41361 0.862555
5.42492 0.759632
5.43624 0.884138
5.44755 1.1535
5.45886 0.838998
5.47018 1.32855
5.48149 1.12824
5.49281 1.23764
5.50412 1.11778
5.51543 0.980743
5.52675 1.01301
5.53806 0.941362
5.54937 0.818476
5.56069 0.634409
5.572 1.14888
5.58332 0.912341
5.59463 1.18956
5.60594 0.848607
5.61726 0.836676
5.62857 0.654878
5.63988 0.829817
5.6512 1.07471
