0.104 0.0529692
0.136 0.0749248
0.2 0.060126
0.216 0.0841046
0.28 0.132477
0.296 0.23826
0.312 0.0329824
0.36 0.153844
0.392 0.0968136
0.408 0.184836
0.424 0.347931
0.44 0.237611
0.504 0.22128
0.536 0.395323
0.568 0.54619
0.584 0.412194
0.6 0.982923
0.616 0.319662
0.632 0.203673
0.648 0.302371
0.664 0.304076
0.696 0.1144
0.712 0.583814
0.728 0.536704
0.76 0.56988
0.776 0.57705
0.792 0.131575
0.808 0.338165
0.824 0.842608
0.856 1.26403
0.888 0.674311
0.904 1.37211
0.92 1.29466
0.936 0.703188
0.952 1.12185
0.984 0.973835
1 1.44189
1.016 0.338042
1.032 0.620025
1.048 1.66338
1.064 0.872565
1.08 1.25782
1.096 1.02869
1.112 1.80475
1.128 2.0759
1.144 0.920096
1.16 1.45093
1.176 1.46542
1.208 0.977556
1.224 1.59228
1.24 0.593357
1.256 1.11287
1.272 0.781168
1.288 1.25817
1.304 0.734083
1.32 0.337104
1.336 1.27471
1.352 1.29464
1.368 0.585828
1.384 0.108489
1.4 1.20371
1.416 0.599904
1.432 0.603102
1.448 0.951114
1.464 0.79046
1.48 0.744006
1.496 0.845837
1.512 1.14072
1.528 1.01531
1.56 0.721487
1.576 1.12096
1.608 1.30586
1.624 1.5532
1.64 0.74149
1.656 0.697379
1.672 1.53371
1.704 0.96873
1.72 1.49562
1.752 2.22526
1.768 0.987386
1.784 1.27483
1.8 0.89215
1.816 2.42302
1.832 1.19409
1.848 1.24991
1.864 1.09426
1.88 0.924123
1.896 1.08545
1.912 0.847517
1.928 0.730249
1.944 1.0911
1.96 1.83716
1.976 0.957714
1.992 1.16975
2.008 1.14866
2.024 1.26528
2.04 1.18528
2.056 0.89769
2.088 1.13296
2.104 1.32272
2.12 0.971779
2.136 0.449534
2.152 0.534303
2.168 1.19452
2.184 0.856165
2.2 0.899785
2.216 0.752289
2.232 1.03944
2.248 0.522862
2.264 0.642159
2.28 1.14658
2.296 0.839469
2.312 0.984036
2.328 0.760903
2.344 0.472245
2.36 0.977463
2.376 0.702437
2.392 0.859232
2.408 0.914555
2.424 0.995241
2.44 1.37854
2.456 1.36713
2.472 0.823696
2.488 1.44012
2.504 0.780437
2.52 1.07066
2.536 0.82972
2.552 1.13659
2.568 1.42751
2.584 2.13394
2.6 0.67963
2.616 0.818312
2.632 1.05356
2.648 1.20387
2.664 1.13885
2.68 1.11043
2.696 0.984451
2.712 0.899523
2.728 0.985207
2.744 0.592506
2.76 0.942395
2.776 1.00334
2.792 1.22094
2.808 0.911821
2.824 1.01692
2.84 0.717016
2.856 0.757666
2.872 0.769309
2.888 1.14688
2.904 1.02214
2.92 1.07773
2.936 0.648671
2.952 0.778267
2.968 1.0176
2.984 0.543337
3 1.1789
3.016 1.16393
3.032 1.89489
3.048 0.78883
3.064 1.0461
3.08 1.34064
3.096 1.28302
3.112 0.945843
3.128 0.728927
3.144 0.84041
3.16 1.32212
3.176 0.930347
3.192 1.60363
3.208 1.09181
3.224 0.848731
3.24 0.445879
3.256 1.4744
3.272 1.1327
3.288 0.821781
3.304 1.50129
3.32 1.18669
3.336 0.940633
3.352 1.29305
3.368 0.570468
3.384 0.829341
3.4 1.04532
3.416 0.813663
3.432 1.22879
3.448 0.826239
3.464 1.42931
3.48 0.650676
3.496 0.726109
3.512 1.00737
3.528 1.11634
3.544 1.16706
3.56 2.12157
3.576 1.06205
3.592 0.8793
3.608 0.982394
3.624 0.692178
3.64 0.71013
3.656 0.860566
3.672 1.00072
3.688 0.532095
3.704 1.35781
3.72 1.16606
3.736 0.938789
3.752 1.09696
3.768 1.1347
3.784 0.859291
3.8 0.965563
3.816 0.663318
3.832 0.947904
3.848 0.998194
3.864 0.795334
3.88 1.40939
3.896 1.25807
3.912 0.812223
3.928 0.787876
3.944 1.34784
3.96 0.89452
3.976 0.855994
3.992 1.00437
4.008 1.47088
4.024 0.823862
4.04 0.990495
4.056 1.39374
4.072 1.16333
4.088 0.804784
4.104 1.16822
4.12 0.880342
4.136 0.940141
4.152 1.05373
4.168 1.13186
4.184 0.9546
4.2 0.802344
4.216 0.675961
4.232 1.01454
4.248 0.920304
4.264 0.567271
4.28 1.27248
4.296 1.24516
4.312 0.939144
4.328 1.20006
4.344 1.09137
4.36 1.05995
4.376 1.31737
4.392 1.04868
4.408 0.986151
4.424 1.04405
4.44 0.819309
4.456 1.12322
4.472 0.828112
4.488 0.823685
4.504 0.803572
4.52 1.15706
4.536 1.09584
4.552 0.821332
4.568 0.844978
4.584 0.753946
4.6 0.919455
4.616 1.3414
4.632 0.87572
4.648 0.539988
4.664 0.845563
4.68 0.899191
4.696 1.04684
4.712 1.00605
4.728 1.00423
4.744 0.786557
4.76 1.01926
4.776 1.24875
4.792 1.09845
4.808 0.970195
4.824 0.833262
4.84 1.10399
4.856 1.12075
4.872 0.9519
4.888 1.09146
4.904 1.05484
4.92 0.886086
4.936 1.18799
4.952 0.979746
4.968 0.77216
4.984 1.17481
5 1.11939
5.016 1.04412
5.032 1.02349
5.048 1.11342
5.064 1.08535
5.08 1.20113
5.096 1.02914
5.112 0.984397
5.128 1.08827
5.144 1.25287
5.16 1.10543
5.176 0.714924
5.192 0.936421
5.208 1.03882
5.224 0.820039
5.24 0.951079
5.256 0.949024
5.272 1.43383
5.288 1.08203
5.304 0.807766
5.32 0.748943
5.336 1.57495
5.352 0.644202
5.368 0.998162
5.384 0.702617
5.4 1.05921
5.416 0.92821
5.432 1.0531
5.448 1.12673
5.464 1.01477
5.48 1.02897
5.496 1.09267
5.512 1.0509
5.528 1.14748
5.544 1.02003
5.56 0.942837
5.576 1.15401
5.592 1.18011
5.608 0.689187
5.624 1.61203
5.64 1.50229
5.656 1.01825
5.672 1.09492
5.688 1.00022
5.704 0.647941
5.72 1.06538
5.736 0.895832
5.752 1.03925
5.768 0.985738
5.784 1.36164
5.8 0.943323
5.816 0.836898
5.832 1.07392
5.848 1.07572
5.864 1.31924
5.88 0.827095
5.896 0.971119
5.912 0.822486
5.928 1.22204
5.944 0.891118
5.96 0.770449
5.976 1.1101
5.992 1.1247
6.008 0.82192
6.024 0.921546
6.04 1.01732
6.056 1.10424
6.072 0.823585
6.088 0.905779
6.104 1.1156
6.12 0.903318
6.136 1.01918
6.152 1.22591
6.168 0.740703
6.184 1.10776
6.2 1.05207
6.216 0.805822
6.232 0.968827
6.248 0.767352
6.264 0.623876
6.28 1.20537
6.296 0.978342
6.312 0.924028
6.328 1.1094
6.344 1.12218
6.36 0.980987
6.376 0.888847
6.392 0.74105
6.408 0.896479
6.424 1.03835
6.44 0.9576
6.456 1.04793
6.472 0.707019
6.488 1.27145
6.504 1.30906
6.52 1.27481
6.536 1.05824
6.552 0.842275
6.568 0.766043
6.584 0.967266
6.6 0.830202
6.616 1.08828
6.632 1.0604
6.648 1.15017
6.664 0.756394
6.68 1.08847
6.696 0.601064
6.712 0.900253
6.728 0.928131
6.744 1.13896
6.76 1.11659
6.776 1.46011
6.792 0.988534
6.808 1.09347
6.824 0.734638
6.84 1.06338
6.856 0.862849
6.872 1.01611
6.888 1.09409
6.904 1.08766
6.92 0.918986
6.936 1.05583
6.952 0.685734
6.968 1.28113
6.984 0.816656
7 1.25335
7.016 1.16769
7.032 1.00873
7.048 1.23866
7.064 1.23367
7.08 0.764936
7.096 1.18977
7.112 0.888197
7.128 1.02011
7.144 0.985682
7.16 1.27833
7.176 0.810403
7.192 1.31206
7.208 0.914082
7.224 0.96291
7.24 1.1921
7.256 1.08345
7.272 0.554418
7.288 1.25362
7.304 0.774918
7.32 0.730795
7.336 1.03981
7.352 0.957888
7.368 0.983354
7.384 1.07493
7.4 0.897938
7.416 1.13632
7.432 0.815037
7.448 1.27532
7.464 0.787557
7.48 0.805992
7.496 0.915819
7.512 0.801033
7.528 1.04997
7.544 1.04857
7.56 1.13409
7.576 1.14605
7.592 0.89127
7.608 0.984117
7.624 1.15646
7.64 0.991576
7.656 0.822953
7.672 1.03072
7.688 0.91338
7.704 0.954259
7.72 1.1936
7.736 1.07909
7.752 1.55608
7.768 1.23048
7.784 0.764263
7.8 1.20482
7.816 1.17831
7.832 0.778379
7.848 0.943915
7.864 0.929498
7.88 1.06213
7.896 1.09463
7.912 1.12945
7.928 0.988549
7.944 0.705154
7.96 1.00926
7.976 0.807345
7.992 1.21922
