0.0735391 0.0345228
0.0961665 0.0684085
0.141421 0.0966737
0.152735 0.0976522
0.19799 0.0410578
0.209304 0.113053
0.220617 0.0600677
0.254558 0.112604
0.277186 0.0350702
0.2885 0.0986261
0.299813 0.0802615
0.311127 0.0745556
0.356382 0.135169
0.379009 0.328113
0.401637 0.0818221
0.41295 0.243883
0.424264 0.0459552
0.435578 0.053815
0.446891 0.0455268
0.458205 0.212524
0.469519 0.0638471
0.492146 0.277411
0.50346 0.380421
0.514774 0.283261
0.537401 0.191674
0.548715 0.33456
0.560029 0.135856
0.571342 0.177805
0.582656 0.20056
0.605283 0.344274
0.627911 0.241994
0.639225 0.362196
0.650538 0.507009
0.661852 0.39069
0.673166 0.30149
0.695793 0.294123
0.707107 0.425012
0.71842 0.68003
0.729734 0.22614
0.741048 0.202836
0.752362 0.221285
0.763675 0.453474
0.774989 0.45041
0.786303 0.424703
0.797616 0.221965
0.80893 0.492281
0.820244 0.545221
0.831558 0.828963
0.854185 0.679647
0.865499 0.715498
0.876812 0.981495
0.888126 0.691538
0.89944 0.523463
0.910754 0.88995
0.922067 0.621511
0.933381 0.521993
0.944695 0.821487
0.956008 1.08663
0.967322 0.721088
0.978636 0.389342
0.989949 0.858604
1.00126 0.981681
1.01258 0.854751
1.02389 0.889425
1.0352 2.20545
1.04652 1.21332
1.05783 0.628075
1.06915 1.3047
1.08046 1.00021
1.10309 0.873648
1.1144 1.26907
1.13703 1.81934
1.14834 1.88519
1.15966 0.957892
1.17097 1.33095
1.18228 1.4777
1.20491 1.40836
1.21622 2.43537
1.23885 2.70374
1.25016 1.4065
1.26148 1.49372
1.27279 1.8496
1.28411 2.2198
1.29542 1.65427
1.30673 1.76847
1.31805 1.74691
1.32936 1.42259
1.34067 2.16619
1.35199 0.972058
1.3633 1.40793
1.37462 1.09382
1.38593 1.40964
1.39724 1.5652
1.40856 2.19921
1.41987 1.45519
1.43118 1.83566
1.4425 1.58667
1.45381 1.15929
1.47644 2.02451
1.48775 1.14217
1.49907 1.50649
1.51038 0.773159
1.52169 0.604825
1.53301 0.928337
1.54432 0.96399
1.55563 0.83757
1.56695 0.801772
1.57826 0.731677
1.58958 1.04733
1.60089 0.737928
1.6122 0.790787
1.62352 0.644481
1.63483 0.836292
1.64614 0.511801
1.65746 0.467981
1.66877 1.02184
1.68009 0.676357
1.6914 1.71077
1.70271 0.83466
1.71403 0.584481
1.72534 0.753867
1.73665 0.762098
1.74797 1.07928
1.75928 0.319571
1.7706 0.525534
1.78191 0.634943
1.79322 0.59276
1.80454 0.849991
1.81585 0.7275
1.82716 0.613642
1.83848 0.468655
1.84979 0.328302
1.86111 0.227319
1.87242 0.649208
1.88373 0.498611
1.89505 0.825751
1.90636 0.698729
1.91767 0.328746
1.92899 0.509295
1.9403 0.429637
1.95161 0.702289
1.96293 1.04824
1.97424 0.865251
1.98556 0.652089
1.99687 0.642645
2.00818 0.528887
2.0195 0.436375
2.03081 1.01625
2.04212 0.588302
2.05344 0.721801
2.06475 0.928691
2.07607 0.603095
2.08738 1.21857
2.09869 0.87002
2.11001 0.942871
2.12132 0.976599
2.13263 0.977828
2.14395 1.04119
2.15526 0.587639
2.16658 0.637103
2.17789 1.12155
2.1892 0.710272
2.20052 0.942789
2.21183 0.845957
2.22314 1.28299
2.23446 1.32916
2.24577 1.40205
2.25708 1.15632
2.2684 1.10254
2.27971 1.14412
2.29103 0.71875
2.30234 1.64445
2.31365 1.23606
2.32497 0.8969
2.33628 1.92464
2.34759 1.46165
2.35891 1.44558
2.37022 1.39399
2.38154 0.757607
2.39285 1.19299
2.40416 1.32828
2.41548 1.43431
2.42679 1.50619
2.4381 1.04086
2.44942 1.36937
2.46073 1.41226
2.47205 1.19489
2.48336 1.12646
2.49467 1.0596
2.50599 1.34687
2.5173 1.66556
2.52861 1.91134
2.53993 0.849703
2.55124 1.3852
2.56255 1.29901
2.57387 1.17309
2.58518 1.64328
2.5965 1.21256
2.60781 0.752025
2.61912 1.49475
2.63044 1.19792
2.64175 1.08636
2.65306 1.20405
2.66438 1.41684
2.67569 0.571988
2.68701 0.944915
2.69832 1.20341
2.70963 1.41892
2.72095 0.842744
2.73226 0.758301
2.74357 1.17601
2.75489 1.40008
2.7662 0.785042
2.77752 0.830328
2.78883 1.40221
2.80014 0.77549
2.81146 0.923979
2.82277 0.947179
2.83408 1.55297
2.8454 0.77061
2.85671 0.931261
2.86803 0.92788
2.87934 0.817491
2.89065 1.07023
2.90197 0.839092
2.91328 1.05358
2.92459 0.569197
2.93591 0.986178
2.94722 0.724226
2.95853 0.80369
2.96985 0.591339
2.98116 0.804093
2.99248 0.495581
3.00379 0.902518
3.0151 0.882165
3.02642 0.805019
3.03773 0.681191
3.04904 0.877306
3.06036 0.587164
3.07167 1.12153
3.08299 0.529516
3.0943 0.766497
3.10561 0.874842
3.11693 0.575699
3.12824 0.821995
3.13955 0.494496
3.15087 0.935055
3.16218 0.759471
3.1735 0.896389
3.18481 0.775415
3.19612 0.765546
3.20744 0.731784
3.21875 1.00514
3.23006 0.556222
3.24138 0.926119
3.25269 1.00372
3.264 1.06603
3.27532 0.8049
3.28663 0.486332
3.29795 1.0217
3.30926 0.50214
3.32057 1.04921
3.33189 0.937185
3.3432 0.922406
3.35451 0.712504
3.36583 0.908703
3.37714 0.967991
3.38846 0.857035
3.39977 0.915278
3.41108 0.77978
3.4224 1.09412
3.43371 1.21637
3.44502 0.888957
3.45634 0.892793
3.46765 0.96529
3.47897 1.08138
3.49028 1.36544
3.50159 1.17511
3.51291 0.839142
3.52422 1.10056
3.53553 1.03695
3.54685 1.30934
3.55816 1.09415
3.56948 1.12338
3.58079 1.345
3.5921 1.3274
3.60342 1.31393
3.61473 1.25371
3.62604 1.27815
3.63736 1.44927
3.64867 1.449
3.65998 1.43143
3.6713 0.852086
3.68261 1.20828
3.69393 0.931401
3.70524 1.25019
3.71655 0.938679
3.72787 1.9939
3.73918 1.55209
3.75049 0.983844
3.76181 1.36859
3.77312 1.45227
3.78444 0.999756
3.79575 1.23486
3.80706 0.82972
3.81838 1.2267
3.82969 1.19372
3.841 1.26674
3.85232 1.13425
3.86363 1.01964
3.87495 1.09071
3.88626 1.33054
3.89757 0.949141
3.90889 1.19097
3.9202 1.214
3.93151 1.22153
3.94283 1.24326
3.95414 1.18489
3.96545 0.947339
3.97677 1.76831
3.98808 1.15167
3.9994 0.885719
4.01071 1.234
4.02202 0.862279
4.03334 1.07242
4.04465 1.0484
4.05596 0.901099
4.06728 0.942502
4.07859 0.803454
4.08991 0.906992
4.10122 0.736912
4.11253 0.807358
4.12385 0.885421
4.13516 1.0493
4.14647 1.2638
4.15779 0.959974
4.1691 0.816614
4.18042 0.660368
4.19173 0.922336
4.20304 0.804016
4.21436 0.597486
4.22567 0.816302
4.23698 0.724392
4.2483 0.732926
4.25961 0.77196
4.27092 0.844454
4.28224 0.792566
4.29355 0.603286
4.30487 0.73222
4.31618 0.862001
4.32749 0.614839
4.33881 0.90074
4.35012 0.673297
4.36143 0.773302
4.37275 1.04206
4.38406 0.803784
4.39538 0.815076
4.40669 0.974522
4.418 0.499787
4.42932 0.85407
4.44063 0.928874
4.45194 0.776201
4.46326 0.773606
4.47457 0.783605
4.48589 0.899013
4.4972 0.829011
4.50851 0.707146
4.51983 0.795945
4.53114 0.831223
4.54245 0.860486
4.55377 0.923833
4.56508 0.879193
4.5764 0.716917
4.58771 0.955356
4.59902 1.05216
4.61034 1.10744
4.62165 1.1197
4.63296 1.17937
4.64428 0.827915
4.65559 1.06954
4.6669 1.05154
4.67822 1.06659
4.68953 1.1945
4.70085 1.40937
4.71216 0.614167
4.72347 1.15114
4.73479 0.713812
4.7461 0.919934
4.75741 1.04255
4.76873 1.06848
4.78004 1.36733
4.79136 1.75734
4.80267 0.929357
4.81398 1.15272
4.8253 0.877249
4.83661 1.2376
4.84792 1.01951
4.85924 1.21773
4.87055 1.08836
4.88187 1.19853
4.89318 0.900643
4.90449 1.27435
4.91581 0.912365
4.92712 1.45921
4.93843 1.04025
4.94975 1.3631
4.96106 1.28035
4.97237 1.40356
4.98369 1.24637
4.995 1.53274
5.00632 0.930786
5.01763 1.58333
5.02894 1.13704
5.04026 1.4104
5.05157 0.901699
5.06288 1.278
5.0742 1.1092
5.08551 1.48369
5.09683 1.01296
5.10814 0.892814
5.11945 1.15668
5.13077 1.14644
5.14208 1.02131
5.15339 1.52724
5.16471 0.832356
5.17602 0.926173
5.18734 1.17342
5.19865 0.845427
5.20996 0.930476
5.22128 1.06749
5.23259 1.03471
5.2439 1.07119
5.25522 1.11384
5.26653 0.980825
5.27785 0.800389
5.28916 0.975357
5.30047 0.911676
5.31179 0.892493
5.3231 0.982097
5.33441 0.793444
5.34573 0.88758
5.35704 0.992264
5.36835 0.692499
5.37967 0.895147
5.39098 0.621486
5.4023 1.01199
5.41361 0.635892
5.42492 0.92662
5.43624 0.89381
5.44755 0.96416
5.45886 0.874068
5.47018 0.681735
5.48149 1.15414
5.49281 0.601726
5.50412 0.675972
5.51543 0.953735
5.52675 0.903597
5.53806 0.853064
5.54937 0.620675
5.56069 0.786882
5.572 0.759052
5.58332 0.728234
5.59463 0.591195
5.60594 0.873069
5.61726 0.604783
5.62857 0.564416
5.63988 0.720153
5.6512 1.08937
