2
300

200
0.0281203
0.132971
0.380615	0.214856
0.208078	0.763435
0.0688256	0.237622
0.337268	0.776061
0.647964	0.620412
0.578555	0.133452
0.700647	0.524217
0.771694	0.803051
0.948726	0.415071
0.281116	0.949001
0.510068	0.908829
0.144909	0.601782
0.870324	0.186703
0.568413	0.237102
0.387456	0.293114
0.595762	0.355457
0.135785	0.817995
0.175627	0.380254
0.837421	0.0564853
0.676812	0.223266
0.751045	0.265015
0.809	0.733583
0.587752	0.0586531
0.623611	0.691371
0.275219	0.0255807
0.730599	0.757335
0.412522	0.388797
0.794686	0.215327
0.70259	0.592042
0.12056	0.755539
0.96047	0.950384
0.415548	0.00427638
0.512667	0.684224
0.977985	0.128002
0.184657	0.454312
0.32534	0.864839
0.327584	0.429074
0.590846	0.794875
0.525468	0.610206
0.997154	0.21702
0.959899	0.77196
0.977803	0.588388
0.743511	0.907251
0.867864	0.973257
0.8022	0.934926
0.865451	0.489709
0.0703252	0.836679
0.184908	0.887056
0.746637	0.402067
0.0720984	0.109768
0.139696	0.112232
0.04053	0.431431
0.656023	0.818024
0.168152	0.309044
0.761594	0.673098
0.440987	0.860469
0.646218	0.891589
0.316549	0.239306
0.369239	0.129344
0.827557	0.138904
0.90907	0.309587
0.570617	0.455342
0.221131	0.641306
0.190062	0.184328
0.532792	0.0211847
0.512669	0.106192
0.143984	0.0170201
0.0580289	0.915846
0.519344	0.76972
0.615231	0.194432
0.496525	0.436725
0.728145	0.984842
0.28691	0.379558
0.53846	0.384645
0.190438	0.701677
0.814399	0.846686
0.823187	0.648411
0.842386	0.557712
0.894031	0.712249
0.860443	0.769494
0.979042	0.356982
0.78413	0.532099
0.454037	0.775721
0.0620613	0.604846
0.311787	0.502347
0.397223	0.609396
0.465891	0.578671
0.0108722	0.53628
0.573642	0.940437
0.108712	0.338385
0.469601	0.059652
0.926675	0.508647
0.561629	0.538127
0.953074	0.653681
0.0404579	0.295877
0.340982	0.641443
0.428329	0.935761
0.631519	0.47596
0.269263	0.732175
0.710747	0.350686
0.982386	0.0606609
0.628364	0.546951
0.285653	0.10716
0.580998	0.868411
0.80689	0.298621
0.615127	0.984854
0.182575	0.0701891
0.987588	0.722678
0.439574	0.144382
0.627951	0.289011
0.255419	0.207971
0.966198	0.283133
0.40026	0.0699153
0.745081	0.164319
0.498238	0.247775
0.9115	0.128615
0.504471	0.514651
0.730129	0.0554414
0.0344602	0.165204
0.0807434	0.488191
0.662263	0.0472129
0.442878	0.469698
0.134068	0.248906
0.0713785	0.709261
0.0195405	0.985901
0.205251	0.824928
0.447226	0.657916
0.509897	0.840024
0.294972	0.296681
0.056649	0.0511191
0.246158	0.513559
0.0489056	0.364774
0.698469	0.687056
0.34836	0.968867
0.71787	0.849508
0.88741	0.650429
0.455988	0.305118
0.0295164	0.656083
0.688905	0.296677
0.443276	0.215399
0.889423	0.425181
0.567544	0.724338
0.247376	0.438848
0.0407412	0.776018
0.990298	0.470868
0.517101	0.173581
0.339706	0.558707
0.79977	0.361519
0.90499	0.0674571
0.394726	0.811744
0.651319	0.105098
0.218158	0.259039
0.00474511	0.883993
0.581607	0.626107
0.223391	0.000978762
0.202374	0.572673
0.365773	0.711512
0.293572	0.675846
0.922785	0.896408
0.687153	0.439059
0.431634	0.719553
0.901927	0.577615
0.158294	0.51248
0.75588	0.48319
0.494597	0.972795
0.281401	0.813451
0.931831	0.212506
0.122591	0.178628
0.774348	0.103701
0.89346	0.821958
0.352459	0.351744
0.543841	0.305081
0.411631	0.53559
0.117603	0.910084
0.337086	0.0438916
0.0970226	0.552466
0.233442	0.343816
0.0882087	0.989738
0.114719	0.423078
0.275338	0.593208
0.4687	0.361447
0.862978	0.257597
0.771607	0.603995
0.92762	0.00696023
0.794962	0.00879098
0.176375	0.953925
0.25711	0.89268
0.869919	0.356029
0.127282	0.668955
0.662046	0.748492
0.31821	0.165206
0.381062	0.46315
0.675742	0.947523
0.858193	0.895284
0.816694	0.434395
0.685801	0.154747
0.6375	0.393724
0.226839	0.121869
0.372539	0.900707
0.969836	0.831287
//###########################


100
0.0163097
0.18805
0.5839	0.670746
0.130757	0.867414
0.388344	0.653588
0.141708	0.55732
0.747997	0.715819
0.934189	0.609319
0.367437	0.00970018
0.14036	0.461594
0.590575	0.573111
0.00867328	0.263692
0.936337	0.344693
0.947121	0.168519
0.990373	0.678251
0.966165	0.52912
0.583551	0.282613
0.182544	0.127543
0.319802	0.926084
0.454496	0.403848
0.460076	0.00133797
0.100955	0.0457703
0.550935	0.0835371
0.362321	0.173459
0.929029	0.849104
0.278633	0.471719
0.662269	0.0024487
0.482376	0.621883
0.0544682	0.524515
0.604971	0.908203
0.0970978	0.288707
0.165135	0.751241
0.21439	0.303606
0.741057	0.569425
0.0135623	0.928202
0.619249	0.760625
0.512701	0.337454
0.707206	0.255935
0.172726	0.226638
0.781954	0.0596754
0.824846	0.797905
0.250884	0.691137
0.463818	0.533916
0.467716	0.824789
0.700459	0.894809
0.867788	0.11978
0.292719	0.770061
0.2203	0.94634
0.922627	0.746689
0.530467	0.478169
0.844357	0.392449
0.985686	0.0154099
0.822176	0.501708
0.0137271	0.811787
0.24595	0.844444
0.465322	0.91048
0.733073	0.444769
0.307563	0.339413
0.165665	0.645756
0.710257	0.101832
0.269295	0.165272
0.365396	0.845548
0.472375	0.178643
0.0165506	0.105225
0.368675	0.398816
0.915652	0.461642
0.00718103	0.401829
0.904287	0.941112
0.906893	0.25046
0.830436	0.600516
0.750352	0.208774
0.808641	0.890752
0.840592	0.689846
0.444912	0.261051
0.75702	0.346397
0.658822	0.353949
0.0850466	0.783015
0.0737575	0.651346
0.221622	0.0463399
0.37719	0.507456
0.818191	0.254579
0.878845	0.0310304
0.348429	0.271576
0.566052	0.991201
0.657328	0.512526
0.561616	0.828342
0.117027	0.954667
0.605023	0.426652
0.436768	0.0960773
0.319536	0.599854
0.215693	0.399553
0.079042	0.166048
0.0933928	0.380763
0.771147	0.971094
0.395427	0.745356
0.709125	0.796883
0.497812	0.727173
0.297534	0.0641361
0.685531	0.644379
0.56316	0.192823
0.244471	0.558184
0.639575	0.148437
//###########################


