0.125201 0.488214
0.163725 0.342129
0.240772 0.111478
0.260033 0.148359
0.33708 0.467649
0.356342 0.199193
0.375604 0.265752
0.433389 0.770548
0.471913 0.818755
0.491174 0.323526
0.510436 0.319715
0.529698 0.606239
0.606745 0.688299
0.645268 1.13596
0.683792 1.46996
0.703053 0.830444
0.722315 1.7115
0.741577 1.04969
0.760839 0.470275
0.7801 1.32885
0.799362 1.9657
0.837886 0.423075
0.857147 2.06182
0.876409 0.977386
0.914932 0.807873
0.934194 0.285822
0.953456 0.965243
0.972718 0.925457
0.991979 0.658682
1.0305 0.847351
1.06903 1.23546
1.08829 0.374819
1.10755 1.21877
1.12681 0.0929767
1.14607 1.14538
1.1846 0.331902
1.20386 0.399623
1.22312 0.348014
1.24238 0.141257
1.26164 0.367124
1.28091 0.401095
1.30017 1.43444
1.31943 0.425173
1.33869 0.862179
1.35795 0.821043
1.37721 0.623259
1.39648 0.500175
1.41574 1.03334
1.45426 0.77281
1.47352 0.607297
1.49278 1.02057
1.51205 0.402135
1.53131 1.27359
1.55057 0.599567
1.56983 0.774149
1.58909 0.43938
1.60835 0.932799
1.62762 1.08819
1.64688 2.67595
1.66614 0.827976
1.6854 1.43237
1.70466 1.109
1.72393 0.898518
1.74319 0.534671
1.76245 1.3572
1.78171 0.684084
1.80097 0.834289
1.82023 1.47498
1.8395 1.33385
1.87802 0.564542
1.89728 0.45496
1.9358 1.09127
1.95507 0.818622
1.97433 1.24989
1.99359 1.06944
2.01285 0.723966
2.05137 1.22881
2.07064 1.0847
2.10916 0.920769
2.12842 1.49574
2.14768 1.15462
2.16695 0.990217
2.18621 1.27818
2.20547 1.75642
2.22473 0.483812
2.24399 1.10931
2.26325 0.363801
2.28252 1.13137
2.30178 1.37402
2.32104 0.97655
2.3403 1.16831
2.35956 0.897611
2.37882 0.663749
2.39809 1.40006
2.41735 0.602199
2.43661 1.48133
2.45587 0.747637
2.47513 1.16535
2.51366 1.44552
2.53292 1.1201
2.55218 1.34974
2.57144 0.699037
2.5907 1.14469
2.60997 0.717493
2.62923 1.48302
2.64849 0.948506
2.66775 1.04456
2.68701 0.88308
2.70627 1.44509
2.72554 1.19344
2.7448 1.36524
2.76406 0.633691
2.78332 0.594405
2.80258 0.704711
2.82184 1.39866
2.84111 0.870922
2.86037 1.26378
2.87963 1.26985
2.89889 1.33642
2.91815 0.840912
2.93741 0.921092
2.95668 0.760998
2.97594 0.866232
2.9952 0.60538
3.01446 0.873006
3.03372 0.465858
3.05299 1.09229
3.07225 1.39049
3.09151 1.33327
3.11077 0.375699
3.13003 0.963075
3.14929 0.773132
3.16856 1.02652
3.18782 0.942825
3.20708 0.851718
3.22634 0.978376
3.2456 1.29955
3.26486 1.60327
3.28413 0.729012
3.30339 0.829757
3.32265 0.820108
3.34191 0.773597
3.36117 1.13677
3.38043 0.74268
3.3997 1.09365
3.41896 1.27376
3.43822 0.711664
3.45748 0.909402
3.47674 2.07211
3.49601 1.0507
3.51527 1.06682
3.53453 0.933454
3.55379 0.914018
3.57305 0.548901
3.59231 1.38677
3.61158 1.07351
3.63084 0.818361
3.6501 0.612845
3.66936 0.844197
3.68862 1.43974
3.70788 0.835979
3.72715 1.23017
3.74641 0.823823
3.76567 0.643696
3.78493 1.04895
3.80419 1.22426
3.82345 0.810054
3.84272 0.695285
3.86198 1.09577
3.88124 1.07026
3.9005 1.66154
3.91976 0.7956
3.93903 0.608105
3.95829 0.684142
3.97755 0.86856
3.99681 0.966241
4.01607 0.999891
4.03533 1.02962
4.0546 0.923805
4.07386 0.514937
4.09312 1.21641
4.11238 0.690375
4.13164 1.34786
4.1509 1.17751
4.17017 0.972883
4.18943 0.777474
4.20869 1.16355
4.22795 1.26106
4.24721 0.909044
4.26647 0.731749
4.28574 1.35865
4.305 0.852003
4.32426 1.06065
4.34352 0.633614
4.36278 1.00803
4.38205 1.15008
4.40131 0.905994
4.42057 1.00769
4.43983 0.835578
4.45909 1.26156
4.47835 0.755413
4.49762 0.936666
4.51688 1.10774
4.53614 0.839289
4.5554 0.675342
4.57466 0.860266
4.59392 1.04125
4.61319 0.870442
4.63245 0.593793
4.65171 1.0798
4.67097 1.12663
4.69023 0.849929
4.70949 1.2568
4.72876 1.06035
4.74802 0.993555
4.76728 0.896502
4.78654 1.15769
4.8058 1.1229
4.82506 1.36741
4.84433 0.900916
4.86359 1.40966
4.88285 1.3687
4.90211 1.01759
4.92137 1.04137
4.94064 1.14018
4.9599 1.07871
4.97916 0.858352
4.99842 1.38347
5.01768 1.35833
5.03694 1.2564
5.05621 1.46747
5.07547 0.967833
5.09473 1.37173
5.11399 1.34916
5.13325 1.1509
5.15251 1.1068
5.17178 0.818985
5.19104 0.881876
5.2103 0.767659
5.22956 0.752857
5.24882 0.837222
5.26808 1.19427
5.28735 1.11409
5.30661 0.961881
5.32587 1.12683
5.34513 1.38267
5.36439 1.09563
5.38366 0.96639
5.40292 1.06885
5.42218 1.01933
5.44144 0.906004
5.4607 1.41198
5.47996 0.929806
5.49923 0.870813
5.51849 0.908853
5.53775 1.48218
5.55701 1.12635
5.57627 1.00397
5.59553 0.764862
5.6148 0.956411
5.63406 0.890613
5.65332 1.00652
5.67258 0.724606
5.69184 1.20768
5.7111 0.604687
5.73037 0.787597
5.74963 1.53274
5.76889 1.15287
5.78815 1.22971
5.80741 1.17807
5.82668 0.979741
5.84594 0.771631
5.8652 0.920955
5.88446 0.758177
5.90372 0.865219
5.92298 0.983128
5.94225 1.00783
5.96151 0.824152
5.98077 0.953394
6.00003 1.36026
6.01929 0.899811
6.03855 0.53628
6.05782 1.08654
6.07708 1.03822
6.09634 0.884979
6.1156 1.58884
6.13486 1.12541
6.15412 0.781245
6.17339 0.893986
6.19265 0.87004
6.21191 1.08653
6.23117 0.225433
6.25043 0.885091
6.2697 1.07843
6.28896 0.839115
6.30822 1.05488
6.32748 0.861094
6.34674 0.792008
6.366 1.18622
6.38527 0.714486
6.40453 0.757502
6.42379 0.646352
6.44305 0.827351
6.46231 0.84513
6.48157 0.921148
6.50084 1.33929
6.5201 0.920537
6.53936 0.876618
6.55862 1.07666
6.57788 1.00891
6.59714 0.964836
6.61641 0.919765
6.63567 0.929377
6.65493 1.00527
6.67419 0.965189
6.69345 0.87768
6.71272 1.19245
6.73198 1.1813
6.75124 0.822497
6.7705 0.990317
6.78976 0.721782
6.80902 1.37953
6.82829 0.89034
6.84755 1.28595
6.86681 0.831529
6.88607 1.11942
6.90533 1.34409
6.92459 1.30468
6.94386 0.95146
6.96312 0.828083
6.98238 0.784284
7.00164 0.721766
7.0209 1.03698
7.04016 1.04866
7.05943 1.17867
7.07869 0.925758
7.09795 1.15358
7.11721 1.89337
7.13647 1.1104
7.15574 1.06806
7.175 0.709983
7.19426 1.0224
7.21352 1.15882
7.23278 1.1427
7.25204 1.08454
7.27131 0.91941
7.29057 1.15855
7.30983 0.572256
7.32909 0.947624
7.34835 1.18526
7.36761 0.790898
7.38688 0.905078
7.40614 0.825127
7.4254 1.13403
7.44466 0.900655
7.46392 0.916004
7.48318 1.20654
7.50245 0.957345
7.52171 0.744548
7.54097 1.34543
7.56023 1.0367
7.57949 1.26031
7.59876 1.02259
7.61802 1.26285
7.63728 0.974558
7.65654 0.999371
7.6758 0.852476
7.69506 0.628715
7.71433 1.30405
7.73359 1.3072
7.75285 1.25898
7.77211 0.906274
7.79137 1.09843
7.81063 0.751331
7.8299 1.03458
7.84916 1.17443
7.86842 1.27132
7.88768 0.905347
7.90694 0.802722
7.9262 1.18904
7.94547 0.812801
7.96473 1.03671
7.98399 0.97933
8.00325 0.657946
8.02251 1.08787
8.04177 1.1633
8.06104 0.644834
8.0803 0.798998
8.09956 0.966211
8.11882 0.889615
8.13808 0.831179
8.15735 0.772493
8.17661 1.2047
8.19587 0.983883
8.21513 0.856323
8.23439 0.990271
8.25365 0.881481
8.27292 1.16258
8.29218 1.00006
8.31144 0.960261
8.3307 0.938213
8.34996 0.906534
8.36922 1.31411
8.38849 1.27541
8.40775 0.831341
8.42701 1.01164
8.44627 1.07119
8.46553 0.822919
8.48479 0.876217
8.50406 0.940313
8.52332 0.991759
8.54258 0.877673
8.56184 1.08715
8.5811 1.37925
8.60037 0.886847
8.61963 1.18401
8.63889 0.826692
8.65815 0.982371
8.67741 0.828362
8.69667 0.901445
8.71594 0.795083
8.7352 0.920402
8.75446 0.770569
8.77372 0.946923
8.79298 0.893336
8.81224 0.928862
8.83151 0.870052
8.85077 1.35702
8.87003 1.10698
8.88929 0.992531
8.90855 0.920007
8.92781 0.821648
8.94708 0.777382
8.96634 0.991664
8.9856 1.16307
9.00486 1.63639
9.02412 0.915536
9.04339 0.938235
9.06265 1.0229
9.08191 0.90851
9.10117 0.958872
9.12043 0.941721
9.13969 1.0188
9.15896 1.08387
9.17822 1.1423
9.19748 0.771144
9.21674 1.14261
9.236 1.39195
9.25526 0.859419
9.27453 0.879762
9.29379 0.89821
9.31305 0.969619
9.33231 1.22944
9.35157 0.872918
9.37083 0.856779
9.3901 0.887492
9.40936 0.83766
9.42862 0.924218
9.44788 0.971828
9.46714 0.689702
9.48641 0.694915
9.50567 1.51168
9.52493 1.32778
9.54419 0.848814
9.56345 0.965518
9.58271 0.979597
9.60198 1.24369
9.62124 1.03292
