0.127056 0.0206465
0.16615 0.0186306
0.244339 0.0154666
0.263886 0.0104142
0.342074 0.0253375
0.361622 0.0464334
0.381169 0.0455475
0.43981 0.122127
0.478904 0.0642183
0.498451 0.0673346
0.517998 0.0297375
0.537546 0.0770384
0.615734 0.155644
0.654828 0.173357
0.693922 0.141226
0.71347 0.264606
0.733017 0.597171
0.752564 0.326112
0.772111 0.214511
0.791658 0.460809
0.811205 0.617941
0.850299 0.0349849
0.869846 0.878289
0.889394 0.525498
0.928488 0.433404
0.948035 1.63277
0.967582 0.382572
0.987129 2.21311
1.00668 1.79243
1.04577 0.937547
1.08486 2.2804
1.10441 1.95208
1.12396 3.36794
1.14351 3.07717
1.16305 3.74191
1.20215 0.687208
1.22169 1.24982
1.24124 0.492465
1.26079 0.735902
1.28034 1.09794
1.29988 0.763006
1.31943 0.498192
1.33898 0.436891
1.35852 0.829204
1.37807 1.42268
1.39762 0.449382
1.41717 1.06418
1.43671 1.81097
1.47581 0.899251
1.49535 1.00151
1.5149 0.650779
1.53445 0.400829
1.554 0.41924
1.57354 0.782919
1.59309 0.628692
1.61264 0.566166
1.63218 0.636738
1.65173 0.706335
1.67128 1.13287
1.69083 0.404258
1.71037 1.18347
1.72992 1.67796
1.74947 0.445781
1.76901 0.392273
1.78856 1.08339
1.80811 1.08448
1.82765 0.623801
1.8472 0.637561
1.86675 1.1735
1.90584 1.09576
1.92539 0.527201
1.96448 0.885468
1.98403 0.842597
2.00358 1.64368
2.02313 0.395787
2.04267 0.853209
2.08177 0.744106
2.10131 0.652075
2.14041 0.758226
2.15996 1.5321
2.1795 1.36479
2.19905 1.1875
2.2186 1.4111
2.23814 1.52413
2.25769 0.993794
2.27724 0.765397
2.29679 1.34691
2.31633 1.42417
2.33588 0.641456
2.35543 0.742423
2.37497 1.71084
2.39452 1.04154
2.41407 1.01237
2.43362 1.85387
2.45316 0.633177
2.47271 1.30608
2.49226 0.640051
2.5118 1.02395
2.5509 1.42035
2.57045 1.10559
2.58999 1.69082
2.60954 1.2625
2.62909 0.97046
2.64863 1.85375
2.66818 1.09708
2.68773 1.22119
2.70727 0.846851
2.72682 1.33933
2.74637 1.32434
2.76592 0.683473
2.78546 0.585834
2.80501 0.972264
2.82456 0.609448
2.8441 0.857929
2.86365 0.565963
2.8832 0.952084
2.90275 1.01344
2.92229 1.64416
2.94184 0.627058
2.96139 0.767802
2.98093 0.52083
3.00048 0.474877
3.02003 0.746751
3.03958 1.71554
3.05912 0.795975
3.07867 0.989342
3.09822 1.40878
3.11776 0.889757
3.13731 0.941465
3.15686 0.693095
3.17641 0.696536
3.19595 1.13952
3.2155 1.13505
3.23505 1.12607
3.25459 1.02673
3.27414 1.201
3.29369 1.12268
3.31324 0.824972
3.33278 0.984268
3.35233 1.00826
3.37188 1.27481
3.39142 1.49859
3.41097 0.487451
3.43052 1.24173
3.45007 1.16309
3.46961 1.21991
3.48916 1.04777
3.50871 1.44402
3.52825 1.03455
3.5478 1.10988
3.56735 0.841407
3.58689 1.09566
3.60644 0.707856
3.62599 1.02204
3.64554 1.91896
3.66508 0.850712
3.68463 1.07526
3.70418 1.09023
3.72372 0.87314
3.74327 0.883171
3.76282 1.05974
3.78237 0.62643
3.80191 1.27914
3.82146 1.00746
3.84101 1.24405
3.86055 0.539564
3.8801 0.740704
3.89965 1.10393
3.9192 1.00514
3.93874 0.860114
3.95829 0.738342
3.97784 1.12263
3.99738 1.13341
4.01693 1.01885
4.03648 1.1894
4.05603 1.26979
4.07557 0.543811
4.09512 1.28783
4.11467 1.07417
4.13421 0.809257
4.15376 0.894154
4.17331 0.971154
4.19286 0.576777
4.2124 1.0812
4.23195 1.05988
4.2515 0.614112
4.27104 0.919097
4.29059 1.04028
4.31014 0.895423
4.32969 0.988813
4.34923 0.780493
4.36878 0.916613
4.38833 1.33882
4.40787 1.21175
4.42742 0.650609
4.44697 0.557248
4.46651 0.580807
4.48606 0.868128
4.50561 1.01229
4.52516 0.99931
4.5447 0.806136
4.56425 1.24869
4.5838 1.02914
4.60334 1.20324
4.62289 0.820762
4.64244 0.808806
4.66199 0.839304
4.68153 0.900861
4.70108 1.22539
4.72063 1.40848
4.74017 0.858579
4.75972 1.05864
4.77927 0.810137
4.79882 1.3195
4.81836 1.50689
4.83791 0.914602
4.85746 0.960673
4.877 1.17365
4.89655 1.25722
4.9161 0.984641
4.93565 0.888521
4.95519 0.738124
4.97474 0.938328
4.99429 1.08362
5.01383 1.34323
5.03338 0.969754
5.05293 1.05312
5.07248 1.54391
5.09202 0.753671
5.11157 1.12383
5.13112 0.823014
5.15066 1.10325
5.17021 0.93694
5.18976 1.02805
5.20931 0.639221
5.22885 0.926741
5.2484 1.14725
5.26795 1.01503
5.28749 0.692578
5.30704 0.802939
5.32659 0.974885
5.34613 0.584755
5.36568 1.04993
5.38523 1.05589
5.40478 1.11088
5.42432 1.22849
5.44387 0.935955
5.46342 0.753507
5.48296 0.986682
5.50251 0.831376
5.52206 0.962102
5.54161 0.965502
5.56115 0.971059
5.5807 1.15489
5.60025 0.599499
5.61979 0.965949
5.63934 0.892563
5.65889 1.20761
5.67844 0.760585
5.69798 0.598147
5.71753 1.19418
5.73708 1.1658
5.75662 1.29876
5.77617 0.724741
5.79572 0.888002
5.81527 1.27149
5.83481 0.826855
5.85436 0.794311
5.87391 1.2166
5.89345 1.28236
5.913 0.866018
5.93255 1.32976
5.9521 0.861437
5.97164 1.16882
5.99119 0.955013
6.01074 0.746438
6.03028 1.30212
6.04983 0.68529
6.06938 1.20521
6.08893 1.04504
6.10847 1.38022
6.12802 1.03486
6.14757 1.03109
6.16711 0.821113
6.18666 0.936166
6.20621 1.2348
6.22575 1.02532
6.2453 0.73661
6.26485 0.846038
6.2844 0.803057
6.30394 1.1452
6.32349 0.962584
6.34304 0.608221
6.36258 1.23303
6.38213 1.17296
6.40168 1.33999
6.42123 1.16555
6.44077 0.792365
6.46032 1.10665
6.47987 1.15656
6.49941 0.633931
6.51896 0.809973
6.53851 1.09902
6.55806 1.17702
6.5776 0.774825
6.59715 0.670167
6.6167 1.04689
6.63624 1.66951
6.65579 1.14027
6.67534 0.888801
6.69489 1.22376
6.71443 1.06979
6.73398 0.799083
6.75353 0.956476
6.77307 0.865801
6.79262 0.968299
6.81217 0.812261
6.83172 1.1168
6.85126 0.981897
6.87081 0.797339
6.89036 1.08563
6.9099 0.956211
6.92945 0.93826
6.949 1.0462
6.96855 0.787362
6.98809 0.88719
7.00764 0.989777
7.02719 0.944446
7.04673 1.07173
7.06628 0.858359
7.08583 0.765465
7.10537 1.32122
7.12492 0.87421
7.14447 0.977498
7.16402 0.980746
7.18356 0.87985
7.20311 1.16246
7.22266 1.06152
7.2422 0.86783
7.26175 1.37514
7.2813 1.18407
7.30085 0.972286
7.32039 0.870975
7.33994 1.14634
7.35949 0.853101
7.37903 0.851645
7.39858 1.28738
7.41813 0.908797
7.43768 1.04565
7.45722 1.12537
7.47677 1.08357
7.49632 1.12614
7.51586 1.05184
7.53541 0.941915
7.55496 1.13006
7.57451 0.999974
7.59405 1.06209
7.6136 0.915661
7.63315 1.36732
7.65269 0.938498
7.67224 1.5172
7.69179 1.13821
7.71134 0.990635
7.73088 1.00928
7.75043 0.743111
7.76998 0.981851
7.78952 1.12919
7.80907 0.938138
7.82862 0.966355
7.84817 1.06772
7.86771 0.790382
7.88726 0.88203
7.90681 0.567729
7.92635 0.97664
7.9459 0.763995
7.96545 0.975175
7.98499 0.959353
8.00454 0.939554
8.02409 0.873865
8.04364 0.739578
8.06318 1.03853
8.08273 0.873036
8.10228 0.925271
8.12182 0.686062
8.14137 1.14399
8.16092 1.10848
8.18047 1.01448
8.20001 0.972006
8.21956 1.15769
8.23911 1.0642
8.25865 1.0774
8.2782 0.886955
8.29775 0.932381
8.3173 1.17313
8.33684 1.20967
8.35639 1.05016
8.37594 0.880416
8.39548 1.10181
8.41503 1.08792
8.43458 1.18239
8.45413 1.28483
8.47367 1.05052
8.49322 0.751318
8.51277 0.787233
8.53231 1.02932
8.55186 0.980095
8.57141 1.14551
8.59096 1.31744
8.6105 0.822104
8.63005 0.962083
8.6496 1.13805
8.66914 0.831367
8.68869 0.78821
8.70824 1.21262
8.72779 1.15309
8.74733 1.33097
8.76688 0.673786
8.78643 0.684976
8.80597 1.08762
8.82552 0.897938
8.84507 1.14802
8.86461 1.27194
8.88416 1.1115
8.90371 0.870664
8.92326 0.871555
8.9428 0.856946
8.96235 1.01177
8.9819 0.921271
9.00144 0.838971
9.02099 0.720738
9.04054 0.984297
9.06009 0.826979
9.07963 0.774987
9.09918 1.16876
9.11873 1.18241
9.13827 1.08364
9.15782 1.08802
9.17737 0.972074
9.19692 1.17998
9.21646 0.928497
9.23601 1.01573
9.25556 1.10688
9.2751 1.03305
9.29465 0.915168
9.3142 0.715774
9.33375 1.07019
9.35329 1.34357
9.37284 0.822955
9.39239 0.998118
9.41193 0.938256
9.43148 1.05232
9.45103 0.891891
9.47058 0.993469
9.49012 0.802723
9.50967 0.954388
9.52922 1.02531
9.54876 0.89736
9.56831 0.795076
9.58786 1.26849
9.60741 1.01791
9.62695 0.882594
9.6465 0.648958
9.66605 1.19543
9.68559 0.995853
9.70514 0.906556
9.72469 1.23276
9.74423 0.903346
9.76378 1.14938
