0.0430724 0.258748
0.0563254 0.108989
0.0828315 0.181806
0.0894581 0.0862402
0.115964 0.0296526
0.122591 0.27412
0.129217 0.109453
0.149097 0.0791108
0.16235 0.121685
0.168976 0.070438
0.175603 0.0604671
0.182229 0.0255362
0.208735 0.0887538
0.221989 0.127211
0.235242 0.00736218
0.241868 0.0769387
0.248495 0.199626
0.255121 0.102726
0.261748 0.0616942
0.268374 0.084224
0.275001 0.0192492
0.288254 0.290525
0.29488 0.0486521
0.301507 0.0586912
0.31476 0.0587416
0.321386 0.0228688
0.328013 0.447222
0.334639 0.0689195
0.341266 0.0315732
0.354519 0.0746612
0.367772 0.105644
0.374399 0.139347
0.381025 0.0785486
0.387652 0.0374385
0.394278 0.0522565
0.407531 0.044372
0.414158 0.156342
0.420784 0.128327
0.427411 0.0511228
0.434037 0.0575823
0.440664 0.0596756
0.44729 0.0726871
0.453917 0.214043
0.460543 0.0707393
0.46717 0.0405326
0.473796 0.0602511
0.480423 0.0332233
0.487049 0.11042
0.500302 0.117721
0.506929 0.120508
0.513556 0.14157
0.520182 0.0386573
0.526809 0.24729
0.533435 0.0829262
0.540062 0.203772
0.546688 0.115111
0.553315 0.212716
0.559941 0.0613557
0.566568 0.126916
0.573194 0.118546
0.579821 0.381922
0.586447 0.149562
0.593074 0.324903
0.5997 0.434803
0.606327 0.323654
0.612953 0.22151
0.61958 0.328739
0.626206 0.164173
0.632833 0.589046
0.646086 0.630489
0.652713 0.578277
0.665966 0.999378
0.672592 1.47102
0.679219 1.09131
0.685845 0.943667
0.692472 1.14972
0.705725 1.11337
0.712351 0.578721
0.725604 0.99811
0.732231 1.37078
0.738857 0.647095
0.745484 0.792071
0.75211 1.53952
0.758737 1.37913
0.765363 0.574666
0.77199 1.45594
0.778616 0.632845
0.785243 1.08516
0.791869 1.26953
0.798496 1.15656
0.805123 0.980876
0.811749 0.396457
0.818376 0.772492
0.825002 0.752319
0.831629 1.06332
0.838255 0.834261
0.844882 1.15428
0.851508 0.919689
0.864761 1.05349
0.871388 0.428335
0.878014 0.455267
0.884641 0.639042
0.891267 0.463992
0.897894 0.202078
0.90452 0.891363
0.911147 0.477914
0.917773 0.39511
0.9244 0.586441
0.931026 0.481833
0.937653 0.427936
0.94428 0.433149
0.950906 0.531418
0.957533 0.32139
0.964159 0.373039
0.970786 0.53793
0.977412 0.259372
0.984039 0.531738
0.990665 0.817004
0.997292 0.329393
1.00392 0.494028
1.01054 0.478223
1.01717 0.867188
1.0238 0.501404
1.03042 0.745695
1.03705 0.380883
1.04368 0.342852
1.0503 0.907235
1.05693 0.296258
1.06356 0.768001
1.07018 0.40736
1.07681 0.523929
1.08344 0.312945
1.09006 0.653204
1.09669 0.721236
1.10332 0.707047
1.10994 0.893088
1.11657 0.872868
1.1232 0.346811
1.12982 0.706454
1.13645 1.01555
1.14308 1.20692
1.1497 0.852706
1.15633 1.0372
1.16295 0.864909
1.16958 1.07097
1.17621 1.13121
1.18283 0.65337
1.18946 1.49268
1.19609 1.26602
1.20271 1.3495
1.20934 1.13417
1.21597 1.94985
1.22259 1.21614
1.22922 1.61852
1.23585 1.37164
1.24247 1.10325
1.2491 1.43771
1.25573 1.52619
1.26235 1.68686
1.26898 1.59505
1.27561 1.79908
1.28223 1.1019
1.28886 1.32765
1.29549 2.1527
1.30211 1.85489
1.30874 1.94498
1.31536 1.89766
1.32199 2.25995
1.32862 1.32853
1.33524 1.28502
1.34187 2.26958
1.3485 2.51552
1.35512 1.46542
1.36175 0.940997
1.36838 1.61057
1.375 1.59096
1.38163 2.41404
1.38826 1.97558
1.39488 1.91529
1.40151 1.78114
1.40814 2.25611
1.41476 1.93486
1.42139 1.51728
1.42802 1.18449
1.43464 2.50466
1.44127 1.93839
1.4479 1.78849
1.45452 2.2182
1.46115 1.54153
1.46777 2.12698
1.4744 1.43791
1.48103 1.17327
1.48765 2.13925
1.49428 2.07441
1.50091 1.89612
1.50753 1.75938
1.51416 1.21269
1.52079 1.25233
1.52741 1.05544
1.53404 1.46524
1.54067 0.915586
1.54729 1.09216
1.55392 1.31447
1.56055 1.11451
1.56717 1.12118
1.5738 0.970166
1.58043 0.644456
1.58705 0.918072
1.59368 0.917363
1.60031 1.06743
1.60693 0.604692
1.61356 1.11382
1.62018 0.740975
1.62681 0.666537
1.63344 0.828907
1.64006 0.938127
1.64669 0.549258
1.65332 0.553587
1.65994 1.2826
1.66657 0.665081
1.6732 0.742372
1.67982 0.927083
1.68645 0.564758
1.69308 0.44622
1.6997 0.550362
1.70633 0.758902
1.71296 0.746537
1.71958 0.561021
1.72621 0.469497
1.73284 0.832125
1.73946 0.545063
1.74609 0.685562
1.75272 0.516555
1.75934 0.435997
1.76597 0.386909
1.77259 0.540895
1.77922 0.698909
1.78585 0.486467
1.79247 0.464941
1.7991 0.262017
1.80573 0.644514
1.81235 0.650783
1.81898 0.626751
1.82561 0.422527
1.83223 0.466761
1.83886 0.588718
1.84549 0.808574
1.85211 0.552608
1.85874 0.644077
1.86537 0.339968
1.87199 0.55435
1.87862 0.50278
1.88525 0.637594
1.89187 0.65861
1.8985 0.695351
1.90513 0.734854
1.91175 0.597959
1.91838 0.999599
1.925 0.607479
1.93163 0.423221
1.93826 0.786649
1.94488 0.929048
1.95151 0.752915
1.95814 0.487123
1.96476 0.800634
1.97139 0.747437
1.97802 1.25925
1.98464 0.565709
1.99127 0.737851
1.9979 0.619501
2.00452 0.911953
2.01115 0.688259
2.01778 0.568608
2.0244 1.10924
2.03103 1.17187
2.03766 0.937472
2.04428 0.679974
2.05091 1.3643
2.05754 0.643953
2.06416 0.344128
2.07079 0.8354
2.07741 0.882141
2.08404 1.04033
2.09067 1.48083
2.09729 0.817021
2.10392 0.695152
2.11055 1.10722
2.11717 1.11376
2.1238 1.14946
2.13043 1.11015
2.13705 1.06074
2.14368 0.717511
2.15031 1.12698
2.15693 1.24648
2.16356 1.00369
2.17019 1.11691
2.17681 0.937292
2.18344 0.847556
2.19007 0.796064
2.19669 0.991173
2.20332 1.03127
2.20995 0.919014
2.21657 1.03952
2.2232 1.10881
2.22982 1.38828
2.23645 1.08692
2.24308 1.03259
2.2497 0.936947
2.25633 1.47037
2.26296 0.947078
2.26958 1.25658
2.27621 1.13887
2.28284 1.27212
2.28946 1.62779
2.29609 1.23801
2.30272 0.797407
2.30934 0.767822
2.31597 0.877349
2.3226 1.03044
2.32922 1.47899
2.33585 0.945315
2.34248 1.05765
2.3491 0.982942
2.35573 1.10746
2.36236 0.722444
2.36898 1.01354
2.37561 0.845206
2.38223 0.888694
2.38886 1.22569
2.39549 0.976192
2.40211 0.97018
2.40874 1.08668
2.41537 1.18236
2.42199 1.03816
2.42862 1.14943
2.43525 0.917797
2.44187 0.947004
2.4485 0.810268
2.45513 0.973991
2.46175 1.02305
2.46838 1.22052
2.47501 0.849327
2.48163 1.23407
2.48826 1.23954
2.49489 0.865119
2.50151 0.985844
2.50814 1.31948
2.51477 1.69525
2.52139 1.20565
2.52802 1.08911
2.53465 1.28667
2.54127 1.03957
2.5479 1.21924
2.55452 1.33032
2.56115 1.02253
2.56778 0.823187
2.5744 0.757625
2.58103 0.922733
2.58766 1.44374
2.59428 1.05799
2.60091 1.85086
2.60754 1.05915
2.61416 0.669027
2.62079 1.07118
2.62742 1.70135
2.63404 0.854851
2.64067 1.1255
2.6473 1.01878
2.65392 1.37687
2.66055 1.43347
2.66718 1.26452
2.6738 1.09882
2.68043 0.98622
2.68706 1.15394
2.69368 1.20773
2.70031 1.22261
2.70693 0.893345
2.71356 1.35738
2.72019 0.96966
2.72681 0.671589
2.73344 1.37116
2.74007 1.15771
2.74669 1.53918
2.75332 1.06861
2.75995 1.1869
2.76657 0.968706
2.7732 0.852595
2.77983 0.864756
2.78645 1.25469
2.79308 1.35465
2.79971 0.820942
2.80633 1.28933
2.81296 1.27736
2.81959 1.16109
2.82621 1.16307
2.83284 1.30606
2.83947 0.879567
2.84609 0.841115
2.85272 0.866598
2.85934 1.21597
2.86597 0.857472
2.8726 0.742996
2.87922 1.24835
2.88585 0.835362
2.89248 1.03098
2.8991 1.43414
2.90573 0.779751
2.91236 1.0514
2.91898 1.07615
2.92561 1.00763
2.93224 0.993521
2.93886 0.939635
2.94549 1.21911
2.95212 0.987211
2.95874 0.553812
2.96537 0.609357
2.972 0.99579
2.97862 0.685088
2.98525 0.860719
2.99188 0.847122
2.9985 0.852414
3.00513 0.800622
3.01175 1.06091
3.01838 0.975629
3.02501 0.774513
3.03163 0.947686
3.03826 0.996256
3.04489 0.921914
3.05151 0.673836
3.05814 1.18624
3.06477 0.740776
3.07139 1.18924
3.07802 0.862364
3.08465 0.824671
3.09127 0.715332
3.0979 0.935897
3.10453 0.913521
3.11115 1.10846
3.11778 1.30257
3.12441 1.10334
3.13103 0.913501
3.13766 0.841951
3.14429 0.897487
3.15091 1.12545
3.15754 1.05285
3.16416 0.717922
3.17079 1.14482
3.17742 0.73849
3.18404 0.955358
3.19067 0.571825
3.1973 0.854283
3.20392 1.07948
3.21055 0.873982
3.21718 1.13213
3.2238 1.03208
3.23043 0.695119
3.23706 0.890181
3.24368 0.939617
3.25031 1.19655
3.25694 1.04059
3.26356 0.988097
3.27019 0.946403
3.27682 0.921484
3.28344 0.738894
3.29007 1.22768
3.2967 0.888716
3.30332 0.785204
3.30995 0.876394
