0.0908652 0.0110235
0.118824 0.0492096
0.174741 0.175269
0.18872 0.0357516
0.244637 0.168221
0.258616 0.0356647
0.272596 0.116215
0.314533 0.0870577
0.342492 0.0379197
0.356471 0.149677
0.370451 0.104847
0.38443 0.0963549
0.440347 0.095045
0.468305 0.128261
0.496264 0.0807325
0.510243 0.21146
0.524222 0.118672
0.538202 0.204565
0.552181 0.073601
0.56616 0.205747
0.580139 0.129262
0.608098 0.45683
0.622077 0.198946
0.636057 0.276218
0.664015 0.12307
0.677994 0.0730165
0.691974 0.830569
0.705953 0.177255
0.719932 0.359609
0.747891 0.60238
0.775849 0.418597
0.789828 0.415594
0.803808 0.285496
0.817787 0.167345
0.831766 0.653686
0.859725 1.20878
0.873704 1.11537
0.887683 0.4988
0.901663 0.443104
0.915642 0.975044
0.929621 1.09021
0.9436 1.48525
0.95758 3.86193
0.971559 1.58334
0.985538 1.73936
0.999517 2.07567
1.0135 1.46677
1.02748 0.401167
1.05543 1.26223
1.06941 0.963257
1.08339 0.979622
1.09737 0.923917
1.11135 1.42099
1.12533 1.23665
1.13931 1.36949
1.15329 0.832218
1.16727 1.31364
1.18125 1.7828
1.19523 0.799226
1.20921 1.74679
1.22319 1.79894
1.23716 1.11333
1.25114 0.683402
1.26512 1.4117
1.2791 0.674387
1.29308 0.848472
1.30706 0.698784
1.32104 1.05854
1.33502 1.63085
1.36298 1.01515
1.37696 0.862695
1.40492 1.52246
1.4189 0.739689
1.43287 2.31412
1.44685 0.559344
1.46083 1.6027
1.48879 1.10623
1.50277 0.931735
1.53073 0.678352
1.54471 1.24709
1.55869 1.31992
1.57267 1.0196
1.58665 1.49541
1.60063 0.934524
1.61461 2.01195
1.62858 1.24329
1.64256 1.15863
1.65654 0.911701
1.67052 0.988043
1.6845 1.30988
1.69848 1.98729
1.71246 1.56318
1.72644 0.897948
1.74042 1.13004
1.7544 1.3857
1.76838 1.06554
1.78236 0.230673
1.79634 0.78512
1.82429 0.697306
1.83827 1.14869
1.85225 0.831123
1.86623 1.21034
1.88021 0.826387
1.89419 0.268899
1.90817 0.208351
1.92215 0.631807
1.93613 0.597025
1.95011 0.664548
1.96409 0.619566
1.97807 0.886297
1.99205 0.45655
2.00602 0.350293
2.02 0.584477
2.03398 0.601531
2.04796 1.0365
2.06194 0.434592
2.07592 0.502235
2.0899 0.581749
2.10388 0.886497
2.11786 0.89647
2.13184 0.648193
2.14582 0.749573
2.1598 0.425098
2.17378 0.419305
2.18775 0.456477
2.20173 0.821888
2.21571 0.928121
2.22969 0.928769
2.24367 0.993451
2.25765 0.832914
2.27163 0.836705
2.28561 0.896287
2.29959 1.53511
2.31357 1.20394
2.32755 1.21856
2.34153 0.739827
2.35551 0.954261
2.36949 0.884508
2.38346 1.55503
2.39744 0.622025
2.41142 0.956824
2.4254 0.706019
2.43938 0.999871
2.45336 1.13668
2.46734 1.34223
2.48132 1.02189
2.4953 0.944657
2.50928 1.25852
2.52326 1.14681
2.53724 2.06441
2.55122 1.19277
2.5652 1.16085
2.57917 1.6042
2.59315 1.31016
2.60713 1.39486
2.62111 1.0431
2.63509 1.17881
2.64907 2.36952
2.66305 1.37641
2.67703 1.19358
2.69101 1.75472
2.70499 1.42533
2.71897 1.20313
2.73295 0.8334
2.74693 0.381067
2.7609 1.22202
2.77488 1.69199
2.78886 1.04012
2.80284 1.54128
2.81682 1.18877
2.8308 0.388114
2.84478 1.57976
2.85876 1.44178
2.87274 0.609633
2.88672 0.833476
2.9007 1.0201
2.91468 1.18065
2.92866 0.419391
2.94264 1.01442
2.95661 1.07469
2.97059 0.857076
2.98457 0.708515
2.99855 0.559004
3.01253 0.870562
3.02651 0.976717
3.04049 0.943879
3.05447 0.849938
3.06845 1.25532
3.08243 1.032
3.09641 0.739561
3.11039 1.02293
3.12437 0.556615
3.13834 0.6421
3.15232 0.681347
3.1663 0.49422
3.18028 0.726498
3.19426 0.432253
3.20824 0.881477
3.22222 0.679856
3.2362 0.652254
3.25018 0.661344
3.26416 0.893434
3.27814 0.932699
3.29212 0.983175
3.3061 1.04433
3.32008 0.758107
3.33405 0.566044
3.34803 0.986965
3.36201 1.1165
3.37599 0.661266
3.38997 0.513254
3.40395 0.765838
3.41793 0.86849
3.43191 0.982212
3.44589 0.457611
3.45987 1.03279
3.47385 0.773665
3.48783 0.608731
3.50181 0.938044
3.51579 0.917322
3.52976 1.29916
3.54374 1.17824
3.55772 0.74658
3.5717 0.89661
3.58568 0.778661
3.59966 1.26752
3.61364 0.987982
3.62762 1.17625
3.6416 0.99918
3.65558 1.27637
3.66956 1.12499
3.68354 1.33914
3.69752 0.609728
3.71149 1.26932
3.72547 0.947722
3.73945 1.20836
3.75343 1.13851
3.76741 1.29647
3.78139 0.987199
3.79537 0.959033
3.80935 0.798438
3.82333 1.49052
3.83731 1.2262
3.85129 1.34492
3.86527 1.82709
3.87925 1.58971
3.89323 0.770799
3.9072 0.851663
3.92118 1.27089
3.93516 1.40398
3.94914 1.31921
3.96312 1.29258
3.9771 1.21062
3.99108 1.93743
4.00506 1.43173
4.01904 0.944688
4.03302 1.01449
4.047 1.02774
4.06098 1.18615
4.07496 1.01038
4.08893 0.902341
4.10291 0.677313
4.11689 0.967469
4.13087 1.09303
4.14485 0.994029
4.15883 0.868315
4.17281 1.29581
4.18679 1.90405
4.20077 1.12347
4.21475 0.995179
4.22873 1.02961
4.24271 0.905362
4.25669 0.916892
4.27067 1.08412
4.28464 0.851988
4.29862 0.600636
4.3126 0.697582
4.32658 0.824462
4.34056 0.626958
4.35454 0.598053
4.36852 1.0112
4.3825 0.677665
4.39648 0.627864
4.41046 0.907628
4.42444 0.77296
4.43842 1.09912
4.4524 0.50652
4.46638 1.0473
4.48035 0.721319
4.49433 0.621526
4.50831 0.937569
4.52229 0.575245
4.53627 0.77311
4.55025 0.676432
4.56423 0.599294
4.57821 1.22886
4.59219 1.0815
4.60617 0.553103
4.62015 0.743946
4.63413 0.658786
4.64811 0.834493
4.66208 0.626376
4.67606 1.0977
4.69004 0.787206
4.70402 0.867362
4.718 0.68714
4.73198 0.860873
4.74596 0.633635
4.75994 0.781799
4.77392 0.76024
4.7879 0.94471
4.80188 1.11794
4.81586 0.89808
4.82984 1.13197
4.84382 1.12359
4.85779 1.59319
4.87177 1.13219
4.88575 0.972217
4.89973 1.0877
4.91371 0.916701
4.92769 1.56878
4.94167 1.31205
4.95565 0.769415
4.96963 1.38584
4.98361 1.06775
4.99759 1.09152
5.01157 1.33903
5.02555 1.54655
5.03952 1.20707
5.0535 1.50645
5.06748 1.32062
5.08146 1.16046
5.09544 1.16771
5.10942 1.89283
5.1234 1.5568
5.13738 1.27428
5.15136 1.16975
5.16534 1.41765
5.17932 0.789209
5.1933 1.13872
5.20728 1.09985
5.22126 1.30807
5.23523 0.987357
5.24921 0.985465
5.26319 0.773743
5.27717 0.973248
5.29115 0.76831
5.30513 1.33657
5.31911 0.928998
5.33309 0.844643
5.34707 0.892426
5.36105 1.03814
5.37503 0.904729
5.38901 0.848994
5.40299 1.25723
5.41697 0.950432
5.43094 0.647717
5.44492 1.00733
5.4589 0.730965
5.47288 1.09481
5.48686 1.00246
5.50084 0.981739
5.51482 0.84866
5.5288 1.19667
5.54278 1.15433
5.55676 0.660458
5.57074 0.840654
5.58472 1.16565
5.5987 1.01053
5.61267 0.738424
5.62665 0.973495
5.64063 0.695981
5.65461 0.655755
5.66859 0.927237
5.68257 0.793562
5.69655 0.849522
5.71053 1.05345
5.72451 1.02779
5.73849 0.750766
5.75247 0.546439
5.76645 0.989932
5.78043 0.886543
5.79441 0.462373
5.80838 0.569679
5.82236 0.824062
5.83634 1.00762
5.85032 0.801985
5.8643 0.826588
5.87828 0.979354
5.89226 0.811993
5.90624 1.19879
5.92022 0.835923
5.9342 0.920732
5.94818 0.945266
5.96216 1.42303
5.97614 0.91911
5.99012 0.768938
6.00409 0.748612
6.01807 0.985329
6.03205 0.96174
6.04603 0.872031
6.06001 0.96789
6.07399 0.858163
6.08797 0.971229
6.10195 1.08858
6.11593 1.18508
6.12991 1.07198
6.14389 1.02597
6.15787 1.16791
6.17185 1.24544
6.18582 1.25032
6.1998 1.07309
6.21378 1.23835
6.22776 0.786276
6.24174 1.04292
6.25572 1.33452
6.2697 0.94414
6.28368 1.02436
6.29766 0.994107
6.31164 1.23808
6.32562 1.17741
6.3396 1.12283
6.35358 1.35025
6.36756 1.3173
6.38153 1.22915
6.39551 1.23612
6.40949 1.27607
6.42347 0.90746
6.43745 1.08123
6.45143 1.18743
6.46541 1.2381
6.47939 1.1804
6.49337 0.991818
6.50735 0.92892
6.52133 0.904573
6.53531 1.38233
6.54929 1.15495
6.56326 1.31448
6.57724 1.33929
6.59122 1.49324
6.6052 1.01264
6.61918 0.975733
6.63316 0.915836
6.64714 0.972332
6.66112 0.815459
6.6751 1.11601
6.68908 0.722277
6.70306 1.17787
6.71704 1.0609
6.73102 1.15486
6.745 1.0543
6.75897 0.985051
6.77295 0.746523
6.78693 0.559112
6.80091 0.805872
6.81489 0.981715
6.82887 0.820443
6.84285 0.632614
6.85683 0.838372
6.87081 0.856756
6.88479 0.985231
6.89877 1.14929
6.91275 0.788908
6.92673 0.88687
6.94071 0.703092
6.95468 0.920319
6.96866 0.457056
6.98264 0.980575
