0.160475 0.039503
0.209853 0.17089
0.308607 0.578327
0.333295 0.119709
0.432049 0.627224
0.456738 0.149482
0.481426 0.476861
0.555492 0.329421
0.604869 0.120135
0.629558 0.628344
0.654246 0.445059
0.678935 0.429541
0.777689 0.409659
0.827066 0.656271
0.876443 0.85655
0.901132 1.03668
0.92582 0.433822
0.950509 0.180332
0.975197 0.786198
0.999886 0.574548
1.02457 0.791066
1.07395 1.89578
1.09864 1.78768
1.12333 2.2404
1.17271 1.05403
1.19739 0.181788
1.22208 0.73035
1.24677 1.50081
1.27146 1.62143
1.32084 1.07999
1.37021 1.15431
1.3949 1.6403
1.41959 0.429269
1.44428 1.53026
1.46897 1.33997
1.51834 0.611244
1.54303 0.691837
1.56772 1.00833
1.59241 1.67819
1.6171 0.526809
1.64179 0.67184
1.66648 0.391917
1.69116 1.25511
1.71585 0.763809
1.74054 1.90077
1.76523 0.773521
1.78992 0.906929
1.81461 0.350406
1.86398 1.45608
1.88867 0.633918
1.91336 0.321604
1.93805 1.58725
1.96274 1.90749
1.98743 0.593922
2.01212 1.0108
2.0368 0.773014
2.06149 0.81241
2.08618 0.809819
2.11087 0.599747
2.13556 2.25165
2.16025 1.50806
2.18494 1.40243
2.20962 0.928455
2.23431 0.58476
2.259 0.795482
2.28369 1.27799
2.30838 0.969516
2.33307 0.84287
2.35776 1.63025
2.40713 0.686823
2.43182 0.993349
2.4812 1.21467
2.50589 0.64844
2.53057 1.95191
2.55526 0.440815
2.57995 1.38079
2.62933 0.781394
2.65402 0.895311
2.70339 0.705137
2.72808 0.897759
2.75277 0.674738
2.77746 1.14927
2.80215 0.447344
2.82684 1.0101
2.85153 1.06465
2.87621 0.82272
2.9009 0.81712
2.92559 1.03311
2.95028 1.13345
2.97497 1.048
2.99966 1.4768
3.02435 0.812686
3.04903 0.992312
3.07372 0.802415
3.09841 1.07022
3.1231 0.917362
3.14779 1.34746
3.17248 1.02562
3.22185 1.10847
3.24654 1.02575
3.27123 0.727387
3.29592 1.49808
3.32061 0.838723
3.3453 0.624129
3.36999 1.12397
3.39467 0.902374
3.41936 1.26943
3.44405 1.06432
3.46874 0.608926
3.49343 1.18864
3.51812 1.1643
3.5428 0.980522
3.56749 1.00133
3.59218 1.28266
3.61687 0.953838
3.64156 0.718159
3.66625 0.864604
3.69094 1.01853
3.71562 0.854501
3.74031 1.03423
3.765 0.983341
3.78969 0.939368
3.81438 0.705929
3.83907 0.844916
3.86376 1.07436
3.88844 1.15146
3.91313 1.26596
3.93782 1.24519
3.96251 0.885391
3.9872 0.704603
4.01189 0.974536
4.03658 0.39906
4.06126 1.3591
4.08595 1.77326
4.11064 0.897894
4.13533 1.20163
4.16002 0.87231
4.18471 0.35236
4.2094 1.06387
4.23408 0.820997
4.25877 1.02432
4.28346 1.1775
4.30815 0.933612
4.33284 1.3132
4.35753 1.01683
4.38222 1.0718
4.4069 0.916689
4.43159 0.805609
4.45628 0.64426
4.48097 1.07917
4.50566 1.14313
4.53035 0.696581
4.55503 1.35023
4.57972 1.10561
4.60441 0.940771
4.6291 0.814833
4.65379 0.884219
4.67848 1.75373
4.70317 0.845878
4.72785 1.0249
4.75254 1.17137
4.77723 0.99269
4.80192 0.863836
4.82661 0.615985
4.8513 0.93143
4.87599 0.837381
4.90067 1.10994
4.92536 1.25719
4.95005 1.3011
4.97474 0.846158
4.99943 0.958317
5.02412 1.15951
5.04881 1.01814
5.07349 0.646891
5.09818 0.636365
5.12287 0.904907
5.14756 1.07853
5.17225 0.761465
5.19694 0.748984
5.22163 1.51939
5.24631 1.37124
5.271 1.08785
5.29569 0.844975
5.32038 1.05638
5.34507 0.751363
5.36976 0.652868
5.39445 0.782146
5.41913 0.993742
5.44382 1.01195
5.46851 0.863368
5.4932 0.959047
5.51789 1.19673
5.54258 1.11731
5.56726 0.82601
5.59195 1.24897
5.61664 1.12803
5.64133 0.653115
5.66602 0.961105
5.69071 0.752853
5.7154 0.909536
5.74008 1.11311
5.76477 1.56345
5.78946 1.08809
5.81415 0.96962
5.83884 0.728795
5.86353 1.30512
5.88822 0.900256
5.9129 1.50331
5.93759 0.743133
5.96228 0.996253
5.98697 0.836218
6.01166 1.15018
6.03635 1.20615
6.06104 1.24785
6.08572 0.734902
6.11041 0.66447
6.1351 1.18895
6.15979 1.31785
6.18448 0.805383
6.20917 0.856863
6.23386 1.16385
6.25854 0.879206
6.28323 0.833097
6.30792 0.813078
6.33261 0.980888
6.3573 0.899703
6.38199 0.72807
6.40668 0.83702
6.43136 0.740621
6.45605 1.0138
6.48074 1.50943
6.50543 1.17008
6.53012 0.447828
6.55481 0.628245
6.57949 1.12424
6.60418 0.771535
6.62887 1.26165
6.65356 1.05709
6.67825 1.25126
6.70294 0.701183
6.72763 0.759836
6.75231 1.05041
6.777 1.10999
6.80169 0.965466
6.82638 1.16702
6.85107 0.935771
6.87576 0.536681
6.90045 0.712549
6.92513 0.837921
6.94982 1.39308
6.97451 0.903875
6.9992 1.29421
7.02389 1.0917
7.04858 1.50448
7.07327 1.05786
7.09795 1.05968
7.12264 1.03708
7.14733 1.36792
7.17202 0.779136
7.19671 0.907488
7.2214 0.73264
7.24609 0.373037
7.27077 0.801272
7.29546 1.33043
7.32015 1.20478
7.34484 1.49564
7.36953 0.951484
7.39422 1.5673
7.41891 0.931611
7.44359 1.04204
7.46828 1.21595
7.49297 1.00813
7.51766 0.972695
7.54235 0.992236
7.56704 0.826239
7.59172 1.29232
7.61641 0.781629
7.6411 0.985943
7.66579 1.11883
7.69048 0.55159
7.71517 0.664365
7.73986 0.721329
7.76454 1.06708
7.78923 1.24253
7.81392 1.19485
7.83861 1.17789
7.8633 0.970974
7.88799 1.04313
7.91268 0.864581
7.93736 0.734926
7.96205 0.817068
7.98674 0.632294
8.01143 1.07883
8.03612 1.09535
8.06081 1.42055
8.0855 1.14325
8.11018 1.593
8.13487 1.12464
8.15956 0.942012
8.18425 0.63821
8.20894 0.902793
8.23363 0.905491
8.25832 0.770892
8.283 0.987614
8.30769 1.4
8.33238 0.912331
8.35707 1.31763
8.38176 0.771063
8.40645 0.7997
8.43114 1.05136
8.45582 1.24261
8.48051 0.837518
8.5052 0.872135
8.52989 0.830424
8.55458 0.990182
8.57927 0.83872
8.60395 0.799463
8.62864 0.942522
8.65333 0.965442
8.67802 0.919976
8.70271 0.982579
8.7274 1.19125
8.75209 0.716165
8.77677 0.920314
8.80146 0.773492
8.82615 1.01005
8.85084 1.47293
8.87553 1.32095
8.90022 0.982317
8.92491 1.30622
8.94959 0.847871
8.97428 0.984916
8.99897 0.883764
9.02366 0.949614
9.04835 1.03735
9.07304 1.07378
9.09773 0.952023
9.12241 0.718535
9.1471 0.901517
9.17179 1.07178
9.19648 0.918902
9.22117 0.694127
9.24586 0.848018
9.27055 1.33734
9.29523 0.736102
9.31992 1.17718
9.34461 0.95298
9.3693 1.23256
9.39399 1.1138
9.41868 0.948253
9.44337 0.945067
9.46805 1.06572
9.49274 1.03761
9.51743 0.966471
9.54212 1.13654
9.56681 0.925653
9.5915 0.917814
9.61618 1.14366
9.64087 1.07349
9.66556 0.970353
9.69025 1.18117
9.71494 1.22589
9.73963 0.965043
9.76432 1.01193
9.789 0.973053
9.81369 0.8084
9.83838 0.651224
9.86307 1.34242
9.88776 1.10528
9.91245 0.8122
9.93714 0.988489
9.96182 0.875837
9.98651 0.978085
10.0112 0.980625
10.0359 1.04169
10.0606 0.988499
10.0853 1.01805
10.11 0.85648
10.1346 1.44704
10.1593 0.705049
10.184 1.18364
10.2087 0.881538
10.2334 0.735632
10.2581 0.81074
10.2828 0.991422
10.3075 0.994524
10.3322 0.897123
10.3568 1.12034
10.3815 1.15321
10.4062 0.943338
10.4309 1.09813
10.4556 0.94468
10.4803 0.984852
10.505 0.927717
10.5297 1.01838
10.5543 1.21228
10.579 1.26789
10.6037 0.896095
10.6284 1.18193
10.6531 0.914929
10.6778 0.717849
10.7025 1.02373
10.7272 0.871412
10.7519 1.0092
10.7765 0.987727
10.8012 1.23268
10.8259 0.913951
10.8506 1.0172
10.8753 1.03701
10.9 1.00477
10.9247 1.06015
10.9494 1.29694
10.9741 0.800221
10.9987 0.775512
11.0234 0.964625
11.0481 1.09571
11.0728 0.987936
11.0975 0.88433
11.1222 0.961477
11.1469 0.930067
11.1716 0.983659
11.1963 0.912317
11.2209 1.75319
11.2456 0.797119
11.2703 1.18127
11.295 0.857871
11.3197 1.01944
11.3444 0.782115
11.3691 0.872717
11.3938 1.01898
11.4184 0.890405
11.4431 0.770118
11.4678 1.04266
11.4925 0.935696
11.5172 1.06384
11.5419 0.713988
11.5666 0.947989
11.5913 1.16892
11.616 1.12801
11.6406 1.74516
11.6653 1.27456
11.69 1.04793
11.7147 0.902619
11.7394 0.967004
11.7641 1.0052
11.7888 1.31852
11.8135 0.92589
11.8382 0.817562
11.8628 0.924189
11.8875 1.12578
11.9122 0.695752
11.9369 1.18676
11.9616 1.13341
11.9863 0.823389
12.011 1.01396
12.0357 0.857526
12.0603 0.941263
12.085 0.711095
12.1097 1.03223
12.1344 1.62276
12.1591 1.25265
12.1838 0.898907
12.2085 0.732907
12.2332 0.977954
12.2579 0.826343
12.2825 0.87144
12.3072 1.02847
12.3319 0.973569
