0.11024 0.00011642
0.14416 0.000242444
0.212 0.000339809
0.22896 0.000253128
0.296799 0.00228436
0.313759 0.00249288
0.330719 0.0100346
0.381599 0.0054732
0.415519 0.00784322
0.432479 0.0101408
0.449439 0.00710647
0.466399 0.0106275
0.534239 0.0212794
0.568159 0.0419892
0.602079 0.17045
0.619039 0.100621
0.635999 0.039885
0.652959 0.232448
0.669919 0.143892
0.686879 0.0118136
0.703839 0.201598
0.737759 0.0323744
0.754718 0.20422
0.771678 0.276202
0.805598 0.217539
0.822558 0.134938
0.839518 1.07641
0.856478 0.68571
0.873438 1.549
0.907358 1.71302
0.941278 1.77782
0.958238 1.91677
0.975198 0.746169
0.992158 0.952362
1.00912 1.31915
1.04304 2.27797
1.06 2.21406
1.07696 1.24526
1.09392 1.63547
1.11088 1.7041
1.12784 1.48806
1.1448 2.76449
1.16176 3.56209
1.17872 2.0704
1.19568 2.87026
1.21264 1.66274
1.2296 1.86767
1.24656 0.661001
1.28048 0.773408
1.29744 0.920856
1.3144 0.972611
1.33136 0.572955
1.34832 0.666975
1.36528 0.879588
1.38224 0.827955
1.3992 0.382597
1.41616 0.895395
1.43312 1.24735
1.45008 0.593163
1.46704 0.686768
1.484 0.997444
1.50096 0.708177
1.51792 0.503421
1.53488 1.2883
1.55184 0.258749
1.5688 0.650371
1.58576 0.391381
1.60272 0.535006
1.61968 0.742778
1.6536 0.837397
1.67056 0.462053
1.70448 0.817937
1.72144 0.481253
1.7384 1.21068
1.75536 0.469153
1.77232 0.713369
1.80624 0.818288
1.8232 0.620035
1.85712 0.445225
1.87408 1.04696
1.89104 0.993857
1.908 0.633717
1.92496 2.01461
1.94192 0.82426
1.95888 1.82172
1.97584 1.09969
1.9928 1.20232
2.00976 1.07911
2.02672 0.678538
2.04368 1.18762
2.06064 1.6068
2.0776 1.09138
2.09456 0.940308
2.11152 1.10464
2.12848 1.41897
2.14544 1.58131
2.1624 0.484891
2.17936 1.64122
2.21328 1.00291
2.23024 1.5645
2.2472 1.25155
2.26416 1.36016
2.28112 1.00383
2.29808 0.533035
2.31504 0.594632
2.332 0.896326
2.34896 1.243
2.36592 1.33903
2.38288 0.826672
2.39984 0.915394
2.4168 0.755204
2.43376 0.67273
2.45072 0.977735
2.46768 1.41175
2.48464 1.226
2.50159 0.458261
2.51855 0.514028
2.53551 0.779359
2.55247 1.2142
2.56943 1.16996
2.58639 0.800144
2.60335 1.1789
2.62031 0.748765
2.63727 0.761419
2.65423 0.583368
2.67119 1.1973
2.68815 0.658106
2.70511 0.737547
2.72207 0.731959
2.73903 1.54971
2.75599 0.896302
2.77295 1.30596
2.78991 1.3448
2.80687 0.700524
2.82383 0.8981
2.84079 0.68992
2.85775 1.13137
2.87471 0.769389
2.89167 1.18517
2.90863 0.485243
2.92559 1.03027
2.94255 0.586352
2.95951 1.01335
2.97647 0.791835
2.99343 1.08521
3.01039 0.642903
3.02735 1.02915
3.04431 1.20257
3.06127 0.89837
3.07823 1.59057
3.09519 0.763157
3.11215 1.09616
3.12911 1.36797
3.14607 1.21302
3.16303 0.964637
3.17999 0.840818
3.19695 0.800506
3.21391 1.26134
3.23087 1.12841
3.24783 0.903683
3.26479 1.62356
3.28175 0.928778
3.29871 0.997152
3.31567 1.0876
3.33263 0.375356
3.34959 0.981329
3.36655 1.59999
3.38351 0.878918
3.40047 1.10077
3.41743 0.986814
3.43439 0.850956
3.45135 1.31755
3.46831 1.66187
3.48527 0.375651
3.50223 0.819598
3.51919 0.904483
3.53615 0.998278
3.55311 0.654138
3.57007 0.9407
3.58703 0.941191
3.60399 0.927135
3.62095 0.671918
3.63791 0.999401
3.65487 0.96646
3.67183 1.16305
3.68879 1.13215
3.70575 1.07516
3.72271 1.37467
3.73967 1.13344
3.75663 0.744589
3.77359 0.919136
3.79055 0.951445
3.80751 0.831817
3.82447 0.919545
3.84143 1.24827
3.85839 1.59027
3.87535 0.92981
3.89231 1.16885
3.90927 1.12376
3.92623 0.863785
3.94319 1.05934
3.96015 0.59511
3.97711 1.19747
3.99407 1.06045
4.01103 1.01162
4.02799 0.896841
4.04495 0.731584
4.06191 1.03143
4.07887 1.18137
4.09583 1.03042
4.11279 0.527872
4.12975 0.795696
4.14671 0.994221
4.16367 0.847352
4.18063 0.671531
4.19759 1.3094
4.21455 0.837433
4.23151 0.883206
4.24847 1.21561
4.26543 0.75084
4.28239 1.01254
4.29935 1.24388
4.31631 0.914837
4.33327 0.695436
4.35023 0.637198
4.36719 1.01848
4.38415 0.998379
4.40111 0.938792
4.41807 1.13193
4.43503 1.36583
4.45199 0.794814
4.46895 1.36654
4.48591 0.407476
4.50287 1.45205
4.51983 0.654574
4.53679 1.10529
4.55375 0.897506
4.57071 1.1443
4.58767 0.559589
4.60463 1.01612
4.62159 0.892712
4.63855 1.09942
4.65551 1.02722
4.67247 0.995121
4.68943 1.35223
4.70639 1.15283
4.72335 0.792883
4.74031 0.857367
4.75727 1.21388
4.77423 0.895436
4.79119 1.0897
4.80815 1.13272
4.82511 0.80274
4.84207 1.262
4.85903 1.18862
4.87599 0.959236
4.89295 1.01051
4.90991 0.772428
4.92687 1.06427
4.94383 0.824229
4.96079 0.74304
4.97775 0.910703
4.99471 1.27768
5.01167 0.936054
5.02863 0.938591
5.04559 0.758369
5.06255 1.2107
5.07951 1.52626
5.09647 0.998365
5.11343 1.05127
5.13039 1.27154
5.14735 0.944568
5.16431 0.891644
5.18127 1.37768
5.19823 0.932545
5.21519 0.695384
5.23215 0.887575
5.24911 1.19882
5.26607 0.675855
5.28303 0.753114
5.29999 1.13531
5.31695 1.12141
5.33391 0.70733
5.35087 1.05057
5.36783 0.95065
5.38479 0.954928
5.40175 0.844285
5.41871 1.31896
5.43567 1.14263
5.45263 0.951863
5.46959 0.976296
5.48655 0.723903
5.50351 0.908413
5.52047 0.800192
5.53743 1.10575
5.55439 1.07597
5.57135 0.846729
5.58831 0.804375
5.60527 0.892226
5.62223 0.86793
5.63919 1.07587
5.65615 0.730357
5.67311 1.36997
5.69007 0.955832
5.70703 0.730958
5.72399 0.939167
5.74095 0.827345
5.75791 1.22017
5.77487 0.99462
5.79183 0.829046
5.80879 1.32446
5.82575 1.16766
5.84271 1.11355
5.85967 1.16562
5.87663 1.1067
5.89359 1.45654
5.91055 1.1022
5.92751 0.955962
5.94447 0.992253
5.96143 1.03619
5.97839 1.34411
5.99535 1.29204
6.01231 0.789915
6.02927 0.931817
6.04623 1.04371
6.06319 0.710831
6.08015 1.02599
6.09711 1.23337
6.11407 0.85981
6.13103 1.15526
6.14799 1.17278
6.16495 0.997255
6.18191 1.08907
6.19887 1.48207
6.21583 1.21566
6.23279 0.963102
6.24975 1.05923
6.26671 1.24042
6.28367 0.60334
6.30063 0.825179
6.31759 0.923793
6.33455 1.14596
6.35151 1.01301
6.36847 0.777522
6.38543 0.717549
6.40239 0.965743
6.41935 0.576178
6.43631 0.840594
6.45327 0.964108
6.47023 0.994829
6.48719 0.969341
6.50415 0.966503
6.52111 1.21039
6.53807 0.677227
6.55503 1.17967
6.57199 0.842244
6.58895 0.932258
6.60591 0.968023
6.62287 0.749571
6.63983 0.887368
6.65679 1.02344
6.67375 0.835778
6.69071 0.870554
6.70767 1.0905
6.72463 1.54555
6.74159 0.844143
6.75855 0.990108
6.77551 1.00944
6.79247 0.916278
6.80943 1.11332
6.82639 1.02043
6.84335 0.800406
6.86031 0.694212
6.87727 1.16108
6.89423 1.04327
6.91119 1.09227
6.92815 1.27011
6.94511 1.45302
6.96207 1.16488
6.97903 0.888489
6.99599 1.21768
7.01295 1.27738
7.02991 0.684726
7.04687 0.781691
7.06383 1.13031
7.08079 1.282
7.09775 0.971639
7.11471 1.08555
7.13167 1.25033
7.14863 1.07867
7.16559 1.01597
7.18255 1.11155
7.19951 1.11804
7.21647 1.07143
7.23343 1.12541
7.25039 0.845224
7.26735 0.828007
7.28431 1.09334
7.30127 0.903456
7.31823 1.00291
7.33519 0.844411
7.35215 0.94754
7.36911 0.884793
7.38607 0.993111
7.40303 1.02523
7.41999 0.805081
7.43695 0.89605
7.45391 0.8476
7.47087 0.830568
7.48783 1.06937
7.50478 1.14147
7.52174 0.742033
7.5387 1.28318
7.55566 0.676006
7.57262 0.894447
7.58958 1.01486
7.60654 0.629015
7.6235 1.15077
7.64046 0.81982
7.65742 1.0845
7.67438 0.96208
7.69134 1.00635
7.7083 0.72936
7.72526 1.08714
7.74222 0.982476
7.75918 1.3494
7.77614 1.09671
7.7931 0.979235
7.81006 0.894302
7.82702 0.946527
7.84398 1.05062
7.86094 1.14201
7.8779 0.930655
7.89486 0.822211
7.91182 0.72152
7.92878 1.47415
7.94574 1.07096
7.9627 1.06843
7.97966 1.42029
7.99662 0.914812
8.01358 0.927086
8.03054 1.00612
8.0475 0.75213
8.06446 0.868155
8.08142 1.05642
8.09838 0.946897
8.11534 0.755877
8.1323 1.35878
8.14926 1.09406
8.16622 0.946245
8.18318 1.28342
8.20014 0.983315
8.2171 0.987425
8.23406 0.57428
8.25102 0.946639
8.26798 1.36317
8.28494 0.754275
8.3019 0.889907
8.31886 0.968378
8.33582 1.57869
8.35278 0.874579
8.36974 1.62353
8.3867 0.957939
8.40366 1.20606
8.42062 1.05233
8.43758 1.0642
8.45454 0.942057
8.4715 1.11015
