0.107843 0.0727903
0.141025 0.0442007
0.20739 0.0658765
0.223982 0.0837597
0.290346 0.226397
0.306938 0.0918665
0.323529 0.0665059
0.373303 0.10817
0.406485 0.10875
0.423076 0.164858
0.439668 0.174569
0.456259 0.283124
0.522624 0.245549
0.555806 0.283938
0.588989 0.277752
0.60558 0.18622
0.622171 0.434386
0.638762 0.283299
0.655353 0.18661
0.671945 0.261074
0.688536 0.475874
0.721718 1.21472
0.73831 0.216009
0.754901 0.335215
0.788083 0.571469
0.804675 0.765111
0.821266 0.490299
0.837857 0.581057
0.854448 1.13536
0.887631 0.951458
0.920813 0.309594
0.937404 1.09495
0.953996 0.739235
0.970587 1.00468
0.987178 1.45714
1.02036 0.862237
1.03695 1.24767
1.05354 0.825455
1.07013 2.06088
1.08673 0.765573
1.10332 0.986509
1.11991 1.81223
1.1365 0.715838
1.15309 1.80763
1.16968 2.25692
1.18627 0.506611
1.20286 1.08574
1.21946 1.89611
1.25264 1.30783
1.26923 0.945608
1.28582 0.564452
1.30241 0.635877
1.319 1.51303
1.33559 1.45149
1.35219 1.7787
1.36878 1.65877
1.38537 2.04436
1.40196 1.7555
1.41855 1.24135
1.43514 0.499909
1.45173 0.916603
1.46832 1.45533
1.48491 1.1254
1.50151 1.38476
1.5181 1.26386
1.53469 0.932418
1.55128 1.22125
1.56787 0.617077
1.58446 1.08538
1.61764 1.23489
1.63424 0.842997
1.66742 0.837986
1.68401 0.826723
1.7006 0.230151
1.71719 0.922544
1.73378 0.531833
1.76697 0.602518
1.78356 0.48544
1.81674 0.941599
1.83333 0.862603
1.84992 0.833621
1.86651 0.678355
1.8831 1.14403
1.8997 0.989584
1.91629 0.501029
1.93288 0.686099
1.94947 0.962039
1.96606 0.764427
1.98265 0.365671
1.99924 0.853746
2.01583 0.881702
2.03243 0.661797
2.04902 0.875719
2.06561 1.53638
2.0822 1.18116
2.09879 1.33449
2.11538 0.767608
2.13197 0.753258
2.16516 0.688649
2.18175 1.11048
2.19834 0.707358
2.21493 1.59329
2.23152 1.46033
2.24811 0.931272
2.2647 0.77509
2.28129 0.793775
2.29788 1.29715
2.31448 1.16453
2.33107 1.70712
2.34766 1.49476
2.36425 1.06803
2.38084 0.424575
2.39743 0.963638
2.41402 0.514486
2.43061 1.11641
2.44721 1.38545
2.4638 1.58534
2.48039 1.25589
2.49698 0.973057
2.51357 0.782134
2.53016 0.832974
2.54675 1.451
2.56334 1.30177
2.57994 1.31771
2.59653 0.964442
2.61312 1.77037
2.62971 1.62292
2.6463 1.03469
2.66289 1.21619
2.67948 1.18429
2.69607 0.856873
2.71267 0.738623
2.72926 0.984919
2.74585 0.698248
2.76244 0.851842
2.77903 1.18739
2.79562 0.878143
2.81221 0.705273
2.8288 0.8561
2.8454 0.996018
2.86199 0.925985
2.87858 1.47451
2.89517 1.11527
2.91176 1.04538
2.92835 1.27886
2.94494 0.980163
2.96153 1.35352
2.97813 1.06953
2.99472 0.993391
3.01131 1.21297
3.0279 0.858075
3.04449 0.600439
3.06108 0.988522
3.07767 1.46515
3.09426 0.885098
3.11086 0.769624
3.12745 0.620429
3.14404 0.728717
3.16063 1.09072
3.17722 0.931837
3.19381 0.718952
3.2104 1.56082
3.22699 1.12105
3.24358 0.516414
3.26018 0.984558
3.27677 0.644068
3.29336 0.854852
3.30995 1.32742
3.32654 0.614494
3.34313 1.11723
3.35972 1.18039
3.37631 0.77516
3.39291 0.663255
3.4095 0.618813
3.42609 0.741263
3.44268 1.01384
3.45927 0.896923
3.47586 1.29159
3.49245 1.71477
3.50904 0.664656
3.52564 0.806058
3.54223 1.2707
3.55882 0.940937
3.57541 0.884495
3.592 1.57014
3.60859 1.16722
3.62518 0.976611
3.64177 0.797028
3.65837 1.03619
3.67496 1.14805
3.69155 0.72993
3.70814 0.844435
3.72473 1.39209
3.74132 1.11441
3.75791 0.714259
3.7745 1.03074
3.7911 1.3532
3.80769 0.813892
3.82428 0.919121
3.84087 0.820511
3.85746 0.863415
3.87405 1.22732
3.89064 0.815314
3.90723 0.836808
3.92383 1.74734
3.94042 0.938116
3.95701 1.99092
3.9736 1.13538
3.99019 1.08855
4.00678 0.779295
4.02337 0.980029
4.03996 0.838228
4.05656 0.801335
4.07315 1.14965
4.08974 0.768387
4.10633 1.07666
4.12292 1.03086
4.13951 1.35381
4.1561 0.842173
4.17269 1.00743
4.18928 1.20462
4.20588 0.838304
4.22247 1.24705
4.23906 1.05533
4.25565 0.750072
4.27224 1.10168
4.28883 1.29246
4.30542 1.29712
4.32201 0.891199
4.33861 1.13587
4.3552 0.951454
4.37179 0.965162
4.38838 0.864984
4.40497 0.690846
4.42156 0.915764
4.43815 1.08219
4.45474 0.994636
4.47134 0.98883
4.48793 1.01828
4.50452 0.882698
4.52111 1.20663
4.5377 1.14486
4.55429 1.61929
4.57088 1.09592
4.58747 0.835105
4.60407 1.05433
4.62066 1.33934
4.63725 1.01346
4.65384 1.00357
4.67043 0.522093
4.68702 1.03134
4.70361 0.623708
4.7202 1.08232
4.7368 0.770697
4.75339 0.864717
4.76998 0.961921
4.78657 0.961974
4.80316 0.863802
4.81975 0.830662
4.83634 0.982588
4.85293 1.0837
4.86953 0.896205
4.88612 1.05759
4.90271 1.23936
4.9193 1.03878
4.93589 0.714329
4.95248 1.1038
4.96907 0.915466
4.98566 1.23701
5.00225 0.960782
5.01885 0.814939
5.03544 0.730474
5.05203 0.956736
5.06862 1.18982
5.08521 1.01016
5.1018 1.12948
5.11839 1.29433
5.13498 0.713038
5.15158 0.510815
5.16817 1.04729
5.18476 1.10909
5.20135 1.17403
5.21794 0.809366
5.23453 0.961619
5.25112 0.870525
5.26771 1.62549
5.28431 0.988285
5.3009 0.883979
5.31749 0.930169
5.33408 0.930655
5.35067 1.15098
5.36726 0.76024
5.38385 1.13607
5.40044 0.897247
5.41704 0.90826
5.43363 1.07426
5.45022 1.03367
5.46681 0.722629
5.4834 1.26714
5.49999 1.0597
5.51658 1.08957
5.53317 0.900764
5.54977 1.10365
5.56636 1.17623
5.58295 1.17525
5.59954 1.01628
5.61613 0.92389
5.63272 0.746178
5.64931 0.95906
5.6659 0.860698
5.6825 0.96031
5.69909 1.32292
5.71568 0.870808
5.73227 1.0446
5.74886 1.09809
5.76545 1.14498
5.78204 0.994844
5.79863 1.14514
5.81523 0.593586
5.83182 1.23895
5.84841 0.969101
5.865 0.805344
5.88159 0.749758
5.89818 1.28552
5.91477 0.960448
5.93136 0.901703
5.94795 0.927181
5.96455 0.909063
5.98114 0.983948
5.99773 0.993597
6.01432 1.09419
6.03091 0.955118
6.0475 0.671414
6.06409 1.10252
6.08068 0.860845
6.09728 1.01226
6.11387 1.21789
6.13046 1.19199
6.14705 1.17405
6.16364 1.34049
6.18023 1.14472
6.19682 0.903543
6.21341 0.766869
6.23001 0.968279
6.2466 1.05762
6.26319 1.14162
6.27978 0.766477
6.29637 0.772391
6.31296 0.87651
6.32955 1.21874
6.34614 1.38588
6.36274 1.07969
6.37933 0.40282
6.39592 0.998847
6.41251 1.05766
6.4291 0.703116
6.44569 0.795667
6.46228 0.884808
6.47887 1.1912
6.49547 0.944291
6.51206 0.624258
6.52865 0.990655
6.54524 0.852058
6.56183 0.993928
6.57842 0.999657
6.59501 0.892775
6.6116 0.948796
6.6282 0.890631
6.64479 0.998669
6.66138 0.815546
6.67797 0.907576
6.69456 1.28566
6.71115 1.0361
6.72774 1.12092
6.74433 1.24855
6.76093 0.810549
6.77752 0.906401
6.79411 0.983486
6.8107 1.21415
6.82729 1.06425
6.84388 0.737322
6.86047 1.08934
6.87706 1.55025
6.89365 1.13529
6.91025 0.938402
6.92684 0.809424
6.94343 1.49496
6.96002 0.972196
6.97661 1.1391
6.9932 1.24108
7.00979 1.1917
7.02638 0.761785
7.04298 1.18033
7.05957 1.02456
7.07616 0.75151
7.09275 0.940294
7.10934 0.932493
7.12593 0.925224
7.14252 1.2417
7.15911 1.0277
7.17571 1.12424
7.1923 1.01209
7.20889 1.47501
7.22548 0.894311
7.24207 0.873098
7.25866 0.873286
7.27525 0.99057
7.29184 0.976295
7.30844 1.10287
7.32503 1.0351
7.34162 0.922321
7.35821 0.865903
7.3748 0.829455
7.39139 0.894403
7.40798 0.815117
7.42457 0.994055
7.44117 0.693352
7.45776 0.805662
7.47435 1.00023
7.49094 1.22606
7.50753 0.872173
7.52412 0.775556
7.54071 1.29229
7.5573 1.09175
7.5739 0.89819
7.59049 1.02395
7.60708 1.0329
7.62367 1.21995
7.64026 0.980289
7.65685 1.07791
7.67344 0.885854
7.69003 0.656919
7.70662 1.16457
7.72322 0.909208
7.73981 0.764408
7.7564 1.12741
7.77299 1.04127
7.78958 0.699777
7.80617 1.02254
7.82276 1.10899
7.83935 1.10626
7.85595 1.07196
7.87254 1.42789
7.88913 0.868064
7.90572 1.21894
7.92231 1.04587
7.9389 0.827855
7.95549 0.90453
7.97208 1.34077
7.98868 0.957649
8.00527 0.951177
8.02186 0.761084
8.03845 1.27752
8.05504 1.05897
8.07163 0.918183
8.08822 1.30877
8.10481 0.921992
8.12141 1.10413
8.138 0.997409
8.15459 1.26678
8.17118 1.39364
8.18777 0.920625
8.20436 1.24962
8.22095 0.824289
8.23754 1.22158
8.25414 1.0183
8.27073 1.1498
8.28732 1.21575
