0.0760523 0.549365
0.099453 0.241247
0.146254 0.337337
0.157955 0.106273
0.204756 0.0969426
0.216457 0.315124
0.228157 0.0689107
0.263258 0.0503524
0.286659 0.421911
0.298359 0.0600206
0.31006 0.125865
0.32176 0.0355296
0.368561 0.126998
0.391962 0.0468373
0.415363 0.0270085
0.427063 0.0367816
0.438763 0.354005
0.450464 0.0871476
0.462164 0.0327955
0.473865 0.0422709
0.485565 0.0939436
0.508966 0.305762
0.520666 0.081212
0.532366 0.0460786
0.555767 0.0743955
0.567467 0.0679111
0.579168 0.10719
0.590868 0.128605
0.602568 0.447509
0.625969 0.283739
0.64937 1.6228
0.66107 1.06015
0.672771 1.16316
0.684471 0.626255
0.696171 0.781317
0.719572 0.308797
0.731272 0.525554
0.742973 0.170087
0.754673 0.716895
0.766374 0.21577
0.778074 0.338654
0.789774 0.640681
0.801475 0.24533
0.813175 1.93725
0.824875 1.67774
0.836576 1.37284
0.848276 1.76228
0.859976 3.66882
0.883377 0.421659
0.895077 0.403084
0.906778 0.307191
0.918478 0.679521
0.930179 0.14716
0.941879 0.405931
0.953579 0.383572
0.96528 0.535528
0.97698 0.200512
0.98868 0.523771
1.00038 0.331977
1.01208 0.581673
1.02378 0.716464
1.03548 0.508087
1.04718 0.408771
1.05888 0.335153
1.07058 0.175903
1.08228 0.555535
1.09398 0.363382
1.10568 0.511599
1.11738 0.562652
1.14078 0.831882
1.15249 1.00787
1.17589 0.944614
1.18759 1.58617
1.19929 1.13557
1.21099 0.561844
1.22269 1.55928
1.24609 1.65905
1.25779 1.74512
1.28119 1.75599
1.29289 2.47101
1.30459 3.92741
1.31629 1.67473
1.32799 2.15908
1.33969 1.44666
1.35139 1.79185
1.36309 0.711736
1.37479 0.656312
1.38649 1.47448
1.39819 1.6832
1.40989 2.33043
1.42159 1.25899
1.43329 0.782921
1.44499 1.20943
1.45669 2.72514
1.4684 1.18491
1.4801 1.59331
1.4918 2.9242
1.5035 1.64226
1.5269 0.655661
1.5386 1.32186
1.5503 1.38494
1.562 1.34642
1.5737 0.610624
1.5854 0.974735
1.5971 0.698769
1.6088 1.16152
1.6205 0.857184
1.6322 0.986007
1.6439 0.699297
1.6556 0.703477
1.6673 1.23833
1.679 0.461736
1.6907 0.781542
1.7024 0.695114
1.7141 0.980309
1.7258 0.66176
1.7375 0.784217
1.7492 0.256203
1.7609 0.353688
1.7726 0.908826
1.7843 0.287067
1.79601 0.430146
1.80771 0.471806
1.81941 0.734364
1.83111 0.563334
1.84281 0.68815
1.85451 0.474772
1.86621 0.529445
1.87791 0.607032
1.88961 0.593386
1.90131 0.735753
1.91301 0.788528
1.92471 1.35584
1.93641 1.01329
1.94811 1.61418
1.95981 1.93594
1.97151 1.03575
1.98321 0.895921
1.99491 0.782739
2.00661 0.65667
2.01831 1.18424
2.03001 0.657142
2.04171 0.498183
2.05341 0.73638
2.06511 0.738841
2.07681 1.02133
2.08851 0.841053
2.10021 1.08406
2.11191 0.785213
2.12362 0.922853
2.13532 0.785731
2.14702 1.06619
2.15872 0.598837
2.17042 0.857824
2.18212 0.954695
2.19382 0.720511
2.20552 0.810533
2.21722 0.582956
2.22892 0.518919
2.24062 1.1074
2.25232 1.24314
2.26402 0.913008
2.27572 1.08818
2.28742 0.801493
2.29912 1.02167
2.31082 1.25541
2.32252 0.915106
2.33422 0.731515
2.34592 0.420098
2.35762 1.41415
2.36932 0.735967
2.38102 0.823968
2.39272 1.06244
2.40442 1.25735
2.41612 0.919631
2.42782 1.19252
2.43952 1.18802
2.45123 0.909555
2.46293 1.19889
2.47463 1.65541
2.48633 1.05255
2.49803 1.77766
2.50973 0.637429
2.52143 1.45981
2.53313 1.73417
2.54483 2.16353
2.55653 1.03817
2.56823 1.02204
2.57993 1.12372
2.59163 1.24893
2.60333 1.59675
2.61503 0.834239
2.62673 0.756843
2.63843 0.953288
2.65013 1.43994
2.66183 1.04169
2.67353 0.923636
2.68523 0.98747
2.69693 1.38305
2.70863 1.00543
2.72033 1.10795
2.73203 0.668946
2.74373 1.00633
2.75543 0.841476
2.76713 0.610929
2.77884 0.931792
2.79054 1.43233
2.80224 0.826861
2.81394 1.29818
2.82564 0.71807
2.83734 0.399725
2.84904 1.48188
2.86074 1.05066
2.87244 1.16938
2.88414 0.605357
2.89584 0.775505
2.90754 0.896832
2.91924 0.769026
2.93094 1.09721
2.94264 1.04365
2.95434 1.50638
2.96604 0.913458
2.97774 1.1449
2.98944 0.551606
3.00114 0.824509
3.01284 0.930772
3.02454 1.60465
3.03624 0.678392
3.04794 1.05869
3.05964 1.21171
3.07134 0.993783
3.08304 0.910753
3.09474 1.42493
3.10645 0.937578
3.11815 0.578713
3.12985 0.748598
3.14155 0.838996
3.15325 1.04975
3.16495 0.636967
3.17665 1.10505
3.18835 1.0096
3.20005 1.27515
3.21175 0.585058
3.22345 1.09568
3.23515 1.3606
3.24685 1.29325
3.25855 1.14073
3.27025 1.21675
3.28195 0.798817
3.29365 1.14107
3.30535 1.05005
3.31705 0.918119
3.32875 1.06512
3.34045 0.715767
3.35215 0.945466
3.36385 1.28379
3.37555 0.841547
3.38725 0.772229
3.39895 0.9976
3.41065 1.14773
3.42235 0.906482
3.43406 0.601216
3.44576 0.706978
3.45746 1.23237
3.46916 0.984799
3.48086 1.25465
3.49256 1.12497
3.50426 1.68648
3.51596 0.973707
3.52766 0.934643
3.53936 0.835359
3.55106 0.7364
3.56276 0.872307
3.57446 0.603759
3.58616 0.824758
3.59786 0.731355
3.60956 1.0137
3.62126 1.20303
3.63296 0.845064
3.64466 1.2711
3.65636 0.732013
3.66806 1.00648
3.67976 0.868299
3.69146 1.12525
3.70316 1.00947
3.71486 0.783013
3.72656 0.730332
3.73826 0.76567
3.74996 0.979661
3.76167 1.11545
3.77337 1.0682
3.78507 0.832487
3.79677 1.00912
3.80847 0.921893
3.82017 1.32157
3.83187 1.43244
3.84357 0.920962
3.85527 0.722716
3.86697 0.969536
3.87867 1.2184
3.89037 0.982619
3.90207 0.996181
3.91377 1.25002
3.92547 1.06146
3.93717 1.04069
3.94887 0.792303
3.96057 0.701482
3.97227 0.832937
3.98397 1.01508
3.99567 0.883486
4.00737 1.01903
4.01907 1.04979
4.03077 1.25892
4.04247 1.43685
4.05417 1.23769
4.06587 1.13658
4.07758 0.593085
4.08928 1.13111
4.10098 1.09795
4.11268 2.01843
4.12438 0.996404
4.13608 1.00668
4.14778 0.922207
4.15948 0.791258
4.17118 1.04654
4.18288 1.07258
4.19458 1.51405
4.20628 1.05978
4.21798 1.09734
4.22968 0.914049
4.24138 1.15175
4.25308 1.01261
4.26478 1.04764
4.27648 0.768103
4.28818 1.05306
4.29988 0.919211
4.31158 0.66529
4.32328 1.10753
4.33498 0.962942
4.34668 0.835361
4.35838 1.15841
4.37008 0.793496
4.38178 1.10471
4.39348 0.909881
4.40519 0.715684
4.41689 0.936425
4.42859 0.792566
4.44029 1.09882
4.45199 0.915819
4.46369 1.18757
4.47539 0.955211
4.48709 1.00788
4.49879 0.869871
4.51049 0.940926
4.52219 1.44961
4.53389 0.855699
4.54559 1.15813
4.55729 0.91512
4.56899 0.869847
4.58069 0.975019
4.59239 0.65273
4.60409 1.10874
4.61579 0.939294
4.62749 1.10182
4.63919 1.35341
4.65089 1.03257
4.66259 0.758135
4.67429 1.07794
4.68599 1.08227
4.69769 0.907226
4.70939 0.943974
4.72109 1.06104
4.7328 0.935796
4.7445 0.962788
4.7562 0.968081
4.7679 0.888412
4.7796 1.03626
4.7913 1.05303
4.803 1.06523
4.8147 0.795061
4.8264 0.814226
4.8381 0.695767
4.8498 0.780619
4.8615 1.09839
4.8732 0.989796
4.8849 1.25472
4.8966 0.908582
4.9083 0.896473
4.92 1.28895
4.9317 0.899097
4.9434 0.762544
4.9551 1.08931
4.9668 1.07584
4.9785 1.10849
4.9902 0.650852
5.0019 0.963675
5.0136 1.07013
5.0253 1.01372
5.037 1.29372
5.0487 1.08362
5.06041 0.950449
5.07211 0.819539
5.08381 0.877905
5.09551 0.980824
5.10721 1.2305
5.11891 1.19924
5.13061 0.926032
5.14231 1.08425
5.15401 1.00918
5.16571 0.978918
5.17741 1.00301
5.18911 0.963972
5.20081 0.994587
5.21251 1.17143
5.22421 1.31428
5.23591 1.23425
5.24761 1.26272
5.25931 0.87713
5.27101 0.892248
5.28271 0.581339
5.29441 0.951971
5.30611 1.08013
5.31781 0.77828
5.32951 0.995735
5.34121 1.07864
5.35291 1.11197
5.36461 1.10898
5.37631 1.08612
5.38802 0.990545
5.39972 0.695805
5.41142 1.02162
5.42312 1.2952
5.43482 1.03343
5.44652 0.911941
5.45822 0.777273
5.46992 0.864518
5.48162 1.10368
5.49332 1.32607
5.50502 0.62122
5.51672 1.28781
5.52842 0.883523
5.54012 1.05154
5.55182 0.888236
5.56352 0.756364
5.57522 0.964942
5.58692 0.939451
5.59862 0.962177
5.61032 1.17691
5.62202 0.987221
5.63372 1.05016
5.64542 0.900496
5.65712 1.23213
5.66882 0.634776
5.68052 0.797737
5.69222 1.00601
5.70392 1.20639
5.71563 0.935631
5.72733 0.836929
5.73903 1.08945
5.75073 1.10507
5.76243 1.29982
5.77413 0.712129
5.78583 0.986586
5.79753 1.11482
5.80923 1.3298
5.82093 1.09323
5.83263 1.17931
5.84433 0.997079
