0.104 6.80711e-06
0.136 3.01997e-05
0.2 0.000100274
0.216 6.2235e-05
0.28 0.000472012
0.296 0.000479496
0.312 0.000312363
0.36 0.00125767
0.392 0.00199305
0.408 0.00224286
0.424 0.00141657
0.44 0.00356359
0.504 0.00320812
0.536 0.00480956
0.568 0.00446281
0.584 0.0191029
0.6 0.0243966
0.616 0.0228965
0.632 0.0278336
0.648 0.0244125
0.664 0.0445951
0.696 0.0409365
0.712 0.0399678
0.728 0.0409184
0.76 0.0509154
0.776 0.027465
0.792 0.0168704
0.808 0.0640407
0.824 0.0495638
0.856 0.484399
0.888 5.30194
0.904 3.17735
0.92 2.83281
0.936 0.989386
0.952 1.1279
0.984 0.488625
1 0.336426
1.016 0.375717
1.032 0.481753
1.048 0.0745721
1.064 0.232854
1.08 0.826174
1.096 0.497394
1.112 4.25925
1.128 2.25377
1.144 4.12907
1.16 3.02471
1.176 9.67143
1.208 1.08985
1.224 1.07105
1.24 0.395099
1.256 0.255761
1.272 0.457317
1.288 0.0716683
1.304 0.383585
1.32 0.361351
1.336 0.237012
1.352 0.104136
1.368 0.39499
1.384 2.34065
1.4 0.872132
1.416 0.662471
1.432 1.45765
1.448 0.483326
1.464 0.231538
1.48 0.672339
1.496 0.289707
1.512 0.222488
1.528 0.359238
1.56 0.434329
1.576 0.684412
1.608 0.556945
1.624 0.469723
1.64 0.702003
1.656 0.56523
1.672 0.336118
1.704 0.756703
1.72 1.87645
1.752 0.834474
1.768 0.689124
1.784 0.806573
1.8 0.572819
1.816 0.790793
1.832 0.78778
1.848 0.431431
1.864 0.934003
1.88 0.292725
1.896 1.04366
1.912 2.6105
1.928 1.41834
1.944 1.12876
1.96 0.761352
1.976 0.845472
1.992 2.67257
2.008 1.42745
2.024 1.58174
2.04 1.82279
2.056 1.20706
2.088 0.69717
2.104 0.756763
2.12 0.518009
2.136 0.809719
2.152 0.460123
2.168 1.14859
2.184 1.04722
2.2 1.37118
2.216 1.47032
2.232 1.58645
2.248 3.12278
2.264 0.865817
2.28 1.29146
2.296 1.0675
2.312 1.08467
2.328 1.4817
2.344 1.50385
2.36 0.678296
2.376 1.24954
2.392 0.210338
2.408 0.815176
2.424 0.633085
2.44 0.776811
2.456 1.12864
2.472 1.65477
2.488 1.17606
2.504 0.961089
2.52 0.489824
2.536 0.965982
2.552 0.882401
2.568 1.19327
2.584 0.386477
2.6 0.711082
2.616 0.516066
2.632 0.499583
2.648 0.446355
2.664 0.52321
2.68 1.01584
2.696 0.945655
2.712 0.966023
2.728 0.775524
2.744 1.45734
2.76 0.747154
2.776 0.981618
2.792 1.1023
2.808 1.29892
2.824 1.05953
2.84 0.975248
2.856 0.621107
2.872 0.737463
2.888 0.433068
2.904 0.749375
2.92 0.443033
2.936 1.04658
2.952 1.19635
2.968 1.10565
2.984 1.47837
3 1.38259
3.016 1.29587
3.032 0.857916
3.048 1.22747
3.064 0.911143
3.08 0.923728
3.096 0.699611
3.112 1.02728
3.128 0.80222
3.144 0.476551
3.16 0.875508
3.176 0.977467
3.192 0.884955
3.208 1.46253
3.224 0.894231
3.24 1.10233
3.256 1.0012
3.272 1.61195
3.288 1.43494
3.304 0.983529
3.32 1.26568
3.336 0.643956
3.352 1.18589
3.368 1.59615
3.384 1.17533
3.4 0.802186
3.416 1.53956
3.432 0.555436
3.448 1.09721
3.464 1.12527
3.48 0.89341
3.496 1.00636
3.512 0.627272
3.528 1.4741
3.544 0.970128
3.56 0.661833
3.576 0.976121
3.592 0.595171
3.608 0.821521
3.624 1.18291
3.64 1.57116
3.656 0.466659
3.672 0.992734
3.688 0.894561
3.704 0.990779
3.72 0.745099
3.736 0.96331
3.752 1.31282
3.768 0.804847
3.784 0.779875
3.8 0.855095
3.816 1.42659
3.832 0.889432
3.848 1.17443
3.864 0.654059
3.88 1.00594
3.896 1.05282
3.912 1.2032
3.928 0.863622
3.944 0.847622
3.96 0.809424
3.976 0.943124
3.992 0.4326
4.008 0.948495
4.024 0.77333
4.04 0.80186
4.056 0.766962
4.072 0.684861
4.088 0.944923
4.104 1.11392
4.12 1.38988
4.136 0.988048
4.152 0.691174
4.168 1.25428
4.184 1.06729
4.2 0.830261
4.216 0.718491
4.232 1.03743
4.248 0.808106
4.264 1.25245
4.28 0.826145
4.296 0.892797
4.312 1.09243
4.328 1.20639
4.344 1.4649
4.36 0.839861
4.376 1.1732
4.392 1.02341
4.408 1.54072
4.424 1.24502
4.44 1.03953
4.456 0.884939
4.472 1.02788
4.488 0.661463
4.504 0.747858
4.52 1.24119
4.536 0.970515
4.552 1.08067
4.568 1.2867
4.584 1.65847
4.6 0.724619
4.616 1.26582
4.632 1.21165
4.648 1.29713
4.664 0.681203
4.68 1.17667
4.696 0.947836
4.712 1.36446
4.728 1.27399
4.744 0.781716
4.76 0.739688
4.776 1.10501
4.792 1.07602
4.808 0.712922
4.824 1.04003
4.84 0.76801
4.856 0.664724
4.872 1.03455
4.888 0.91919
4.904 1.10881
4.92 0.907691
4.936 0.656382
4.952 1.33826
4.968 0.795132
4.984 0.69878
5 0.875697
5.016 0.69958
5.032 1.16673
5.048 0.784061
5.064 1.00289
5.08 0.771028
5.096 0.963737
5.112 0.758283
5.128 0.959746
5.144 1.11054
5.16 1.10972
5.176 1.299
5.192 0.91427
5.208 0.896709
5.224 0.899291
5.24 0.891601
5.256 0.961978
5.272 1.12557
5.288 1.47575
5.304 1.24477
5.32 0.80756
5.336 0.860955
5.352 1.09204
5.368 0.852222
5.384 1.48675
5.4 0.963653
5.416 1.01237
5.432 1.00444
5.448 1.24675
5.464 1.06427
5.48 0.628776
5.496 1.07335
5.512 1.13291
5.528 1.27474
5.544 1.07149
5.56 1.28873
5.576 0.987548
5.592 1.04874
5.608 1.04106
5.624 0.858472
5.64 0.645985
5.656 0.902103
5.672 0.917483
5.688 0.844632
5.704 0.971832
5.72 0.967557
5.736 1.14627
5.752 1.28205
5.768 0.92937
5.784 1.16749
5.8 1.13963
5.816 1.31763
5.832 0.677597
5.848 1.37235
5.864 1.01482
5.88 0.807878
5.896 1.30764
5.912 0.914385
5.928 1.09527
5.944 0.821275
5.96 1.09797
5.976 0.78547
5.992 0.742875
6.008 1.02414
6.024 0.891727
6.04 0.759175
6.056 1.04146
6.072 1.21129
6.088 1.23541
6.104 0.668742
6.12 0.576988
6.136 1.05135
6.152 1.12153
6.168 1.06389
6.184 0.845902
6.2 0.945654
6.216 1.03707
6.232 1.05322
6.248 1.30211
6.264 0.768902
6.28 1.14708
6.296 0.941834
6.312 0.913922
6.328 0.868022
6.344 1.02246
6.36 0.84306
6.376 0.936343
6.392 0.944949
6.408 0.956763
6.424 1.40209
6.44 1.23714
6.456 1.06064
6.472 1.26577
6.488 1.18959
6.504 0.872563
6.52 0.909542
6.536 0.878692
6.552 0.950565
6.568 1.49188
6.584 1.02726
6.6 0.784481
6.616 0.893542
6.632 1.0337
6.648 0.687754
6.664 1.21115
6.68 0.938136
6.696 1.29757
6.712 0.843941
6.728 0.99266
6.744 1.16168
6.76 0.9753
6.776 0.927428
6.792 1.35334
6.808 1.09207
6.824 0.959616
6.84 0.951728
6.856 1.08841
6.872 0.995174
6.888 1.02631
6.904 1.21596
6.92 1.17764
6.936 0.933418
6.952 0.971161
6.968 1.1666
6.984 1.14857
7 1.18369
7.016 1.10816
7.032 1.23375
7.048 0.644815
7.064 1.14441
7.08 0.865641
7.096 1.06524
7.112 0.896961
7.128 0.925961
7.144 0.805087
7.16 0.653785
7.176 0.755572
7.192 0.688048
7.208 0.738376
7.224 0.879691
7.24 1.04424
7.256 0.77382
7.272 0.903757
7.288 1.26905
7.304 0.981201
7.32 1.03967
7.336 1.00944
7.352 1.02145
7.368 0.88272
7.384 0.999733
7.4 0.894942
7.416 0.910144
7.432 1.1395
7.448 0.787545
7.464 0.892335
7.48 0.928264
7.496 1.22519
7.512 1.11025
7.528 1.32319
7.544 0.995189
7.56 0.935184
7.576 1.16751
7.592 0.659526
7.608 0.971246
7.624 0.912471
7.64 1.08842
7.656 0.985058
7.672 1.24065
7.688 1.05217
7.704 1.4596
7.72 0.808181
7.736 1.08422
7.752 0.807454
7.768 1.51764
7.784 0.871972
7.8 0.898346
7.816 0.831227
7.832 0.734743
7.848 1.35655
7.864 1.14013
7.88 0.929999
7.896 1.04199
7.912 0.926964
7.928 0.884547
7.944 0.900586
7.96 1.00346
7.976 1.12041
7.992 1.15147
