0.0735391 0.000658549
0.0961665 0.000109609
0.141421 0.000166191
0.152735 0.000226171
0.19799 0.000915011
0.209304 0.000855788
0.220617 0.00135344
0.254558 0.00179745
0.277186 0.00270513
0.2885 0.00164027
0.299813 0.00450698
0.311127 0.0042436
0.356382 0.0139941
0.379009 0.0164424
0.401637 0.0313071
0.41295 0.0103328
0.424264 0.0170447
0.435578 0.0214208
0.446891 0.0147477
0.458205 0.0302492
0.469519 0.0229094
0.492146 0.00357884
0.50346 0.0173487
0.514774 0.037298
0.537401 0.0736846
0.548715 0.0427529
0.560029 0.0600909
0.571342 0.0401826
0.582656 0.160576
0.605283 0.292391
0.627911 0.178291
0.639225 0.628084
0.650538 0.157028
0.661852 0.457788
0.673166 0.406776
0.695793 0.359685
0.707107 0.223085
0.71842 0.246041
0.729734 0.22273
0.741048 0.289644
0.752362 0.190037
0.763675 0.508077
0.774989 0.407983
0.786303 0.386651
0.797616 0.145247
0.80893 0.981545
0.820244 0.308649
0.831558 1.39136
0.854185 1.33457
0.865499 0.964071
0.876812 1.8922
0.888126 1.23141
0.89944 1.64233
0.910754 1.94946
0.922067 1.30074
0.933381 2.01071
0.944695 0.511073
0.956008 1.96271
0.967322 1.61855
0.978636 0.798094
0.989949 0.335977
1.00126 0.747656
1.01258 1.07355
1.02389 0.734552
1.0352 0.580289
1.04652 0.77626
1.05783 1.34736
1.06915 1.04731
1.08046 1.3299
1.10309 0.78625
1.1144 1.56107
1.13703 1.63291
1.14834 3.45048
1.15966 2.03311
1.17097 1.73445
1.18228 1.93059
1.20491 2.03409
1.21622 1.41241
1.23885 1.50211
1.25016 1.42236
1.26148 1.21545
1.27279 0.659869
1.28411 0.75509
1.29542 1.24862
1.30673 0.867034
1.31805 0.961054
1.32936 0.826508
1.34067 0.692765
1.35199 0.945219
1.3633 1.12008
1.37462 1.07136
1.38593 1.33291
1.39724 2.51855
1.40856 1.03792
1.41987 1.83219
1.43118 1.7618
1.4425 0.281814
1.45381 1.24605
1.47644 0.971924
1.48775 1.05083
1.49907 1.06517
1.51038 1.01486
1.52169 0.436198
1.53301 0.861894
1.54432 0.331008
1.55563 0.415392
1.56695 1.20586
1.57826 0.754941
1.58958 0.703383
1.60089 0.896812
1.6122 0.818519
1.62352 0.728856
1.63483 0.777666
1.64614 0.33014
1.65746 0.6714
1.66877 0.70329
1.68009 0.710922
1.6914 1.74954
1.70271 0.772613
1.71403 0.763593
1.72534 0.849694
1.73665 0.41199
1.74797 0.428699
1.75928 0.463509
1.7706 0.766022
1.78191 0.449568
1.79322 0.566251
1.80454 0.652088
1.81585 0.495645
1.82716 0.34586
1.83848 0.53392
1.84979 0.531719
1.86111 1.04062
1.87242 0.386184
1.88373 0.620073
1.89505 1.37385
1.90636 0.839627
1.91767 0.357622
1.92899 0.899823
1.9403 1.20863
1.95161 0.906797
1.96293 1.2706
1.97424 1.23848
1.98556 0.867796
1.99687 1.17782
2.00818 1.09353
2.0195 0.889206
2.03081 1.18241
2.04212 1.20138
2.05344 1.13711
2.06475 0.75016
2.07607 0.837198
2.08738 1.1159
2.09869 1.19133
2.11001 1.05138
2.12132 0.949595
2.13263 1.03035
2.14395 1.04425
2.15526 1.01123
2.16658 1.22195
2.17789 2.41467
2.1892 1.18923
2.20052 1.62728
2.21183 0.68366
2.22314 1.67556
2.23446 1.573
2.24577 1.07135
2.25708 1.02311
2.2684 1.50093
2.27971 1.05865
2.29103 1.54865
2.30234 1.38176
2.31365 1.27746
2.32497 1.45809
2.33628 1.06117
2.34759 0.944148
2.35891 1.24533
2.37022 1.16067
2.38154 0.916051
2.39285 1.15722
2.40416 1.11659
2.41548 0.820847
2.42679 0.306892
2.4381 0.90721
2.44942 0.92297
2.46073 0.825549
2.47205 0.718986
2.48336 0.919829
2.49467 0.539809
2.50599 0.713899
2.5173 1.62769
2.52861 0.967514
2.53993 1.06747
2.55124 1.28132
2.56255 1.30757
2.57387 0.769841
2.58518 1.01818
2.5965 0.847601
2.60781 1.05343
2.61912 1.34591
2.63044 0.739894
2.64175 1.06215
2.65306 0.786201
2.66438 0.863051
2.67569 1.10526
2.68701 0.882039
2.69832 0.87616
2.70963 0.900347
2.72095 1.45843
2.73226 1.24623
2.74357 0.870023
2.75489 1.14819
2.7662 0.820679
2.77752 0.969252
2.78883 1.21115
2.80014 1.68356
2.81146 1.09221
2.82277 1.12538
2.83408 1.05558
2.8454 0.854922
2.85671 1.02334
2.86803 1.22939
2.87934 0.952575
2.89065 0.973831
2.90197 0.912393
2.91328 0.626409
2.92459 0.863105
2.93591 0.647399
2.94722 0.860429
2.95853 1.20684
2.96985 0.876521
2.98116 0.995359
2.99248 0.288713
3.00379 1.09637
3.0151 0.447115
3.02642 1.26767
3.03773 1.09011
3.04904 1.25673
3.06036 0.599438
3.07167 0.731366
3.08299 0.638542
3.0943 1.15509
3.10561 0.704662
3.11693 0.999658
3.12824 0.810202
3.13955 1.09969
3.15087 0.887461
3.16218 0.610649
3.1735 0.9546
3.18481 0.711674
3.19612 0.908868
3.20744 0.754443
3.21875 0.708732
3.23006 1.02514
3.24138 0.747422
3.25269 0.846519
3.264 1.02401
3.27532 1.02963
3.28663 0.991142
3.29795 1.22443
3.30926 1.16134
3.32057 0.906505
3.33189 1.15308
3.3432 1.30064
3.35451 1.10067
3.36583 0.855819
3.37714 0.937612
3.38846 1.01169
3.39977 0.835391
3.41108 0.793388
3.4224 0.875238
3.43371 0.989643
3.44502 0.989445
3.45634 0.837729
3.46765 1.06912
3.47897 1.16104
3.49028 1.37786
3.50159 1.76769
3.51291 1.29748
3.52422 0.828897
3.53553 1.01991
3.54685 1.28607
3.55816 1.16991
3.56948 1.43267
3.58079 1.48837
3.5921 1.70222
3.60342 1.08835
3.61473 1.21758
3.62604 0.886644
3.63736 1.26591
3.64867 0.925116
3.65998 0.283703
3.6713 0.917847
3.68261 1.38804
3.69393 1.13401
3.70524 1.30871
3.71655 0.827945
3.72787 0.787858
3.73918 0.751209
3.75049 0.794632
3.76181 1.06778
3.77312 1.21311
3.78444 0.780796
3.79575 0.868775
3.80706 0.815984
3.81838 1.18021
3.82969 0.947731
3.841 0.578853
3.85232 1.01663
3.86363 1.02039
3.87495 0.640974
3.88626 0.915791
3.89757 0.93748
3.90889 0.696987
3.9202 0.987789
3.93151 0.870913
3.94283 0.579725
3.95414 0.799995
3.96545 0.737737
3.97677 0.766107
3.98808 1.05959
3.9994 1.0418
4.01071 0.767544
4.02202 0.851127
4.03334 1.0354
4.04465 0.941001
4.05596 0.860929
4.06728 0.999931
4.07859 1.46584
4.08991 0.856335
4.10122 1.11679
4.11253 1.08715
4.12385 0.905279
4.13516 0.773675
4.14647 1.17111
4.15779 1.2227
4.1691 1.01457
4.18042 1.16341
4.19173 1.2105
4.20304 0.996452
4.21436 0.869802
4.22567 0.822079
4.23698 0.928944
4.2483 1.23668
4.25961 0.854937
4.27092 0.859742
4.28224 0.770172
4.29355 0.799192
4.30487 1.01348
4.31618 0.890408
4.32749 1.30028
4.33881 1.31812
4.35012 0.775392
4.36143 1.0121
4.37275 0.991466
4.38406 0.843495
4.39538 1.13841
4.40669 0.989338
4.418 1.54185
4.42932 1.08554
4.44063 1.27454
4.45194 1.23619
4.46326 1.0062
4.47457 1.1497
4.48589 0.633929
4.4972 1.07642
4.50851 0.70678
4.51983 1.09618
4.53114 1.06093
4.54245 1.12476
4.55377 1.0221
4.56508 0.939936
4.5764 0.498146
4.58771 0.729211
4.59902 0.860494
4.61034 0.963948
4.62165 1.09353
4.63296 1.15873
4.64428 0.747331
4.65559 1.07659
4.6669 0.922123
4.67822 0.955628
4.68953 1.05259
4.70085 0.860242
4.71216 1.17735
4.72347 1.13598
4.73479 0.742341
4.7461 1.09113
4.75741 0.884346
4.76873 0.877154
4.78004 0.786925
4.79136 1.01404
4.80267 1.01357
4.81398 1.12288
4.8253 1.0972
4.83661 0.85529
4.84792 1.00344
4.85924 0.698167
4.87055 1.26507
4.88187 1.11343
4.89318 1.14141
4.90449 1.21368
4.91581 1.35308
4.92712 1.28153
4.93843 0.91773
4.94975 1.03998
4.96106 0.837771
4.97237 0.998884
4.98369 1.209
4.995 1.00657
5.00632 1.13011
5.01763 1.14438
5.02894 0.897971
5.04026 1.22836
5.05157 0.993503
5.06288 0.784045
5.0742 0.947766
5.08551 1.09071
5.09683 0.972818
5.10814 0.91462
5.11945 0.805975
5.13077 1.0091
5.14208 1.13232
5.15339 1.0572
5.16471 0.89082
5.17602 0.802584
5.18734 0.981828
5.19865 0.800469
5.20996 1.46044
5.22128 1.16073
5.23259 0.635763
5.2439 0.855314
5.25522 1.08808
5.26653 0.999337
5.27785 0.801857
5.28916 1.10838
5.30047 0.82484
5.31179 0.78243
5.3231 0.82775
5.33441 0.857103
5.34573 0.86139
5.35704 1.0061
5.36835 1.36281
5.37967 0.821075
5.39098 0.77701
5.4023 0.853146
5.41361 1.01344
5.42492 0.941818
5.43624 1.34729
5.44755 1.06428
5.45886 0.995918
5.47018 1.28158
5.48149 0.808589
5.49281 0.767088
5.50412 1.01375
5.51543 0.722746
5.52675 1.30294
5.53806 1.09656
5.54937 1.00525
5.56069 1.42114
5.572 1.50838
5.58332 0.9687
5.59463 1.25064
5.60594 0.895701
5.61726 1.12374
5.62857 1.13958
5.63988 1.72148
5.6512 0.90935
