0.104 0.00142127
0.136 0.00154449
0.2 0.000363595
0.216 0.00127634
0.28 0.020731
0.296 0.0158773
0.312 0.0302309
0.36 0.0324901
0.392 0.0177696
0.408 0.0293739
0.424 0.025831
0.44 0.0414553
0.504 0.0515247
0.536 0.0369444
0.568 0.353075
0.584 0.134946
0.6 0.142236
0.616 0.23909
0.632 0.364488
0.648 0.110907
0.664 0.0877927
0.696 0.124707
0.712 0.0867364
0.728 0.240132
0.76 0.15001
0.776 0.526339
0.792 0.408372
0.808 0.531541
0.824 1.24185
0.856 0.689987
0.888 0.571163
0.904 3.04836
0.92 0.757525
0.936 1.57991
0.952 1.48203
0.984 0.954194
1 1.32754
1.016 0.698084
1.032 0.4283
1.048 1.00472
1.064 0.339804
1.08 2.27537
1.096 1.81946
1.112 1.255
1.128 1.26016
1.144 2.41794
1.16 1.09301
1.176 3.03739
1.208 2.04581
1.224 1.41709
1.24 3.77509
1.256 1.35012
1.272 2.13025
1.288 1.38193
1.304 1.21918
1.32 1.14797
1.336 0.751756
1.352 1.5149
1.368 1.43611
1.384 0.485175
1.4 0.563921
1.416 0.904372
1.432 0.987076
1.448 0.459549
1.464 1.22429
1.48 0.632866
1.496 0.373503
1.512 0.547735
1.528 0.539902
1.56 0.513489
1.576 0.524703
1.608 0.696756
1.624 0.70644
1.64 0.108101
1.656 0.861315
1.672 0.465065
1.704 0.890617
1.72 0.6672
1.752 0.500111
1.768 0.449153
1.784 0.996112
1.8 0.829327
1.816 0.403799
1.832 0.756885
1.848 0.974307
1.864 0.579922
1.88 0.734418
1.896 0.815452
1.912 0.403731
1.928 1.15122
1.944 1.28288
1.96 0.932195
1.976 2.13011
1.992 0.480459
2.008 0.957755
2.024 1.17249
2.04 0.967486
2.056 1.40222
2.088 1.05169
2.104 1.58339
2.12 1.50368
2.136 1.29485
2.152 1.13429
2.168 1.39339
2.184 1.2215
2.2 1.01773
2.216 1.17479
2.232 1.22561
2.248 0.788681
2.264 1.90991
2.28 0.584166
2.296 1.95262
2.312 1.30549
2.328 0.939251
2.344 0.915676
2.36 1.37715
2.376 0.799144
2.392 1.27095
2.408 0.629346
2.424 0.899581
2.44 1.07573
2.456 0.55334
2.472 1.38729
2.488 1.41196
2.504 0.973139
2.52 0.640778
2.536 0.586332
2.552 0.952019
2.568 0.977906
2.584 0.976653
2.6 0.454671
2.616 0.960636
2.632 0.889568
2.648 0.844415
2.664 1.38904
2.68 0.323021
2.696 0.749441
2.712 1.04552
2.728 1.18967
2.744 0.534139
2.76 0.792756
2.776 1.20436
2.792 0.359973
2.808 1.18351
2.824 0.899772
2.84 0.643769
2.856 0.621246
2.872 1.09578
2.888 1.25163
2.904 1.09023
2.92 1.12671
2.936 1.06098
2.952 1.15536
2.968 1.22555
2.984 0.521897
3 0.652835
3.016 1.58861
3.032 1.38013
3.048 1.23031
3.064 0.800671
3.08 1.46121
3.096 0.911215
3.112 1.12289
3.128 1.32
3.144 1.13042
3.16 1.28038
3.176 1.05728
3.192 0.917045
3.208 1.03932
3.224 0.705189
3.24 1.3615
3.256 1.08674
3.272 1.14737
3.288 1.78685
3.304 1.43919
3.32 1.2738
3.336 1.28388
3.352 0.565017
3.368 0.747628
3.384 0.632071
3.4 0.798044
3.416 0.698872
3.432 0.260664
3.448 1.02053
3.464 1.05384
3.48 1.18033
3.496 1.00207
3.512 0.951651
3.528 1.3427
3.544 0.75505
3.56 0.863647
3.576 0.823891
3.592 0.692555
3.608 0.903405
3.624 1.13893
3.64 0.961092
3.656 0.548939
3.672 0.900239
3.688 0.904494
3.704 0.821384
3.72 0.750843
3.736 1.10147
3.752 0.793072
3.768 0.910409
3.784 1.22575
3.8 0.937843
3.816 0.991494
3.832 1.02774
3.848 1.31292
3.864 1.31149
3.88 1.16225
3.896 0.849671
3.912 1.23815
3.928 0.807198
3.944 0.660711
3.96 1.1005
3.976 0.78362
3.992 1.19769
4.008 1.09725
4.024 0.964048
4.04 1.18594
4.056 1.51303
4.072 0.677241
4.088 1.14194
4.104 1.29483
4.12 0.968401
4.136 1.00152
4.152 1.12441
4.168 1.57142
4.184 1.41219
4.2 0.887094
4.216 0.953717
4.232 1.12509
4.248 0.707317
4.264 2.20375
4.28 0.856032
4.296 0.88358
4.312 0.832177
4.328 0.964071
4.344 1.09645
4.36 0.72897
4.376 1.00522
4.392 1.07343
4.408 1.06083
4.424 0.82272
4.44 0.974741
4.456 0.887927
4.472 0.94498
4.488 1.08364
4.504 1.07757
4.52 1.11701
4.536 1.21016
4.552 1.07257
4.568 0.98728
4.584 0.61558
4.6 0.70575
4.616 0.875428
4.632 0.647129
4.648 0.986698
4.664 1.15991
4.68 1.11289
4.696 1.01072
4.712 0.781213
4.728 1.34722
4.744 1.1306
4.76 0.628191
4.776 0.85328
4.792 0.792698
4.808 0.874379
4.824 0.906471
4.84 1.54913
4.856 1.23314
4.872 1.16513
4.888 0.905331
4.904 0.956616
4.92 0.731011
4.936 0.985013
4.952 1.00432
4.968 0.777235
4.984 1.17862
5 1.20827
5.016 0.619653
5.032 1.44908
5.048 1.033
5.064 1.11136
5.08 1.32842
5.096 1.19092
5.112 1.00903
5.128 1.22585
5.144 1.13049
5.16 0.77983
5.176 1.04652
5.192 0.822155
5.208 1.07763
5.224 1.47888
5.24 0.897071
5.256 0.96655
5.272 0.783695
5.288 1.11451
5.304 1.10805
5.32 1.0837
5.336 0.904611
5.352 0.667312
5.368 0.871516
5.384 1.00467
5.4 1.1479
5.416 1.02613
5.432 1.02815
5.448 1.05569
5.464 0.858584
5.48 0.9574
5.496 0.964185
5.512 0.617801
5.528 0.973687
5.544 1.11988
5.56 0.683399
5.576 1.2697
5.592 1.56801
5.608 0.880879
5.624 0.995536
5.64 0.814075
5.656 1.0182
5.672 0.720321
5.688 0.794613
5.704 0.997503
5.72 0.892509
5.736 1.20903
5.752 0.867926
5.768 1.30546
5.784 1.2397
5.8 1.08719
5.816 0.677377
5.832 1.10665
5.848 1.09421
5.864 0.782661
5.88 0.813413
5.896 1.18289
5.912 0.690216
5.928 1.10428
5.944 1.0736
5.96 0.906375
5.976 0.820516
5.992 0.812867
6.008 1.28048
6.024 1.04456
6.04 1.25168
6.056 0.753481
6.072 0.962497
6.088 1.0049
6.104 1.07339
6.12 1.32491
6.136 1.12876
6.152 0.860704
6.168 1.03874
6.184 1.17029
6.2 0.737193
6.216 1.02667
6.232 1.04238
6.248 1.58173
6.264 0.997164
6.28 0.860982
6.296 0.982047
6.312 1.12928
6.328 0.899961
6.344 1.16569
6.36 0.692008
6.376 0.955144
6.392 0.595351
6.408 1.09228
6.424 0.966715
6.44 0.909836
6.456 0.893059
6.472 0.930985
6.488 0.635216
6.504 1.03814
6.52 1.12683
6.536 0.809357
6.552 1.18736
6.568 1.56205
6.584 1.12815
6.6 0.94601
6.616 1.04476
6.632 1.11095
6.648 1.35242
6.664 0.90114
6.68 0.975815
6.696 0.9356
6.712 0.883751
6.728 0.76357
6.744 0.977291
6.76 0.881981
6.776 0.807472
6.792 1.16827
6.808 0.993345
6.824 1.17639
6.84 0.905109
6.856 0.741797
6.872 1.04547
6.888 0.887801
6.904 0.897876
6.92 1.06078
6.936 0.961568
6.952 0.937072
6.968 1.01441
6.984 1.11201
7 1.09405
7.016 1.11222
7.032 1.23002
7.048 1.35581
7.064 1.21439
7.08 1.09322
7.096 0.982833
7.112 0.777706
7.128 0.996317
7.144 0.881571
7.16 1.02651
7.176 0.911826
7.192 0.941419
7.208 1.11082
7.224 0.904074
7.24 1.21126
7.256 1.03098
7.272 0.728596
7.288 0.893253
7.304 1.04396
7.32 1.01203
7.336 1.24029
7.352 1.00708
7.368 1.10433
7.384 0.8088
7.4 1.09147
7.416 1.13139
7.432 0.902842
7.448 0.765796
7.464 0.88514
7.48 1.14922
7.496 0.757303
7.512 1.04109
7.528 0.775995
7.544 0.828256
7.56 0.840605
7.576 1.19808
7.592 1.12534
7.608 1.02951
7.624 0.975086
7.64 1.10087
7.656 0.82231
7.672 1.09628
7.688 0.932712
7.704 1.09396
7.72 1.05714
7.736 0.896851
7.752 1.3865
7.768 1.20379
7.784 0.981789
7.8 1.15362
7.816 1.16742
7.832 1.23852
7.848 0.979891
7.864 1.0463
7.88 1.01771
7.896 0.807604
7.912 0.963893
7.928 0.912223
7.944 1.00723
7.96 1.08925
7.976 0.967914
7.992 1.09274
