0.0600444 0.000239332
0.0785196 0.000401149
0.11547 6.09277e-05
0.124708 0.000201279
0.161658 0.00433375
0.170896 0.00419468
0.180133 0.00692013
0.207846 0.00718733
0.226321 0.0126273
0.235559 0.00537859
0.244797 0.0052601
0.254034 0.0125517
0.290985 0.0127315
0.30946 0.02294
0.327935 0.0595673
0.337173 0.0281675
0.34641 0.0155907
0.355648 0.0772144
0.364885 0.0976842
0.374123 0.031698
0.383361 0.0206865
0.401836 0.0383074
0.411073 0.0458023
0.420311 0.0602031
0.438786 0.0211681
0.448024 0.178462
0.457261 0.128017
0.466499 0.129466
0.475737 0.187513
0.494212 0.0855311
0.512687 0.115743
0.521925 0.214678
0.531162 0.127524
0.5404 0.0729406
0.549637 0.106026
0.568113 0.0513873
0.57735 0.161065
0.586588 0.0940956
0.595825 0.0476237
0.605063 0.123831
0.614301 0.130709
0.623538 0.210019
0.632776 0.297889
0.642013 0.191914
0.651251 0.152081
0.660489 0.226137
0.669726 0.104963
0.678964 0.343905
0.697439 0.261669
0.706677 0.121789
0.715914 0.150005
0.725152 0.165271
0.73439 0.22709
0.743627 0.283501
0.752865 0.264787
0.762102 0.364488
0.77134 0.236703
0.780578 0.664831
0.789815 0.455962
0.799053 0.495123
0.80829 0.28525
0.817528 0.32022
0.826766 0.290826
0.836003 0.432429
0.845241 0.654162
0.854478 0.434532
0.863716 0.773517
0.872954 0.533314
0.882191 0.713584
0.900666 0.609676
0.909904 1.14602
0.928379 1.15505
0.937617 2.33789
0.946854 1.56457
0.956092 1.43286
0.96533 1.72181
0.983805 1.92225
0.993042 1.39014
1.01152 1.5275
1.02076 1.50348
1.02999 1.6968
1.03923 1.06813
1.04847 0.608117
1.05771 1.43111
1.06694 1.32442
1.07618 1.13016
1.08542 1.30073
1.09466 0.889254
1.10389 0.991167
1.11313 1.59684
1.12237 2.08631
1.13161 1.80979
1.14084 4.08898
1.15008 1.10537
1.15932 2.41437
1.16856 2.55153
1.17779 0.792895
1.18703 2.04941
1.20551 1.70697
1.21474 1.91219
1.22398 1.97591
1.23322 1.88753
1.24246 0.840652
1.2517 1.68572
1.26093 0.733361
1.27017 0.825843
1.27941 1.79229
1.28865 1.55222
1.29788 0.992092
1.30712 2.10926
1.31636 0.872195
1.3256 1.7476
1.33483 1.41447
1.34407 0.718331
1.35331 0.93448
1.36255 1.56864
1.37178 0.881638
1.38102 2.40052
1.39026 1.07584
1.3995 1.10803
1.40873 1.21376
1.41797 0.513881
1.42721 0.698403
1.43645 0.962035
1.44569 1.03346
1.45492 0.726037
1.46416 0.573036
1.4734 0.770046
1.48264 0.596185
1.49187 0.419195
1.50111 0.602013
1.51035 0.546987
1.51959 1.17181
1.52882 0.611008
1.53806 0.915976
1.5473 1.07633
1.55654 0.759954
1.56577 0.43626
1.57501 0.787962
1.58425 0.838194
1.59349 0.546937
1.60272 0.891431
1.61196 0.705638
1.6212 0.944716
1.63044 0.827937
1.63967 0.86486
1.64891 0.626276
1.65815 0.48974
1.66739 0.705289
1.67663 0.754489
1.68586 0.494658
1.6951 0.555126
1.70434 0.595239
1.71358 0.624044
1.72281 0.718241
1.73205 0.708694
1.74129 0.732648
1.75053 0.518144
1.75976 0.710827
1.769 0.655031
1.77824 1.02228
1.78748 0.631478
1.79671 0.686619
1.80595 0.615438
1.81519 0.798372
1.82443 0.70825
1.83366 0.56936
1.8429 0.784575
1.85214 0.807348
1.86138 0.613246
1.87061 0.580323
1.87985 0.719065
1.88909 0.629943
1.89833 0.690496
1.90757 0.713816
1.9168 0.663387
1.92604 0.669557
1.93528 0.891328
1.94452 0.845555
1.95375 0.66793
1.96299 0.896131
1.97223 0.594297
1.98147 0.157599
1.9907 0.695221
1.99994 1.07425
2.00918 0.933608
2.01842 0.698247
2.02765 0.576621
2.03689 0.729646
2.04613 0.565129
2.05537 1.21168
2.0646 0.894466
2.07384 0.932947
2.08308 1.3666
2.09232 1.2881
2.10155 1.00764
2.11079 1.03615
2.12003 1.03135
2.12927 1.17013
2.13851 1.5203
2.14774 0.895813
2.15698 1.43579
2.16622 0.92765
2.17546 1.15743
2.18469 1.52182
2.19393 1.18987
2.20317 1.04829
2.21241 1.11131
2.22164 2.05426
2.23088 1.52526
2.24012 1.298
2.24936 1.28665
2.25859 1.37735
2.26783 1.29593
2.27707 1.1553
2.28631 2.19658
2.29554 1.28849
2.30478 1.77921
2.31402 1.53066
2.32326 1.19184
2.3325 1.39495
2.34173 1.88103
2.35097 0.912008
2.36021 1.66213
2.36945 1.43224
2.37868 0.971068
2.38792 1.36068
2.39716 1.23945
2.4064 1.64328
2.41563 1.87707
2.42487 0.958986
2.43411 1.15091
2.44335 0.654716
2.45258 1.33075
2.46182 1.37335
2.47106 1.25764
2.4803 1.33194
2.48953 1.52527
2.49877 0.872349
2.50801 1.01951
2.51725 0.798321
2.52648 1.30176
2.53572 1.09861
2.54496 1.44148
2.5542 1.05556
2.56344 1.35133
2.57267 0.791193
2.58191 0.937671
2.59115 1.0297
2.60039 0.980652
2.60962 0.906184
2.61886 0.938092
2.6281 0.703588
2.63734 1.21347
2.64657 0.809361
2.65581 0.628218
2.66505 0.753977
2.67429 0.825637
2.68352 1.03133
2.69276 1.16582
2.702 1.00919
2.71124 0.791316
2.72047 0.742557
2.72971 0.689206
2.73895 0.740211
2.74819 0.64635
2.75742 0.701924
2.76666 0.673044
2.7759 0.778261
2.78514 0.593297
2.79438 0.747646
2.80361 0.759189
2.81285 0.62873
2.82209 0.482223
2.83133 0.798868
2.84056 0.644045
2.8498 1.05873
2.85904 0.93974
2.86828 0.72353
2.87751 0.45892
2.88675 0.804191
2.89599 0.918254
2.90523 1.0214
2.91446 0.734095
2.9237 0.86243
2.93294 0.921838
2.94218 0.669042
2.95141 0.95228
2.96065 0.646293
2.96989 0.665408
2.97913 0.801507
2.98836 0.616501
2.9976 0.677406
3.00684 0.801886
3.01608 0.851547
3.02532 0.991414
3.03455 0.584302
3.04379 0.807273
3.05303 0.727731
3.06227 0.840702
3.0715 0.642235
3.08074 0.83024
3.08998 0.572348
3.09922 0.575725
3.10845 0.691332
3.11769 1.0767
3.12693 0.838875
3.13617 0.50942
3.1454 0.740373
3.15464 0.936332
3.16388 0.501119
3.17312 0.798053
3.18235 0.859313
3.19159 0.856069
3.20083 0.872839
3.21007 0.803609
3.21931 0.997683
3.22854 1.55
3.23778 0.78128
3.24702 0.762055
3.25626 1.31528
3.26549 0.903914
3.27473 0.812632
3.28397 1.04233
3.29321 1.24662
3.30244 1.29717
3.31168 1.28983
3.32092 1.13626
3.33016 1.79853
3.33939 1.26289
3.34863 1.50505
3.35787 1.07333
3.36711 1.22385
3.37634 1.23973
3.38558 1.4376
3.39482 1.33118
3.40406 1.38001
3.41329 1.11679
3.42253 1.54763
3.43177 1.39148
3.44101 1.12329
3.45025 0.904496
3.45948 1.03802
3.46872 1.63696
3.47796 1.26911
3.4872 1.29005
3.49643 0.974906
3.50567 1.25375
3.51491 1.17819
3.52415 1.19347
3.53338 1.7551
3.54262 1.75942
3.55186 0.977094
3.5611 1.25892
3.57033 1.46321
3.57957 0.959732
3.58881 1.51183
3.59805 1.18241
3.60728 2.10643
3.61652 1.10953
3.62576 1.61218
3.635 1.40402
3.64423 1.19229
3.65347 1.26185
3.66271 0.896567
3.67195 0.926898
3.68119 0.925282
3.69042 1.04414
3.69966 1.03339
3.7089 0.994772
3.71814 0.959133
3.72737 1.04336
3.73661 0.570984
3.74585 0.804232
3.75509 0.958496
3.76432 1.08313
3.77356 1.13763
3.7828 1.18394
3.79204 1.25512
3.80127 0.890606
3.81051 0.865867
3.81975 0.883143
3.82899 0.763167
3.83822 0.825629
3.84746 0.946776
3.8567 0.93041
3.86594 0.808784
3.87518 0.718605
3.88441 0.578028
3.89365 0.80603
3.90289 0.653193
3.91213 0.79368
3.92136 0.705235
3.9306 0.703856
3.93984 0.81869
3.94908 0.625126
3.95831 0.606231
3.96755 0.541151
3.97679 0.905714
3.98603 0.885034
3.99526 0.750412
4.0045 0.747478
4.01374 0.974719
4.02298 0.822156
4.03221 0.78027
4.04145 0.741321
4.05069 0.520203
4.05993 0.867302
4.06916 1.05927
4.0784 0.727676
4.08764 0.702863
4.09688 0.724262
4.10612 0.605774
4.11535 0.856342
4.12459 0.594613
4.13383 0.667608
4.14307 0.761735
4.1523 0.679022
4.16154 0.793305
4.17078 0.81924
4.18002 0.820321
4.18925 0.895708
4.19849 0.796138
4.20773 0.721043
4.21697 0.997737
4.2262 0.754719
4.23544 0.898102
4.24468 0.704262
4.25392 1.2482
4.26315 0.888365
4.27239 0.676266
4.28163 0.959534
4.29087 1.0118
4.3001 0.844425
4.30934 0.800966
4.31858 1.23001
4.32782 0.809141
4.33706 0.893648
4.34629 0.881728
4.35553 1.11626
4.36477 1.08268
4.37401 1.22353
4.38324 1.60461
4.39248 0.895284
4.40172 0.998432
4.41096 1.12447
4.42019 1.12746
4.42943 1.28394
4.43867 1.44271
4.44791 1.44661
4.45714 0.891323
4.46638 1.38759
4.47562 1.05468
4.48486 1.12959
4.49409 1.17945
4.50333 1.2633
4.51257 1.51455
4.52181 1.3351
4.53104 1.24555
4.54028 1.76524
4.54952 1.84952
4.55876 0.910798
4.568 1.3037
4.57723 0.930393
4.58647 1.54735
4.59571 1.3232
4.60495 1.99902
4.61418 1.16408
