0.00625098 0.876181333333
0.971943333333 0.168442333333
0.0222704833333 0.915295
0.0343033266667 0.95151
0.0624716 0.946775
0.0905885 0.971343333333
0.924975 0.234199666667
0.938069666667 0.183757333333
0.945775666667 0.212165666667
0.889763666667 0.238213
0.4304249 0.003564285
0.971007666667 0.0826892333333
0.960612 0.128304366667
0.862289333333 0.913248
0.0563247333333 0.428743333333
0.02056803 0.594933
0.02206663 0.662827
0.0452931 0.601023666667
0.0561554333333 0.561374666667
0.267377233333 0.00652939833333
0.866666666667 0.218909
0.619676333333 0.246478333333
0.599511 0.269706
0.0109813466667 0.377230633333
0.01843783 0.509128333333
0.1148361 0.419246333333
0.0857070666667 0.409077666667
0.115395833333 0.343308666667
0.0575935166667 0.032819045
0.10248 0.0375664783333
0.105820766667 0.0782178666667
0.943312 0.947419
0.932813666667 0.919211333333
0.593964 0.815946666667
0.570785 0.840623333333
0.517715 0.977623333333
0.564429 0.976395666667
0.371398666667 0.492851666667
0.144743333333 0.387863666667
0.148619666667 0.358220666667
0.04742439 0.888448333333
0.0746092 0.903284
0.0210881633333 0.710152666667
0.0660322666667 0.638098
0.0511678333333 0.667206666667
0.120722733333 0.936272666667
0.1030721 0.896943
0.428299333333 0.988695
0.145893766667 0.991443
0.2894201 0.996136666667
0.0543885333333 0.458173666667
0.0667494666667 0.486418666667
0.0328878666667 0.491538333333
0.0452488 0.519783333333
0.661262 0.257865
0.771971 0.181224
0.836446666667 0.217244
0.901617666667 0.154732
0.873017666667 0.171778666667
0.637156 0.00917380666667
0.757652 0.02968662
0.726049 0.0558445666667
0.539617333333 0.01624632
0.610444333333 0.0263321
0.751470333333 0.159604
0.736763333333 0.0934237666667
0.503322333333 0.309218
0.471388333333 0.431511333333
0.612734333333 0.308388333333
0.581551333333 0.316984
0.605093 0.0736136333333
0.534476333333 0.146687666667
0.555323 0.114474833333
0.587095333333 0.111266866667
0.615082333333 0.134584366667
0.361140333333 0.0162121866667
0.364582333333 0.0759958333333
0.452332666667 0.0233436533333
0.488814666667 0.0575343333333
0.411761333333 0.0243218533333
0.402031666667 0.0550583
0.505055666667 0.141079
0.477707333333 0.163778333333
0.210719666667 0.324775
0.180558666667 0.327722
0.244398666667 0.308489666667
0.305754666667 0.350822
0.0476943333333 0.316985
0.0784901 0.344743666667
0.0652215666667 0.371598333333
0.0358392333333 0.391264
0.0287935 0.358264
0.0743746 0.1015058
0.01818805 0.1891523
0.942918333333 0.27178
0.886326333333 0.2726
0.858046 0.293874666667
0.918373 0.292934333333
0.920784666667 0.322608
0.925320333333 0.885653333333
0.889893333333 0.880925
0.786512666667 0.926409
0.748811666667 0.909712
0.734869333333 0.936761333333
0.607245333333 0.981924666667
0.683401 0.988496333333
0.736219333333 0.979742333333
0.808186333333 0.959582333333
0.771769 0.968747666667
0.610258666667 0.884855666667
0.581503333333 0.878169333333
0.572116 0.949737333333
0.553405666667 0.887797666667
0.543619333333 0.921243666667
0.437078666667 0.638263333333
0.442236333333 0.68488
0.404918666667 0.621830666667
0.402959 0.588008333333
0.342274333333 0.632767
0.368044666667 0.648746333333
0.379195666667 0.569146333333
0.333018666667 0.594098333333
0.346268333333 0.565125
0.404613 0.437936666667
0.376573333333 0.450287
0.400589 0.538877666667
0.399479333333 0.504888666667
0.424352333333 0.557739666667
0.421874333333 0.473392666667
0.451028333333 0.467651
0.303353 0.600635
0.312608666667 0.639303666667
0.0192729533333 0.830624666667
0.0457587233333 0.854977
0.0675172666667 0.699393333333
0.0374375966667 0.742339333333
0.0434293966667 0.780676333333
0.123318033333 0.841503
0.127228033333 0.870385
0.158404 0.818130333333
0.194075 0.820357333333
0.21651 0.786198333333
0.680998333333 0.235394
0.708454 0.226784333333
0.664885333333 0.199259666667
0.692341 0.19065
0.736428666667 0.239453333333
0.769897 0.215758666667
0.811606666667 0.235094666667
0.782545333333 0.138768
0.779921333333 0.109181466667
0.803046 0.160388
0.825812 0.177072
0.848279666667 0.148852666667
0.934290333333 0.1142947
0.909169666667 0.125407333333
0.871656 0.0246866533333
0.925317333333 0.0485313333333
0.909071666667 0.0799974666667
0.883951 0.0911101
0.669030333333 0.0319857
0.691391333333 0.0481285666667
0.637635666667 0.0589202666667
0.659996666667 0.0750631333333
0.709885333333 0.114662966667
0.667776333333 0.104018333333
0.655871 0.128597366667
0.721968333333 0.151256666667
0.692887666667 0.160437
0.562793333333 0.258448666667
0.549135333333 0.285925
0.508361 0.278264666667
0.537592333333 0.223492
0.639198 0.325345
0.693506 0.313049333333
0.667560333333 0.298049333333
0.572077 0.34862
0.534622333333 0.348514333333
0.520225 0.378834666667
0.544048666667 0.404538333333
0.51662 0.0616787333333
0.542663333333 0.0820257
0.550965 0.0375738333333
0.577008333333 0.0579208
0.561453666667 0.201309666667
0.558473 0.173493333333
0.60682 0.213038666667
0.632292666667 0.188291
0.607306666667 0.164598
0.326193 0.0341488
0.339364666667 0.063196
0.309813333333 0.0902489333333
0.270176666667 0.0752767666667
0.274790333333 0.0431382333333
0.43157 0.286376333333
0.455461666667 0.138344666667
0.425554 0.0812062333333
0.471765666667 0.0846604666667
0.48281 0.115645333333
0.404691333333 0.120928433333
0.423554666667 0.147082
0.47931 0.194874333333
0.491220333333 0.248459333333
0.506793666667 0.221163
0.256517333333 0.216598
0.297012666667 0.272521666667
0.243087333333 0.253441
0.258871333333 0.282134666667
0.326401333333 0.283962333333
0.329917666667 0.316575666667
0.399274 0.291982666667
0.464249333333 0.399849333333
0.488474333333 0.368877
0.477595333333 0.322524333333
0.446756 0.314146666667
0.03333695 0.0615278333333
0.0467772666667 0.0895632
0.01634315 0.119358366667
0.0297834666667 0.147393733333
0.1917639 0.012929445
0.234124333333 0.0316016666667
0.139370233333 0.027109045
0.181730666667 0.0457812666667
0.185765 0.0761769
0.977918666667 0.267170333333
0.967162333333 0.305609666667
0.990684333333 0.238622666667
0.993635333333 0.374105
0.956365 0.343225666667
0.825953 0.299146666667
0.806296333333 0.276418666667
0.802136666667 0.340707333333
0.748426 0.373740333333
0.760714666667 0.342781333333
0.993069333333 0.502114333333
0.744876 0.875830333333
0.703863666667 0.927939333333
0.681703666667 0.955201
0.676145333333 0.89705
0.632297666667 0.905008
0.641164 0.954753333333
0.619476333333 0.935449666667
0.759682 0.995764666667
0.848917666667 0.977845333333
0.870940666667 0.950457666667
0.916536333333 0.979900333333
0.906038 0.951692666667
0.582485666667 0.784010333333
0.495836666667 0.672064666667
0.518 0.697200666667
0.469296666667 0.693558333333
0.49146 0.718694333333
0.346515333333 0.980029333333
0.21323 0.845928666667
0.371228666667 0.375449
0.365675 0.334019
0.391515666667 0.322571666667
0.423361 0.346304
0.403683666667 0.403351666667
0.429975333333 0.385654
0.313208 0.390602666667
0.342924666667 0.397786333333
0.34734 0.438039333333
0.280732333333 0.420517333333
0.158205333333 0.580346666667
0.172102333333 0.651092666667
0.137413266667 0.656457666667
0.1165484 0.603177666667
0.10634 0.630222666667
0.274484333333 0.579845333333
0.183030666667 0.502725333333
0.126405766667 0.458656
0.199108666667 0.670019
0.241478 0.713252
0.210431 0.704077
0.273939 0.687116666667
0.281632 0.657040666667
0.0703898333333 0.777663
0.0966224 0.818583666667
0.0704038333333 0.820335333333
0.157214 0.784305666667
0.1226027 0.780312666667
0.108502066667 0.758102
0.192732666667 0.766162
0.185460666667 0.729614
0.1264436 0.684000666667
0.0986156333333 0.701249
0.14883 0.713028
0.121002033333 0.730276333333
0.367062666667 0.679322333333
0.409094333333 0.699023333333
0.396322 0.723185
0.262902666667 0.733579333333
0.295363666667 0.707444
0.331740333333 0.701407333333
0.344599333333 0.724744
0.72152 0.298657666667
0.743285333333 0.273855666667
0.749678 0.316287
0.771443333333 0.291485
0.838315666667 0.1049328
0.851237 0.0783859
0.80548 0.0904176
0.793925 0.0485019533333
0.822696333333 0.0434285866667
0.546025333333 0.432437666667
0.514187 0.440602
0.463593333333 0.614393
0.495291 0.639516
0.458993333333 0.553632333333
0.475592666667 0.581823333333
0.657056 0.360212333333
0.716454666667 0.379324666667
0.687303333333 0.355410666667
0.354154666667 0.1158711
0.370741333333 0.134655766667
0.321014 0.120309
0.29277 0.145584333333
0.409174333333 0.183490333333
0.426653666667 0.251299666667
0.394357666667 0.256906
0.450426 0.235958333333
0.442684 0.205849
0.364501 0.252926666667
0.214733 0.243076333333
0.228163 0.206233333333
0.0583418 0.286732333333
0.0380239333333 0.258333666667
0.167535333333 0.304754666667
0.125114833333 0.31364
0.183814666667 0.265088
0.162009 0.238850333333
0.206328333333 0.448903666667
0.165367 0.404467333333
0.154194333333 0.450578333333
0.176777 0.465897
0.261372333333 0.400923666667
0.223295333333 0.352474
0.204502666667 0.386257666667
0.222881333333 0.415375333333
0.256974333333 0.336188666667
0.276672666667 0.355520666667
0.268073333333 0.540801666667
0.234327333333 0.474853333333
0.220083666667 0.505869
0.233660333333 0.535224333333
0.128936666667 0.0948087333333
0.161099 0.0925144
0.259924666667 0.139619
0.231216 0.141240333333
0.248532 0.0993715
0.219823333333 0.100992833333
0.826338333333 0.355765333333
0.891512666667 0.339744666667
0.860820666667 0.331345666667
0.778154666667 0.407998666667
0.843576 0.413380333333
0.814645 0.392097666667
0.952203333333 0.860172666667
0.931277666667 0.827924333333
0.775666666667 0.869033666667
0.803913666667 0.903345333333
0.834157333333 0.901852666667
0.77441 0.837960333333
0.870023333333 0.788229333333
0.840705 0.860441333333
0.875219333333 0.851612
0.889720666667 0.824092
0.494061666667 0.753376666667
0.535088 0.821718666667
0.539144666667 0.788788333333
0.531542 0.763179666667
0.521901333333 0.848227666667
0.489299333333 0.844852333333
0.339808666667 0.757602333333
0.284892333333 0.891801
0.283485333333 0.962232
0.158702333333 0.886028333333
0.194946666667 0.879806666667
0.149182666667 0.929804333333
0.246894333333 0.594575666667
0.216515333333 0.641260666667
0.244786333333 0.633102333333
0.189509 0.622334333333
0.189623666667 0.586011
0.218738 0.566410666667
0.143013 0.554021333333
0.152300666667 0.525355666667
0.0820526666667 0.556687666667
0.101356066667 0.576852333333
0.0896673666667 0.505106
0.118258433333 0.496605
0.257083 0.790598333333
0.279700666667 0.765352333333
0.320542333333 0.780033666667
0.517267333333 0.468851333333
0.537777666667 0.495994666667
0.517786 0.525423
0.474509666667 0.484148
0.481106333333 0.519771333333
0.286218 0.212706
0.307280333333 0.179537666667
0.310929333333 0.239936
0.351561333333 0.229448666667
0.352111 0.173047
0.371680666667 0.195728
0.202702666667 0.152165
0.201118333333 0.186169666667
0.165882666667 0.196775
0.166644 0.128255
0.134481666667 0.130549333333
0.109272733333 0.154836666667
0.1244494 0.183710333333
0.0722815666667 0.142384
0.0465255333333 0.177982
0.0529211 0.219128
0.0864749 0.266116
0.113196833333 0.279498
0.133811666667 0.244375
0.108194066667 0.207079333333
0.0810578 0.220765
0.284049666667 0.454084
0.268797666667 0.479843333333
0.320940666667 0.464422333333
0.288967 0.516436333333
0.340722666667 0.499528666667
0.324001 0.525783333333
0.948419333333 0.371993666667
0.908591333333 0.428149333333
0.885648333333 0.400946666667
0.904947666667 0.371706
0.987003666667 0.471477333333
0.965350666667 0.403202333333
0.944822 0.430117333333
0.98403 0.671886
0.934816 0.800869666667
0.965012666667 0.78247
0.894618 0.770263
0.897104666667 0.735558666667
0.729076333333 0.822645333333
0.702852666667 0.802899666667
0.679218333333 0.867493333333
0.715107 0.854905666667
0.656872333333 0.79877
0.633987 0.823423
0.639563333333 0.854786
0.467468333333 0.769543666667
0.46829 0.808901666667
0.341287 0.844832
0.346855333333 0.815968666667
0.488765333333 0.887505333333
0.460761333333 0.896670666667
0.462583333333 0.938401666667
0.493363666667 0.954048
0.511581 0.924326666667
0.389720666667 0.968607666667
0.427282666667 0.948743333333
0.315451333333 0.909865
0.309965666667 0.940283333333
0.347779 0.952821
0.385341 0.932956666667
0.248854 0.909063333333
0.216616666667 0.906454666667
0.252932666667 0.949076
0.248991666667 0.840008666667
0.270409666667 0.818837333333
0.284112666667 0.863182666667
0.305530666667 0.842011333333
0.566295333333 0.513257333333
0.719914333333 0.416796333333
0.757730666667 0.431187333333
0.762380333333 0.460946
0.689367333333 0.428873666667
0.687863666667 0.470598666667
0.837673 0.77933
0.792576666667 0.816476
0.822856 0.824022
0.958948 0.469780333333
0.978984333333 0.522484
0.973960666667 0.706743
0.946250666667 0.690438333333
0.959379 0.741219
0.931669 0.724914333333
0.959027 0.627700666667
0.435088 0.877456333333
0.376780333333 0.865038333333
0.362892 0.892846666667
0.394968333333 0.903400666667
0.379971333333 0.80757
0.376208333333 0.773711666667
0.439705333333 0.803735333333
0.409859333333 0.752596
0.438883666667 0.764377333333
0.426908 0.834591666667
0.400676666667 0.832727666667
0.196248 0.985666333333
0.227437666667 0.968538333333
0.169402666667 0.959098333333
0.200592333333 0.941970333333
0.799413666667 0.468565666667
0.833594333333 0.448278333333
0.862735333333 0.554275666667
0.587145333333 0.409163666667
0.600776333333 0.383565666667
0.643793666667 0.386573333333
0.657478333333 0.419943333333
0.658254333333 0.483205
0.595352 0.497628
0.639416333333 0.450154
0.591401666667 0.458599666667
0.612100666667 0.442382
0.935415666667 0.485828
0.902303333333 0.459906
0.891881666667 0.527812
0.923846333333 0.525416
0.869378666667 0.467601333333
0.870526333333 0.495919333333
0.975851 0.561803666667
0.944245333333 0.548688
0.958301333333 0.594621
0.926695666667 0.581505333333
0.923656333333 0.673048666667
0.926363333333 0.645168
0.560130666667 0.557928
0.581372333333 0.587001
0.530938666667 0.562687333333
0.510858333333 0.585226666667
0.521117333333 0.622188666667
0.59826 0.756286
0.568102333333 0.737479333333
0.609731666667 0.575243
0.647883333333 0.522705
0.617546666667 0.530540666667
0.80879 0.494571333333
0.804663666667 0.529525
0.844118333333 0.502602
0.839992 0.537555666667
0.878314 0.600114666667
0.846303333333 0.585854666667
0.877256 0.630697666667
0.555034333333 0.642143
0.579930666667 0.625774
0.551371333333 0.684606333333
0.574653333333 0.703234333333
0.807012 0.607218333333
0.824084 0.749172666667
0.755868333333 0.660260666667
0.660620666667 0.769219333333
0.638598666667 0.749267333333
0.813003 0.694735666667
0.854438 0.644869666667
0.816204666667 0.635650333333
0.801687666667 0.660865333333
0.83881 0.709659
0.870608 0.699626666667
0.882578 0.671592666667
0.785253333333 0.754854333333
0.777433333333 0.727541333333
0.768563 0.777465666667
0.724172666667 0.779204333333
0.699408666667 0.759802333333
0.774640333333 0.548930333333
0.778563333333 0.591425
0.612525666667 0.648950666667
0.610911333333 0.683947666667
0.636172 0.591242333333
0.660545333333 0.558054333333
0.696560666667 0.560052
0.640407666667 0.626177
0.674112333333 0.639269
0.715813 0.538988333333
0.744038333333 0.533249
0.710191 0.496790666667
0.738416333333 0.491051333333
0.678342666667 0.674026
0.724054 0.682097333333
0.658139666667 0.718752
0.643023666667 0.695931
0.734303666667 0.715507666667
0.703708333333 0.730257333333
0.70449 0.621523
0.713831666667 0.59332
0.740534666667 0.634443333333
0.749876333333 0.606240333333
