0.0735391 8.74904e-05
0.0961665 2.55342e-05
0.141421 6.62613e-05
0.152735 0.000113997
0.19799 4.85042e-05
0.209304 9.37131e-05
0.220617 4.54871e-05
0.254558 0.000179711
0.277186 0.0003675
0.2885 0.000760203
0.299813 0.000125632
0.311127 0.00143234
0.356382 0.00188332
0.379009 0.00463214
0.401637 0.00333123
0.41295 0.00182251
0.424264 0.00267364
0.435578 0.000827419
0.446891 0.0030371
0.458205 0.00538305
0.469519 0.00304828
0.492146 0.00607439
0.50346 0.00405792
0.514774 0.00273847
0.537401 0.00453788
0.548715 0.0138335
0.560029 0.00296717
0.571342 0.00592532
0.582656 0.0160663
0.605283 0.0253346
0.627911 0.0194615
0.639225 0.024131
0.650538 0.0177674
0.661852 0.0325706
0.673166 0.0241876
0.695793 0.0357697
0.707107 0.018899
0.71842 0.0362057
0.729734 0.047205
0.741048 0.0267099
0.752362 0.0660399
0.763675 0.0442622
0.774989 0.0466429
0.786303 0.0586895
0.797616 0.037879
0.80893 0.125007
0.820244 0.237977
0.831558 0.0875671
0.854185 0.28158
0.865499 0.623174
0.876812 0.679794
0.888126 1.84586
0.89944 6.94962
0.910754 5.26093
0.922067 3.45609
0.933381 1.92584
0.944695 0.885513
0.956008 1.79798
0.967322 0.856716
0.978636 0.751887
0.989949 0.345732
1.00126 0.272856
1.01258 0.200409
1.02389 0.682959
1.0352 0.224417
1.04652 0.470875
1.05783 0.544081
1.06915 0.427651
1.08046 1.10705
1.10309 1.45462
1.1144 4.78939
1.13703 4.53779
1.14834 7.02378
1.15966 2.81704
1.17097 3.40078
1.18228 2.52573
1.20491 1.98452
1.21622 1.30129
1.23885 0.476246
1.25016 0.399312
1.26148 0.386503
1.27279 0.518025
1.28411 0.451206
1.29542 0.361527
1.30673 0.341589
1.31805 0.429622
1.32936 0.523391
1.34067 0.423989
1.35199 0.30718
1.3633 0.747188
1.37462 0.81864
1.38593 2.31518
1.39724 0.734546
1.40856 1.22486
1.41987 0.544341
1.43118 0.78134
1.4425 0.642036
1.45381 0.515257
1.47644 0.348046
1.48775 0.556979
1.49907 0.296944
1.51038 0.449484
1.52169 0.273678
1.53301 0.479597
1.54432 0.10302
1.55563 0.432595
1.56695 0.292427
1.57826 0.719259
1.58958 0.267613
1.60089 0.286731
1.6122 0.428635
1.62352 0.611425
1.63483 0.494294
1.64614 0.815377
1.65746 1.10352
1.66877 0.827662
1.68009 1.53262
1.6914 0.708331
1.70271 1.35144
1.71403 1.17347
1.72534 1.33139
1.73665 1.01493
1.74797 0.725698
1.75928 1.38249
1.7706 1.09835
1.78191 0.892711
1.79322 0.5834
1.80454 0.853035
1.81585 1.09415
1.82716 0.594563
1.83848 0.633214
1.84979 0.685621
1.86111 0.705868
1.87242 0.837854
1.88373 0.625723
1.89505 1.59537
1.90636 1.21043
1.91767 0.695344
1.92899 0.956144
1.9403 0.87511
1.95161 1.19509
1.96293 1.21574
1.97424 1.73846
1.98556 2.01801
1.99687 1.10771
2.00818 1.56802
2.0195 0.911423
2.03081 0.338662
2.04212 1.20542
2.05344 0.754672
2.06475 0.891739
2.07607 1.0311
2.08738 0.447277
2.09869 0.949338
2.11001 0.396434
2.12132 0.980971
2.13263 0.721815
2.14395 1.05
2.15526 1.25918
2.16658 1.00633
2.17789 1.06663
2.1892 1.62359
2.20052 0.862952
2.21183 1.63259
2.22314 1.98652
2.23446 1.87553
2.24577 1.40486
2.25708 1.69934
2.2684 1.52906
2.27971 0.992779
2.29103 1.51054
2.30234 1.06203
2.31365 1.5209
2.32497 1.31366
2.33628 1.27932
2.34759 1.24676
2.35891 1.06431
2.37022 0.975777
2.38154 1.01429
2.39285 0.851937
2.40416 0.86488
2.41548 0.851445
2.42679 0.855255
2.4381 0.937165
2.44942 1.02721
2.46073 1.72157
2.47205 0.905451
2.48336 1.37533
2.49467 0.886513
2.50599 0.913458
2.5173 0.983291
2.52861 0.805119
2.53993 1.54373
2.55124 0.741261
2.56255 0.676567
2.57387 1.04719
2.58518 0.654045
2.5965 1.01331
2.60781 0.748761
2.61912 0.666531
2.63044 0.674685
2.64175 0.922964
2.65306 1.03976
2.66438 0.533047
2.67569 0.804734
2.68701 1.08445
2.69832 1.30725
2.70963 0.680204
2.72095 0.642311
2.73226 0.989877
2.74357 2.23959
2.75489 0.642324
2.7662 1.0982
2.77752 0.875021
2.78883 0.597765
2.80014 0.955924
2.81146 1.32498
2.82277 0.506448
2.83408 0.904448
2.8454 0.973823
2.85671 0.672323
2.86803 0.627506
2.87934 0.93886
2.89065 0.760206
2.90197 0.919069
2.91328 0.61206
2.92459 0.807547
2.93591 0.747423
2.94722 0.522437
2.95853 0.991372
2.96985 0.873438
2.98116 1.24195
2.99248 1.03324
3.00379 1.04006
3.0151 0.901982
3.02642 1.17812
3.03773 0.747794
3.04904 0.943025
3.06036 0.584968
3.07167 1.34994
3.08299 1.36025
3.0943 0.929171
3.10561 0.813556
3.11693 0.725262
3.12824 0.696394
3.13955 1.04424
3.15087 1.16372
3.16218 0.879503
3.1735 0.846175
3.18481 1.11715
3.19612 1.31775
3.20744 1.32161
3.21875 0.830759
3.23006 1.04292
3.24138 1.21375
3.25269 1.50257
3.264 1.05976
3.27532 1.15919
3.28663 1.06133
3.29795 1.98586
3.30926 1.13904
3.32057 1.07001
3.33189 1.42094
3.3432 1.13821
3.35451 1.08941
3.36583 1.37067
3.37714 1.17177
3.38846 1.31852
3.39977 0.922688
3.41108 0.669754
3.4224 1.58443
3.43371 1.05874
3.44502 0.93733
3.45634 1.02429
3.46765 0.96683
3.47897 0.813859
3.49028 0.98907
3.50159 1.06469
3.51291 1.01174
3.52422 0.891225
3.53553 1.11561
3.54685 1.17848
3.55816 1.21396
3.56948 0.967386
3.58079 1.01453
3.5921 0.585344
3.60342 1.02935
3.61473 0.752015
3.62604 1.58337
3.63736 0.939734
3.64867 0.805367
3.65998 0.864039
3.6713 0.982019
3.68261 1.05191
3.69393 0.961987
3.70524 1.02214
3.71655 0.733352
3.72787 0.897807
3.73918 1.22974
3.75049 0.904278
3.76181 0.989058
3.77312 0.746009
3.78444 0.515021
3.79575 0.90404
3.80706 0.736466
3.81838 0.973656
3.82969 0.920658
3.841 1.11901
3.85232 0.962779
3.86363 0.899312
3.87495 1.29027
3.88626 0.770283
3.89757 0.989657
3.90889 1.50155
3.9202 0.705635
3.93151 0.859676
3.94283 1.07305
3.95414 0.605307
3.96545 0.927646
3.97677 0.960656
3.98808 0.861991
3.9994 0.631633
4.01071 0.562621
4.02202 0.903473
4.03334 1.15178
4.04465 1.23442
4.05596 0.991081
4.06728 1.43783
4.07859 1.03581
4.08991 0.787898
4.10122 0.94868
4.11253 0.889139
4.12385 0.754362
4.13516 0.751852
4.14647 1.25775
4.15779 0.905737
4.1691 1.03351
4.18042 0.988702
4.19173 1.12802
4.20304 0.660921
4.21436 0.826039
4.22567 0.959434
4.23698 0.740384
4.2483 0.846709
4.25961 1.02368
4.27092 1.04362
4.28224 0.797758
4.29355 1.06751
4.30487 1.00775
4.31618 0.969408
4.32749 0.782401
4.33881 1.07826
4.35012 0.921135
4.36143 1.61611
4.37275 1.08331
4.38406 1.25754
4.39538 1.21496
4.40669 1.39887
4.418 1.30564
4.42932 1.19906
4.44063 1.30049
4.45194 1.18247
4.46326 0.932555
4.47457 0.953988
4.48589 0.861063
4.4972 0.885749
4.50851 1.31258
4.51983 1.14052
4.53114 1.10104
4.54245 0.798459
4.55377 0.923008
4.56508 1.30983
4.5764 0.980554
4.58771 0.818247
4.59902 1.05836
4.61034 1.31743
4.62165 1.29143
4.63296 1.24861
4.64428 0.796937
4.65559 1.15881
4.6669 0.978918
4.67822 1.25986
4.68953 0.773534
4.70085 0.943761
4.71216 0.890258
4.72347 1.15046
4.73479 0.775029
4.7461 0.985287
4.75741 0.995241
4.76873 0.96616
4.78004 1.01619
4.79136 0.596818
4.80267 0.983055
4.81398 0.894061
4.8253 0.995565
4.83661 0.929795
4.84792 0.855319
4.85924 1.22075
4.87055 0.947226
4.88187 0.788878
4.89318 0.999542
4.90449 0.992837
4.91581 0.861723
4.92712 0.684438
4.93843 1.2525
4.94975 0.900076
4.96106 1.10035
4.97237 0.78618
4.98369 0.929614
4.995 0.91284
5.00632 1.01649
5.01763 0.865023
5.02894 0.985096
5.04026 1.14458
5.05157 0.835908
5.06288 0.855996
5.0742 0.924515
5.08551 0.667746
5.09683 0.955014
5.10814 0.822278
5.11945 1.05683
5.13077 1.21206
5.14208 0.650216
5.15339 0.799058
5.16471 1.26396
5.17602 1.25559
5.18734 0.842139
5.19865 0.942991
5.20996 0.868324
5.22128 1.2556
5.23259 0.773397
5.2439 1.19897
5.25522 0.775342
5.26653 0.988314
5.27785 1.06004
5.28916 0.879033
5.30047 0.959125
5.31179 1.17471
5.3231 1.25073
5.33441 1.13241
5.34573 1.18564
5.35704 0.894247
5.36835 0.8752
5.37967 1.00723
5.39098 1.12957
5.4023 1.1
5.41361 0.917929
5.42492 0.938989
5.43624 1.01819
5.44755 0.999597
5.45886 1.08906
5.47018 0.730813
5.48149 1.08737
5.49281 1.0248
5.50412 1.09103
5.51543 1.04622
5.52675 1.11815
5.53806 0.927828
5.54937 0.948586
5.56069 0.901829
5.572 0.866136
5.58332 1.56012
5.59463 0.842221
5.60594 1.18929
5.61726 1.12401
5.62857 1.46869
5.63988 1.25884
5.6512 0.762741
