0.0601448 0.0375385
0.0786508 0.0842707
0.115663 0.0967984
0.124916 0.0575305
0.161928 0.188146
0.171181 0.0234823
0.180434 0.0674858
0.208193 0.0787678
0.226699 0.0693183
0.235952 0.0854233
0.245206 0.0132774
0.254459 0.168759
0.291471 0.0755428
0.309977 0.045411
0.328483 0.177743
0.337736 0.0581951
0.346989 0.364481
0.356242 0.199503
0.365495 0.148701
0.374748 0.0628588
0.384001 0.155355
0.402507 0.204611
0.41176 0.107731
0.421013 0.116817
0.439519 0.314835
0.448772 0.34304
0.458025 0.0678558
0.467278 0.339871
0.476532 0.363323
0.495038 0.362575
0.513544 0.553163
0.522797 0.553924
0.53205 0.25776
0.541303 0.388403
0.550556 0.315771
0.569062 0.538808
0.578315 1.15084
0.587568 0.647757
0.596821 0.686765
0.606074 1.11964
0.615327 0.571496
0.62458 1.15733
0.633833 0.168411
0.643086 0.719341
0.652339 0.292403
0.661592 1.0683
0.670845 0.835947
0.680098 1.08056
0.698604 1.21795
0.707857 1.13663
0.717111 0.999408
0.726364 1.96953
0.735617 1.83387
0.74487 1.57717
0.754123 0.771937
0.763376 1.11885
0.772629 1.01054
0.781882 1.59551
0.791135 0.701251
0.800388 1.57936
0.809641 1.13388
0.818894 1.06766
0.828147 1.63167
0.8374 0.933849
0.846653 0.467312
0.855906 1.1818
0.865159 1.89819
0.874412 0.771831
0.883665 1.11831
0.902171 0.657335
0.911424 1.5903
0.92993 0.938285
0.939183 1.2784
0.948436 0.648432
0.95769 0.657096
0.966943 1.61595
0.985449 1.27295
0.994702 0.893223
1.01321 1.9373
1.02246 1.94277
1.03171 1.00828
1.04097 0.909802
1.05022 1.25616
1.05947 1.73807
1.06873 1.18414
1.07798 0.906574
1.08723 0.908255
1.09649 1.10724
1.10574 0.973552
1.11499 1.03593
1.12424 0.816909
1.1335 0.745578
1.14275 0.922971
1.152 0.425053
1.16126 0.861233
1.17051 0.825125
1.17976 0.981068
1.18902 0.703358
1.20752 1.29344
1.21677 0.724306
1.22603 1.08909
1.23528 1.15567
1.24453 0.904807
1.25379 2.47955
1.26304 0.673752
1.27229 0.793925
1.28155 1.05134
1.2908 0.944432
1.30005 1.56133
1.30931 1.30739
1.31856 0.716458
1.32781 0.850568
1.33706 0.605818
1.34632 0.821478
1.35557 1.71254
1.36482 0.644461
1.37408 0.547461
1.38333 1.70173
1.39258 0.571155
1.40184 1.24319
1.41109 0.654765
1.42034 0.526782
1.42959 0.580572
1.43885 1.33523
1.4481 1.19498
1.45735 0.815441
1.46661 0.494584
1.47586 1.39451
1.48511 0.448038
1.49437 0.72502
1.50362 1.03312
1.51287 1.00542
1.52212 0.742045
1.53138 1.18625
1.54063 0.750018
1.54988 1.52305
1.55914 1.07089
1.56839 1.04269
1.57764 0.863191
1.5869 0.878111
1.59615 1.16721
1.6054 1.40517
1.61466 0.961095
1.62391 0.63062
1.63316 0.876849
1.64241 0.715818
1.65167 1.26324
1.66092 0.925637
1.67017 0.896222
1.67943 0.784379
1.68868 0.832286
1.69793 1.19232
1.70719 0.967369
1.71644 1.03179
1.72569 2.46277
1.73494 0.911651
1.7442 0.788303
1.75345 0.890246
1.7627 0.952766
1.77196 0.863324
1.78121 0.987866
1.79046 0.765514
1.79972 1.17332
1.80897 1.15518
1.81822 0.819436
1.82748 1.16144
1.83673 1.33379
1.84598 0.927017
1.85523 0.792241
1.86449 0.734107
1.87374 1.53948
1.88299 1.96916
1.89225 0.742518
1.9015 0.755222
1.91075 0.814662
1.92001 0.945631
1.92926 1.07065
1.93851 1.29523
1.94776 1.20619
1.95702 0.908365
1.96627 0.812157
1.97552 0.897248
1.98478 0.876519
1.99403 1.06616
2.00328 1.42762
2.01254 0.251176
2.02179 1.16614
2.03104 1.16502
2.0403 0.76344
2.04955 0.719057
2.0588 0.706914
2.06805 0.98602
2.07731 0.787726
2.08656 0.922983
2.09581 1.03935
2.10507 1.2381
2.11432 0.78781
2.12357 0.965506
2.13283 0.974778
2.14208 0.939287
2.15133 1.07386
2.16058 1.16026
2.16984 1.17345
2.17909 0.842997
2.18834 1.56212
2.1976 0.903886
2.20685 0.975359
2.2161 0.862928
2.22536 1.17108
2.23461 1.07775
2.24386 1.27556
2.25311 1.02598
2.26237 0.861643
2.27162 0.960259
2.28087 0.899925
2.29013 0.750456
2.29938 1.00293
2.30863 0.739363
2.31789 1.25361
2.32714 0.954238
2.33639 1.31721
2.34565 0.985161
2.3549 1.00677
2.36415 1.1942
2.3734 1.03158
2.38266 0.842078
2.39191 1.37038
2.40116 0.889859
2.41042 0.91937
2.41967 1.16423
2.42892 0.850668
2.43818 0.93144
2.44743 0.711299
2.45668 0.969202
2.46593 0.487873
2.47519 1.05314
2.48444 0.689937
2.49369 0.914669
2.50295 0.936645
2.5122 1.05043
2.52145 0.841183
2.53071 0.93373
2.53996 0.838505
2.54921 0.873492
2.55847 0.958027
2.56772 0.936294
2.57697 0.644427
2.58622 0.647721
2.59548 1.22017
2.60473 1.13507
2.61398 0.857976
2.62324 0.929337
2.63249 0.941964
2.64174 0.864642
2.651 1.15863
2.66025 0.870321
2.6695 1.16404
2.67875 1.02329
2.68801 0.82626
2.69726 1.18322
2.70651 1.03841
2.71577 1.50217
2.72502 1.40449
2.73427 0.843222
2.74353 1.00951
2.75278 1.02648
2.76203 1.09675
2.77129 1.47639
2.78054 1.00048
2.78979 0.896826
2.79904 1.35234
2.8083 0.871315
2.81755 1.07401
2.8268 1.21525
2.83606 1.38407
2.84531 0.791631
2.85456 0.968756
2.86382 1.04781
2.87307 1.27688
2.88232 0.742092
2.89157 1.44656
2.90083 0.976757
2.91008 0.827242
2.91933 1.14121
2.92859 0.912997
2.93784 0.853093
2.94709 1.23335
2.95635 0.850607
2.9656 1.00234
2.97485 0.845803
2.98411 0.767357
2.99336 1.28078
3.00261 1.19772
3.01186 1.03261
3.02112 1.28376
3.03037 0.868548
3.03962 0.95746
3.04888 0.81733
3.05813 0.853835
3.06738 1.05857
3.07664 1.16833
3.08589 0.805071
3.09514 1.1806
3.10439 0.982971
3.11365 0.796598
3.1229 0.738239
3.13215 0.76509
3.14141 0.707039
3.15066 1.12214
3.15991 1.38699
3.16917 0.765779
3.17842 0.629427
3.18767 0.975601
3.19692 1.09927
3.20618 1.0913
3.21543 0.906899
3.22468 1.17246
3.23394 0.962076
3.24319 0.97152
3.25244 0.749332
3.2617 1.42012
3.27095 0.966125
3.2802 1.17716
3.28946 0.722132
3.29871 0.811821
3.30796 1.05883
3.31721 0.857237
3.32647 0.840377
3.33572 1.23814
3.34497 1.13639
3.35423 1.19615
3.36348 0.921751
3.37273 0.996278
3.38199 0.737687
3.39124 0.964086
3.40049 1.23955
3.40974 0.693336
3.419 1.43904
3.42825 1.10568
3.4375 1.05647
3.44676 0.866098
3.45601 1.03011
3.46526 0.832145
3.47452 0.968179
3.48377 1.15096
3.49302 1.4148
3.50228 0.872642
3.51153 1.61964
3.52078 1.11193
3.53003 0.996408
3.53929 0.899494
3.54854 1.06156
3.55779 1.44266
3.56705 1.21242
3.5763 0.896945
3.58555 0.893877
3.59481 1.21326
3.60406 1.01283
3.61331 1.10032
3.62256 0.929397
3.63182 0.88648
3.64107 1.02952
3.65032 0.913567
3.65958 0.558181
3.66883 1.11358
3.67808 0.995888
3.68734 0.996308
3.69659 1.14794
3.70584 1.01831
3.7151 0.770974
3.72435 1.05811
3.7336 0.840682
3.74285 1.11474
3.75211 1.30349
3.76136 0.816568
3.77061 0.957494
3.77987 1.16071
3.78912 1.01979
3.79837 1.02663
3.80763 1.0196
3.81688 1.00297
3.82613 0.817271
3.83538 0.774187
3.84464 0.952508
3.85389 0.898838
3.86314 1.31534
3.8724 1.34031
3.88165 0.866085
3.8909 1.33063
3.90016 0.908766
3.90941 1.08901
3.91866 0.772111
3.92792 0.902021
3.93717 0.8064
3.94642 0.977075
3.95567 1.0773
3.96493 1.13777
3.97418 0.931089
3.98343 0.881869
3.99269 0.806885
4.00194 1.10445
4.01119 0.884332
4.02045 1.03624
4.0297 1.26511
4.03895 1.09609
4.0482 1.07878
4.05746 0.971956
4.06671 0.708477
4.07596 0.781571
4.08522 1.1019
4.09447 1.172
4.10372 0.938711
4.11298 0.963416
4.12223 0.871956
4.13148 0.870734
4.14073 0.823907
4.14999 0.801561
4.15924 1.01827
4.16849 0.919537
4.17775 1.31095
4.187 0.817667
4.19625 1.25928
4.20551 1.15986
4.21476 1.1614
4.22401 1.2761
4.23327 0.807358
4.24252 0.906169
4.25177 1.00445
4.26102 0.990115
4.27028 0.851468
4.27953 0.871765
4.28878 1.02549
4.29804 1.01219
4.30729 0.971556
4.31654 1.3026
4.3258 1.07564
4.33505 0.929736
4.3443 0.978076
4.35355 0.883244
4.36281 1.07084
4.37206 0.946159
4.38131 1.16941
4.39057 0.731405
4.39982 0.908266
4.40907 0.90958
4.41833 1.396
4.42758 0.827463
4.43683 1.50501
4.44609 0.874274
4.45534 0.912247
4.46459 1.07536
4.47384 1.2496
4.4831 0.768991
4.49235 1.04455
4.5016 1.13881
4.51086 1.30968
4.52011 1.36992
4.52936 1.2374
4.53862 1.00235
4.54787 1.4103
4.55712 0.973953
4.56637 0.934626
4.57563 1.30289
4.58488 0.760879
4.59413 0.802208
4.60339 1.10459
4.61264 0.622839
4.62189 0.848422
