0.0431094 0.260955
0.0563738 0.0646187
0.0829027 0.236094
0.0895349 0.0486685
0.116064 0.015131
0.122696 0.327085
0.129328 0.0420476
0.149225 0.0374597
0.162489 0.226584
0.169121 0.0228723
0.175754 0.0235504
0.182386 0.0449913
0.208915 0.103113
0.222179 0.0347546
0.235444 0.0124677
0.242076 0.0192307
0.248708 0.360935
0.25534 0.025763
0.261972 0.0683975
0.268605 0.0413854
0.275237 0.0440586
0.288501 0.464596
0.295133 0.124071
0.301766 0.0886843
0.31503 0.039757
0.321662 0.0138995
0.328295 0.770582
0.334927 0.0630375
0.341559 0.0962092
0.354823 0.0999414
0.368088 0.191826
0.37472 0.327454
0.381352 0.222694
0.387984 0.11842
0.394617 0.159974
0.407881 0.0395246
0.414513 0.0997713
0.421146 0.0894252
0.427778 0.0389208
0.43441 0.0582693
0.441042 0.0668335
0.447674 0.0954958
0.454307 0.60209
0.460939 0.0543098
0.467571 0.0617305
0.474203 0.0681032
0.480835 0.0800856
0.487468 0.0885174
0.500732 0.155838
0.507364 0.0743548
0.513997 0.0500805
0.520629 0.234632
0.527261 0.838316
0.533893 0.507625
0.540525 0.56696
0.547158 0.530482
0.55379 0.391988
0.560422 0.611886
0.567054 0.266053
0.573686 0.334183
0.580319 0.252954
0.586951 0.284802
0.593583 0.374497
0.600215 0.288792
0.606848 0.1958
0.61348 0.233557
0.620112 0.601137
0.626744 0.880502
0.633376 0.64059
0.646641 0.677671
0.653273 1.49931
0.666537 1.82109
0.67317 2.51342
0.679802 1.5567
0.686434 1.31471
0.693066 0.842552
0.706331 1.11809
0.712963 0.902952
0.726227 0.463964
0.73286 0.595355
0.739492 0.486297
0.746124 0.604889
0.752756 0.665869
0.759388 0.369486
0.766021 0.779256
0.772653 0.390888
0.779285 0.483265
0.785917 0.430015
0.792549 0.774045
0.799182 0.507054
0.805814 0.468767
0.812446 0.243151
0.819078 0.704306
0.825711 0.400674
0.832343 0.723899
0.838975 0.828084
0.845607 0.325139
0.852239 0.912172
0.865504 0.494882
0.872136 0.858923
0.878768 0.528148
0.8854 0.618961
0.892033 0.609214
0.898665 0.726059
0.905297 0.441403
0.911929 0.638151
0.918562 0.722873
0.925194 0.526168
0.931826 0.361875
0.938458 0.70801
0.94509 0.80714
0.951723 0.306827
0.958355 0.406722
0.964987 0.340557
0.971619 0.720808
0.978251 0.566555
0.984884 0.762542
0.991516 1.07671
0.998148 0.469587
1.00478 0.683355
1.01141 0.896596
1.01804 0.509815
1.02468 0.874565
1.03131 1.67962
1.03794 0.933048
1.04457 1.33106
1.05121 1.21873
1.05784 0.926207
1.06447 1.30578
1.0711 0.454235
1.07773 0.795824
1.08437 0.900668
1.091 0.316389
1.09763 0.931847
1.10426 0.579598
1.1109 0.975649
1.11753 0.881877
1.12416 1.11498
1.13079 1.06932
1.13742 1.15476
1.14406 1.42223
1.15069 0.85464
1.15732 0.812801
1.16395 0.835115
1.17059 1.24283
1.17722 1.04015
1.18385 0.779598
1.19048 0.751982
1.19711 0.72404
1.20375 1.18575
1.21038 0.974664
1.21701 0.933487
1.22364 1.46488
1.23028 1.61236
1.23691 1.57159
1.24354 0.866487
1.25017 1.07219
1.2568 1.22963
1.26344 1.19011
1.27007 0.529485
1.2767 1.20232
1.28333 1.10011
1.28997 1.24014
1.2966 1.3186
1.30323 1.67244
1.30986 1.16878
1.31649 1.53095
1.32313 1.01668
1.32976 1.09758
1.33639 1.00063
1.34302 1.02501
1.34966 1.16075
1.35629 1.60135
1.36292 2.296
1.36955 1.5341
1.37618 1.25265
1.38282 1.38699
1.38945 0.772947
1.39608 0.959155
1.40271 1.66892
1.40935 1.51787
1.41598 1.695
1.42261 1.35396
1.42924 1.68705
1.43587 1.34307
1.44251 1.66805
1.44914 1.43441
1.45577 1.24055
1.4624 1.30025
1.46904 1.43426
1.47567 1.5353
1.4823 1.02322
1.48893 1.49455
1.49556 2.0671
1.5022 1.82478
1.50883 1.30942
1.51546 0.717559
1.52209 1.78369
1.52873 1.35069
1.53536 1.05058
1.54199 1.79926
1.54862 0.900932
1.55525 1.44378
1.56189 1.25559
1.56852 1.51734
1.57515 1.24051
1.58178 1.12182
1.58842 1.05095
1.59505 0.641949
1.60168 1.39237
1.60831 1.3079
1.61494 0.648841
1.62158 1.04028
1.62821 1.06577
1.63484 0.888376
1.64147 0.828414
1.64811 1.13432
1.65474 1.27448
1.66137 1.22862
1.668 0.690804
1.67463 0.695318
1.68127 0.698375
1.6879 0.986884
1.69453 1.44232
1.70116 0.888437
1.70779 0.739403
1.71443 0.98855
1.72106 0.732176
1.72769 0.984376
1.73432 0.934523
1.74096 0.84565
1.74759 0.760339
1.75422 0.852428
1.76085 0.980061
1.76748 1.16201
1.77412 0.754522
1.78075 0.837572
1.78738 0.920455
1.79401 0.682495
1.80065 0.881399
1.80728 1.2583
1.81391 0.678923
1.82054 1.14628
1.82717 0.720622
1.83381 0.743223
1.84044 1.10994
1.84707 1.21578
1.8537 0.936747
1.86034 0.693328
1.86697 0.77807
1.8736 0.926021
1.88023 1.21037
1.88686 0.949854
1.8935 0.933866
1.90013 0.690355
1.90676 0.755273
1.91339 0.697503
1.92003 0.746002
1.92666 0.823952
1.93329 1.01575
1.93992 0.822663
1.94655 0.984848
1.95319 0.93775
1.95982 0.656859
1.96645 0.72086
1.97308 0.918365
1.97972 1.21462
1.98635 1.12089
1.99298 1.01632
1.99961 0.877842
2.00624 0.983185
2.01288 0.896914
2.01951 0.500148
2.02614 0.963356
2.03277 0.776603
2.03941 0.642333
2.04604 0.971173
2.05267 0.614459
2.0593 0.87918
2.06593 0.570402
2.07257 0.881044
2.0792 1.0938
2.08583 0.992556
2.09246 1.05882
2.0991 0.775804
2.10573 0.886935
2.11236 0.922259
2.11899 0.700607
2.12562 1.05445
2.13226 0.621739
2.13889 0.90165
2.14552 1.06631
2.15215 1.24909
2.15879 0.852236
2.16542 0.891309
2.17205 0.82211
2.17868 1.09551
2.18531 1.0547
2.19195 0.938242
2.19858 1.02229
2.20521 1.01041
2.21184 0.830627
2.21848 1.00884
2.22511 0.938747
2.23174 0.816399
2.23837 0.631907
2.245 1.24523
2.25164 0.961246
2.25827 1.15038
2.2649 0.97174
2.27153 0.862289
2.27817 0.769424
2.2848 0.784379
2.29143 0.813488
2.29806 0.97178
2.30469 1.13025
2.31133 0.744923
2.31796 1.20513
2.32459 0.958612
2.33122 0.890881
2.33786 1.33772
2.34449 1.06405
2.35112 1.01785
2.35775 0.930749
2.36438 0.739716
2.37102 0.886794
2.37765 1.18865
2.38428 0.792575
2.39091 0.970321
2.39755 1.05199
2.40418 1.50508
2.41081 0.900419
2.41744 0.823565
2.42407 1.26351
2.43071 0.835774
2.43734 0.925244
2.44397 1.30785
2.4506 0.995002
2.45724 1.20063
2.46387 0.999876
2.4705 0.970487
2.47713 1.36555
2.48376 1.15091
2.4904 0.802876
2.49703 0.870437
2.50366 0.841744
2.51029 1.39326
2.51692 1.48904
2.52356 0.901773
2.53019 1.15119
2.53682 1.31307
2.54345 1.02631
2.55009 0.990585
2.55672 0.966446
2.56335 0.690426
2.56998 1.14405
2.57661 0.99398
2.58325 0.976663
2.58988 0.925727
2.59651 0.896558
2.60314 0.780084
2.60978 0.932966
2.61641 1.01397
2.62304 1.09089
2.62967 0.782339
2.6363 0.776552
2.64294 1.26439
2.64957 1.10031
2.6562 1.00503
2.66283 1.28082
2.66947 1.09725
2.6761 1.0364
2.68273 1.10678
2.68936 0.724081
2.69599 1.13299
2.70263 1.09669
2.70926 0.889511
2.71589 1.09373
2.72252 1.02259
2.72916 0.970332
2.73579 0.915388
2.74242 1.20616
2.74905 1.00484
2.75568 1.00848
2.76232 1.08997
2.76895 1.07055
2.77558 1.29603
2.78221 1.10011
2.78885 1.27691
2.79548 1.06156
2.80211 0.918476
2.80874 1.23108
2.81537 0.907765
2.82201 0.958885
2.82864 0.956946
2.83527 1.32098
2.8419 0.690919
2.84854 1.25701
2.85517 1.06036
2.8618 0.797316
2.86843 0.601139
2.87506 1.34271
2.8817 0.966134
2.88833 0.981398
2.89496 0.906079
2.90159 0.878628
2.90823 1.04314
2.91486 1.06725
2.92149 0.366336
2.92812 0.827577
2.93475 1.2919
2.94139 0.806042
2.94802 1.23104
2.95465 1.01199
2.96128 1.06981
2.96792 0.908127
2.97455 1.03749
2.98118 1.01184
2.98781 1.16661
2.99444 1.21803
3.00108 1.09398
3.00771 0.792331
3.01434 0.756604
3.02097 1.01796
3.02761 0.947923
3.03424 0.989838
3.04087 1.10836
3.0475 1.19027
3.05413 0.954586
3.06077 1.22948
3.0674 1.0711
3.07403 1.40232
3.08066 0.730614
3.0873 1.08422
3.09393 0.888351
3.10056 0.916488
3.10719 0.954868
3.11382 0.943978
3.12046 1.10046
3.12709 1.29933
3.13372 0.86952
3.14035 1.21477
3.14699 1.03409
3.15362 1.21292
3.16025 0.966398
3.16688 0.742447
3.17351 1.21007
3.18015 1.05538
3.18678 0.813254
3.19341 1.1343
3.20004 0.910382
3.20668 1.21312
3.21331 1.25783
3.21994 1.02202
3.22657 0.979014
3.2332 0.853544
3.23984 1.04228
3.24647 1.10814
3.2531 0.755151
3.25973 1.18537
3.26637 0.903864
3.273 0.862197
3.27963 1.18707
3.28626 1.01342
3.29289 1.12703
3.29953 0.698071
3.30616 1.13386
3.31279 0.799785
