0.104 7.03861e-05
0.136 0.000134819
0.2 9.75672e-05
0.216 0.00035764
0.28 0.00054072
0.296 0.000542622
0.312 0.00122343
0.36 0.00297398
0.392 0.00513054
0.408 0.00474878
0.424 0.00826147
0.44 0.00242979
0.504 0.00549576
0.536 0.00793509
0.568 0.0156254
0.584 0.0187348
0.6 0.0656612
0.616 0.046592
0.632 0.0610477
0.648 0.0914037
0.664 0.0627466
0.696 0.0107359
0.712 0.0737859
0.728 0.0412806
0.76 0.0505995
0.776 0.0634482
0.792 0.134096
0.808 0.1479
0.824 0.174239
0.856 0.7248
0.888 2.2724
0.904 1.49523
0.92 2.77587
0.936 2.47265
0.952 2.59457
0.984 0.916564
1 0.757636
1.016 0.656957
1.032 1.00408
1.048 1.05649
1.064 0.41872
1.08 1.43476
1.096 2.45312
1.112 2.65421
1.128 5.73056
1.144 5.03996
1.16 4.5847
1.176 2.32593
1.208 1.39229
1.224 1.12591
1.24 0.783033
1.256 0.305315
1.272 1.28725
1.288 0.189467
1.304 0.445587
1.32 0.539644
1.336 0.436614
1.352 0.548384
1.368 0.358828
1.384 0.272225
1.4 1.17014
1.416 0.623201
1.432 0.896888
1.448 0.551097
1.464 0.451034
1.48 0.33615
1.496 0.319305
1.512 0.576481
1.528 0.137807
1.56 0.718954
1.576 1.05975
1.608 0.791877
1.624 0.537636
1.64 0.525753
1.656 0.764323
1.672 0.508796
1.704 0.723337
1.72 1.28547
1.752 0.504701
1.768 0.650414
1.784 1.37913
1.8 0.731112
1.816 1.08901
1.832 0.523112
1.848 0.942569
1.864 1.13992
1.88 0.947183
1.896 1.05557
1.912 1.23645
1.928 1.11295
1.944 1.0517
1.96 1.62947
1.976 1.33395
1.992 1.55086
2.008 1.65643
2.024 1.05869
2.04 0.330692
2.056 1.8578
2.088 0.881723
2.104 1.1134
2.12 0.700575
2.136 1.6626
2.152 0.995938
2.168 1.40626
2.184 1.07877
2.2 1.41391
2.216 1.41622
2.232 1.49429
2.248 0.718431
2.264 1.89987
2.28 1.10289
2.296 0.803013
2.312 1.03933
2.328 0.781912
2.344 0.842005
2.36 1.01899
2.376 0.86057
2.392 0.584319
2.408 0.806959
2.424 1.28655
2.44 0.947178
2.456 0.760663
2.472 1.05644
2.488 0.291632
2.504 0.800779
2.52 1.33895
2.536 1.08734
2.552 0.664112
2.568 0.867969
2.584 1.86734
2.6 0.824874
2.616 1.05974
2.632 1.16505
2.648 0.815432
2.664 0.539379
2.68 0.791466
2.696 0.816201
2.712 1.05074
2.728 0.939216
2.744 0.724151
2.76 1.13434
2.776 1.07249
2.792 1.25085
2.808 0.62808
2.824 0.785597
2.84 0.692133
2.856 0.970342
2.872 0.754118
2.888 0.694213
2.904 0.999063
2.92 0.943085
2.936 1.10978
2.952 1.40452
2.968 1.10912
2.984 0.602838
3 0.833276
3.016 1.10008
3.032 1.72341
3.048 1.79163
3.064 0.500229
3.08 1.72649
3.096 0.857975
3.112 0.948968
3.128 0.818804
3.144 0.678332
3.16 0.808705
3.176 0.735645
3.192 1.49412
3.208 0.795194
3.224 1.04816
3.24 1.48725
3.256 0.601436
3.272 0.793702
3.288 1.28556
3.304 1.18453
3.32 0.768591
3.336 1.05982
3.352 1.67694
3.368 0.955281
3.384 1.48935
3.4 1.04774
3.416 0.675688
3.432 0.870796
3.448 1.20494
3.464 1.06907
3.48 1.03595
3.496 1.06916
3.512 0.637282
3.528 1.50303
3.544 1.04192
3.56 1.00461
3.576 1.50273
3.592 1.20227
3.608 0.807665
3.624 1.5922
3.64 0.871978
3.656 1.28239
3.672 1.3906
3.688 0.85593
3.704 0.908856
3.72 1.04139
3.736 0.543631
3.752 0.798478
3.768 0.83814
3.784 0.958305
3.8 0.95867
3.816 1.01794
3.832 0.568337
3.848 0.637407
3.864 0.732057
3.88 1.40641
3.896 0.951822
3.912 0.816905
3.928 1.01536
3.944 1.01871
3.96 0.742031
3.976 0.656201
3.992 0.94777
4.008 0.983582
4.024 0.913728
4.04 0.632669
4.056 0.933387
4.072 1.17052
4.088 0.990969
4.104 1.07657
4.12 0.969629
4.136 1.15043
4.152 1.28528
4.168 0.901359
4.184 1.11768
4.2 1.00373
4.216 0.862769
4.232 1.4212
4.248 1.19784
4.264 0.839913
4.28 0.861767
4.296 1.10949
4.312 1.38482
4.328 0.889866
4.344 1.00955
4.36 0.842771
4.376 1.47723
4.392 0.973791
4.408 0.905936
4.424 1.09504
4.44 0.955901
4.456 0.770908
4.472 1.10371
4.488 1.24538
4.504 1.18594
4.52 0.95726
4.536 1.19005
4.552 0.92546
4.568 0.907633
4.584 0.807425
4.6 0.923525
4.616 1.30246
4.632 0.995181
4.648 1.17906
4.664 1.05004
4.68 1.08224
4.696 1.06038
4.712 1.21223
4.728 1.12296
4.744 0.897712
4.76 0.727885
4.776 0.513819
4.792 0.477619
4.808 0.757328
4.824 1.04847
4.84 1.01833
4.856 1.27261
4.872 1.06585
4.888 0.995614
4.904 0.915935
4.92 1.14394
4.936 0.607625
4.952 1.04045
4.968 0.793897
4.984 0.979362
5 0.754339
5.016 0.914387
5.032 0.959943
5.048 1.33223
5.064 1.30796
5.08 0.767187
5.096 1.22849
5.112 1.12278
5.128 0.775818
5.144 0.995051
5.16 0.776151
5.176 0.446233
5.192 1.07061
5.208 0.913689
5.224 1.38474
5.24 0.933058
5.256 0.891724
5.272 0.989281
5.288 0.923372
5.304 0.830537
5.32 1.14226
5.336 0.847449
5.352 1.156
5.368 1.03606
5.384 1.23784
5.4 0.801338
5.416 0.90371
5.432 1.46027
5.448 1.30121
5.464 0.919332
5.48 1.18763
5.496 1.13013
5.512 1.03118
5.528 0.935786
5.544 0.917378
5.56 1.07598
5.576 1.39586
5.592 0.719225
5.608 0.832399
5.624 0.888054
5.64 1.19186
5.656 1.11649
5.672 2.09139
5.688 0.94258
5.704 0.632875
5.72 1.29515
5.736 1.08597
5.752 1.33477
5.768 1.0148
5.784 0.824332
5.8 0.824236
5.816 0.872173
5.832 0.925167
5.848 1.10804
5.864 0.871406
5.88 0.802487
5.896 0.684984
5.912 1.052
5.928 1.14485
5.944 0.956268
5.96 1.04913
5.976 1.03054
5.992 1.04293
6.008 0.84774
6.024 0.839529
6.04 0.942653
6.056 1.08163
6.072 1.06043
6.088 0.866345
6.104 1.07775
6.12 0.99912
6.136 0.950545
6.152 1.05466
6.168 0.938146
6.184 1.20104
6.2 0.928929
6.216 1.03869
6.232 0.936483
6.248 0.799106
6.264 1.07735
6.28 0.95615
6.296 0.932348
6.312 0.94805
6.328 0.924227
6.344 1.05727
6.36 0.880461
6.376 1.07385
6.392 1.18462
6.408 0.999201
6.424 1.1304
6.44 1.21697
6.456 1.23546
6.472 1.41482
6.488 1.00307
6.504 0.917658
6.52 1.17112
6.536 1.02593
6.552 0.980302
6.568 0.942276
6.584 1.01889
6.6 0.941901
6.616 1.06948
6.632 1.00827
6.648 0.999219
6.664 0.853629
6.68 0.895237
6.696 1.09864
6.712 0.953054
6.728 1.26791
6.744 0.833737
6.76 0.697186
6.776 1.10902
6.792 0.965489
6.808 1.01861
6.824 1.17051
6.84 0.904832
6.856 1.36744
6.872 1.08051
6.888 0.983705
6.904 0.824825
6.92 0.990116
6.936 1.01835
6.952 0.863522
6.968 0.850552
6.984 1.12966
7 0.865634
7.016 0.832785
7.032 1.32312
7.048 0.91415
7.064 0.691305
7.08 1.09541
7.096 0.938973
7.112 1.00856
7.128 1.2152
7.144 1.01492
7.16 1.03865
7.176 0.871789
7.192 0.685025
7.208 0.933939
7.224 0.896594
7.24 1.10271
7.256 0.801898
7.272 1.22976
7.288 0.983457
7.304 1.14553
7.32 1.05597
7.336 0.872366
7.352 1.18419
7.368 0.944709
7.384 0.95646
7.4 0.945426
7.416 0.733556
7.432 0.983204
7.448 1.40058
7.464 0.778258
7.48 0.917346
7.496 1.06592
7.512 0.949049
7.528 0.924825
7.544 1.16172
7.56 0.995723
7.576 1.60594
7.592 1.07253
7.608 0.923755
7.624 1.10769
7.64 1.0894
7.656 1.05009
7.672 1.01476
7.688 1.04655
7.704 0.971679
7.72 0.786021
7.736 0.823413
7.752 0.917253
7.768 1.19813
7.784 0.909262
7.8 1.38584
7.816 0.876638
7.832 1.1033
7.848 1.06343
7.864 0.77599
7.88 0.960426
7.896 1.31498
7.912 0.739501
7.928 0.896099
7.944 0.615885
7.96 0.893795
7.976 1.1196
7.992 1.01191
