0.104 4.73588e-05
0.136 4.86575e-05
0.2 5.70093e-05
0.216 5.5693e-05
0.28 0.00012246
0.296 0.00117895
0.312 0.000173755
0.36 0.00109175
0.392 0.000736846
0.408 0.000744691
0.424 0.000792593
0.44 0.000858508
0.504 0.00270695
0.536 0.00549509
0.568 0.00277987
0.584 0.0109874
0.6 0.0105371
0.616 0.0195359
0.632 0.0248053
0.648 0.0318035
0.664 0.0142809
0.696 0.00270516
0.712 0.0136923
0.728 0.0496581
0.76 0.0416193
0.776 0.0362969
0.792 0.0501903
0.808 0.0293214
0.824 0.151363
0.856 0.550787
0.888 0.593053
0.904 4.20377
0.92 3.8401
0.936 1.00806
0.952 1.73048
0.984 0.16313
1 0.573929
1.016 0.217541
1.032 0.23731
1.048 0.435514
1.064 0.156331
1.08 0.601953
1.096 5.24096
1.112 3.90836
1.128 0.298787
1.144 4.93166
1.16 7.20222
1.176 7.2484
1.208 0.962162
1.224 0.916581
1.24 0.731468
1.256 0.35998
1.272 0.643674
1.288 0.193438
1.304 0.302958
1.32 0.423117
1.336 0.288898
1.352 0.173171
1.368 0.519133
1.384 0.503395
1.4 0.610305
1.416 0.137422
1.432 0.710328
1.448 0.802823
1.464 0.488853
1.48 0.458913
1.496 0.228515
1.512 0.189618
1.528 0.252063
1.56 0.448175
1.576 0.223123
1.608 0.699159
1.624 0.311384
1.64 1.97592
1.656 0.364217
1.672 1.3117
1.704 1.08869
1.72 1.36951
1.752 0.446347
1.768 0.651017
1.784 1.40279
1.8 0.624751
1.816 1.15341
1.832 0.622473
1.848 0.81521
1.864 1.57023
1.88 0.611226
1.896 1.2012
1.912 0.897455
1.928 0.746887
1.944 0.560076
1.96 0.69093
1.976 1.06171
1.992 1.12355
2.008 2.20225
2.024 1.19083
2.04 0.597258
2.056 1.18173
2.088 1.25848
2.104 1.34957
2.12 1.07175
2.136 1.26356
2.152 1.07173
2.168 1.09744
2.184 1.36954
2.2 1.50321
2.216 1.381
2.232 1.11281
2.248 1.91813
2.264 1.01055
2.28 1.81819
2.296 1.32426
2.312 0.713048
2.328 1.06275
2.344 0.570597
2.36 0.600996
2.376 1.31998
2.392 1.04668
2.408 0.521166
2.424 0.558335
2.44 0.792665
2.456 0.709099
2.472 0.819893
2.488 0.426845
2.504 0.922721
2.52 0.703993
2.536 0.712338
2.552 0.875057
2.568 0.731288
2.584 0.426462
2.6 0.660491
2.616 0.657128
2.632 0.554744
2.648 0.946078
2.664 0.804601
2.68 1.30171
2.696 0.98536
2.712 1.11605
2.728 0.935663
2.744 0.603127
2.76 2.37112
2.776 1.51377
2.792 0.958517
2.808 0.761074
2.824 0.867206
2.84 0.67986
2.856 0.804582
2.872 0.720024
2.888 0.348986
2.904 1.16653
2.92 0.910625
2.936 0.508127
2.952 1.00179
2.968 1.16457
2.984 2.01252
3 1.06118
3.016 0.872636
3.032 0.797347
3.048 1.1927
3.064 0.924565
3.08 0.764174
3.096 0.676732
3.112 1.1574
3.128 1.2316
3.144 1.29873
3.16 1.41562
3.176 0.769526
3.192 0.896744
3.208 0.745853
3.224 1.33048
3.24 0.898281
3.256 1.60937
3.272 1.31599
3.288 1.15005
3.304 1.79706
3.32 1.09697
3.336 1.14891
3.352 1.0625
3.368 0.82688
3.384 0.566181
3.4 0.809805
3.416 0.822428
3.432 1.23369
3.448 1.06267
3.464 0.845512
3.48 0.587829
3.496 0.742546
3.512 0.718391
3.528 1.22913
3.544 0.858049
3.56 1.00522
3.576 1.20598
3.592 1.06731
3.608 1.0297
3.624 0.646864
3.64 1.0636
3.656 0.550161
3.672 0.946786
3.688 0.624069
3.704 0.818147
3.72 0.823918
3.736 0.807401
3.752 1.22031
3.768 1.11773
3.784 1.1942
3.8 1.01172
3.816 1.00889
3.832 2.01697
3.848 1.27654
3.864 0.871287
3.88 1.64755
3.896 0.805345
3.912 0.955011
3.928 1.07625
3.944 0.569116
3.96 0.898026
3.976 0.652138
3.992 0.738708
4.008 0.787119
4.024 0.899488
4.04 1.71512
4.056 0.779519
4.072 0.889296
4.088 0.838736
4.104 0.961307
4.12 1.04408
4.136 1.11514
4.152 1.05516
4.168 0.952412
4.184 1.05185
4.2 0.969029
4.216 0.99875
4.232 0.916161
4.248 0.754931
4.264 0.611127
4.28 1.13683
4.296 1.1306
4.312 1.27135
4.328 1.15543
4.344 0.966578
4.36 1.38095
4.376 1.1473
4.392 1.00478
4.408 0.708936
4.424 1.3126
4.44 0.724893
4.456 1.05478
4.472 0.992438
4.488 0.795507
4.504 1.34673
4.52 1.01023
4.536 1.13024
4.552 0.466639
4.568 1.38239
4.584 1.19771
4.6 1.01302
4.616 1.03056
4.632 0.573903
4.648 1.22883
4.664 0.779574
4.68 1.10125
4.696 1.66084
4.712 0.954794
4.728 0.796992
4.744 1.00981
4.76 0.733939
4.776 0.98456
4.792 1.00755
4.808 1.04573
4.824 0.942522
4.84 1.03872
4.856 1.05218
4.872 0.894571
4.888 1.16448
4.904 0.877236
4.92 0.7517
4.936 1.11742
4.952 0.899562
4.968 0.986239
4.984 0.865354
5 1.05207
5.016 0.941394
5.032 1.099
5.048 0.906022
5.064 0.901087
5.08 1.39267
5.096 1.04267
5.112 0.802276
5.128 1.20405
5.144 0.931085
5.16 0.804825
5.176 0.639882
5.192 1.11075
5.208 1.18416
5.224 1.21076
5.24 0.940194
5.256 1.22137
5.272 0.562273
5.288 0.794214
5.304 0.855734
5.32 0.908712
5.336 0.905322
5.352 1.19464
5.368 0.832105
5.384 0.792764
5.4 1.01612
5.416 0.94704
5.432 1.29996
5.448 1.066
5.464 1.06772
5.48 1.44677
5.496 0.764521
5.512 0.905837
5.528 0.869498
5.544 0.854934
5.56 1.10346
5.576 1.10355
5.592 0.975739
5.608 1.01414
5.624 0.797648
5.64 1.34865
5.656 1.11744
5.672 1.37796
5.688 1.13525
5.704 1.10389
5.72 0.963332
5.736 1.10238
5.752 0.983406
5.768 0.892733
5.784 1.16732
5.8 0.856691
5.816 1.25055
5.832 1.07466
5.848 1.01048
5.864 1.06694
5.88 0.843166
5.896 0.846261
5.912 1.42443
5.928 1.14873
5.944 1.13395
5.96 0.964725
5.976 0.847978
5.992 0.832168
6.008 1.16881
6.024 0.943223
6.04 0.966273
6.056 1.22861
6.072 1.2031
6.088 0.817541
6.104 0.852316
6.12 0.768101
6.136 1.01249
6.152 1.22712
6.168 0.666483
6.184 1.16515
6.2 0.844523
6.216 0.733599
6.232 1.22173
6.248 1.30234
6.264 0.776004
6.28 1.06728
6.296 1.14776
6.312 0.970767
6.328 0.650325
6.344 0.594162
6.36 0.68997
6.376 1.11137
6.392 0.857198
6.408 1.11472
6.424 1.03988
6.44 1.059
6.456 1.14219
6.472 0.712084
6.488 0.898096
6.504 1.30005
6.52 0.648336
6.536 0.999647
6.552 1.07038
6.568 1.01057
6.584 0.788949
6.6 1.09975
6.616 0.931802
6.632 0.849937
6.648 1.10805
6.664 1.36583
6.68 0.935265
6.696 1.23037
6.712 0.954146
6.728 0.923305
6.744 1.2514
6.76 1.022
6.776 1.09798
6.792 1.01687
6.808 1.1905
6.824 0.753729
6.84 1.21773
6.856 1.09625
6.872 0.821629
6.888 0.910582
6.904 0.998376
6.92 1.26834
6.936 0.75903
6.952 0.857638
6.968 0.990311
6.984 1.26875
7 1.16481
7.016 1.29052
7.032 1.14638
7.048 0.907988
7.064 0.903386
7.08 0.859175
7.096 1.05672
7.112 0.990348
7.128 1.14165
7.144 0.720061
7.16 1.11709
7.176 1.11671
7.192 1.07489
7.208 0.885689
7.224 0.84456
7.24 1.02343
7.256 0.673453
7.272 1.33431
7.288 1.05226
7.304 0.814367
7.32 1.08062
7.336 1.03923
7.352 0.966846
7.368 0.838476
7.384 0.842427
7.4 0.878458
7.416 0.954668
7.432 1.10752
7.448 0.882096
7.464 0.867052
7.48 0.950167
7.496 0.935866
7.512 0.930462
7.528 1.08787
7.544 0.803552
7.56 1.18679
7.576 1.28538
7.592 0.803841
7.608 0.795807
7.624 0.893295
7.64 1.00204
7.656 0.957737
7.672 0.882563
7.688 0.669856
7.704 0.942771
7.72 1.06371
7.736 1.11968
7.752 1.34716
7.768 1.43079
7.784 0.916601
7.8 1.32428
7.816 1.67807
7.832 0.940094
7.848 1.20195
7.864 0.750986
7.88 0.967082
7.896 0.981985
7.912 0.858323
7.928 1.07025
7.944 1.07476
7.96 1.32331
7.976 1.13731
7.992 1.22319
