0.112804 0.00249091
0.147513 0.00154176
0.21693 0.000724774
0.234285 0.00164523
0.303703 0.00685801
0.321057 0.0216445
0.338412 0.0199952
0.390475 0.020082
0.425184 0.0188141
0.442538 0.0241507
0.459893 0.0299684
0.477247 0.0396295
0.546665 0.036781
0.581374 0.0735699
0.616083 0.201512
0.633437 0.0982089
0.650791 0.0203983
0.668146 0.127046
0.6855 0.101884
0.702855 0.0789734
0.720209 0.1831
0.754918 0.149089
0.772272 0.152751
0.789627 0.204232
0.824336 0.791699
0.84169 0.632203
0.859045 1.35948
0.876399 0.957584
0.893753 1.63383
0.928462 2.04455
0.963171 1.70519
0.980526 1.08197
0.99788 1.64433
1.01523 1.01248
1.03259 0.450843
1.0673 2.26665
1.08465 1.26528
1.10201 1.49608
1.11936 5.22333
1.13672 3.02368
1.15407 1.92214
1.17142 1.08771
1.18878 2.74866
1.20613 1.25847
1.22349 2.74859
1.24084 1.25452
1.2582 0.416673
1.27555 0.914701
1.31026 1.35149
1.32761 0.577791
1.34497 0.937218
1.36232 0.96144
1.37968 0.656142
1.39703 1.00442
1.41439 1.08104
1.43174 0.96799
1.4491 0.59696
1.46645 0.442953
1.4838 1.19098
1.50116 0.765541
1.51851 0.439777
1.53587 0.575789
1.55322 0.74071
1.57058 1.29263
1.58793 0.945947
1.60529 0.489134
1.62264 0.591296
1.63999 0.574464
1.65735 0.790255
1.69206 0.666639
1.70941 1.01365
1.74412 0.883729
1.76148 0.731107
1.77883 0.444881
1.79618 1.02284
1.81354 0.611055
1.84825 0.781081
1.8656 0.46041
1.90031 1.22627
1.91767 1.54438
1.93502 0.886659
1.95237 0.820549
1.96973 0.578382
1.98708 0.734851
2.00444 0.480142
2.02179 1.14534
2.03915 1.03071
2.0565 0.894705
2.07386 1.92682
2.09121 0.894777
2.10856 1.23274
2.12592 1.24605
2.14327 0.692434
2.16063 1.93746
2.17798 1.44644
2.19534 1.55529
2.21269 0.581021
2.23005 1.16727
2.26475 2.68462
2.28211 1.13434
2.29946 1.18936
2.31682 1.12133
2.33417 0.781156
2.35153 0.990106
2.36888 1.12414
2.38624 0.816855
2.40359 1.59868
2.42094 1.4092
2.4383 0.980763
2.45565 1.00413
2.47301 0.62273
2.49036 0.747144
2.50772 1.08318
2.52507 1.20563
2.54242 0.97537
2.55978 0.608722
2.57713 1.02652
2.59449 0.202172
2.61184 1.12677
2.6292 0.694995
2.64655 1.29166
2.66391 0.787912
2.68126 0.751987
2.69861 1.41601
2.71597 0.906553
2.73332 0.463853
2.75068 0.753472
2.76803 1.20686
2.78539 0.700453
2.80274 1.13492
2.8201 0.957811
2.83745 1.36884
2.8548 0.603434
2.87216 0.541573
2.88951 0.774993
2.90687 0.644388
2.92422 0.873878
2.94158 0.801103
2.95893 0.888019
2.97629 0.872357
2.99364 1.24835
3.01099 1.24287
3.02835 0.744622
3.0457 0.943674
3.06306 1.12845
3.08041 1.0213
3.09777 1.30177
3.11512 0.904801
3.13248 1.08567
3.14983 0.574927
3.16718 1.21256
3.18454 1.18803
3.20189 0.794256
3.21925 0.979575
3.2366 0.713196
3.25396 1.07739
3.27131 0.886707
3.28867 1.19164
3.30602 1.11354
3.32337 1.0834
3.34073 1.75144
3.35808 1.1969
3.37544 1.19949
3.39279 0.915927
3.41015 0.845759
3.4275 1.08817
3.44486 0.972296
3.46221 0.708768
3.47956 1.04801
3.49692 1.142
3.51427 1.51066
3.53163 0.884002
3.54898 0.895737
3.56634 1.65902
3.58369 0.947362
3.60105 0.779876
3.6184 1.19459
3.63575 1.09797
3.65311 1.06213
3.67046 1.00813
3.68782 1.0569
3.70517 1.06666
3.72253 0.70062
3.73988 0.823967
3.75724 1.10156
3.77459 1.47719
3.79194 0.750189
3.8093 1.25963
3.82665 1.38722
3.84401 1.01195
3.86136 1.12685
3.87872 0.762064
3.89607 1.02334
3.91343 0.791267
3.93078 1.06848
3.94813 0.897015
3.96549 0.886723
3.98284 0.844024
4.0002 0.723801
4.01755 1.30617
4.03491 0.88091
4.05226 0.720029
4.06962 0.782369
4.08697 1.25501
4.10432 1.0233
4.12168 0.677183
4.13903 0.984295
4.15639 0.733852
4.17374 1.21435
4.1911 0.717389
4.20845 1.06089
4.22581 1.053
4.24316 0.731821
4.26051 0.764986
4.27787 1.31181
4.29522 1.18539
4.31258 1.10293
4.32993 1.07129
4.34729 1.28997
4.36464 1.28005
4.382 0.740466
4.39935 0.943018
4.4167 0.944563
4.43406 1.07309
4.45141 1.02762
4.46877 1.49888
4.48612 1.56954
4.50348 0.569612
4.52083 0.734163
4.53819 0.700156
4.55554 1.2114
4.57289 0.772789
4.59025 0.817965
4.6076 0.901485
4.62496 0.941086
4.64231 0.925709
4.65967 1.26088
4.67702 0.93166
4.69438 1.06167
4.71173 0.745071
4.72908 0.605401
4.74644 0.67449
4.76379 1.07546
4.78115 1.18105
4.7985 1.57654
4.81586 0.999864
4.83321 0.978793
4.85057 0.924398
4.86792 0.959011
4.88527 1.14459
4.90263 0.830955
4.91998 1.31825
4.93734 0.757024
4.95469 0.742498
4.97205 1.39
4.9894 1.18602
5.00675 0.961039
5.02411 1.3559
5.04146 0.962207
5.05882 0.976477
5.07617 1.09829
5.09353 0.746117
5.11088 0.97061
5.12824 0.560765
5.14559 1.24368
5.16294 0.803287
5.1803 0.490427
5.19765 0.938169
5.21501 1.02953
5.23236 0.703442
5.24972 0.655547
5.26707 1.16352
5.28443 1.53564
5.30178 0.848348
5.31913 1.15448
5.33649 0.918561
5.35384 1.27704
5.3712 1.063
5.38855 1.34296
5.40591 0.828112
5.42326 0.888634
5.44062 1.04266
5.45797 0.822499
5.47532 0.876715
5.49268 1.11593
5.51003 0.544398
5.52739 0.954656
5.54474 0.888435
5.5621 1.05276
5.57945 0.6707
5.59681 1.01555
5.61416 1.23934
5.63151 0.871158
5.64887 1.08802
5.66622 1.15509
5.68358 0.724355
5.70093 1.71204
5.71829 1.41251
5.73564 0.606403
5.753 1.1378
5.77035 1.03517
5.7877 1.1245
5.80506 0.586588
5.82241 1.17329
5.83977 1.20932
5.85712 0.854473
5.87448 0.801654
5.89183 0.874708
5.90919 0.937477
5.92654 1.09991
5.94389 0.925476
5.96125 0.807225
5.9786 1.13091
5.99596 0.990667
6.01331 1.03026
6.03067 0.851892
6.04802 1.09867
6.06538 0.951479
6.08273 0.842845
6.10008 1.47581
6.11744 0.958446
6.13479 0.850525
6.15215 1.19835
6.1695 1.12419
6.18686 1.32258
6.20421 1.3179
6.22157 1.07228
6.23892 1.40121
6.25627 0.925652
6.27363 0.990879
6.29098 0.767407
6.30834 0.713102
6.32569 1.3165
6.34305 0.791661
6.3604 1.11914
6.37776 1.03813
6.39511 1.01276
6.41246 1.07753
6.42982 0.96334
6.44717 0.792826
6.46453 0.88678
6.48188 0.96282
6.49924 0.911703
6.51659 0.959317
6.53395 0.997845
6.5513 0.734875
6.56865 1.40091
6.58601 1.23106
6.60336 1.18789
6.62072 1.02536
6.63807 1.0721
6.65543 0.934959
6.67278 1.17686
6.69014 0.96967
6.70749 0.588152
6.72484 0.838476
6.7422 1.11278
6.75955 1.05449
6.77691 1.01986
6.79426 0.920012
6.81162 0.748523
6.82897 0.970136
6.84633 0.962741
6.86368 0.933977
6.88103 0.998623
6.89839 0.856818
6.91574 0.827025
6.9331 0.979164
6.95045 0.928769
6.96781 0.928154
6.98516 0.892033
7.00252 1.0849
7.01987 1.28507
7.03722 1.26726
7.05458 1.00407
7.07193 1.16962
7.08929 1.17599
7.10664 0.857017
7.124 0.8946
7.14135 1.17083
7.15871 0.814972
7.17606 0.860395
7.19341 1.52118
7.21077 1.18592
7.22812 0.8683
7.24548 1.17386
7.26283 1.19084
7.28019 1.03214
7.29754 0.95008
7.3149 1.21522
7.33225 1.06331
7.3496 0.87206
7.36696 0.836965
7.38431 0.888953
7.40167 0.937241
7.41902 1.09631
7.43638 0.793538
7.45373 1.06621
7.47108 1.27379
7.48844 1.02219
7.50579 0.92507
7.52315 1.1609
7.5405 0.652067
7.55786 1.20844
7.57521 1.03252
7.59257 1.04094
7.60992 0.881214
7.62727 0.869183
7.64463 0.855306
7.66198 1.21798
7.67934 1.06218
7.69669 0.6132
7.71405 0.981634
7.7314 1.17799
7.74876 0.910258
7.76611 1.04099
7.78346 0.747333
7.80082 0.674537
7.81817 0.88414
7.83553 1.04334
7.85288 0.935357
7.87024 1.12661
7.88759 0.968582
7.90495 1.17831
7.9223 1.00991
7.93965 1.02749
7.95701 0.975628
7.97436 0.742855
7.99172 0.966838
8.00907 1.18515
8.02643 0.916206
8.04378 1.32718
8.06114 0.906317
8.07849 0.911908
8.09584 1.12649
8.1132 1.04646
8.13055 1.08905
8.14791 0.689641
8.16526 0.993602
8.18262 1.39493
8.19997 0.944515
8.21733 1.00932
8.23468 1.09748
8.25203 1.14273
8.26939 0.869094
8.28674 1.01466
8.3041 1.1335
8.32145 0.812564
8.33881 0.863591
8.35616 1.0299
8.37352 1.07944
8.39087 0.796872
8.40822 0.948952
8.42558 1.32931
8.44293 0.909033
8.46029 1.16559
8.47764 1.33953
8.495 0.954175
8.51235 0.920588
8.52971 0.912606
8.54706 1.04972
8.56441 0.683867
8.58177 1.20413
8.59912 0.645772
8.61648 1.06387
8.63383 1.12779
8.65119 1.38558
8.66854 1.1382
