0.0431465 0.323517
0.0564223 0.0705255
0.082974 0.214392
0.0896119 0.0530831
0.116164 0.0190618
0.122801 0.305927
0.129439 0.0860558
0.149353 0.0154453
0.162629 0.329871
0.169267 0.0741658
0.175905 0.0120103
0.182543 0.0384259
0.209094 0.0950303
0.22237 0.0273167
0.235646 0.0437222
0.242284 0.0586983
0.248922 0.223611
0.25556 0.0483047
0.262198 0.0238721
0.268836 0.0420117
0.275474 0.0117675
0.288749 0.205425
0.295387 0.0379704
0.302025 0.0637247
0.315301 0.0505614
0.321939 0.0165588
0.328577 0.254084
0.335215 0.110064
0.341853 0.0491118
0.355129 0.068811
0.368404 0.0774985
0.375042 0.273547
0.38168 0.0337392
0.388318 0.0711964
0.394956 0.0631943
0.408232 0.0723592
0.41487 0.0595562
0.421508 0.0714636
0.428146 0.0501868
0.434784 0.0750497
0.441422 0.032803
0.448059 0.0309395
0.454697 0.176837
0.461335 0.0623927
0.467973 0.086619
0.474611 0.0904432
0.481249 0.116491
0.487887 0.0782694
0.501163 0.133989
0.507801 0.171612
0.514439 0.124743
0.521077 0.13145
0.527715 0.14074
0.534352 0.0606883
0.54099 0.126648
0.547628 0.141469
0.554266 0.115765
0.560904 0.321424
0.567542 0.163582
0.57418 0.426694
0.580818 0.233753
0.587456 0.197651
0.594094 0.240437
0.600732 0.351978
0.60737 0.23448
0.614007 0.26931
0.620645 0.473695
0.627283 0.707015
0.633921 0.482104
0.647197 0.560043
0.653835 1.01778
0.667111 0.714234
0.673749 1.47551
0.680387 0.551811
0.687025 1.94708
0.693662 1.50012
0.706938 1.2229
0.713576 0.742818
0.726852 0.563387
0.73349 0.940718
0.740128 0.99514
0.746766 0.911348
0.753404 0.552675
0.760042 0.636176
0.76668 0.959306
0.773318 0.618187
0.779955 0.957624
0.786593 0.517507
0.793231 1.04936
0.799869 1.33221
0.806507 2.05724
0.813145 0.989971
0.819783 1.00768
0.826421 1.29698
0.833059 1.42913
0.839697 1.16012
0.846335 0.34096
0.852973 0.827147
0.866248 0.417391
0.872886 0.517057
0.879524 0.706416
0.886162 0.367938
0.8928 0.424979
0.899438 0.600104
0.906076 0.539442
0.912714 0.382245
0.919352 0.286363
0.92599 0.494523
0.932628 0.514824
0.939265 0.423038
0.945903 0.544053
0.952541 0.353533
0.959179 0.30688
0.965817 0.3782
0.972455 0.761348
0.979093 0.425312
0.985731 0.412775
0.992369 0.360218
0.999007 0.353593
1.00564 0.342063
1.01228 0.643566
1.01892 0.821754
1.02556 0.391336
1.0322 0.465039
1.03883 0.485708
1.04547 0.63164
1.05211 0.601265
1.05875 0.596114
1.06539 0.590888
1.07202 0.786952
1.07866 0.672801
1.0853 0.480239
1.09194 0.599143
1.09858 0.669558
1.10521 0.77147
1.11185 0.905522
1.11849 0.58386
1.12513 0.982808
1.13177 0.739329
1.1384 0.679085
1.14504 0.505797
1.15168 1.08525
1.15832 1.12914
1.16495 1.27389
1.17159 0.985948
1.17823 1.01984
1.18487 0.846367
1.19151 1.78305
1.19814 1.4987
1.20478 1.40617
1.21142 1.62765
1.21806 0.638169
1.2247 0.843995
1.23133 1.03355
1.23797 1.76743
1.24461 1.38227
1.25125 1.41928
1.25789 0.859808
1.26452 1.60311
1.27116 1.52898
1.2778 1.06464
1.28444 1.28086
1.29108 2.05568
1.29771 2.09796
1.30435 1.77965
1.31099 1.68784
1.31763 1.11084
1.32426 2.35372
1.3309 2.29416
1.33754 1.9481
1.34418 1.82858
1.35082 1.26081
1.35745 1.82882
1.36409 1.38701
1.37073 1.80364
1.37737 1.72718
1.38401 2.00535
1.39064 1.40008
1.39728 1.78927
1.40392 1.57763
1.41056 2.04199
1.4172 1.72932
1.42383 2.42327
1.43047 2.53176
1.43711 2.05025
1.44375 1.90907
1.45039 1.5682
1.45702 1.42419
1.46366 1.52863
1.4703 1.49046
1.47694 1.11368
1.48357 1.24881
1.49021 1.36972
1.49685 1.72423
1.50349 1.30133
1.51013 1.65951
1.51676 1.26076
1.5234 1.45412
1.53004 1.94052
1.53668 1.28866
1.54332 2.09417
1.54995 1.81588
1.55659 0.909737
1.56323 0.971537
1.56987 0.926659
1.57651 1.193
1.58314 1.0105
1.58978 1.48696
1.59642 0.749479
1.60306 1.40901
1.6097 0.769436
1.61633 0.947046
1.62297 1.16687
1.62961 1.02498
1.63625 0.878525
1.64288 0.971503
1.64952 0.956768
1.65616 0.638684
1.6628 0.559144
1.66944 0.626605
1.67607 0.397023
1.68271 0.720222
1.68935 1.18278
1.69599 0.932425
1.70263 0.602607
1.70926 0.493988
1.7159 0.866246
1.72254 0.448231
1.72918 0.706577
1.73582 0.533957
1.74245 0.707026
1.74909 0.669111
1.75573 0.803025
1.76237 0.510646
1.76901 0.42554
1.77564 0.908801
1.78228 0.51798
1.78892 0.516956
1.79556 0.632295
1.80219 0.840309
1.80883 0.707467
1.81547 0.54472
1.82211 0.557184
1.82875 0.469413
1.83538 0.354918
1.84202 0.508329
1.84866 0.488526
1.8553 0.436057
1.86194 0.663023
1.86857 0.362992
1.87521 0.797395
1.88185 0.631024
1.88849 0.422498
1.89513 0.625837
1.90176 0.371755
1.9084 0.594464
1.91504 0.622473
1.92168 0.843906
1.92832 0.87078
1.93495 0.750252
1.94159 0.794357
1.94823 0.638978
1.95487 0.828083
1.9615 0.630966
1.96814 0.768713
1.97478 0.933194
1.98142 0.736299
1.98806 0.526915
1.99469 0.645048
2.00133 0.783594
2.00797 0.538062
2.01461 0.530278
2.02125 0.788931
2.02788 0.761791
2.03452 0.771903
2.04116 1.06372
2.0478 0.830932
2.05444 0.415249
2.06107 0.641826
2.06771 0.815795
2.07435 0.93447
2.08099 0.896342
2.08763 1.03775
2.09426 0.95152
2.1009 0.858214
2.10754 0.843802
2.11418 0.870643
2.12081 0.775421
2.12745 0.875447
2.13409 1.28083
2.14073 1.08813
2.14737 0.688525
2.154 1.10334
2.16064 1.07104
2.16728 0.885508
2.17392 1.02236
2.18056 0.870619
2.18719 1.5946
2.19383 0.919876
2.20047 1.00737
2.20711 1.2109
2.21375 1.12558
2.22038 0.981409
2.22702 1.21351
2.23366 0.726453
2.2403 0.932007
2.24694 1.02954
2.25357 1.76918
2.26021 1.43783
2.26685 0.902681
2.27349 1.29448
2.28013 1.15179
2.28676 1.1231
2.2934 1.25896
2.30004 0.925424
2.30668 1.00152
2.31331 1.02894
2.31995 0.772709
2.32659 0.767023
2.33323 1.59557
2.33987 1.10867
2.3465 1.28306
2.35314 1.27623
2.35978 1.38617
2.36642 1.36775
2.37306 0.844943
2.37969 0.84426
2.38633 1.12894
2.39297 0.992003
2.39961 0.942221
2.40625 1.06704
2.41288 1.36304
2.41952 1.38453
2.42616 1.11552
2.4328 1.32374
2.43944 0.868655
2.44607 1.1628
2.45271 0.578519
2.45935 0.800906
2.46599 0.779763
2.47262 1.082
2.47926 1.28168
2.4859 1.21642
2.49254 0.891377
2.49918 1.19672
2.50581 1.26288
2.51245 1.3057
2.51909 1.20876
2.52573 1.00787
2.53237 0.984091
2.539 1.00765
2.54564 1.18597
2.55228 0.898044
2.55892 1.09992
2.56556 0.681152
2.57219 1.10545
2.57883 0.969712
2.58547 1.10491
2.59211 1.24212
2.59875 0.940427
2.60538 1.10705
2.61202 1.33542
2.61866 0.969228
2.6253 0.944782
2.63193 0.941755
2.63857 1.0384
2.64521 1.69118
2.65185 1.06286
2.65849 1.00824
2.66512 1.09868
2.67176 1.10138
2.6784 1.25283
2.68504 2.03888
2.69168 0.94673
2.69831 1.09987
2.70495 1.13871
2.71159 1.04662
2.71823 1.20723
2.72487 1.21074
2.7315 0.759542
2.73814 1.24038
2.74478 1.33856
2.75142 1.40027
2.75806 1.02828
2.76469 1.16903
2.77133 1.4395
2.77797 0.751055
2.78461 1.24048
2.79124 1.10405
2.79788 1.12612
2.80452 0.8008
2.81116 0.853491
2.8178 0.858256
2.82443 1.06614
2.83107 1.23144
2.83771 1.16418
2.84435 0.780345
2.85099 1.071
2.85762 1.17504
2.86426 1.19538
2.8709 1.3706
2.87754 1.02067
2.88418 0.781111
2.89081 1.39379
2.89745 1.25118
2.90409 1.10417
2.91073 1.05266
2.91737 0.802501
2.924 0.695175
2.93064 1.07812
2.93728 0.89906
2.94392 0.939012
2.95055 0.963576
2.95719 0.841694
2.96383 1.21784
2.97047 1.19407
2.97711 1.16959
2.98374 1.04251
2.99038 0.957583
2.99702 0.70676
3.00366 0.798054
3.0103 1.07824
3.01693 1.21528
3.02357 0.889369
3.03021 0.918603
3.03685 1.03812
3.04349 0.979218
3.05012 1.09734
3.05676 0.829998
3.0634 1.12678
3.07004 0.800511
3.07668 1.10531
3.08331 1.04406
3.08995 0.997322
3.09659 0.804737
3.10323 1.16887
3.10986 0.717737
3.1165 0.960581
3.12314 0.871625
3.12978 1.00271
3.13642 0.785059
3.14305 0.817204
3.14969 0.895339
3.15633 0.744231
3.16297 0.983761
3.16961 0.925662
3.17624 0.747999
3.18288 0.704389
3.18952 0.744202
3.19616 0.744789
3.2028 0.743447
3.20943 0.995075
3.21607 0.955015
3.22271 0.933143
3.22935 0.940759
3.23599 0.855696
3.24262 1.02686
3.24926 0.828436
3.2559 1.1614
3.26254 0.925977
3.26917 1.02151
3.27581 0.733981
3.28245 0.877662
3.28909 0.897831
3.29573 1.16815
3.30236 0.991633
3.309 0.875336
3.31564 0.679452
