0.0600444 0.00049917
0.0785196 0.000304195
0.11547 0.000117635
0.124708 0.0003684
0.161658 0.00229984
0.170896 0.00434956
0.180133 0.00226971
0.207846 0.0100029
0.226321 0.00977583
0.235559 0.00651312
0.244797 0.00869967
0.254034 0.0114658
0.290985 0.0154266
0.30946 0.0138939
0.327935 0.00611621
0.337173 0.0419429
0.34641 0.00443589
0.355648 0.017174
0.364885 0.018729
0.374123 0.0267702
0.383361 0.0285808
0.401836 0.0899472
0.411073 0.0396899
0.420311 0.058251
0.438786 0.0650132
0.448024 0.0641937
0.457261 0.0368157
0.466499 0.121207
0.475737 0.108345
0.494212 0.0876482
0.512687 0.190434
0.521925 0.1795
0.531162 0.116112
0.5404 0.270847
0.549637 0.218128
0.568113 0.295052
0.57735 0.112607
0.586588 0.16721
0.595825 0.195293
0.605063 0.133085
0.614301 0.0531278
0.623538 0.152145
0.632776 0.189978
0.642013 0.158604
0.651251 0.118664
0.660489 0.15135
0.669726 0.141558
0.678964 0.226513
0.697439 0.224961
0.706677 0.418997
0.715914 0.30625
0.725152 0.364144
0.73439 0.255291
0.743627 0.151514
0.752865 0.467868
0.762102 0.436737
0.77134 0.287857
0.780578 0.598635
0.789815 0.263399
0.799053 0.13875
0.80829 0.501625
0.817528 0.22165
0.826766 0.309157
0.836003 0.504384
0.845241 0.204442
0.854478 0.352192
0.863716 0.795795
0.872954 1.17355
0.882191 0.664035
0.900666 0.951763
0.909904 1.44764
0.928379 1.11155
0.937617 1.65302
0.946854 0.65647
0.956092 2.3784
0.96533 2.0331
0.983805 1.80916
0.993042 1.50581
1.01152 0.679075
1.02076 0.979436
1.02999 1.47587
1.03923 0.969549
1.04847 0.894966
1.05771 0.617941
1.06694 0.894314
1.07618 1.03085
1.08542 2.81006
1.09466 1.67894
1.10389 1.21125
1.11313 2.03198
1.12237 2.4302
1.13161 3.76717
1.14084 1.8944
1.15008 2.562
1.15932 2.49435
1.16856 3.13389
1.17779 1.67778
1.18703 2.45341
1.20551 1.44672
1.21474 1.28016
1.22398 1.25464
1.23322 0.886003
1.24246 0.765715
1.2517 0.707963
1.26093 1.16635
1.27017 1.35822
1.27941 0.885367
1.28865 1.35854
1.29788 1.58251
1.30712 2.01337
1.31636 0.993576
1.3256 0.829944
1.33483 1.97306
1.34407 1.47671
1.35331 0.609935
1.36255 1.3616
1.37178 1.31206
1.38102 1.80269
1.39026 0.712571
1.3995 0.691027
1.40873 1.0988
1.41797 1.13523
1.42721 0.927718
1.43645 0.487051
1.44569 0.999758
1.45492 1.31482
1.46416 0.500616
1.4734 0.905982
1.48264 0.654297
1.49187 0.760431
1.50111 0.668995
1.51035 0.372533
1.51959 0.728709
1.52882 0.790319
1.53806 0.926756
1.5473 0.752309
1.55654 0.664167
1.56577 0.720274
1.57501 0.795644
1.58425 0.439863
1.59349 0.74924
1.60272 0.461581
1.61196 0.762081
1.6212 1.06043
1.63044 0.716095
1.63967 1.29587
1.64891 0.805269
1.65815 0.361887
1.66739 0.847224
1.67663 0.708922
1.68586 0.704947
1.6951 0.650466
1.70434 0.606163
1.71358 0.547082
1.72281 0.871501
1.73205 0.744273
1.74129 1.023
1.75053 0.467698
1.75976 0.677112
1.769 1.10066
1.77824 0.713714
1.78748 0.607709
1.79671 1.04435
1.80595 1.28857
1.81519 0.861061
1.82443 0.5436
1.83366 0.761933
1.8429 1.21398
1.85214 0.972651
1.86138 0.61496
1.87061 1.13597
1.87985 0.542686
1.88909 0.709734
1.89833 0.670959
1.90757 0.594611
1.9168 0.863882
1.92604 0.800117
1.93528 0.71957
1.94452 0.956837
1.95375 1.0668
1.96299 0.888639
1.97223 0.584475
1.98147 1.67985
1.9907 0.442516
1.99994 1.12911
2.00918 0.89087
2.01842 0.723204
2.02765 0.863618
2.03689 0.903275
2.04613 0.631215
2.05537 0.46637
2.0646 1.44274
2.07384 0.683412
2.08308 0.569282
2.09232 1.0095
2.10155 0.927478
2.11079 0.72426
2.12003 0.619029
2.12927 0.914013
2.13851 1.18945
2.14774 0.798359
2.15698 1.21256
2.16622 0.937981
2.17546 1.28966
2.18469 0.955807
2.19393 1.00181
2.20317 1.06912
2.21241 0.940179
2.22164 0.750563
2.23088 1.01079
2.24012 1.36922
2.24936 1.662
2.25859 1.2687
2.26783 1.88789
2.27707 1.3357
2.28631 1.35243
2.29554 1.41811
2.30478 0.791133
2.31402 1.46944
2.32326 1.26748
2.3325 1.36214
2.34173 1.51015
2.35097 1.99389
2.36021 1.33784
2.36945 1.21645
2.37868 0.815885
2.38792 1.51852
2.39716 1.1423
2.4064 1.80131
2.41563 1.7877
2.42487 1.83892
2.43411 1.75166
2.44335 1.34749
2.45258 1.20817
2.46182 0.779879
2.47106 1.75889
2.4803 1.26147
2.48953 0.885903
2.49877 1.37067
2.50801 1.4621
2.51725 0.989444
2.52648 1.675
2.53572 1.11263
2.54496 1.32415
2.5542 1.18647
2.56344 1.03918
2.57267 1.02757
2.58191 1.0531
2.59115 1.0782
2.60039 0.622863
2.60962 1.12284
2.61886 0.882037
2.6281 0.464291
2.63734 0.964024
2.64657 1.03381
2.65581 1.15574
2.66505 1.21504
2.67429 1.10545
2.68352 1.24144
2.69276 1.02021
2.702 0.973565
2.71124 1.18157
2.72047 0.815723
2.72971 0.563751
2.73895 0.805517
2.74819 0.816487
2.75742 0.866799
2.76666 0.701714
2.7759 0.776938
2.78514 0.792558
2.79438 0.824186
2.80361 0.809795
2.81285 0.725636
2.82209 0.789246
2.83133 0.9647
2.84056 0.669991
2.8498 0.668702
2.85904 0.92877
2.86828 0.650508
2.87751 0.984705
2.88675 0.83424
2.89599 0.627385
2.90523 0.924856
2.91446 0.623604
2.9237 0.618455
2.93294 0.665955
2.94218 0.637345
2.95141 0.79812
2.96065 0.784563
2.96989 0.652873
2.97913 0.677206
2.98836 0.594902
2.9976 0.763936
3.00684 0.562552
3.01608 0.66812
3.02532 0.691683
3.03455 0.542187
3.04379 0.601206
3.05303 0.64674
3.06227 0.540457
3.0715 0.75687
3.08074 0.758726
3.08998 0.659102
3.09922 1.01489
3.10845 0.669315
3.11769 0.545129
3.12693 0.823804
3.13617 0.78967
3.1454 0.798322
3.15464 0.727418
3.16388 0.965083
3.17312 0.824927
3.18235 0.71321
3.19159 0.808936
3.20083 1.22635
3.21007 0.816851
3.21931 0.832587
3.22854 0.725798
3.23778 0.797095
3.24702 1.19726
3.25626 1.02835
3.26549 0.916807
3.27473 1.22981
3.28397 0.987608
3.29321 0.972337
3.30244 1.31701
3.31168 1.08517
3.32092 0.954438
3.33016 1.15144
3.33939 1.20266
3.34863 1.18149
3.35787 1.07069
3.36711 1.20437
3.37634 1.49134
3.38558 1.29598
3.39482 1.58188
3.40406 1.42466
3.41329 1.21806
3.42253 1.38404
3.43177 1.61795
3.44101 1.13504
3.45025 0.996675
3.45948 1.39785
3.46872 1.32174
3.47796 1.5305
3.4872 1.51988
3.49643 1.85628
3.50567 1.25248
3.51491 1.22287
3.52415 1.63871
3.53338 1.51464
3.54262 1.00812
3.55186 1.34085
3.5611 1.06572
3.57033 1.27147
3.57957 1.74139
3.58881 1.15869
3.59805 1.40607
3.60728 1.18668
3.61652 1.27811
3.62576 1.36741
3.635 1.17155
3.64423 1.11993
3.65347 1.1284
3.66271 1.2192
3.67195 0.962272
3.68119 1.08414
3.69042 1.09123
3.69966 1.09139
3.7089 1.07867
3.71814 1.02472
3.72737 1.13294
3.73661 0.839026
3.74585 1.02788
3.75509 1.08943
3.76432 0.968881
3.77356 0.965183
3.7828 0.90251
3.79204 0.858149
3.80127 1.35713
3.81051 0.890525
3.81975 0.92943
3.82899 0.951637
3.83822 1.18911
3.84746 0.775409
3.8567 0.755763
3.86594 0.973557
3.87518 0.967046
3.88441 0.771367
3.89365 0.83796
3.90289 0.91691
3.91213 1.03071
3.92136 0.757578
3.9306 0.875962
3.93984 0.508241
3.94908 0.91472
3.95831 0.808115
3.96755 0.448811
3.97679 0.871699
3.98603 0.711221
3.99526 0.692297
4.0045 0.796515
4.01374 0.624411
4.02298 0.527552
4.03221 0.622367
4.04145 0.761482
4.05069 0.720488
4.05993 0.671014
4.06916 0.676466
4.0784 0.705683
4.08764 0.597323
4.09688 0.832169
4.10612 0.75665
4.11535 0.859927
4.12459 0.937723
4.13383 0.924315
4.14307 1.00965
4.1523 0.648707
4.16154 0.886706
4.17078 0.720082
4.18002 0.662398
4.18925 0.810218
4.19849 0.936516
4.20773 1.02968
4.21697 0.773458
4.2262 0.766562
4.23544 0.811438
4.24468 0.549751
4.25392 1.00093
4.26315 0.653936
4.27239 0.759915
4.28163 0.772171
4.29087 0.683569
4.3001 0.628982
4.30934 0.947423
4.31858 1.09212
4.32782 0.880102
4.33706 1.03748
4.34629 0.729281
4.35553 0.882458
4.36477 0.773945
4.37401 1.04238
4.38324 0.791693
4.39248 1.0126
4.40172 0.8579
4.41096 1.34305
4.42019 1.53496
4.42943 1.11027
4.43867 1.12736
4.44791 0.988871
4.45714 1.09472
4.46638 1.19497
4.47562 0.97236
4.48486 1.50929
4.49409 1.14508
4.50333 1.73219
4.51257 1.06393
4.52181 1.36055
4.53104 1.05558
4.54028 1.42254
4.54952 1.57957
4.55876 0.799151
4.568 1.5148
4.57723 0.709253
4.58647 1.24089
4.59571 1.11324
4.60495 1.29436
4.61418 1.25701
