0.26 1.44148
0.34 0.213116
0.5 0.52492
0.54 0.60091
0.7 0.667305
0.74 1.02825
0.78 0.62172
0.9 0.257626
0.98 0.209334
1.02 0.882531
1.06 0.195615
1.1 0.273552
1.26 0.705687
1.34 0.823757
1.42 3.31704
1.46 1.192
1.5 1.43531
1.54 1.90617
1.58 1.67127
1.62 1.06421
1.66 1.16679
1.74 0.868935
1.78 0.435351
1.82 1.43699
1.9 0.69232
1.94 0.81969
1.98 3.36986
2.02 1.45554
2.06 1.39932
2.14 0.876336
2.22 0.154132
2.26 0.688028
2.3 0.859784
2.34 0.358449
2.38 0.145248
2.46 0.821164
2.5 1.15585
2.54 1.16096
2.58 0.601341
2.62 0.82567
2.66 1.32457
2.7 1.0059
2.74 0.990934
2.78 0.671428
2.82 1.72841
2.86 0.499869
2.9 2.1049
2.94 1.92089
3.02 1.41251
3.06 1.24408
3.1 1.35767
3.14 0.420627
3.18 0.684514
3.22 0.632308
3.26 0.925626
3.3 0.797726
3.34 0.641937
3.38 0.856284
3.42 1.10257
3.46 0.583361
3.5 1.07669
3.54 1.29063
3.58 1.27882
3.62 2.06702
3.66 1.92707
3.7 0.526503
3.74 0.835874
3.78 0.76488
3.82 0.639337
3.9 0.915689
3.94 1.46909
4.02 0.639036
4.06 1.60156
4.1 1.8334
4.14 0.871886
4.18 1.28211
4.26 0.944592
4.3 0.971613
4.38 1.07531
4.42 0.995732
4.46 0.810797
4.5 1.04071
4.54 1.3745
4.58 0.620195
4.62 0.536981
4.66 0.701071
4.7 0.661834
4.74 0.746561
4.78 0.786297
4.82 1.00756
4.86 0.917128
4.9 2.7866
4.94 1.3509
4.98 1.11893
5.02 1.9176
5.06 0.947606
5.1 1.87002
5.14 0.639207
5.22 1.03436
5.26 0.889371
5.3 0.956951
5.34 1.14654
5.38 1.14048
5.42 0.669932
5.46 0.892094
5.5 1.3497
5.54 0.734186
5.58 0.631862
5.62 1.05249
5.66 0.649197
5.7 1.26527
5.74 0.75644
5.78 0.490316
5.82 1.10759
5.86 0.918964
5.9 0.819049
5.94 1.21897
5.98 1.05421
6.02 0.638145
6.06 0.940836
6.1 0.892569
6.14 0.867208
6.18 0.826838
6.22 1.27618
6.26 0.931252
6.3 2.16286
6.34 1.2221
6.38 0.638993
6.42 1.5127
6.46 0.433785
6.5 1.36044
6.54 1.04393
6.58 0.851791
6.62 0.905329
6.66 0.979507
6.7 1.61478
6.74 0.989907
6.78 0.725958
6.82 0.787187
6.86 1.01982
6.9 1.02752
6.94 0.868152
6.98 1.01626
7.02 1.49952
7.06 0.963084
7.1 0.957567
7.14 1.0023
7.18 0.656544
7.22 1.98359
7.26 0.720635
7.3 0.934579
7.34 1.07318
7.38 1.08346
7.42 1.45399
7.46 0.442642
7.5 1.31714
7.54 0.81914
7.58 1.16725
7.62 0.79334
7.66 0.924851
7.7 1.06266
7.74 0.858812
7.78 1.0187
7.82 1.13997
7.86 0.552359
7.9 0.799395
7.94 0.810794
7.98 1.3134
8.02 0.936126
8.06 0.973474
8.1 0.751109
8.14 1.43415
8.18 0.716469
8.22 0.773183
8.26 1.10814
8.3 1.08502
8.34 1.02199
8.38 1.60938
8.42 1.29055
8.46 1.13229
8.5 0.868693
8.54 0.946935
8.58 1.33619
8.62 0.997497
8.66 0.676561
8.7 0.641464
8.74 0.942152
8.78 0.932338
8.82 0.933363
8.86 0.744342
8.9 1.61689
8.94 1.21138
8.98 1.17216
9.02 1.19235
9.06 0.876718
9.1 1.06645
9.14 1.57864
9.18 1.07113
9.22 1.03395
9.26 0.614075
9.3 0.954778
9.34 0.960457
9.38 1.10148
9.42 1.16075
9.46 0.748442
9.5 1.0561
9.54 1.20832
9.58 0.6121
9.62 0.862818
9.66 1.27232
9.7 1.50131
9.74 0.857486
9.78 1.13948
9.82 1.20964
9.86 0.995138
9.9 0.798601
9.94 1.12482
9.98 0.827777
10.02 1.19963
10.06 0.78268
10.1 0.903424
10.14 1.40886
10.18 1.02734
10.22 0.847273
10.26 1.07511
10.3 1.05287
10.34 0.763991
10.38 0.748607
10.42 0.914007
10.46 0.934971
10.5 0.887736
10.54 0.970431
10.58 1.19873
10.62 1.07199
10.66 0.73872
10.7 0.743351
10.74 0.63843
10.78 1.00464
10.82 1.44411
10.86 0.925214
10.9 1.24568
10.94 0.987464
10.98 0.994995
11.02 1.05346
11.06 1.34025
11.1 1.14099
11.14 0.857031
11.18 1.23577
11.22 0.798136
11.26 0.861237
11.3 1.56254
11.34 0.960548
11.38 0.844894
11.42 1.00215
11.46 0.567308
11.5 1.15146
11.54 0.83829
11.58 0.980012
11.62 0.928513
11.66 1.1685
11.7 0.824191
11.74 0.720403
11.78 0.843985
11.82 1.04944
11.86 1.17568
11.9 0.707717
11.94 0.904533
11.98 1.16781
12.02 0.998297
12.06 0.778312
12.1 0.76726
12.14 1.08407
12.18 0.894037
12.22 1.17182
12.26 1.11494
12.3 0.893506
12.34 1.15439
12.38 1.13183
12.42 1.12344
12.46 0.915107
12.5 1.0953
12.54 1.01565
12.58 0.873515
12.62 1.23949
12.66 1.17223
12.7 1.15233
12.74 0.946241
12.78 0.844159
12.82 1.13815
12.86 0.9203
12.9 0.942941
12.94 1.37764
12.98 0.754878
13.02 0.808032
13.06 1.10991
13.1 0.941796
13.14 1.18092
13.18 0.680777
13.22 1.0073
13.26 0.759925
13.3 1.10424
13.34 1.2406
13.38 0.839167
13.42 1.06548
13.46 0.763219
13.5 1.06532
13.54 1.13351
13.58 1.2965
13.62 1.13428
13.66 0.95118
13.7 0.76276
13.74 1.10016
13.78 0.902551
13.82 1.17689
13.86 0.903863
13.9 0.810956
13.94 1.0965
13.98 1.03452
14.02 1.01648
14.06 1.23873
14.1 0.816238
14.14 1.13173
14.18 0.910038
14.22 1.12374
14.26 1.06236
14.3 1.11036
14.34 0.758207
14.38 1.13869
14.42 1.1395
14.46 0.588634
14.5 0.976336
14.54 1.18786
14.58 1.01812
14.62 0.92137
14.66 0.984632
14.7 0.832882
14.74 0.991753
14.78 1.05163
14.82 1.18165
14.86 0.895973
14.9 1.07101
14.94 0.79635
14.98 0.734061
15.02 0.914088
15.06 0.803189
15.1 1.22674
15.14 1.03817
15.18 1.38235
15.22 1.14186
15.26 0.863892
15.3 0.996151
15.34 0.906659
15.38 0.933231
15.42 0.799241
15.46 1.18652
15.5 1.41243
15.54 1.13559
15.58 0.827815
15.62 1.1158
15.66 1.15445
15.7 0.920977
15.74 0.938001
15.78 1.05652
15.82 1.26367
15.86 0.961452
15.9 0.930768
15.94 0.993984
15.98 1.20229
16.02 0.785015
16.06 1.15194
16.1 0.748514
16.14 1.09904
16.18 0.77763
16.22 0.854355
16.26 1.17262
16.3 1.13706
16.34 0.813192
16.38 0.900255
16.42 1.02104
16.46 0.771978
16.5 1.1448
16.54 1.1274
16.58 1.34968
16.62 0.795764
16.66 1.19546
16.7 0.817184
16.74 0.969409
16.78 0.635987
16.82 1.34946
16.86 0.992284
16.9 0.927889
16.94 1.22759
16.98 1.03676
17.02 0.80478
17.06 0.916307
17.1 1.30838
17.14 1.00564
17.18 1.02661
17.22 1.106
17.26 0.988813
17.3 0.954491
17.34 1.05669
17.38 1.06109
17.42 0.803294
17.46 1.02043
17.5 1.18591
17.54 0.941942
17.58 0.922288
17.62 1.10229
17.66 0.964507
17.7 0.812649
17.74 0.837715
17.78 1.0275
17.82 0.755486
17.86 0.674135
17.9 0.878938
17.94 1.13587
17.98 1.2416
18.02 1.01442
18.06 1.07189
18.1 0.997154
18.14 1.05216
18.18 0.705408
18.22 1.10682
18.26 1.28749
18.3 0.96404
18.34 1.19473
18.38 1.36206
18.42 0.975495
18.46 1.0205
18.5 0.989476
18.54 1.06269
18.58 1.10594
18.62 0.907101
18.66 1.04423
18.7 0.945817
18.74 0.885389
18.78 0.88369
18.82 0.861915
18.86 1.21359
18.9 0.838689
18.94 0.710912
18.98 0.839306
19.02 0.957495
19.06 1.14995
19.1 0.928796
19.14 0.841809
19.18 1.30361
19.22 1.03206
19.26 0.831185
19.3 0.958771
19.34 1.1738
19.38 0.717553
19.42 1.21083
19.46 0.928303
19.5 0.817756
19.54 1.03948
19.58 1.38736
19.62 1.07057
19.66 1.44055
19.7 0.897181
19.74 0.838733
19.78 0.760605
19.82 1.21891
19.86 1.01856
19.9 0.769553
19.94 0.986576
19.98 1.61815
