0.974764333333 0.578921
0.0719038 0.171919166667
0.0780429333333 0.238336333333
0.136910333333 0.232941333333
0.226269666667 0.182995
0.170353666667 0.175495333333
0.168517866667 0.0800808
0.138538866667 0.128935166667
0.515757 0.0857125333333
0.475928333333 0.04492366
0.129378466667 0.617882333333
0.0887056333333 0.576881333333
0.204715333333 0.700594333333
0.245332666667 0.740469333333
0.0764304333333 0.482142666667
0.1163815 0.524634
0.216907333333 0.459939
0.187447666667 0.511808333333
0.0796522333333 0.903313333333
0.122587366667 0.944525666667
0.0485715333333 0.293707666667
0.0342787 0.439033
0.0419966333333 0.563973666667
0.396272666667 0.582313
0.48625 0.529493666667
0.430311333333 0.525478333333
0.236423 0.249958333333
0.183214333333 0.279982333333
0.965162333333 0.410698666667
0.952843 0.308578666667
0.932447 0.224841666667
0.586726333333 0.0762721333333
0.484242666667 0.1381013
0.523863 0.181751
0.399593333333 0.05402346
0.316284 0.03333746
0.243657333333 0.070535
0.0565132333333 0.690263333333
0.0555448333333 0.629707333333
0.0986974 0.762057
0.0962176666667 0.670708333333
0.133072533333 0.711340666667
0.214919333333 0.790708666667
0.154161233333 0.893180666667
0.139926866667 0.80155
0.1112261 0.851968333333
0.1083976 0.429741666667
0.0662458666667 0.386632
0.0906982666667 0.337812
0.177808333333 0.420363666667
0.211432 0.368923666667
0.166473666667 0.329481666667
0.967789666667 0.820443333333
0.254546333333 0.830889333333
0.222489 0.882943
0.5753928 0.980249
0.730714333333 0.380709
0.770383 0.424037333333
0.303964666667 0.639219333333
0.228521333333 0.551422
0.297697666667 0.539634
0.334659 0.585351666667
0.198128 0.605248666667
0.23661 0.647328333333
0.649868666667 0.300159333333
0.608922666667 0.261511
0.289973 0.447635333333
0.329689666667 0.487716666667
0.400689666667 0.476599666667
0.435241666667 0.425299
0.923373333333 0.387776666667
0.873145 0.355560333333
0.886411666667 0.443867333333
0.836183333333 0.411651
0.919177333333 0.164638666667
0.951488333333 0.1143187
0.914518 0.0722842
0.84944 0.175042333333
0.840604666667 0.0823774
0.807837666667 0.134815566667
0.659442 0.0347928566667
0.583961666667 0.01528175
0.804711 0.04340279
0.731478333333 0.0548715233333
0.291071 0.258470333333
0.418459333333 0.144356966667
0.373638666667 0.101068
0.327589666667 0.201354
0.388202 0.198704
0.280709333333 0.155253
0.296501 0.109314033333
0.938451333333 0.929938666667
0.834158 0.960732666667
0.259445666667 0.928913333333
0.320946333333 0.926031
0.192660133333 0.969871
0.3469448 0.982647666667
0.588550666667 0.542874666667
0.540217666667 0.497865666667
0.499053333333 0.595053666667
0.55376 0.600631
0.443435 0.626450333333
0.752623 0.239186333333
0.821757333333 0.228634
0.761056333333 0.330923666667
0.721754333333 0.289955333333
0.837686666667 0.318161333333
0.867519 0.266640666667
0.592672 0.169804
0.636613 0.209453666667
0.624021 0.1167139
0.695494 0.105584466667
0.708427666667 0.197333
0.735959666667 0.1465539
0.423960666667 0.244687
0.493838333333 0.233989666667
0.503982666667 0.324365
0.534957 0.2741
0.318579 0.307564666667
0.283213666667 0.358351666667
0.322655666667 0.397488
0.396924333333 0.386268666667
0.429759666667 0.335999
0.390856333333 0.296431333333
0.544144666667 0.363394
0.508239 0.414058333333
0.55564 0.45174
0.616065 0.351777333333
0.657608666667 0.391358666667
0.633089333333 0.440657
0.934095333333 0.536956333333
0.884814333333 0.490927
0.836274333333 0.527081
0.745350333333 0.582397666667
0.675672 0.484419
0.73986 0.478449
0.774206666667 0.526565
0.681887333333 0.590373666667
0.646555666667 0.540511
0.603590333333 0.833013
0.561107 0.788984
0.609657333333 0.934086
0.571197666667 0.887369333333
0.512349333333 0.888702
0.458025 0.919759666667
0.403829333333 0.950652
0.496613333333 0.966311
0.325527333333 0.819887666667
0.481600666667 0.797330333333
0.465235666667 0.842692
0.354970666667 0.869059
0.410911333333 0.873749666667
0.54422 0.701987333333
0.586437333333 0.742609
0.580502333333 0.651750333333
0.650624666667 0.643856666667
0.690781 0.685669333333
0.662876 0.734184666667
0.898039 0.601753333333
0.848772 0.590923333333
0.807275 0.713235
0.790045333333 0.624999333333
0.766738666667 0.674788
0.881390333333 0.796757
0.923673 0.839498666667
0.894793333333 0.888139
0.361766666667 0.769395666667
0.321199 0.730158
0.347936333333 0.682174
0.434593333333 0.759823
0.425793 0.672443666667
0.471882333333 0.710855
0.916800333333 0.656587
0.958265333333 0.729766
0.957806666667 0.790621
0.915524 0.747879333333
0.879199333333 0.704837333333
0.757457666667 0.940785666667
0.822286333333 0.898438333333
0.680267 0.922702333333
0.771731 0.766455666667
0.809521666667 0.806935666667
0.779297333333 0.859976666667
0.703289666667 0.776524
0.669334333333 0.828977333333
0.707551333333 0.87195
