0.0735391 1.71166e-05
0.0961665 5.42e-05
0.141421 0.000109033
0.152735 6.85573e-05
0.19799 0.00012061
0.209304 0.000263278
0.220617 0.000119504
0.254558 0.00014543
0.277186 0.000154043
0.2885 0.000689066
0.299813 0.000193105
0.311127 0.00198632
0.356382 0.00139285
0.379009 0.00792456
0.401637 0.00187179
0.41295 0.00591006
0.424264 0.0116165
0.435578 0.00338069
0.446891 0.00599539
0.458205 0.00228733
0.469519 0.00513155
0.492146 0.00120326
0.50346 0.00384325
0.514774 0.00647008
0.537401 0.00825527
0.548715 0.00274943
0.560029 0.0176864
0.571342 0.00393109
0.582656 0.0261041
0.605283 0.0330459
0.627911 0.035506
0.639225 0.0607023
0.650538 0.0654087
0.661852 0.0723742
0.673166 0.112468
0.695793 0.0149836
0.707107 0.0749694
0.71842 0.102863
0.729734 0.0240185
0.741048 0.0402095
0.752362 0.0928926
0.763675 0.0609527
0.774989 0.0233562
0.786303 0.0881062
0.797616 0.116783
0.80893 0.255072
0.820244 0.0876123
0.831558 0.331672
0.854185 0.544449
0.865499 0.74717
0.876812 1.07512
0.888126 3.31364
0.89944 1.26033
0.910754 6.5814
0.922067 3.02293
0.933381 3.05328
0.944695 0.90745
0.956008 2.13015
0.967322 0.93509
0.978636 0.349596
0.989949 0.849826
1.00126 0.507688
1.01258 1.03552
1.02389 0.411
1.0352 0.300398
1.04652 0.30222
1.05783 0.794521
1.06915 0.951362
1.08046 1.01726
1.10309 3.02696
1.1144 3.04434
1.13703 4.86857
1.14834 3.5743
1.15966 2.69884
1.17097 2.08636
1.18228 4.18742
1.20491 2.05325
1.21622 0.755136
1.23885 0.757317
1.25016 0.333569
1.26148 0.272553
1.27279 0.592571
1.28411 0.303906
1.29542 0.457597
1.30673 0.256327
1.31805 0.49016
1.32936 0.285861
1.34067 0.700007
1.35199 0.60857
1.3633 0.380939
1.37462 0.52949
1.38593 0.405535
1.39724 0.509141
1.40856 0.819005
1.41987 0.960258
1.43118 0.923013
1.4425 1.81938
1.45381 0.723921
1.47644 0.63102
1.48775 0.493102
1.49907 0.757366
1.51038 0.609029
1.52169 0.327548
1.53301 0.213539
1.54432 0.298178
1.55563 0.456989
1.56695 0.415188
1.57826 0.771211
1.58958 0.560599
1.60089 0.443835
1.6122 0.341081
1.62352 0.709777
1.63483 0.953822
1.64614 0.616021
1.65746 0.909204
1.66877 0.701484
1.68009 1.08324
1.6914 1.25298
1.70271 1.0357
1.71403 0.710695
1.72534 0.935461
1.73665 0.486927
1.74797 0.763156
1.75928 1.24619
1.7706 0.805723
1.78191 0.956749
1.79322 0.446174
1.80454 0.593901
1.81585 0.487377
1.82716 1.3279
1.83848 0.742603
1.84979 0.532307
1.86111 0.417895
1.87242 0.786999
1.88373 0.432656
1.89505 1.10245
1.90636 1.01523
1.91767 0.664803
1.92899 1.82026
1.9403 1.47156
1.95161 1.44565
1.96293 1.42115
1.97424 1.61802
1.98556 1.73622
1.99687 1.65329
2.00818 1.06758
2.0195 1.48776
2.03081 1.43203
2.04212 0.852415
2.05344 0.937485
2.06475 0.801839
2.07607 1.16839
2.08738 0.787188
2.09869 1.2099
2.11001 0.614623
2.12132 0.723791
2.13263 1.13283
2.14395 1.51357
2.15526 1.1126
2.16658 1.12204
2.17789 1.35533
2.1892 0.953448
2.20052 1.65373
2.21183 1.56282
2.22314 1.69675
2.23446 1.75663
2.24577 1.49488
2.25708 1.45654
2.2684 1.58773
2.27971 1.10114
2.29103 1.07002
2.30234 0.816013
2.31365 0.985875
2.32497 1.18559
2.33628 0.965115
2.34759 1.00071
2.35891 0.85226
2.37022 0.793545
2.38154 0.963949
2.39285 0.67366
2.40416 0.99369
2.41548 0.823386
2.42679 1.38283
2.4381 1.12313
2.44942 0.989856
2.46073 1.16285
2.47205 0.664017
2.48336 1.06054
2.49467 1.17697
2.50599 1.27612
2.5173 0.752711
2.52861 0.647354
2.53993 0.647326
2.55124 0.755225
2.56255 1.26599
2.57387 0.96317
2.58518 0.798488
2.5965 0.786439
2.60781 0.781147
2.61912 1.01658
2.63044 0.874665
2.64175 0.419381
2.65306 0.655988
2.66438 0.810782
2.67569 1.0007
2.68701 0.878873
2.69832 0.969404
2.70963 0.962935
2.72095 0.731892
2.73226 0.881827
2.74357 0.832535
2.75489 0.892976
2.7662 0.982206
2.77752 1.14437
2.78883 0.88459
2.80014 1.29762
2.81146 0.924733
2.82277 0.80057
2.83408 0.530123
2.8454 0.874535
2.85671 1.00251
2.86803 0.535269
2.87934 0.685413
2.89065 1.05138
2.90197 0.921517
2.91328 0.92479
2.92459 0.847043
2.93591 0.795915
2.94722 1.31063
2.95853 1.00478
2.96985 0.916476
2.98116 0.659954
2.99248 0.777291
3.00379 0.677875
3.0151 1.16437
3.02642 1.08638
3.03773 1.05729
3.04904 1.24921
3.06036 1.2081
3.07167 1.39807
3.08299 1.39343
3.0943 1.45484
3.10561 1.28491
3.11693 0.958532
3.12824 0.927799
3.13955 0.929869
3.15087 1.14967
3.16218 0.94715
3.1735 0.830273
3.18481 1.27278
3.19612 0.880278
3.20744 1.01217
3.21875 1.14794
3.23006 1.06356
3.24138 0.803357
3.25269 1.22705
3.264 1.36393
3.27532 0.752794
3.28663 1.33252
3.29795 1.08111
3.30926 1.38541
3.32057 0.656978
3.33189 1.66642
3.3432 0.822285
3.35451 0.970927
3.36583 1.1763
3.37714 0.886081
3.38846 0.98004
3.39977 1.07096
3.41108 0.730432
3.4224 1.19636
3.43371 0.784422
3.44502 1.09489
3.45634 1.04545
3.46765 1.03195
3.47897 1.01348
3.49028 0.605677
3.50159 0.868171
3.51291 1.08032
3.52422 1.08706
3.53553 0.898152
3.54685 1.01316
3.55816 1.34768
3.56948 1.1521
3.58079 0.896041
3.5921 0.957239
3.60342 0.946778
3.61473 0.932002
3.62604 1.30628
3.63736 0.949776
3.64867 1.26702
3.65998 1.77613
3.6713 0.880618
3.68261 1.00331
3.69393 0.930363
3.70524 0.911754
3.71655 1.03281
3.72787 0.635785
3.73918 0.866206
3.75049 0.618285
3.76181 1.20562
3.77312 0.917868
3.78444 1.09313
3.79575 0.811673
3.80706 1.02082
3.81838 0.923286
3.82969 0.963698
3.841 0.948537
3.85232 0.915699
3.86363 0.842358
3.87495 1.3406
3.88626 0.928228
3.89757 1.01372
3.90889 1.03598
3.9202 0.73366
3.93151 1.17758
3.94283 1.12254
3.95414 0.820199
3.96545 0.683617
3.97677 0.78825
3.98808 0.815524
3.9994 1.17088
4.01071 0.761959
4.02202 0.883105
4.03334 0.963849
4.04465 0.930626
4.05596 0.934063
4.06728 0.861769
4.07859 1.00831
4.08991 1.26956
4.10122 0.898414
4.11253 1.17255
4.12385 0.988144
4.13516 1.54367
4.14647 1.0311
4.15779 1.16332
4.1691 1.21578
4.18042 0.937075
4.19173 0.998196
4.20304 0.831621
4.21436 0.996722
4.22567 0.776757
4.23698 0.910933
4.2483 0.927219
4.25961 0.70429
4.27092 0.645176
4.28224 0.96577
4.29355 1.10613
4.30487 0.86482
4.31618 1.21233
4.32749 1.04236
4.33881 1.06832
4.35012 1.21885
4.36143 1.3116
4.37275 0.940679
4.38406 1.07961
4.39538 0.97066
4.40669 1.04162
4.418 1.00208
4.42932 1.02868
4.44063 1.00327
4.45194 1.07419
4.46326 0.948184
4.47457 1.02569
4.48589 1.25115
4.4972 1.08296
4.50851 0.99742
4.51983 0.728969
4.53114 1.251
4.54245 1.21486
4.55377 0.88709
4.56508 1.11221
4.5764 1.09512
4.58771 0.771006
4.59902 0.818367
4.61034 1.51885
4.62165 0.848777
4.63296 1.13184
4.64428 1.15896
4.65559 1.35339
4.6669 1.15689
4.67822 1.24327
4.68953 1.05231
4.70085 0.802504
4.71216 0.926542
4.72347 0.683422
4.73479 0.9435
4.7461 0.85703
4.75741 0.915589
4.76873 1.16871
4.78004 1.09077
4.79136 0.948834
4.80267 1.15718
4.81398 1.11368
4.8253 0.972407
4.83661 0.906725
4.84792 1.2067
4.85924 0.964871
4.87055 0.94795
4.88187 0.900538
4.89318 1.09518
4.90449 1.09211
4.91581 0.90772
4.92712 0.981213
4.93843 0.856247
4.94975 0.869665
4.96106 0.970035
4.97237 1.06998
4.98369 0.742617
4.995 1.01097
5.00632 0.904706
5.01763 0.831555
5.02894 0.90905
5.04026 0.720204
5.05157 0.774997
5.06288 1.21546
5.0742 0.960134
5.08551 0.82339
5.09683 0.80645
5.10814 0.804222
5.11945 0.938859
5.13077 0.777364
5.14208 1.12943
5.15339 0.793361
5.16471 1.2068
5.17602 0.766942
5.18734 1.30171
5.19865 1.11833
5.20996 1.14081
5.22128 0.997643
5.23259 1.07401
5.2439 0.693425
5.25522 1.11576
5.26653 1.1223
5.27785 0.912769
5.28916 0.999147
5.30047 1.35714
5.31179 0.990318
5.3231 0.921061
5.33441 1.13805
5.34573 0.905575
5.35704 1.08486
5.36835 0.765972
5.37967 0.946103
5.39098 0.897181
5.4023 0.985729
5.41361 0.785866
5.42492 1.15204
5.43624 1.03066
5.44755 1.1223
5.45886 1.33347
5.47018 1.02589
5.48149 1.17722
5.49281 0.90626
5.50412 1.04235
5.51543 0.810912
5.52675 1.1022
5.53806 1.16605
5.54937 0.855121
5.56069 1.03778
5.572 0.859622
5.58332 0.948133
5.59463 1.04259
5.60594 1.10379
5.61726 0.740414
5.62857 1.02146
5.63988 0.944103
5.6512 0.885882
