0.0602456 0.0989273
0.0787827 0.0785158
0.115857 0.0477952
0.125125 0.0865812
0.1622 0.0736774
0.171468 0.153952
0.180737 0.0973789
0.208542 0.0471328
0.22708 0.0459246
0.236348 0.0995867
0.245617 0.383963
0.254885 0.0672015
0.291959 0.102693
0.310496 0.169183
0.329034 0.191219
0.338302 0.149235
0.347571 0.483315
0.356839 0.180187
0.366108 0.0731124
0.375376 0.197308
0.384645 0.0933104
0.403182 0.202904
0.412451 0.239193
0.421719 0.0418049
0.440256 0.0555907
0.449525 0.332533
0.458793 0.137578
0.468062 0.428545
0.47733 0.272434
0.495867 0.380963
0.514405 0.287077
0.523673 0.273398
0.532942 0.418192
0.54221 0.241249
0.551479 0.0246559
0.570016 0.398949
0.579284 0.43486
0.588553 0.358242
0.597822 0.55524
0.60709 0.584504
0.616359 0.524106
0.625627 0.385667
0.634896 1.77151
0.644164 0.66831
0.653433 0.586246
0.662701 0.525679
0.67197 0.66933
0.681239 1.07762
0.699776 0.454881
0.709044 0.462294
0.718313 1.09848
0.727581 0.270326
0.73685 0.718081
0.746118 0.52028
0.755387 0.866056
0.764655 0.351309
0.773924 0.691288
0.783193 0.759784
0.792461 1.02717
0.80173 0.70845
0.810998 0.6744
0.820267 0.780237
0.829535 0.924365
0.838804 0.793289
0.848072 0.728923
0.857341 0.921677
0.86661 0.839466
0.875878 0.742762
0.885147 0.943467
0.903684 0.788009
0.912952 0.940007
0.931489 0.802435
0.940758 0.596133
0.950026 1.48733
0.959295 1.04956
0.968564 0.541352
0.987101 0.942259
0.996369 0.355721
1.01491 0.940115
1.02417 0.990352
1.03344 0.810946
1.04271 1.11747
1.05198 0.751096
1.06125 1.37004
1.07052 0.735727
1.07979 1.01863
1.08905 0.854876
1.09832 0.506485
1.10759 0.735261
1.11686 0.919749
1.12613 1.08341
1.1354 1.36109
1.14467 0.978164
1.15393 0.427401
1.1632 0.562539
1.17247 1.40873
1.18174 1.57501
1.19101 1.17377
1.20955 0.790978
1.21881 0.92138
1.22808 1.41292
1.23735 0.828552
1.24662 1.155
1.25589 0.476011
1.26516 0.671256
1.27443 1.15067
1.28369 0.943599
1.29296 0.697487
1.30223 1.20055
1.3115 0.971099
1.32077 0.868178
1.33004 0.606103
1.33931 1.14098
1.34857 1.51193
1.35784 0.895672
1.36711 0.942533
1.37638 1.18565
1.38565 1.12834
1.39492 0.902532
1.40419 1.18783
1.41345 1.91323
1.42272 0.543241
1.43199 1.70018
1.44126 2.04298
1.45053 1.30158
1.4598 0.624657
1.46907 0.845249
1.47833 1.30608
1.4876 2.22637
1.49687 0.901614
1.50614 0.900115
1.51541 1.58744
1.52468 1.25044
1.53395 1.09299
1.54321 1.0793
1.55248 1.5423
1.56175 1.05559
1.57102 1.49468
1.58029 0.757432
1.58956 1.02235
1.59883 1.70297
1.60809 0.759054
1.61736 0.991527
1.62663 1.17241
1.6359 1.03139
1.64517 0.554294
1.65444 1.06946
1.6637 0.516203
1.67297 1.10509
1.68224 1.07118
1.69151 1.26525
1.70078 1.3759
1.71005 1.50414
1.71932 1.39244
1.72858 1.39706
1.73785 1.11745
1.74712 0.914192
1.75639 1.43291
1.76566 1.52578
1.77493 1.76591
1.7842 1.20618
1.79346 0.832059
1.80273 1.21322
1.812 1.01163
1.82127 0.940332
1.83054 1.26626
1.83981 0.707508
1.84908 1.12444
1.85834 1.00198
1.86761 0.891576
1.87688 1.20629
1.88615 0.675697
1.89542 0.91669
1.90469 1.50585
1.91396 1.2129
1.92322 0.949048
1.93249 0.876774
1.94176 1.45791
1.95103 0.787562
1.9603 1.08751
1.96957 0.880238
1.97884 0.932873
1.9881 1.69028
1.99737 0.984537
2.00664 1.1947
2.01591 1.05446
2.02518 0.856075
2.03445 1.43717
2.04372 0.83384
2.05298 0.806161
2.06225 0.98709
2.07152 0.840788
2.08079 0.64438
2.09006 1.10482
2.09933 1.03804
2.1086 0.965919
2.11786 1.44601
2.12713 1.37666
2.1364 0.841085
2.14567 0.739835
2.15494 0.787938
2.16421 0.943895
2.17348 1.05066
2.18274 0.872999
2.19201 0.901251
2.20128 1.02166
2.21055 1.18839
2.21982 0.790228
2.22909 0.875157
2.23836 0.706571
2.24762 0.973531
2.25689 0.94049
2.26616 0.779039
2.27543 0.467463
2.2847 1.0225
2.29397 0.805717
2.30323 0.680784
2.3125 1.22072
2.32177 0.7814
2.33104 0.865009
2.34031 0.981131
2.34958 0.524394
2.35885 0.718226
2.36811 0.617192
2.37738 0.950572
2.38665 1.12547
2.39592 0.854638
2.40519 0.670726
2.41446 0.989013
2.42373 1.31894
2.43299 0.931102
2.44226 0.778077
2.45153 0.70865
2.4608 0.646438
2.47007 0.567393
2.47934 0.541108
2.48861 1.10438
2.49787 0.797695
2.50714 0.811325
2.51641 0.780043
2.52568 1.15702
2.53495 1.49845
2.54422 1.20791
2.55349 0.962125
2.56275 0.931739
2.57202 0.960709
2.58129 1.05721
2.59056 1.06558
2.59983 1.17144
2.6091 0.790996
2.61837 0.756911
2.62763 0.843339
2.6369 0.860018
2.64617 0.729233
2.65544 1.02624
2.66471 0.936144
2.67398 1.25958
2.68325 1.15276
2.69251 0.862164
2.70178 1.172
2.71105 1.25828
2.72032 1.05637
2.72959 0.857328
2.73886 1.00245
2.74813 0.910905
2.75739 1.33004
2.76666 0.880317
2.77593 0.744415
2.7852 0.755899
2.79447 0.887084
2.80374 0.966074
2.81301 0.907928
2.82227 1.0759
2.83154 0.693549
2.84081 0.976082
2.85008 0.806582
2.85935 0.966059
2.86862 1.00027
2.87789 1.20169
2.88715 1.30026
2.89642 1.00754
2.90569 1.39107
2.91496 1.11211
2.92423 1.11024
2.9335 1.33237
2.94276 0.726907
2.95203 0.967685
2.9613 1.34095
2.97057 0.774625
2.97984 0.992555
2.98911 0.720804
2.99838 1.48776
3.00764 0.944996
3.01691 0.98942
3.02618 0.93871
3.03545 0.941381
3.04472 0.841665
3.05399 1.16693
3.06326 1.04254
3.07252 0.781955
3.08179 0.842305
3.09106 1.5396
3.10033 1.1768
3.1096 1.12326
3.11887 1.04969
3.12814 1.21763
3.1374 1.04437
3.14667 0.628413
3.15594 1.16366
3.16521 1.3242
3.17448 0.919778
3.18375 0.898234
3.19302 1.14446
3.20228 1.18455
3.21155 1.40269
3.22082 1.15659
3.23009 1.59487
3.23936 1.07649
3.24863 1.15061
3.2579 1.31823
3.26716 1.08102
3.27643 1.27776
3.2857 0.848724
3.29497 0.941302
3.30424 1.18183
3.31351 1.12518
3.32278 1.25242
3.33204 0.769583
3.34131 0.877465
3.35058 0.9429
3.35985 1.01165
3.36912 1.15128
3.37839 0.949821
3.38766 1.26559
3.39692 1.14791
3.40619 0.999826
3.41546 1.01709
3.42473 1.53223
3.434 1.09928
3.44327 1.29939
3.45254 1.15689
3.4618 0.868783
3.47107 0.916803
3.48034 0.874104
3.48961 1.47945
3.49888 0.980833
3.50815 0.776351
3.51742 1.09035
3.52668 1.07312
3.53595 0.934997
3.54522 0.935126
3.55449 1.14875
3.56376 0.832288
3.57303 0.721856
3.5823 1.31067
3.59156 1.23401
3.60083 0.768158
3.6101 0.854328
3.61937 0.936249
3.62864 0.947377
3.63791 0.96663
3.64717 0.821167
3.65644 0.837097
3.66571 0.66946
3.67498 0.899053
3.68425 0.814003
3.69352 0.820388
3.70279 0.907225
3.71205 0.913769
3.72132 0.884697
3.73059 0.848987
3.73986 0.973146
3.74913 0.426094
3.7584 1.44944
3.76767 1.20583
3.77693 1.06524
3.7862 0.907495
3.79547 1.10883
3.80474 0.968611
3.81401 1.09105
3.82328 0.922167
3.83255 1.00036
3.84181 1.02665
3.85108 1.01367
3.86035 1.01605
3.86962 0.957925
3.87889 0.607121
3.88816 0.903692
3.89743 1.26501
3.90669 0.591295
3.91596 1.05492
3.92523 0.622188
3.9345 0.875438
3.94377 0.895069
3.95304 1.20398
3.96231 0.663943
3.97157 0.686181
3.98084 0.989847
3.99011 0.826765
3.99938 0.970496
4.00865 1.16541
4.01792 1.13431
4.02719 0.873569
4.03645 0.566374
4.04572 0.753705
4.05499 0.974776
4.06426 1.06115
4.07353 1.22648
4.0828 0.886379
4.09207 1.14872
4.10133 0.837722
4.1106 1.1462
4.11987 0.930495
4.12914 0.990936
4.13841 0.60901
4.14768 1.22982
4.15695 0.896916
4.16621 1.15182
4.17548 0.897295
4.18475 0.921698
4.19402 0.833033
4.20329 1.31931
4.21256 0.698885
4.22183 0.819338
4.23109 0.79847
4.24036 1.1575
4.24963 1.06317
4.2589 0.875748
4.26817 0.997454
4.27744 0.932714
4.2867 0.905723
4.29597 1.20457
4.30524 0.864427
4.31451 1.28247
4.32378 1.25178
4.33305 0.666856
4.34232 0.805238
4.35158 0.801712
4.36085 0.634973
4.37012 0.96116
4.37939 0.94266
4.38866 1.20021
4.39793 1.11549
4.4072 0.901033
4.41646 1.2175
4.42573 1.08174
4.435 1.37452
4.44427 1.06317
4.45354 0.821206
4.46281 1.1462
4.47208 1.01494
4.48134 1.53436
4.49061 0.908722
4.49988 1.08864
4.50915 1.39272
4.51842 0.82066
4.52769 0.810822
4.53696 0.6731
4.54622 0.895496
4.55549 0.855882
4.56476 0.873976
4.57403 1.51644
4.5833 1.15663
4.59257 0.96421
4.60184 1.12654
4.6111 1.13821
4.62037 1.25276
4.62964 1.04014
