0.0431094 0.259637
0.0563738 0.0771557
0.0829027 0.246995
0.0895349 0.0693386
0.116064 0.06278
0.122696 0.216146
0.129328 0.0412796
0.149225 0.0402492
0.162489 0.310904
0.169121 0.0469004
0.175754 0.0192143
0.182386 0.0494032
0.208915 0.0649697
0.222179 0.0407873
0.235444 0.0522058
0.242076 0.0437321
0.248708 0.286946
0.25534 0.187129
0.261972 0.127884
0.268605 0.0433227
0.275237 0.0399431
0.288501 0.210545
0.295133 0.054051
0.301766 0.0412983
0.31503 0.0461535
0.321662 0.0743262
0.328295 0.379651
0.334927 0.142309
0.341559 0.103254
0.354823 0.0491876
0.368088 0.390171
0.37472 0.306463
0.381352 0.126206
0.387984 0.0804686
0.394617 0.175005
0.407881 0.0829953
0.414513 0.0917922
0.421146 0.0388838
0.427778 0.163348
0.43441 0.117561
0.441042 0.0616996
0.447674 0.0870856
0.454307 0.172424
0.460939 0.0607424
0.467571 0.0577934
0.474203 0.0789118
0.480835 0.0678195
0.487468 0.108352
0.500732 0.0633983
0.507364 0.1382
0.513997 0.0848256
0.520629 0.317651
0.527261 0.235413
0.533893 0.666625
0.540525 0.365002
0.547158 0.658958
0.55379 0.304811
0.560422 0.453743
0.567054 0.27074
0.573686 0.294695
0.580319 0.374023
0.586951 0.293935
0.593583 0.377215
0.600215 0.275896
0.606848 0.454135
0.61348 0.391203
0.620112 0.235516
0.626744 0.584599
0.633376 0.499754
0.646641 0.99706
0.653273 1.12724
0.666537 1.69447
0.67317 1.26039
0.679802 0.773276
0.686434 0.783967
0.693066 1.64942
0.706331 1.36549
0.712963 0.714178
0.726227 0.834518
0.73286 0.597174
0.739492 0.494808
0.746124 0.417055
0.752756 0.3325
0.759388 0.613707
0.766021 0.583142
0.772653 0.318313
0.779285 0.565813
0.785917 0.798654
0.792549 0.549353
0.799182 0.70894
0.805814 0.992248
0.812446 0.20963
0.819078 0.598676
0.825711 0.985478
0.832343 0.787762
0.838975 0.779372
0.845607 1.39705
0.852239 0.784925
0.865504 0.614813
0.872136 0.509757
0.878768 0.67444
0.8854 0.625636
0.892033 0.472514
0.898665 0.242468
0.905297 0.302003
0.911929 0.559386
0.918562 0.741117
0.925194 0.454796
0.931826 0.884873
0.938458 0.719588
0.94509 0.611789
0.951723 0.118336
0.958355 0.524598
0.964987 0.894357
0.971619 0.514281
0.978251 0.278561
0.984884 0.701402
0.991516 0.520716
0.998148 0.308316
1.00478 0.496871
1.01141 0.435866
1.01804 0.475541
1.02468 0.622268
1.03131 0.661146
1.03794 1.05299
1.04457 1.04147
1.05121 0.640145
1.05784 0.899136
1.06447 0.899879
1.0711 0.636796
1.07773 0.969124
1.08437 0.784607
1.091 0.342871
1.09763 0.592208
1.10426 1.32487
1.1109 1.03122
1.11753 0.974204
1.12416 0.40121
1.13079 1.10131
1.13742 1.428
1.14406 0.743207
1.15069 1.22425
1.15732 0.847597
1.16395 1.08743
1.17059 0.953341
1.17722 1.15002
1.18385 0.840559
1.19048 0.792879
1.19711 0.371262
1.20375 1.35972
1.21038 1.32058
1.21701 1.21397
1.22364 1.78128
1.23028 1.26634
1.23691 1.40002
1.24354 0.974605
1.25017 1.00547
1.2568 1.66005
1.26344 1.50986
1.27007 0.899612
1.2767 1.22041
1.28333 1.1979
1.28997 1.32394
1.2966 1.96312
1.30323 1.1784
1.30986 1.31625
1.31649 1.29628
1.32313 1.42168
1.32976 1.34686
1.33639 1.56571
1.34302 2.05727
1.34966 1.26552
1.35629 1.57276
1.36292 1.81808
1.36955 1.37573
1.37618 1.34707
1.38282 1.22441
1.38945 2.11894
1.39608 0.857071
1.40271 1.5669
1.40935 1.19164
1.41598 1.74855
1.42261 0.971003
1.42924 1.2866
1.43587 2.25308
1.44251 1.54382
1.44914 1.4164
1.45577 1.2118
1.4624 1.42753
1.46904 1.58243
1.47567 0.944653
1.4823 1.50336
1.48893 1.72943
1.49556 2.004
1.5022 1.06534
1.50883 1.2777
1.51546 1.44263
1.52209 1.53621
1.52873 2.15522
1.53536 1.23613
1.54199 1.23613
1.54862 1.26113
1.55525 1.17533
1.56189 1.29643
1.56852 0.712519
1.57515 0.998837
1.58178 1.03786
1.58842 1.06697
1.59505 1.04784
1.60168 0.934021
1.60831 0.592524
1.61494 1.09858
1.62158 1.29057
1.62821 1.23585
1.63484 1.45905
1.64147 1.15351
1.64811 0.578305
1.65474 0.995698
1.66137 0.992658
1.668 0.695243
1.67463 1.18812
1.68127 1.27882
1.6879 0.632004
1.69453 0.706791
1.70116 0.76412
1.70779 0.805576
1.71443 0.783126
1.72106 0.634664
1.72769 0.78705
1.73432 1.2213
1.74096 0.689868
1.74759 0.885089
1.75422 0.926643
1.76085 0.766824
1.76748 0.743249
1.77412 1.06902
1.78075 0.787255
1.78738 0.907871
1.79401 0.911202
1.80065 1.3805
1.80728 0.561957
1.81391 0.611015
1.82054 0.791877
1.82717 0.758653
1.83381 0.689772
1.84044 0.97653
1.84707 0.79875
1.8537 1.0326
1.86034 0.856924
1.86697 0.886443
1.8736 0.899676
1.88023 0.791919
1.88686 0.77458
1.8935 1.04328
1.90013 0.935693
1.90676 0.920057
1.91339 0.650775
1.92003 0.603797
1.92666 0.8077
1.93329 0.745413
1.93992 0.649846
1.94655 0.841886
1.95319 1.07231
1.95982 0.577684
1.96645 0.771014
1.97308 0.776348
1.97972 0.736824
1.98635 0.885818
1.99298 0.90817
1.99961 0.923098
2.00624 0.724614
2.01288 1.03239
2.01951 0.702752
2.02614 0.840703
2.03277 0.810116
2.03941 0.765167
2.04604 1.13669
2.05267 0.561938
2.0593 0.725637
2.06593 0.551853
2.07257 0.812873
2.0792 0.847971
2.08583 0.988654
2.09246 0.702441
2.0991 0.839703
2.10573 0.790845
2.11236 1.02682
2.11899 1.40126
2.12562 1.09471
2.13226 1.04392
2.13889 1.12158
2.14552 0.897991
2.15215 1.10094
2.15879 1.17027
2.16542 1.24269
2.17205 0.885292
2.17868 0.831318
2.18531 0.337694
2.19195 0.958565
2.19858 0.947539
2.20521 1.19783
2.21184 0.789889
2.21848 0.965991
2.22511 0.878275
2.23174 1.14652
2.23837 0.679079
2.245 0.971621
2.25164 0.591263
2.25827 0.926679
2.2649 0.898036
2.27153 1.18625
2.27817 1.0296
2.2848 1.11556
2.29143 0.795641
2.29806 0.870393
2.30469 1.05587
2.31133 1.09038
2.31796 1.16486
2.32459 1.08953
2.33122 0.983242
2.33786 1.20438
2.34449 0.791204
2.35112 1.2899
2.35775 0.899046
2.36438 0.707686
2.37102 0.905534
2.37765 1.25468
2.38428 0.831984
2.39091 1.33329
2.39755 0.805342
2.40418 0.969212
2.41081 0.894075
2.41744 0.596083
2.42407 1.07851
2.43071 0.769088
2.43734 0.991574
2.44397 1.15162
2.4506 1.20134
2.45724 0.726378
2.46387 0.969957
2.4705 0.784671
2.47713 1.02117
2.48376 0.918514
2.4904 0.8733
2.49703 1.06197
2.50366 1.04967
2.51029 1.14369
2.51692 0.800427
2.52356 1.03668
2.53019 1.20716
2.53682 1.10815
2.54345 1.02068
2.55009 0.797616
2.55672 0.896038
2.56335 1.09739
2.56998 1.15846
2.57661 0.973428
2.58325 1.01855
2.58988 0.59642
2.59651 1.2803
2.60314 0.746792
2.60978 0.950113
2.61641 1.14437
2.62304 0.938986
2.62967 1.08266
2.6363 0.733028
2.64294 1.54417
2.64957 1.02341
2.6562 1.06801
2.66283 0.997073
2.66947 1.00984
2.6761 0.963643
2.68273 1.18711
2.68936 0.901868
2.69599 0.714679
2.70263 1.39615
2.70926 0.907264
2.71589 0.846491
2.72252 0.939857
2.72916 1.14167
2.73579 1.06947
2.74242 0.89484
2.74905 1.12596
2.75568 1.10957
2.76232 1.04049
2.76895 1.16969
2.77558 0.859633
2.78221 1.00609
2.78885 1.15472
2.79548 0.949379
2.80211 0.941699
2.80874 1.43559
2.81537 0.660642
2.82201 1.01572
2.82864 0.923512
2.83527 0.791405
2.8419 1.17854
2.84854 0.847342
2.85517 1.031
2.8618 0.895904
2.86843 0.847345
2.87506 1.05335
2.8817 0.89647
2.88833 1.64109
2.89496 1.0936
2.90159 1.1264
2.90823 1.1776
2.91486 0.984703
2.92149 0.93842
2.92812 1.18766
2.93475 1.19024
2.94139 1.41271
2.94802 1.14327
2.95465 1.30128
2.96128 0.85765
2.96792 0.986476
2.97455 1.06238
2.98118 1.02628
2.98781 0.958621
2.99444 0.863872
3.00108 0.90552
3.00771 1.33517
3.01434 1.52583
3.02097 0.949458
3.02761 0.930145
3.03424 0.914751
3.04087 1.30042
3.0475 1.15688
3.05413 0.846032
3.06077 1.33706
3.0674 1.3732
3.07403 1.0414
3.08066 0.951724
3.0873 1.44611
3.09393 0.819513
3.10056 0.996072
3.10719 1.06752
3.11382 1.06919
3.12046 1.28097
3.12709 1.34582
3.13372 0.947187
3.14035 0.897674
3.14699 1.04365
3.15362 1.01812
3.16025 1.01964
3.16688 1.1179
3.17351 0.850499
3.18015 1.03759
3.18678 1.18681
3.19341 0.861471
3.20004 0.903887
3.20668 0.993257
3.21331 1.12318
3.21994 0.644748
3.22657 0.956917
3.2332 1.0401
3.23984 0.905595
3.24647 1.4175
3.2531 0.978894
3.25973 1.07824
3.26637 0.959067
3.273 0.913993
3.27963 1.12446
3.28626 0.979675
3.29289 0.820294
3.29953 0.60585
3.30616 0.774632
3.31279 0.854212
