0.104 0.00450148
0.136 0.00111553
0.2 0.00768678
0.216 0.0023033
0.28 0.00455151
0.296 0.0113365
0.312 0.0402168
0.36 0.101246
0.392 0.0227821
0.408 0.0210399
0.424 0.0202144
0.44 0.0392721
0.504 0.0680124
0.536 0.0311082
0.568 0.212324
0.584 0.0493084
0.6 0.302754
0.616 0.146854
0.632 0.219489
0.648 0.0702785
0.664 0.365762
0.696 0.508013
0.712 0.336971
0.728 0.255727
0.76 0.695799
0.776 0.210536
0.792 0.960608
0.808 0.733716
0.824 0.4361
0.856 0.801475
0.888 0.96935
0.904 1.69941
0.92 1.20561
0.936 0.640018
0.952 0.789693
0.984 0.911076
1 1.04102
1.016 1.8031
1.032 0.611459
1.048 1.50871
1.064 2.19934
1.08 1.76622
1.096 3.45251
1.112 1.5372
1.128 2.22172
1.144 2.3897
1.16 1.33082
1.176 3.56842
1.208 1.95053
1.224 1.72115
1.24 1.93828
1.256 0.626869
1.272 0.579454
1.288 1.56123
1.304 0.706042
1.32 0.555601
1.336 0.321783
1.352 0.737725
1.368 0.973701
1.384 0.437737
1.4 0.726226
1.416 1.00852
1.432 0.81079
1.448 1.55455
1.464 0.511704
1.48 1.06275
1.496 1.18689
1.512 0.459251
1.528 0.764446
1.56 0.632662
1.576 0.415412
1.608 0.469227
1.624 1.18071
1.64 0.478816
1.656 1.07288
1.672 0.900422
1.704 0.930887
1.72 1.26504
1.752 1.21022
1.768 0.295676
1.784 1.0341
1.8 1.04887
1.816 0.5983
1.832 0.897203
1.848 0.716808
1.864 0.965031
1.88 0.920178
1.896 0.943316
1.912 1.07546
1.928 0.950736
1.944 1.11881
1.96 1.46784
1.976 0.868949
1.992 0.840869
2.008 0.878636
2.024 1.18855
2.04 1.233
2.056 0.924907
2.088 2.10548
2.104 0.918155
2.12 0.842664
2.136 0.824343
2.152 1.95706
2.168 1.42292
2.184 2.09831
2.2 0.876901
2.216 0.845061
2.232 1.79185
2.248 0.592925
2.264 1.15811
2.28 0.604747
2.296 0.727163
2.312 1.53037
2.328 0.861164
2.344 0.87774
2.36 1.1889
2.376 1.31282
2.392 1.19447
2.408 1.20348
2.424 0.759821
2.44 1.07223
2.456 0.631726
2.472 1.00752
2.488 1.35194
2.504 0.798823
2.52 1.10331
2.536 1.23158
2.552 0.948223
2.568 0.355916
2.584 1.61825
2.6 0.905273
2.616 0.804296
2.632 1.1126
2.648 1.23526
2.664 0.89098
2.68 0.275936
2.696 1.46858
2.712 1.30461
2.728 0.706529
2.744 0.491332
2.76 1.23351
2.776 1.25657
2.792 0.761748
2.808 0.742789
2.824 1.09777
2.84 0.830251
2.856 1.46774
2.872 0.473271
2.888 0.929282
2.904 0.891099
2.92 1.33603
2.936 0.869608
2.952 0.607814
2.968 1.37484
2.984 0.708567
3 1.07552
3.016 0.952096
3.032 0.529264
3.048 1.22686
3.064 0.871415
3.08 0.925683
3.096 1.12059
3.112 0.879151
3.128 0.787005
3.144 0.855888
3.16 1.4084
3.176 0.598484
3.192 1.0112
3.208 1.1725
3.224 1.02965
3.24 1.54394
3.256 1.63465
3.272 1.3204
3.288 0.732584
3.304 0.645298
3.32 0.930451
3.336 1.25554
3.352 1.66119
3.368 0.832974
3.384 1.0959
3.4 0.893344
3.416 1.00231
3.432 0.750525
3.448 0.928433
3.464 1.41363
3.48 0.708207
3.496 1.03385
3.512 0.771408
3.528 1.2085
3.544 0.833354
3.56 1.23229
3.576 0.658031
3.592 0.97755
3.608 0.765699
3.624 0.951333
3.64 1.42238
3.656 1.01723
3.672 0.828212
3.688 1.04813
3.704 0.785578
3.72 0.900947
3.736 0.70354
3.752 1.09484
3.768 0.783934
3.784 0.742375
3.8 0.852934
3.816 1.09288
3.832 0.613666
3.848 1.20823
3.864 0.698801
3.88 0.915397
3.896 0.93146
3.912 0.948299
3.928 0.85633
3.944 1.38987
3.96 0.960269
3.976 1.09389
3.992 1.05204
4.008 1.00771
4.024 1.3104
4.04 1.02457
4.056 1.00977
4.072 1.5399
4.088 1.57278
4.104 1.2348
4.12 1.01777
4.136 1.52129
4.152 0.767085
4.168 0.928881
4.184 0.993763
4.2 1.00169
4.216 0.982278
4.232 1.07637
4.248 0.918389
4.264 1.1167
4.28 1.07616
4.296 0.978386
4.312 0.887511
4.328 0.91212
4.344 1.32071
4.36 0.793973
4.376 0.732709
4.392 1.20132
4.408 0.99227
4.424 1.16925
4.44 0.659931
4.456 1.17299
4.472 1.05547
4.488 1.00802
4.504 0.753734
4.52 0.910073
4.536 0.968293
4.552 0.670927
4.568 1.03544
4.584 0.910123
4.6 1.10579
4.616 0.845566
4.632 0.992936
4.648 1.00691
4.664 1.28719
4.68 0.72637
4.696 1.15061
4.712 1.02932
4.728 1.40079
4.744 0.723953
4.76 0.491242
4.776 0.539258
4.792 0.730738
4.808 0.908203
4.824 0.85195
4.84 1.44152
4.856 0.932142
4.872 1.09137
4.888 1.07469
4.904 1.09125
4.92 0.967509
4.936 1.35339
4.952 1.5901
4.968 1.09644
4.984 0.852802
5 0.850134
5.016 0.762782
5.032 1.07886
5.048 1.10565
5.064 0.820368
5.08 0.846748
5.096 0.855838
5.112 0.990667
5.128 1.031
5.144 0.82302
5.16 1.31729
5.176 1.70387
5.192 0.852079
5.208 1.45204
5.224 1.06658
5.24 0.817266
5.256 1.02822
5.272 1.02291
5.288 1.30908
5.304 0.946732
5.32 1.08979
5.336 0.784858
5.352 1.0085
5.368 1.11006
5.384 0.823733
5.4 0.975337
5.416 1.08128
5.432 0.553733
5.448 1.02556
5.464 0.891395
5.48 0.709894
5.496 1.05603
5.512 0.91072
5.528 0.946861
5.544 1.0783
5.56 1.2415
5.576 0.99727
5.592 1.0532
5.608 1.07726
5.624 1.11677
5.64 0.80913
5.656 1.01619
5.672 0.924123
5.688 1.08804
5.704 0.902058
5.72 1.06317
5.736 0.93462
5.752 0.681075
5.768 0.934348
5.784 1.37473
5.8 1.21138
5.816 1.08167
5.832 0.822271
5.848 0.776643
5.864 0.709114
5.88 0.954035
5.896 1.12756
5.912 1.06464
5.928 1.0575
5.944 1.03066
5.96 0.741969
5.976 1.11981
5.992 0.844643
6.008 1.19086
6.024 1.18521
6.04 1.25568
6.056 1.26503
6.072 0.90518
6.088 1.02791
6.104 1.11472
6.12 1.03037
6.136 0.941438
6.152 1.14695
6.168 1.15164
6.184 0.89483
6.2 1.15491
6.216 0.983414
6.232 0.834489
6.248 1.41146
6.264 0.664422
6.28 0.731552
6.296 0.705428
6.312 0.775885
6.328 0.926162
6.344 0.575247
6.36 1.27553
6.376 0.826248
6.392 0.820105
6.408 1.09747
6.424 0.85366
6.44 1.15694
6.456 0.961003
6.472 1.14285
6.488 1.18938
6.504 1.199
6.52 0.968883
6.536 0.950484
6.552 0.924136
6.568 0.83788
6.584 0.847631
6.6 1.18632
6.616 1.06868
6.632 1.04519
6.648 1.01247
6.664 0.921437
6.68 0.885443
6.696 1.00592
6.712 0.931292
6.728 0.849178
6.744 1.09143
6.76 0.83168
6.776 0.883673
6.792 0.882936
6.808 1.14465
6.824 1.07331
6.84 0.958948
6.856 0.862438
6.872 1.11478
6.888 1.09319
6.904 1.03122
6.92 1.40705
6.936 1.09402
6.952 1.10999
6.968 1.20518
6.984 1.24141
7 1.01564
7.016 1.08407
7.032 0.89333
7.048 0.744932
7.064 0.976919
7.08 0.865113
7.096 1.03098
7.112 0.92762
7.128 0.888358
7.144 1.02361
7.16 1.34929
7.176 0.995497
7.192 1.11259
7.208 1.11866
7.224 0.697169
7.24 1.00572
7.256 0.814032
7.272 0.872844
7.288 0.870551
7.304 1.11057
7.32 0.997574
7.336 0.928593
7.352 1.09076
7.368 0.9308
7.384 0.851964
7.4 0.948283
7.416 0.77039
7.432 0.970026
7.448 1.11528
7.464 1.14888
7.48 0.799108
7.496 1.0567
7.512 1.06686
7.528 0.901172
7.544 1.14295
7.56 0.757169
7.576 0.735277
7.592 1.02514
7.608 1.07528
7.624 1.4309
7.64 0.892872
7.656 1.31347
7.672 0.895364
7.688 0.838489
7.704 1.4368
7.72 0.820818
7.736 0.898795
7.752 1.021
7.768 1.15679
7.784 0.718218
7.8 1.32448
7.816 1.31031
7.832 0.969978
7.848 0.766422
7.864 1.09594
7.88 0.784824
7.896 1.29681
7.912 0.901237
7.928 0.955476
7.944 0.898682
7.96 0.911101
7.976 1.00154
7.992 0.936206
