0.0600444 3.94422e-05
0.0785196 0.000232071
0.11547 0.000785144
0.124708 0.000466869
0.161658 0.000973806
0.170896 0.000342346
0.180133 0.00475051
0.207846 0.00986332
0.226321 0.00446518
0.235559 0.00734877
0.244797 0.00234495
0.254034 0.00670481
0.290985 0.012628
0.30946 0.018279
0.327935 0.0233479
0.337173 0.0201149
0.34641 0.0108028
0.355648 0.0101241
0.364885 0.0435494
0.374123 0.00540951
0.383361 0.0337034
0.401836 0.0836457
0.411073 0.112745
0.420311 0.0340271
0.438786 0.117842
0.448024 0.0520116
0.457261 0.119494
0.466499 0.0551664
0.475737 0.0326496
0.494212 0.108695
0.512687 0.151856
0.521925 0.0770224
0.531162 0.0251933
0.5404 0.0881668
0.549637 0.0648385
0.568113 0.195574
0.57735 0.179032
0.586588 0.0685034
0.595825 0.13116
0.605063 0.172226
0.614301 0.0806626
0.623538 0.16033
0.632776 0.092003
0.642013 0.190843
0.651251 0.0956146
0.660489 0.0987954
0.669726 0.122851
0.678964 0.0719753
0.697439 0.262753
0.706677 0.106468
0.715914 0.129241
0.725152 0.160178
0.73439 0.516828
0.743627 0.642017
0.752865 0.690511
0.762102 0.729708
0.77134 0.203806
0.780578 0.367978
0.789815 0.536315
0.799053 0.322118
0.80829 0.482493
0.817528 0.164902
0.826766 0.280701
0.836003 0.28419
0.845241 0.628825
0.854478 0.388931
0.863716 0.594506
0.872954 0.918018
0.882191 0.800095
0.900666 0.999109
0.909904 1.07856
0.928379 0.815018
0.937617 1.6527
0.946854 1.41352
0.956092 0.842897
0.96533 1.41472
0.983805 1.58487
0.993042 1.30435
1.01152 1.84515
1.02076 1.18464
1.02999 1.31891
1.03923 0.880021
1.04847 2.6704
1.05771 1.81278
1.06694 2.20565
1.07618 1.97355
1.08542 1.86604
1.09466 1.45759
1.10389 0.759458
1.11313 2.69635
1.12237 1.67917
1.13161 2.49228
1.14084 1.83578
1.15008 2.21468
1.15932 1.70641
1.16856 1.52218
1.17779 0.904645
1.18703 2.46796
1.20551 2.68774
1.21474 2.06882
1.22398 1.48194
1.23322 1.06624
1.24246 1.13006
1.2517 1.61685
1.26093 1.03516
1.27017 1.61595
1.27941 1.1921
1.28865 1.84763
1.29788 1.62949
1.30712 1.51037
1.31636 1.11356
1.3256 1.13054
1.33483 1.47536
1.34407 1.01939
1.35331 1.10424
1.36255 0.785492
1.37178 1.29611
1.38102 0.455274
1.39026 0.804553
1.3995 1.13764
1.40873 1.34953
1.41797 0.623405
1.42721 0.993171
1.43645 0.84578
1.44569 0.600648
1.45492 1.67894
1.46416 0.887594
1.4734 0.835492
1.48264 0.664722
1.49187 0.333219
1.50111 0.574749
1.51035 1.22112
1.51959 0.59191
1.52882 0.716594
1.53806 0.511375
1.5473 0.558504
1.55654 0.599337
1.56577 0.452182
1.57501 0.745332
1.58425 0.623325
1.59349 0.670422
1.60272 0.758433
1.61196 0.521486
1.6212 0.978851
1.63044 0.505465
1.63967 0.841784
1.64891 0.660914
1.65815 0.354143
1.66739 0.425579
1.67663 0.64543
1.68586 0.504283
1.6951 0.66437
1.70434 0.371067
1.71358 0.521734
1.72281 0.452624
1.73205 0.693429
1.74129 0.589807
1.75053 0.711026
1.75976 0.706365
1.769 0.823915
1.77824 0.72353
1.78748 0.625968
1.79671 0.854957
1.80595 0.688043
1.81519 0.877905
1.82443 0.731856
1.83366 0.671138
1.8429 0.715718
1.85214 0.813731
1.86138 0.76328
1.87061 0.878965
1.87985 0.9826
1.88909 1.06821
1.89833 0.663303
1.90757 0.675972
1.9168 0.896175
1.92604 0.761392
1.93528 0.382168
1.94452 0.730328
1.95375 0.981028
1.96299 0.760864
1.97223 0.788254
1.98147 1.0456
1.9907 0.872348
1.99994 0.713518
2.00918 0.349958
2.01842 0.893619
2.02765 0.889476
2.03689 1.15703
2.04613 0.930117
2.05537 0.989257
2.0646 1.42981
2.07384 0.515953
2.08308 1.02365
2.09232 1.3011
2.10155 1.02068
2.11079 1.15421
2.12003 1.36183
2.12927 1.16042
2.13851 1.2201
2.14774 0.86067
2.15698 1.28716
2.16622 1.21907
2.17546 0.670265
2.18469 1.91017
2.19393 1.90397
2.20317 1.18016
2.21241 2.06682
2.22164 1.88781
2.23088 1.05996
2.24012 0.884317
2.24936 1.33192
2.25859 1.17127
2.26783 1.04137
2.27707 1.40143
2.28631 1.22199
2.29554 1.47776
2.30478 1.1794
2.31402 1.44378
2.32326 1.53942
2.3325 0.931525
2.34173 1.02994
2.35097 0.955598
2.36021 1.41221
2.36945 1.28282
2.37868 1.42829
2.38792 1.54554
2.39716 1.55652
2.4064 1.54227
2.41563 1.21733
2.42487 1.35985
2.43411 1.37324
2.44335 1.66513
2.45258 1.57424
2.46182 1.27018
2.47106 0.762903
2.4803 1.12389
2.48953 1.06855
2.49877 1.46433
2.50801 0.913824
2.51725 1.33163
2.52648 1.19467
2.53572 1.09256
2.54496 0.944166
2.5542 0.936343
2.56344 1.20742
2.57267 0.723608
2.58191 1.01183
2.59115 0.917012
2.60039 1.25396
2.60962 0.970884
2.61886 0.740544
2.6281 0.425787
2.63734 0.986375
2.64657 1.09901
2.65581 0.826969
2.66505 0.596704
2.67429 0.88262
2.68352 0.702206
2.69276 0.988242
2.702 0.831744
2.71124 0.698321
2.72047 0.480217
2.72971 0.876607
2.73895 0.837994
2.74819 0.52715
2.75742 0.668057
2.76666 1.27359
2.7759 0.763517
2.78514 0.684602
2.79438 0.689227
2.80361 1.14208
2.81285 0.765313
2.82209 1.08865
2.83133 0.792917
2.84056 0.841666
2.8498 0.7071
2.85904 0.914357
2.86828 0.714896
2.87751 0.566802
2.88675 0.89062
2.89599 0.844786
2.90523 0.766291
2.91446 0.666891
2.9237 0.778446
2.93294 0.445713
2.94218 0.601648
2.95141 0.89984
2.96065 0.675802
2.96989 0.812345
2.97913 0.663759
2.98836 0.946887
2.9976 1.02877
3.00684 0.826471
3.01608 0.850063
3.02532 0.708298
3.03455 0.556147
3.04379 0.680033
3.05303 0.728699
3.06227 0.823336
3.0715 0.716461
3.08074 0.872974
3.08998 0.764486
3.09922 0.67575
3.10845 0.850751
3.11769 0.837195
3.12693 0.835271
3.13617 0.916388
3.1454 1.02979
3.15464 0.986306
3.16388 1.09753
3.17312 1.20539
3.18235 0.852764
3.19159 0.789515
3.20083 0.968286
3.21007 1.39641
3.21931 0.946129
3.22854 0.949744
3.23778 0.922506
3.24702 1.08359
3.25626 1.04379
3.26549 1.03988
3.27473 1.2791
3.28397 1.18815
3.29321 1.11781
3.30244 1.12428
3.31168 1.37451
3.32092 1.22869
3.33016 1.25826
3.33939 1.12422
3.34863 1.58761
3.35787 0.796677
3.36711 1.41621
3.37634 1.12237
3.38558 1.09099
3.39482 1.45191
3.40406 1.85076
3.41329 1.2585
3.42253 1.28948
3.43177 1.56636
3.44101 1.09939
3.45025 1.73726
3.45948 1.25441
3.46872 1.13674
3.47796 0.944953
3.4872 1.16873
3.49643 1.41689
3.50567 1.37767
3.51491 1.28148
3.52415 1.29417
3.53338 1.38114
3.54262 1.2663
3.55186 1.2088
3.5611 1.48374
3.57033 1.53145
3.57957 1.31737
3.58881 1.25467
3.59805 1.20977
3.60728 1.31709
3.61652 1.09786
3.62576 1.1434
3.635 0.95024
3.64423 1.10135
3.65347 0.966148
3.66271 0.6071
3.67195 1.14452
3.68119 0.816997
3.69042 0.982315
3.69966 1.27322
3.7089 1.00852
3.71814 0.906833
3.72737 0.938126
3.73661 0.791444
3.74585 0.961296
3.75509 0.973302
3.76432 0.950148
3.77356 0.979663
3.7828 1.02456
3.79204 0.655512
3.80127 0.845387
3.81051 0.912399
3.81975 0.66482
3.82899 0.859702
3.83822 0.786894
3.84746 0.896378
3.8567 1.03762
3.86594 0.660655
3.87518 0.833782
3.88441 0.881325
3.89365 0.686812
3.90289 0.72199
3.91213 0.897348
3.92136 0.801705
3.9306 0.851134
3.93984 0.978295
3.94908 0.760055
3.95831 0.833951
3.96755 0.877097
3.97679 1.04352
3.98603 0.742479
3.99526 0.8592
4.0045 0.738786
4.01374 0.703864
4.02298 0.950061
4.03221 0.827725
4.04145 0.630371
4.05069 0.723547
4.05993 0.666662
4.06916 0.529063
4.0784 0.586166
4.08764 0.684302
4.09688 0.43906
4.10612 0.682432
4.11535 0.803886
4.12459 0.864813
4.13383 0.828881
4.14307 0.981956
4.1523 0.743704
4.16154 1.0897
4.17078 0.903366
4.18002 0.662146
4.18925 0.764738
4.19849 0.656484
4.20773 0.952791
4.21697 0.835741
4.2262 0.975094
4.23544 0.969569
4.24468 0.663932
4.25392 1.15943
4.26315 1.27456
4.27239 0.942699
4.28163 0.748253
4.29087 0.904446
4.3001 1.1608
4.30934 0.893566
4.31858 1.03073
4.32782 1.08243
4.33706 1.01072
4.34629 1.21641
4.35553 1.33276
4.36477 1.12667
4.37401 0.679962
4.38324 0.905701
4.39248 0.932657
4.40172 0.942003
4.41096 0.969946
4.42019 1.11341
4.42943 0.89549
4.43867 0.982884
4.44791 1.46339
4.45714 1.44284
4.46638 1.14484
4.47562 1.65744
4.48486 1.01466
4.49409 1.50523
4.50333 1.32532
4.51257 1.74341
4.52181 1.20678
4.53104 0.939044
4.54028 1.14482
4.54952 0.99368
4.55876 1.19995
4.568 1.49088
4.57723 1.3918
4.58647 1.36852
4.59571 1.36103
4.60495 1.1842
4.61418 1.46724
