0.0432209 0.361808
0.0565197 0.0956053
0.0831172 0.217006
0.0897665 0.043329
0.116364 0.0106005
0.123013 0.363185
0.129663 0.128105
0.149611 0.0567583
0.16291 0.378527
0.169559 0.0951894
0.176208 0.0405
0.182858 0.0486549
0.209455 0.0924136
0.222754 0.0243963
0.236053 0.0391585
0.242702 0.0511482
0.249351 0.204207
0.256001 0.051778
0.26265 0.0745091
0.2693 0.0498885
0.275949 0.0245212
0.289248 0.485079
0.295897 0.105367
0.302546 0.0430971
0.315845 0.0407835
0.322495 0.0333509
0.329144 0.279434
0.335793 0.0670685
0.342443 0.0449067
0.355741 0.0726616
0.36904 0.0790617
0.37569 0.28927
0.382339 0.0605011
0.388988 0.0976493
0.395638 0.103982
0.408936 0.0459815
0.415586 0.142589
0.422235 0.0926172
0.428885 0.0616733
0.435534 0.0724338
0.442183 0.0340351
0.448833 0.0616992
0.455482 0.332075
0.462131 0.122441
0.468781 0.0469915
0.47543 0.0515375
0.48208 0.0254716
0.488729 0.104193
0.502028 0.216144
0.508677 0.101381
0.515326 0.131214
0.521976 0.059762
0.528625 0.194755
0.535275 0.120491
0.541924 0.181332
0.548573 0.385138
0.555223 0.174678
0.561872 0.214216
0.568521 0.21471
0.575171 0.0944359
0.58182 0.345481
0.58847 0.14597
0.595119 0.15042
0.601768 0.322864
0.608418 0.426945
0.615067 0.317424
0.621716 0.39193
0.628366 0.641811
0.635015 0.447688
0.648314 0.529303
0.654963 0.946712
0.668262 0.853835
0.674911 0.952823
0.681561 0.649948
0.68821 0.641429
0.694859 1.40625
0.708158 1.14219
0.714808 0.9227
0.728106 1.24804
0.734756 0.695424
0.741405 0.774582
0.748054 0.719265
0.754704 1.56957
0.761353 1.17264
0.768003 0.985601
0.774652 1.19011
0.781301 1.5016
0.787951 0.765072
0.7946 0.45696
0.801249 1.31561
0.807899 0.953343
0.814548 1.24911
0.821198 1.10648
0.827847 0.923124
0.834496 0.548591
0.841146 0.471705
0.847795 0.281857
0.854444 0.66133
0.867743 1.19276
0.874393 0.817935
0.881042 0.487884
0.887691 0.381191
0.894341 0.592739
0.90099 0.249559
0.907639 0.636276
0.914289 0.746869
0.920938 0.490228
0.927588 0.676427
0.934237 0.329374
0.940886 0.360993
0.947536 0.415177
0.954185 0.402389
0.960834 0.513539
0.967484 0.559297
0.974133 0.483756
0.980783 0.156135
0.987432 0.509118
0.994081 0.743878
1.00073 0.489966
1.00738 0.411223
1.01403 0.439405
1.02068 0.201702
1.02733 0.424547
1.03398 0.572245
1.04063 0.741679
1.04728 0.720211
1.05393 0.47936
1.06058 0.486753
1.06722 0.730442
1.07387 0.261854
1.08052 0.678723
1.08717 0.638182
1.09382 0.467853
1.10047 0.856549
1.10712 0.721693
1.11377 0.252611
1.12042 0.891813
1.12707 0.323946
1.13372 0.792192
1.14037 1.0077
1.14702 1.14177
1.15367 0.890323
1.16032 1.21532
1.16696 0.784133
1.17361 1.27193
1.18026 1.43028
1.18691 1.32296
1.19356 0.533004
1.20021 1.11782
1.20686 1.07908
1.21351 0.980965
1.22016 1.67681
1.22681 1.9701
1.23346 1.24136
1.24011 0.480118
1.24676 1.2464
1.25341 1.17159
1.26006 0.534274
1.26671 1.83658
1.27335 1.88219
1.28 1.90226
1.28665 1.24217
1.2933 1.20355
1.29995 1.48188
1.3066 1.90916
1.31325 2.10703
1.3199 1.56222
1.32655 1.93237
1.3332 2.59311
1.33985 1.19058
1.3465 1.0946
1.35315 1.25823
1.3598 1.21096
1.36645 1.08403
1.3731 1.77461
1.37974 1.97184
1.38639 2.3598
1.39304 1.78758
1.39969 2.61001
1.40634 2.41678
1.41299 1.88737
1.41964 1.41629
1.42629 2.75943
1.43294 1.76001
1.43959 1.18041
1.44624 1.35727
1.45289 1.83509
1.45954 2.16861
1.46619 1.79121
1.47284 1.42389
1.47949 1.04058
1.48613 1.47602
1.49278 1.68909
1.49943 1.55237
1.50608 2.58986
1.51273 1.15836
1.51938 1.61442
1.52603 1.03499
1.53268 1.37811
1.53933 0.931943
1.54598 1.27418
1.55263 1.94957
1.55928 1.576
1.56593 0.842735
1.57258 1.86383
1.57923 1.16554
1.58588 1.151
1.59252 1.41161
1.59917 0.929588
1.60582 1.41914
1.61247 0.957971
1.61912 1.45623
1.62577 0.703377
1.63242 0.941525
1.63907 1.07165
1.64572 0.646947
1.65237 0.84387
1.65902 0.989443
1.66567 0.818103
1.67232 0.627771
1.67897 0.582003
1.68562 0.893177
1.69227 1.05502
1.69891 0.490593
1.70556 0.563091
1.71221 0.6041
1.71886 0.679226
1.72551 0.838567
1.73216 0.547323
1.73881 0.781454
1.74546 0.686641
1.75211 0.547604
1.75876 0.655865
1.76541 0.610625
1.77206 0.98743
1.77871 0.616099
1.78536 0.760475
1.79201 0.600388
1.79866 0.712081
1.8053 0.441363
1.81195 0.550399
1.8186 0.51381
1.82525 0.586565
1.8319 0.57238
1.83855 0.564754
1.8452 0.520679
1.85185 0.309668
1.8585 0.427912
1.86515 0.55573
1.8718 0.544008
1.87845 0.679128
1.8851 0.728427
1.89175 0.698572
1.8984 0.59529
1.90505 0.629426
1.91169 0.673047
1.91834 0.702739
1.92499 0.551522
1.93164 0.513134
1.93829 0.709496
1.94494 0.745665
1.95159 0.615352
1.95824 0.942345
1.96489 0.520987
1.97154 0.803777
1.97819 0.892452
1.98484 0.755885
1.99149 0.974944
1.99814 0.59074
2.00479 0.909842
2.01144 0.669429
2.01808 0.801623
2.02473 0.719218
2.03138 0.898861
2.03803 0.935147
2.04468 0.679356
2.05133 0.634529
2.05798 1.08914
2.06463 0.887859
2.07128 0.725826
2.07793 0.635543
2.08458 1.008
2.09123 0.991495
2.09788 0.926883
2.10453 0.997245
2.11118 0.758987
2.11783 1.15548
2.12447 0.772416
2.13112 1.00017
2.13777 0.816811
2.14442 1.06089
2.15107 1.02817
2.15772 1.22549
2.16437 0.681668
2.17102 0.852654
2.17767 0.877947
2.18432 0.976824
2.19097 0.894647
2.19762 1.04118
2.20427 0.984499
2.21092 0.8852
2.21757 0.951394
2.22422 0.949471
2.23086 1.11984
2.23751 0.995899
2.24416 0.834587
2.25081 1.1959
2.25746 1.09295
2.26411 1.11504
2.27076 0.866753
2.27741 1.14887
2.28406 1.0015
2.29071 0.81633
2.29736 1.29821
2.30401 1.09868
2.31066 1.03583
2.31731 0.89007
2.32396 0.91874
2.33061 0.884292
2.33725 0.728511
2.3439 1.04486
2.35055 1.0608
2.3572 1.26695
2.36385 1.34874
2.3705 1.51398
2.37715 0.904312
2.3838 1.18789
2.39045 0.920014
2.3971 1.52481
2.40375 1.1376
2.4104 1.07925
2.41705 1.71625
2.4237 0.977439
2.43035 0.849948
2.437 1.02659
2.44364 1.3572
2.45029 1.2395
2.45694 1.06774
2.46359 1.39083
2.47024 0.996528
2.47689 0.706718
2.48354 1.59794
2.49019 1.46457
2.49684 1.13381
2.50349 0.977809
2.51014 1.11868
2.51679 0.996989
2.52344 1.53098
2.53009 0.848411
2.53674 1.30701
2.54339 1.06274
2.55003 0.916476
2.55668 1.10545
2.56333 1.1346
2.56998 0.915934
2.57663 0.787824
2.58328 0.948462
2.58993 1.00162
2.59658 1.26852
2.60323 1.36477
2.60988 1.33645
2.61653 1.34805
2.62318 0.837448
2.62983 1.30758
2.63648 1.13325
2.64313 1.18462
2.64978 0.774742
2.65642 1.25181
2.66307 1.16858
2.66972 1.08977
2.67637 1.15845
2.68302 1.11524
2.68967 1.19353
2.69632 1.13947
2.70297 0.978519
2.70962 1.10316
2.71627 0.851666
2.72292 0.874374
2.72957 1.32394
2.73622 0.811399
2.74287 0.994508
2.74952 0.949365
2.75617 1.13301
2.76281 0.883731
2.76946 0.98129
2.77611 1.23363
2.78276 1.22305
2.78941 0.991012
2.79606 1.16722
2.80271 1.14715
2.80936 1.02498
2.81601 1.12573
2.82266 1.02591
2.82931 0.994211
2.83596 1.41255
2.84261 1.08711
2.84926 1.1393
2.85591 1.05017
2.86256 1.33297
2.8692 1.11663
2.87585 0.918649
2.8825 1.14659
2.88915 1.17178
2.8958 1.18256
2.90245 1.17328
2.9091 0.941706
2.91575 1.13085
2.9224 0.950314
2.92905 0.938691
2.9357 0.819985
2.94235 1.01904
2.949 1.37778
2.95565 0.887969
2.9623 1.20047
2.96895 1.03073
2.97559 0.968129
2.98224 1.05372
2.98889 1.00572
2.99554 0.957688
3.00219 0.80802
3.00884 0.685921
3.01549 0.795734
3.02214 0.909277
3.02879 0.903575
3.03544 1.00355
3.04209 0.984525
3.04874 0.957432
3.05539 1.069
3.06204 1.08403
3.06869 0.928668
3.07534 1.13083
3.08198 1.41115
3.08863 0.838537
3.09528 0.795851
3.10193 1.21378
3.10858 0.681669
3.11523 0.840022
3.12188 0.843663
3.12853 0.699609
3.13518 0.66293
3.14183 0.795594
3.14848 0.950735
3.15513 1.0082
3.16178 0.756086
3.16843 0.712775
3.17508 1.24982
3.18173 1.0005
3.18837 0.797151
3.19502 1.00943
3.20167 0.694912
3.20832 0.990524
3.21497 0.973182
3.22162 1.18698
3.22827 1.11943
3.23492 0.842981
3.24157 1.05063
3.24822 0.870682
3.25487 0.925661
3.26152 0.719675
3.26817 0.839829
3.27482 0.775164
3.28147 1.23249
3.28811 1.11885
3.29476 0.799492
3.30141 0.831736
3.30806 1.07846
3.31471 0.933555
3.32136 0.768865
