0.0735391 0.000574585
0.0961665 0.00042427
0.141421 0.000372359
0.152735 0.000531521
0.19799 0.000175154
0.209304 0.00127515
0.220617 0.000582923
0.254558 0.00154535
0.277186 0.00874148
0.2885 0.00549222
0.299813 0.00109926
0.311127 0.00141154
0.356382 0.0156591
0.379009 0.0256425
0.401637 0.0365853
0.41295 0.00650935
0.424264 0.0123146
0.435578 0.0359362
0.446891 0.00699093
0.458205 0.0279954
0.469519 0.0298008
0.492146 0.0403995
0.50346 0.0255397
0.514774 0.0161794
0.537401 0.0459615
0.548715 0.0178652
0.560029 0.0358982
0.571342 0.0540193
0.582656 0.115599
0.605283 0.153595
0.627911 0.295313
0.639225 0.798152
0.650538 0.588934
0.661852 0.386375
0.673166 0.646666
0.695793 0.564464
0.707107 0.30926
0.71842 0.187822
0.729734 0.46827
0.741048 0.416799
0.752362 0.423614
0.763675 0.322506
0.774989 0.370125
0.786303 0.427417
0.797616 0.409739
0.80893 0.631742
0.820244 0.678923
0.831558 0.454916
0.854185 0.916506
0.865499 1.19198
0.876812 2.80712
0.888126 0.974315
0.89944 1.68105
0.910754 1.57982
0.922067 1.83068
0.933381 1.67555
0.944695 0.690557
0.956008 0.893277
0.967322 0.994765
0.978636 0.523103
0.989949 0.968789
1.00126 0.475725
1.01258 0.932921
1.02389 0.291377
1.0352 0.888761
1.04652 0.91014
1.05783 1.11942
1.06915 0.925647
1.08046 1.09105
1.10309 1.22492
1.1144 1.6584
1.13703 1.17319
1.14834 2.72192
1.15966 2.28572
1.17097 1.1968
1.18228 2.2419
1.20491 1.77027
1.21622 0.853524
1.23885 1.50972
1.25016 0.857598
1.26148 0.963462
1.27279 0.723425
1.28411 2.87018
1.29542 1.21907
1.30673 1.62872
1.31805 1.41313
1.32936 1.59554
1.34067 1.35553
1.35199 0.51387
1.3633 2.02365
1.37462 1.48435
1.38593 2.68226
1.39724 1.33456
1.40856 1.2826
1.41987 1.13352
1.43118 1.15011
1.4425 1.04888
1.45381 1.53749
1.47644 1.88155
1.48775 1.22486
1.49907 0.824834
1.51038 0.658064
1.52169 0.607093
1.53301 1.12956
1.54432 0.920535
1.55563 0.693856
1.56695 0.576558
1.57826 0.715605
1.58958 0.910352
1.60089 0.728687
1.6122 0.591208
1.62352 0.664818
1.63483 0.858324
1.64614 0.687408
1.65746 0.972091
1.66877 0.718093
1.68009 0.893991
1.6914 0.555835
1.70271 0.543532
1.71403 0.787767
1.72534 0.772917
1.73665 0.436686
1.74797 0.620167
1.75928 0.315199
1.7706 0.518335
1.78191 1.07829
1.79322 0.47247
1.80454 0.725428
1.81585 0.918363
1.82716 0.362446
1.83848 0.561768
1.84979 0.614174
1.86111 0.635318
1.87242 0.594764
1.88373 0.590662
1.89505 0.53179
1.90636 0.715021
1.91767 0.432904
1.92899 1.22272
1.9403 1.19458
1.95161 0.725475
1.96293 0.753531
1.97424 0.766756
1.98556 1.37898
1.99687 0.777687
2.00818 1.48006
2.0195 0.938583
2.03081 0.414104
2.04212 0.709176
2.05344 1.06668
2.06475 1.07081
2.07607 1.06791
2.08738 0.543438
2.09869 0.658147
2.11001 0.834319
2.12132 1.28837
2.13263 1.2879
2.14395 1.12385
2.15526 1.34487
2.16658 1.2726
2.17789 1.23297
2.1892 0.678274
2.20052 1.71668
2.21183 1.3657
2.22314 1.06381
2.23446 1.2891
2.24577 1.69142
2.25708 1.1117
2.2684 1.26673
2.27971 0.943516
2.29103 1.57082
2.30234 1.59953
2.31365 1.05794
2.32497 1.22736
2.33628 1.12554
2.34759 1.02048
2.35891 1.38187
2.37022 0.849382
2.38154 0.937562
2.39285 1.32801
2.40416 1.18908
2.41548 0.84668
2.42679 0.897644
2.4381 1.33727
2.44942 0.843194
2.46073 0.33147
2.47205 0.678434
2.48336 0.876065
2.49467 1.46053
2.50599 0.952151
2.5173 1.2955
2.52861 1.3859
2.53993 0.490795
2.55124 0.818112
2.56255 0.900854
2.57387 1.15553
2.58518 1.0408
2.5965 1.42928
2.60781 1.26412
2.61912 1.00593
2.63044 0.684308
2.64175 1.15425
2.65306 0.875139
2.66438 0.700853
2.67569 1.41095
2.68701 1.24451
2.69832 0.970424
2.70963 1.37132
2.72095 1.28634
2.73226 1.16413
2.74357 0.801833
2.75489 0.929965
2.7662 0.906165
2.77752 0.760964
2.78883 1.22187
2.80014 0.892223
2.81146 1.18251
2.82277 1.00972
2.83408 0.743034
2.8454 1.04698
2.85671 0.543699
2.86803 0.655586
2.87934 0.913037
2.89065 1.06644
2.90197 0.8106
2.91328 0.820171
2.92459 1.04439
2.93591 1.15946
2.94722 0.941069
2.95853 0.895975
2.96985 1.11177
2.98116 0.860947
2.99248 0.99515
3.00379 1.03429
3.0151 1.08916
3.02642 0.793031
3.03773 0.757819
3.04904 0.786306
3.06036 1.13508
3.07167 0.867581
3.08299 0.913338
3.0943 1.01883
3.10561 1.13641
3.11693 0.741682
3.12824 0.86054
3.13955 1.1267
3.15087 0.587149
3.16218 0.903404
3.1735 0.819033
3.18481 0.934172
3.19612 0.851593
3.20744 1.18718
3.21875 0.459475
3.23006 0.834302
3.24138 1.06156
3.25269 1.0084
3.264 0.564652
3.27532 1.23748
3.28663 0.846807
3.29795 1.16216
3.30926 1.02392
3.32057 0.764106
3.33189 0.759709
3.3432 1.17391
3.35451 1.08121
3.36583 0.663289
3.37714 0.867498
3.38846 1.9738
3.39977 0.973156
3.41108 1.0643
3.4224 1.09403
3.43371 1.16806
3.44502 0.983647
3.45634 1.66313
3.46765 1.0357
3.47897 1.40089
3.49028 1.07199
3.50159 1.48458
3.51291 1.12274
3.52422 0.981418
3.53553 1.54465
3.54685 1.07838
3.55816 1.16079
3.56948 1.10082
3.58079 1.28085
3.5921 0.834422
3.60342 1.11353
3.61473 1.36948
3.62604 1.06229
3.63736 1.14188
3.64867 0.826769
3.65998 1.11625
3.6713 1.01584
3.68261 1.10837
3.69393 1.43545
3.70524 0.819919
3.71655 0.50436
3.72787 1.37692
3.73918 0.946806
3.75049 0.972954
3.76181 0.953671
3.77312 0.981721
3.78444 1.15757
3.79575 0.83899
3.80706 0.968138
3.81838 0.894894
3.82969 0.763366
3.841 0.720799
3.85232 0.771622
3.86363 1.09195
3.87495 1.16167
3.88626 1.20192
3.89757 0.825099
3.90889 0.830919
3.9202 0.992447
3.93151 0.873188
3.94283 0.710334
3.95414 0.995763
3.96545 0.689645
3.97677 1.16299
3.98808 0.749203
3.9994 0.976785
4.01071 1.18517
4.02202 1.16863
4.03334 0.912104
4.04465 0.938403
4.05596 0.946728
4.06728 0.836031
4.07859 1.0685
4.08991 1.00349
4.10122 1.29201
4.11253 0.655092
4.12385 1.10806
4.13516 0.924281
4.14647 0.755058
4.15779 1.13718
4.1691 1.31873
4.18042 0.94789
4.19173 1.06712
4.20304 1.10835
4.21436 0.965036
4.22567 1.48307
4.23698 0.983572
4.2483 0.983457
4.25961 0.642089
4.27092 0.854525
4.28224 0.976839
4.29355 0.977563
4.30487 1.0252
4.31618 1.11226
4.32749 1.09433
4.33881 1.05666
4.35012 1.17712
4.36143 0.953195
4.37275 0.932618
4.38406 1.12225
4.39538 1.14999
4.40669 0.956991
4.418 1.06916
4.42932 0.885636
4.44063 0.894016
4.45194 0.865505
4.46326 1.00321
4.47457 0.923337
4.48589 0.612818
4.4972 0.89191
4.50851 0.814767
4.51983 0.788236
4.53114 1.16392
4.54245 1.00546
4.55377 0.87669
4.56508 0.941011
4.5764 1.36876
4.58771 0.946175
4.59902 1.05589
4.61034 0.998175
4.62165 1.15908
4.63296 0.810713
4.64428 1.10976
4.65559 1.01808
4.6669 0.860018
4.67822 0.869122
4.68953 1.06403
4.70085 0.833096
4.71216 0.922055
4.72347 1.27939
4.73479 0.87647
4.7461 1.15068
4.75741 1.1726
4.76873 1.03828
4.78004 0.938662
4.79136 1.30359
4.80267 1.13507
4.81398 1.2072
4.8253 1.33067
4.83661 1.12969
4.84792 1.31387
4.85924 1.20223
4.87055 1.64263
4.88187 1.00756
4.89318 1.09373
4.90449 0.916569
4.91581 1.14028
4.92712 1.41666
4.93843 1.03612
4.94975 0.769594
4.96106 0.782828
4.97237 1.15523
4.98369 0.770246
4.995 0.826451
5.00632 1.0522
5.01763 0.759246
5.02894 0.738362
5.04026 0.736848
5.05157 1.2164
5.06288 0.796382
5.0742 1.16246
5.08551 0.742578
5.09683 1.19411
5.10814 1.12522
5.11945 0.808124
5.13077 1.00055
5.14208 0.75471
5.15339 0.90176
5.16471 1.03322
5.17602 0.900096
5.18734 0.949333
5.19865 0.637692
5.20996 1.03632
5.22128 1.2181
5.23259 1.15481
5.2439 0.821627
5.25522 0.95463
5.26653 1.16317
5.27785 0.999343
5.28916 0.765005
5.30047 0.966008
5.31179 0.878073
5.3231 1.07327
5.33441 0.987769
5.34573 0.764917
5.35704 0.84621
5.36835 0.696662
5.37967 0.847031
5.39098 0.682217
5.4023 0.714974
5.41361 1.11989
5.42492 0.771312
5.43624 0.846598
5.44755 1.36753
5.45886 1.08645
5.47018 0.938869
5.48149 1.39326
5.49281 0.790446
5.50412 1.14682
5.51543 0.831727
5.52675 1.38429
5.53806 1.21392
5.54937 0.899239
5.56069 1.06831
5.572 0.891048
5.58332 1.04568
5.59463 1.34199
5.60594 0.9806
5.61726 0.80836
5.62857 1.13716
5.63988 1.17405
5.6512 1.27135
