0.958839333333 0.253998
0.973591666667 0.706618333333
0.989781333333 0.623652666667
0.965299 0.288509666667
0.988441 0.335874
0.972690333333 0.371437
0.909066 0.362980333333
0.943418333333 0.307543
0.948060333333 0.341730333333
0.982277333333 0.209105666667
0.978000666667 0.0911147666667
0.996352666667 0.340849666667
0.992174666667 0.274032333333
0.961287333333 0.182038
0.937849333333 0.226930333333
0.761657666667 0.403747666667
0.952812333333 0.0583773666667
0.800728 0.0976367666667
0.980285 0.447239333333
0.960356333333 0.415985
0.520112333333 0.0105551033333
0.519375 0.0426138
0.495142666667 0.0694511
0.594431333333 0.0371612
0.551970333333 0.0564955666667
0.975367 0.897151333333
0.962716 0.856836
0.936170666667 0.899219
0.726366333333 0.730463666667
0.724188333333 0.694236333333
0.789373 0.732900666667
0.756942 0.750748333333
0.950831666667 0.821581
0.917286333333 0.829626
0.891472333333 0.852663333333
0.898472333333 0.887001333333
0.875580333333 0.918387666667
0.452217 0.686807333333
0.761223333333 0.974383333333
0.0144737266667 0.905722333333
0.0267433333333 0.938649
0.1232783 0.954440333333
0.0464173333333 0.967807333333
0.1171039 0.985228666667
0.164607633333 0.975258333333
0.0143220266667 0.749966
0.0314791933333 0.851501
0.672645666667 0.577441
0.616208666667 0.510836333333
0.596765 0.548953666667
0.566579333333 0.55213
0.513163 0.850524666667
0.440645 0.505573666667
0.8852 0.346919
0.90449 0.308719666667
0.960908666667 0.118096266667
0.946709333333 0.149364333333
0.909664666667 0.232165333333
0.891038 0.278734666667
0.859418666667 0.272386666667
0.787326666667 0.0592753333333
0.883343 0.0319253333333
0.592917 0.00958173666667
0.905454666667 0.394363
0.932115 0.417661
0.861661333333 0.702492333333
0.480197 0.0232658
0.438473333333 0.01054147
0.174864333333 0.02524133
0.291848666667 0.405569333333
0.659009666667 0.701937
0.686636 0.677404666667
0.682224333333 0.650263
0.817086666667 0.751648
0.853443666667 0.736472333333
0.913759333333 0.794981
0.881285333333 0.78294
0.885725 0.753128666667
0.922813 0.733266666667
0.951918666667 0.755033
0.947304666667 0.786936
0.897786 0.943952333333
0.956186333333 0.955659
0.933806 0.930201333333
0.907007333333 0.981088
0.871464333333 0.972159
0.379185666667 0.866865666667
0.441396 0.826512333333
0.3936 0.839423333333
0.475035333333 0.658488
0.510423666667 0.96109
0.450670666667 0.859492333333
0.481731666667 0.869730333333
0.489792 0.912156
0.474451666667 0.94067
0.414701 0.884148
0.831929666667 0.967637
0.795970333333 0.967858
0.824083666667 0.902579666667
0.843410333333 0.929990333333
0.69635 0.749062
0.666545666667 0.737367
0.585636333333 0.965081666667
0.708543333333 0.986256
0.540365333333 0.979604666667
0.439575 0.986708333333
0.291644933333 0.992315666667
0.575019666667 0.930773
0.543309 0.934015666667
0.529458 0.908594333333
0.540548333333 0.877156333333
0.570070666667 0.865510666667
0.325555333333 0.939665666667
0.347515666667 0.881848666667
0.350856 0.914351666667
0.355625 0.960337
0.443570333333 0.948852666667
0.378752 0.976376333333
0.322981666667 0.97264
0.380925666667 0.935023
0.413100666667 0.919802333333
0.165813333333 0.936892666667
0.207142666667 0.957710666667
0.0360852333333 0.706722333333
0.0206563933333 0.788311666667
0.0380577266667 0.819990333333
0.0474668 0.905492666667
0.0588277666667 0.870289
0.0964980333333 0.931254333333
0.0671408 0.934651
0.671271666667 0.542034666667
0.652094666667 0.512620333333
0.678307 0.488731
0.712193666667 0.533600666667
0.716069666667 0.504421333333
0.616238666667 0.58554
0.648303333333 0.596521
0.651221333333 0.637797666667
0.594167333333 0.623820333333
0.613369666667 0.651104
0.474164333333 0.517808
0.501705666667 0.539974666667
0.539832333333 0.529256
0.418186333333 0.680607333333
0.395122666667 0.707347
0.361629333333 0.698837666667
0.349029666667 0.664184333333
0.0516689 0.534573
0.0794646 0.507536
0.330160666667 0.728249666667
0.923991666667 0.071706
0.924408666667 0.0990997333333
0.891367666667 0.202425
0.904974333333 0.164516333333
0.717032333333 0.435747666667
0.684555 0.450675666667
0.729027666667 0.401958666667
0.708344666667 0.375787
0.650166333333 0.110734233333
0.627252 0.0577171666667
0.616175 0.0974318333333
0.774188666667 0.119614333333
0.671477 0.142185666667
0.648434666667 0.167539
0.663959666667 0.197552333333
0.712186 0.148055333333
0.815396333333 0.0438388
0.846132 0.0296953
0.858201666667 0.0661133666667
0.888937333333 0.0519698666667
0.754234 0.0514508666667
0.751076 0.0961056333333
0.721148 0.1099273
0.913415 0.447794666667
0.959319666667 0.599128
0.737298 0.553194666667
0.772477 0.557662666667
0.712156333333 0.586602666667
0.786681 0.702718
0.752072 0.684338333333
0.822612333333 0.687485333333
0.993111333333 0.536254666667
0.981267333333 0.569875333333
0.979812333333 0.482881666667
0.509761333333 0.0967526
0.549224333333 0.0916136333333
0.455595666667 0.30593
0.490718333333 0.300228333333
0.639848333333 0.225316
0.657629333333 0.255604333333
0.838519333333 0.295442333333
0.808524333333 0.273049
0.729785666667 0.177409333333
0.704601666667 0.201553
0.151587333333 0.0446788033333
0.485958333333 0.123645233333
0.497084333333 0.153164666667
0.0208271333333 0.269844333333
0.0405499666667 0.426522666667
0.0333101666667 0.477484666667
0.0223015666667 0.540637666667
0.0119920933333 0.627276333333
0.0107185933333 0.466667
0.028465 0.1226146
0.431832666667 0.335652333333
0.443547666667 0.360358666667
0.602241 0.482522666667
0.484394666667 0.357226
0.507802333333 0.326818
0.556221666667 0.362394333333
0.559941333333 0.303861
0.540495333333 0.328379666667
0.816026666667 0.790044666667
0.789403333333 0.813530333333
0.795831333333 0.851622
0.847944 0.804680333333
0.829114666667 0.863214666667
0.854604 0.839758666667
0.434935666667 0.766311666667
0.453809 0.796266666667
0.485599333333 0.778749666667
0.45706 0.728113333333
0.486168333333 0.737764666667
0.38929 0.742135666667
0.404449 0.769207
0.343233 0.754317666667
0.325487 0.780733333333
0.342621333333 0.811417333333
0.375526333333 0.812073
0.556319666667 0.585045666667
0.564434 0.620149666667
0.534544333333 0.636938333333
0.512997666667 0.569555
0.497009333333 0.597160333333
0.457327666667 0.623937
0.461491 0.589981
0.524760333333 0.818702
0.515844666667 0.787410666667
0.564123 0.832248333333
0.512604666667 0.716615333333
0.533793333333 0.668854
0.506314666667 0.678644666667
0.703331666667 0.787144
0.684532 0.813836666667
0.743645333333 0.782837666667
0.754031 0.810116333333
0.693797 0.855807
0.722982333333 0.856393
0.650433 0.974128666667
0.617317 0.962865666667
0.682269 0.942809333333
0.738374333333 0.886631
0.775851 0.878446
0.740425666667 0.945238333333
0.719581666667 0.925791666667
0.791805333333 0.911081333333
0.775172666667 0.938713
0.296155333333 0.928122666667
0.233899333333 0.9029
0.271947 0.955902666667
0.239213333333 0.942238666667
0.165210333333 0.797245
0.208267333333 0.882863333333
0.215703 0.843542666667
0.181023333333 0.826904666667
0.171328 0.679467
0.0571149666667 0.680544666667
0.128663466667 0.672778
0.0967718333333 0.689981
0.0594429 0.732847
0.0481003666667 0.761906
0.119948133333 0.743758
0.0969568333333 0.723708666667
0.0655017 0.793584666667
0.119167466667 0.781223333333
0.0980435333333 0.802140666667
0.204296666667 0.649018333333
0.1015362 0.533107
0.0737405 0.560144
0.885900333333 0.1127318
0.880665333333 0.146880333333
0.854747666667 0.0994815666667
0.825343666667 0.115568433333
0.590412666667 0.356971666667
0.659185 0.326971333333
0.594726 0.320527333333
0.613068333333 0.293207666667
0.642470333333 0.295362666667
0.667336333333 0.0818814
0.697609 0.0752048
0.658129 0.0449777333333
0.698113 0.0234484
0.721191666667 0.0392307
0.851093 0.562713666667
0.779675666667 0.436069
0.849696666667 0.489475333333
0.752603666667 0.458878333333
0.757889 0.489496666667
0.872707666667 0.413830333333
0.877939666667 0.439952
0.842373666667 0.456968333333
0.834200333333 0.409505
0.812825 0.437362333333
0.896425333333 0.687733333333
0.925295666667 0.701851333333
0.955731333333 0.668083333333
0.948072 0.631935333333
0.831836333333 0.657867333333
0.847814 0.593562666667
0.887911333333 0.604650333333
0.882130666667 0.656105666667
0.903341666667 0.634075666667
0.774715 0.592477666667
0.808034333333 0.608913
0.798594666667 0.641372666667
0.754761666667 0.652611
0.722466333333 0.635367333333
0.73298 0.607693666667
0.597562 0.1243436
0.565878333333 0.121649933333
0.608511 0.162999333333
0.537541333333 0.156308333333
0.503385 0.268088666667
0.539915 0.270159666667
0.780637 0.378501
0.820030333333 0.382965
0.844413 0.356376
0.827863666667 0.328905
0.788192333333 0.158006
0.768808 0.184972666667
0.808845333333 0.236701333333
0.778614333333 0.222214
0.822311333333 0.153435333333
0.846480333333 0.171497
0.843124333333 0.228641333333
0.856446666667 0.205249
0.747245 0.243860666667
0.689393666667 0.257050666667
0.712254666667 0.230763
0.213738 0.0770194666667
0.213892 0.0385601933333
0.460034666667 0.0673513333333
0.442642666667 0.0385974666667
0.119725933333 0.0318370366667
0.179365666667 0.106768433333
0.156242666667 0.0877466333333
0.466363 0.178577
0.484263666667 0.207642333333
0.475398666667 0.237702
0.0469378333333 0.384188666667
0.0988863 0.292408666667
0.0783959 0.325748
0.0374491333333 0.301298666667
0.0488233666667 0.340104
0.154461333333 0.272426
0.130418666667 0.301028666667
0.294873666667 0.484574333333
0.303402333333 0.513931
0.230141333333 0.524443333333
0.372599333333 0.390685
0.413894333333 0.388242
0.536910333333 0.494376
0.565974 0.474943333333
0.500663 0.487602
0.565918 0.435487666667
0.657167333333 0.430483666667
0.622545333333 0.450657666667
0.597850333333 0.42311
0.609340666667 0.382403333333
0.668961666667 0.389384
0.64583 0.368851333333
0.370383666667 0.637952
0.406047 0.645865666667
0.42237 0.617514666667
0.583504666667 0.809993333333
0.624561333333 0.827323333333
0.645771666667 0.801427666667
0.634767 0.76304
0.631921333333 0.927266333333
0.661988333333 0.917704333333
0.603526333333 0.879864
0.603934666667 0.905500666667
0.638635333333 0.863931666667
0.669110666667 0.880006333333
0.18268 0.771649333333
0.152936333333 0.738939333333
0.178105333333 0.708689333333
0.29617 0.800141333333
0.264062 0.800568666667
0.246579333333 0.83672
0.313304333333 0.830825333333
0.314874 0.864204666667
0.259292 0.873606
0.288814333333 0.885164666667
0.155516 0.906867333333
0.174456666667 0.883802666667
0.151368 0.849237333333
0.1168134 0.896718666667
0.114431066667 0.840495
0.0988171333333 0.864911666667
0.0300035333333 0.628622333333
0.0469530333333 0.655127666667
0.245989333333 0.586382333333
0.254925 0.550986333333
0.281754666667 0.541873333333
0.317436 0.660280333333
0.245641666667 0.651007
0.300836333333 0.620678666667
0.266807 0.619016333333
0.130219 0.531426
0.144621333333 0.492415666667
0.172821333333 0.494113333333
0.195434666667 0.532144
0.889895666667 0.548637
0.911399333333 0.574734666667
0.938077333333 0.571352666667
0.954668666667 0.504535
0.960025 0.5421
0.917941333333 0.485849333333
0.889789 0.510513666667
0.826768666667 0.543791333333
0.825479 0.508676333333
0.791581666667 0.540609333333
0.790292 0.505494333333
0.586186333333 0.188527333333
0.552009 0.242582333333
0.546900333333 0.18453
0.524344 0.210451666667
0.590377666667 0.248964
0.601998666667 0.220830666667
0.743462 0.278286333333
0.758610333333 0.347376333333
0.718948 0.346451333333
0.774510333333 0.292987333333
0.781454333333 0.324369333333
0.69292 0.318168333333
0.707969666667 0.288006
0.241654333333 0.0915823666667
0.279916333333 0.0804566
0.293525333333 0.0118147966667
0.257776666667 0.02666866
0.295884666667 0.0540021666667
0.351676666667 0.03736997
0.336331666667 0.0644953666667
0.384083333333 0.03098077
0.405617333333 0.0512202
0.1266964 0.0990535333333
0.106128666667 0.0628808666667
0.0565834333333 0.0903966
0.0715738 0.0627919333333
0.0604055333333 0.254989666667
0.0922701666667 0.260455666667
0.0437835333333 0.223535333333
0.394431333333 0.200143666667
0.372751333333 0.271979666667
0.340849 0.0992554666667
0.305239666667 0.109743233333
0.294981 0.139457
0.298661333333 0.370279333333
0.297507 0.29826
0.289066333333 0.200247
0.283877666667 0.232611666667
0.304877666667 0.253961
0.341628333333 0.239239
0.356172 0.203491333333
0.339788333333 0.17315
0.313253666667 0.172408
0.193038666667 0.465822666667
0.253295333333 0.468423
0.227117333333 0.486006666667
0.254797333333 0.425301333333
0.163359666667 0.347492666667
0.130785 0.340469
0.1013006 0.355517
0.35029 0.416653
0.315048666667 0.426707666667
0.319575666667 0.462591
0.360716 0.474612333333
0.375704 0.448373333333
0.486947 0.459856333333
0.434662333333 0.412080333333
0.443504 0.470444666667
0.418781333333 0.446243666667
0.360120333333 0.601214
0.322166666667 0.587844666667
0.312437333333 0.55952
0.334085 0.531577666667
0.546061666667 0.727710333333
0.549870666667 0.757520666667
0.578168 0.766557
0.60822 0.745499333333
0.563874333333 0.697238333333
0.599282666667 0.6859
0.622724666667 0.708987333333
0.255035 0.681313
0.292925 0.72224
0.2928 0.688924
0.250294333333 0.773346666667
0.215601666667 0.767264333333
0.262912666667 0.740494
0.212038333333 0.724204
0.237711333333 0.712191666667
0.149870333333 0.560341333333
0.186886 0.559361666667
0.212657 0.587057
0.192129666667 0.617702333333
0.234496 0.12895
0.262499333333 0.147538
0.258797666667 0.183682666667
0.404276 0.170506
0.436184 0.162156666667
0.368229666667 0.149208333333
0.371997 0.116974233333
0.445419 0.128463566667
0.434114 0.0994711666667
0.403956333333 0.0930731666667
0.202452 0.213481333333
0.221335333333 0.187370333333
0.175127 0.146023333333
0.202341 0.153642
0.106277333333 0.132839
0.0707192333333 0.124271
0.0426008 0.156489
0.0558307666667 0.195436333333
0.445624333333 0.243485
0.414465666667 0.226642666667
0.438488 0.279573333333
0.407329333333 0.262731
0.328476333333 0.318287333333
0.393936666667 0.334446666667
0.36697 0.306729
0.364356666667 0.361596
0.330993666667 0.353634333333
0.217084666667 0.242896333333
0.248082666667 0.253767666667
0.183359666667 0.275788
0.191891666667 0.311414333333
0.177888 0.374256333333
0.163410333333 0.409111333333
0.192229 0.431499
0.222698 0.374112333333
0.227809666667 0.408561333333
0.133039 0.419774333333
0.128804666667 0.458015
0.0781627 0.405195333333
0.102952933333 0.390879666667
0.0717748333333 0.447529333333
0.0923307333333 0.471454333333
0.502419 0.432115666667
0.53407 0.385176333333
0.537630666667 0.417070333333
0.494936 0.381569666667
0.474857 0.408540666667
0.408843 0.583715666667
0.382256666667 0.575328666667
0.430368333333 0.557858666667
0.421075333333 0.523223333333
0.383244 0.507768666667
0.365950666667 0.534017
0.155523666667 0.619492
0.139035333333 0.589826333333
0.125026133333 0.644119
0.0829725666667 0.635905
0.0915883 0.587948
0.0660230666667 0.609399666667
0.147354 0.168813666667
0.113270933333 0.161301666667
0.0909428 0.191681
0.1107602 0.225246
0.141419 0.228596333333
0.155684666667 0.202543333333
0.222276 0.311829
0.244742 0.287074
0.273166333333 0.310217
0.238554 0.347763333333
0.271803333333 0.346889333333
