0.0735391 8.84113e-05
0.0961665 9.80583e-05
0.141421 1.19466e-05
0.152735 0.000117937
0.19799 9.6585e-05
0.209304 9.21101e-05
0.220617 7.10894e-05
0.254558 0.000119185
0.277186 5.03137e-05
0.2885 0.000270039
0.299813 0.000359378
0.311127 0.000121431
0.356382 0.000411268
0.379009 0.000332459
0.401637 0.00270061
0.41295 0.0023976
0.424264 0.000288736
0.435578 0.000624381
0.446891 0.00115658
0.458205 0.00139838
0.469519 0.00086744
0.492146 0.000368771
0.50346 0.00191378
0.514774 0.00145558
0.537401 0.00281316
0.548715 0.00125054
0.560029 0.00157522
0.571342 0.00335645
0.582656 0.00216442
0.605283 0.00505249
0.627911 0.0108615
0.639225 0.00719217
0.650538 0.00706731
0.661852 0.00570602
0.673166 0.0768173
0.695793 0.0129117
0.707107 0.00502996
0.71842 0.0251524
0.729734 0.0144765
0.741048 0.0405844
0.752362 0.00513425
0.763675 0.0391574
0.774989 0.0362243
0.786303 0.0310849
0.797616 0.0221255
0.80893 0.047524
0.820244 0.0255345
0.831558 0.0788427
0.854185 0.231097
0.865499 0.391193
0.876812 0.728244
0.888126 0.269198
0.89944 1.52959
0.910754 17.7534
0.922067 3.07471
0.933381 2.89603
0.944695 0.962607
0.956008 3.13867
0.967322 0.472647
0.978636 0.159395
0.989949 0.161341
1.00126 0.449315
1.01258 0.255869
1.02389 0.147107
1.0352 0.321331
1.04652 0.367297
1.05783 0.168944
1.06915 0.316187
1.08046 0.411177
1.10309 1.47678
1.1144 2.28458
1.13703 6.19296
1.14834 1.6282
1.15966 0.943307
1.17097 15.263
1.18228 3.33099
1.20491 0.755007
1.21622 0.290279
1.23885 2.11474
1.25016 0.296533
1.26148 0.291805
1.27279 0.234114
1.28411 0.142952
1.29542 0.416093
1.30673 0.127068
1.31805 0.463607
1.32936 0.31895
1.34067 0.460287
1.35199 0.112595
1.3633 0.277238
1.37462 1.2271
1.38593 0.201704
1.39724 0.599795
1.40856 0.275802
1.41987 0.340327
1.43118 0.608673
1.4425 0.216273
1.45381 0.404467
1.47644 0.397563
1.48775 0.250311
1.49907 0.205683
1.51038 0.112621
1.52169 0.193458
1.53301 0.266407
1.54432 0.082504
1.55563 0.171015
1.56695 0.197867
1.57826 0.212577
1.58958 0.625743
1.60089 0.302428
1.6122 0.221908
1.62352 0.665232
1.63483 0.409862
1.64614 0.650789
1.65746 0.522448
1.66877 1.59418
1.68009 1.7692
1.6914 0.423933
1.70271 3.88009
1.71403 0.668322
1.72534 0.762659
1.73665 0.526704
1.74797 2.59445
1.75928 1.40465
1.7706 0.683766
1.78191 0.129659
1.79322 0.1484
1.80454 0.926235
1.81585 2.89451
1.82716 0.499924
1.83848 0.52964
1.84979 0.353084
1.86111 0.765962
1.87242 0.478827
1.88373 0.570961
1.89505 0.430381
1.90636 0.863367
1.91767 0.846901
1.92899 0.838193
1.9403 0.709597
1.95161 1.07295
1.96293 0.628554
1.97424 1.67678
1.98556 0.964424
1.99687 1.14402
2.00818 3.37473
2.0195 0.90958
2.03081 0.433152
2.04212 0.951074
2.05344 1.33577
2.06475 0.755842
2.07607 1.09618
2.08738 0.484382
2.09869 0.596143
2.11001 1.79759
2.12132 1.43515
2.13263 0.777519
2.14395 1.72397
2.15526 1.86695
2.16658 1.33765
2.17789 1.44
2.1892 0.475986
2.20052 0.856439
2.21183 0.900498
2.22314 1.10813
2.23446 0.834036
2.24577 0.846854
2.25708 1.06848
2.2684 0.984942
2.27971 1.80096
2.29103 1.19989
2.30234 1.91866
2.31365 1.18495
2.32497 1.73639
2.33628 2.29371
2.34759 0.867438
2.35891 0.596766
2.37022 0.833057
2.38154 1.15518
2.39285 0.822911
2.40416 0.837835
2.41548 0.806877
2.42679 0.89795
2.4381 1.00199
2.44942 0.554098
2.46073 0.367246
2.47205 1.19923
2.48336 0.616909
2.49467 0.740926
2.50599 1.01996
2.5173 0.65513
2.52861 1.55128
2.53993 1.45728
2.55124 0.85728
2.56255 0.903216
2.57387 0.6612
2.58518 0.583456
2.5965 0.790965
2.60781 0.366561
2.61912 1.23292
2.63044 1.15703
2.64175 0.559267
2.65306 0.74295
2.66438 0.478217
2.67569 0.706229
2.68701 1.18927
2.69832 0.87555
2.70963 0.575843
2.72095 1.33102
2.73226 0.678911
2.74357 2.10603
2.75489 0.922652
2.7662 1.67437
2.77752 0.728289
2.78883 0.501283
2.80014 0.526886
2.81146 1.66201
2.82277 1.03858
2.83408 1.55407
2.8454 0.482728
2.85671 0.967872
2.86803 0.913178
2.87934 0.406181
2.89065 1.69345
2.90197 1.28599
2.91328 0.600611
2.92459 0.753575
2.93591 0.557249
2.94722 1.61669
2.95853 0.489879
2.96985 0.651806
2.98116 0.971011
2.99248 0.903942
3.00379 0.714894
3.0151 1.34894
3.02642 1.18985
3.03773 1.21512
3.04904 1.27829
3.06036 0.7469
3.07167 0.566615
3.08299 0.654383
3.0943 0.869823
3.10561 0.40967
3.11693 0.721162
3.12824 0.993805
3.13955 1.34144
3.15087 1.14498
3.16218 0.680902
3.1735 0.789259
3.18481 0.37378
3.19612 1.33945
3.20744 0.810468
3.21875 1.14846
3.23006 1.22425
3.24138 1.16258
3.25269 1.67242
3.264 1.14874
3.27532 0.835424
3.28663 1.19647
3.29795 1.07678
3.30926 1.36008
3.32057 1.03517
3.33189 1.03913
3.3432 1.39128
3.35451 1.35961
3.36583 1.02073
3.37714 1.30235
3.38846 1.15793
3.39977 0.964624
3.41108 1.07189
3.4224 0.894566
3.43371 1.03816
3.44502 1.26843
3.45634 1.01699
3.46765 1.53095
3.47897 1.18464
3.49028 1.14992
3.50159 1.54969
3.51291 1.29552
3.52422 0.520203
3.53553 1.26382
3.54685 1.08382
3.55816 1.40121
3.56948 1.43791
3.58079 0.76429
3.5921 1.38177
3.60342 0.822129
3.61473 1.45669
3.62604 0.868419
3.63736 0.931418
3.64867 0.61484
3.65998 1.79026
3.6713 0.733527
3.68261 0.489939
3.69393 0.731202
3.70524 1.37183
3.71655 0.924145
3.72787 0.765814
3.73918 0.553594
3.75049 0.774552
3.76181 1.01652
3.77312 0.758468
3.78444 0.87553
3.79575 0.78773
3.80706 1.03234
3.81838 0.760226
3.82969 1.0454
3.841 0.523578
3.85232 0.980312
3.86363 0.8506
3.87495 0.470256
3.88626 0.933335
3.89757 0.750152
3.90889 1.05803
3.9202 0.687484
3.93151 0.832088
3.94283 1.02524
3.95414 0.946162
3.96545 1.04132
3.97677 0.875022
3.98808 0.692948
3.9994 0.920436
4.01071 1.22393
4.02202 0.892778
4.03334 0.954302
4.04465 0.706026
4.05596 0.867961
4.06728 1.00072
4.07859 0.893236
4.08991 1.30837
4.10122 1.06915
4.11253 0.878355
4.12385 0.999884
4.13516 1.06605
4.14647 0.979348
4.15779 0.72089
4.1691 1.58842
4.18042 0.718043
4.19173 0.875092
4.20304 0.847873
4.21436 1.03613
4.22567 0.842946
4.23698 0.860326
4.2483 0.905148
4.25961 0.991004
4.27092 1.16814
4.28224 1.00276
4.29355 1.42783
4.30487 0.995934
4.31618 1.2009
4.32749 1.19145
4.33881 1.21601
4.35012 0.821464
4.36143 1.64833
4.37275 1.59439
4.38406 1.24102
4.39538 1.39002
4.40669 1.30549
4.418 0.936249
4.42932 1.26324
4.44063 0.886016
4.45194 0.620208
4.46326 1.2125
4.47457 0.68761
4.48589 1.39676
4.4972 0.724623
4.50851 0.964691
4.51983 0.935774
4.53114 0.859496
4.54245 0.759843
4.55377 0.889563
4.56508 0.667082
4.5764 0.812261
4.58771 1.34048
4.59902 0.749
4.61034 1.60785
4.62165 0.722993
4.63296 1.62387
4.64428 1.34237
4.65559 1.24646
4.6669 0.829934
4.67822 1.11508
4.68953 0.923291
4.70085 1.28658
4.71216 0.728255
4.72347 0.921071
4.73479 1.00997
4.7461 0.89428
4.75741 0.937123
4.76873 0.856522
4.78004 0.949664
4.79136 1.3699
4.80267 1.0763
4.81398 0.906237
4.8253 1.14104
4.83661 1.1532
4.84792 1.00068
4.85924 0.844613
4.87055 0.997374
4.88187 0.741355
4.89318 1.05449
4.90449 1.09851
4.91581 0.770041
4.92712 0.797587
4.93843 0.682353
4.94975 0.933891
4.96106 1.04154
4.97237 1.02213
4.98369 1.05612
4.995 1.32688
5.00632 0.901692
5.01763 0.690843
5.02894 0.709078
5.04026 1.03865
5.05157 0.719785
5.06288 1.01457
5.0742 0.985163
5.08551 1.10823
5.09683 0.993375
5.10814 1.23336
5.11945 0.905617
5.13077 1.08187
5.14208 0.900126
5.15339 0.967656
5.16471 0.895409
5.17602 1.07718
5.18734 1.02815
5.19865 0.980439
5.20996 0.939799
5.22128 0.973198
5.23259 0.926283
5.2439 1.10885
5.25522 1.04246
5.26653 0.804918
5.27785 0.869762
5.28916 1.036
5.30047 0.957391
5.31179 1.05855
5.3231 0.987075
5.33441 1.026
5.34573 1.00506
5.35704 0.867823
5.36835 0.908065
5.37967 1.19765
5.39098 1.36888
5.4023 1.08755
5.41361 0.823877
5.42492 1.09576
5.43624 1.11715
5.44755 1.24348
5.45886 1.02524
5.47018 1.30963
5.48149 0.833185
5.49281 0.930401
5.50412 1.08475
5.51543 0.932056
5.52675 1.40154
5.53806 1.20583
5.54937 0.91085
5.56069 0.714763
5.572 0.821896
5.58332 1.68343
5.59463 0.815182
5.60594 0.796418
5.61726 1.05192
5.62857 1.25912
5.63988 0.981601
5.6512 1.09636
