0.053211 0.38965
0.0695837 0.10428
0.102329 0.293578
0.110515 0.0531836
0.14326 0.038165
0.151447 0.409845
0.159633 0.079839
0.184192 0.0464525
0.200565 0.286419
0.208751 0.029344
0.216937 0.0886797
0.225124 0.0139707
0.257869 0.0847866
0.274241 0.0281312
0.290614 0.0569625
0.2988 0.0415876
0.306987 0.237357
0.315173 0.0378572
0.323359 0.0178301
0.331546 0.0330324
0.339732 0.0224177
0.356105 0.366717
0.364291 0.047733
0.372477 0.03787
0.38885 0.0427903
0.397036 0.0324861
0.405222 0.279904
0.413409 0.045224
0.421595 0.0615503
0.437968 0.0393566
0.45434 0.0497561
0.462527 0.195701
0.470713 0.0358981
0.478899 0.0226574
0.487086 0.0121208
0.503458 0.0281994
0.511645 0.110378
0.519831 0.132878
0.528017 0.0430076
0.536203 0.0949537
0.54439 0.0207243
0.552576 0.0533547
0.560762 0.357225
0.568949 0.08246
0.577135 0.0822328
0.585321 0.0669087
0.593508 0.110347
0.601694 0.0673671
0.618067 0.209214
0.626253 0.160137
0.634439 0.239665
0.642626 0.134695
0.650812 0.925736
0.658998 7.65192
0.667184 0.957937
0.675371 1.33589
0.683557 0.284411
0.691743 1.3999
0.69993 0.524365
0.708116 0.226651
0.716302 0.277305
0.724489 0.257833
0.732675 0.408935
0.740861 0.14968
0.749048 0.0986815
0.757234 0.417772
0.76542 0.297199
0.773606 0.290288
0.781793 0.409219
0.798165 1.10736
0.806352 1.17749
0.822724 2.61438
0.830911 0.99919
0.839097 1.09012
0.847283 6.00787
0.85547 0.91707
0.871842 0.470768
0.880029 0.193352
0.896401 0.581624
0.904587 0.437211
0.912774 0.494814
0.92096 0.340338
0.929146 0.307581
0.937333 0.389186
0.945519 0.131507
0.953705 0.21789
0.961892 0.437839
0.970078 0.15711
0.978264 0.240146
0.986451 0.310487
0.994637 0.27819
1.00282 0.236656
1.01101 0.437963
1.0192 0.445356
1.02738 0.180928
1.03557 0.492187
1.04375 0.210106
1.05194 0.589233
1.06831 0.75369
1.0765 0.432731
1.08469 0.495759
1.09287 0.511608
1.10106 0.674394
1.10925 0.608702
1.11743 0.473339
1.12562 0.216825
1.1338 0.450205
1.14199 0.811298
1.15018 1.23578
1.15836 0.413134
1.16655 0.620858
1.17474 0.977054
1.18292 0.453595
1.19111 1.09486
1.19929 1.02925
1.20748 2.04117
1.21567 1.57244
1.22385 0.265595
1.23204 4.41109
1.24023 0.773027
1.24841 1.38483
1.2566 0.646582
1.26479 4.5144
1.27297 1.31475
1.28116 2.65654
1.28934 2.63281
1.29753 2.03539
1.30572 2.59388
1.3139 2.77529
1.32209 0.620162
1.33028 1.30254
1.33846 3.854
1.34665 1.92594
1.35483 1.31642
1.36302 0.922053
1.37121 1.11939
1.37939 1.04311
1.38758 2.37061
1.39577 1.11962
1.40395 0.727517
1.41214 3.34594
1.42033 0.62801
1.42851 2.41449
1.4367 0.88953
1.44488 1.06991
1.45307 0.619872
1.46126 0.858615
1.46944 0.786348
1.47763 0.844639
1.48582 1.18211
1.494 0.729031
1.50219 1.1824
1.51037 1.00794
1.51856 0.997593
1.52675 2.35884
1.53493 2.78454
1.54312 0.714699
1.55131 1.31474
1.55949 2.03302
1.56768 1.37344
1.57587 1.15309
1.58405 0.237875
1.59224 1.12462
1.60042 0.746785
1.60861 1.12632
1.6168 0.543948
1.62498 0.432359
1.63317 0.684558
1.64136 0.30112
1.64954 1.90359
1.65773 0.855104
1.66591 0.907374
1.6741 1.1615
1.68229 0.677035
1.69047 1.10163
1.69866 0.593391
1.70685 0.469301
1.71503 0.718865
1.72322 0.896826
1.73141 0.560364
1.73959 0.421695
1.74778 0.590398
1.75596 0.396429
1.76415 0.597542
1.77234 0.460421
1.78052 0.324665
1.78871 0.596671
1.7969 0.481973
1.80508 0.47147
1.81327 0.36276
1.82145 0.344048
1.82964 1.25562
1.83783 0.720957
1.84601 0.533311
1.8542 0.308935
1.86239 0.538364
1.87057 0.45971
1.87876 0.944364
1.88694 0.458744
1.89513 0.68472
1.90332 0.600123
1.9115 0.923341
1.91969 0.902778
1.92788 0.833009
1.93606 1.33213
1.94425 0.939708
1.95244 0.978232
1.96062 1.86009
1.96881 2.51558
1.97699 0.748663
1.98518 1.61211
1.99337 0.863968
2.00155 1.70541
2.00974 1.11841
2.01793 0.549218
2.02611 0.583301
2.0343 1.79647
2.04248 0.676879
2.05067 1.22572
2.05886 0.438421
2.06704 0.995067
2.07523 0.543512
2.08342 0.242877
2.0916 0.375468
2.09979 1.27088
2.10798 0.489778
2.11616 0.813227
2.12435 1.17196
2.13253 1.53172
2.14072 0.658719
2.14891 0.604218
2.15709 0.359786
2.16528 0.254251
2.17347 0.525975
2.18165 0.397383
2.18984 0.702885
2.19802 0.400077
2.20621 0.819895
2.2144 0.866981
2.22258 0.474599
2.23077 0.379368
2.23896 0.407178
2.24714 0.728915
2.25533 0.580501
2.26352 0.815452
2.2717 0.674308
2.27989 1.03202
2.28807 0.626671
2.29626 1.01678
2.30445 0.567329
2.31263 0.715159
2.32082 1.01871
2.32901 0.635954
2.33719 0.815985
2.34538 1.06005
2.35356 0.881876
2.36175 0.878955
2.36994 0.991629
2.37812 1.04337
2.38631 0.987067
2.3945 0.811429
2.40268 0.900728
2.41087 0.858576
2.41906 1.00967
2.42724 0.985931
2.43543 0.976036
2.44361 2.46334
2.4518 1.8128
2.45999 1.38484
2.46817 0.832971
2.47636 1.88839
2.48455 2.66283
2.49273 2.7176
2.50092 1.25968
2.5091 3.02387
2.51729 2.07068
2.52548 1.23776
2.53366 3.69708
2.54185 2.19873
2.55004 0.758682
2.55822 1.26683
2.56641 1.26751
2.5746 0.947762
2.58278 2.3147
2.59097 1.08291
2.59915 1.22754
2.60734 1.3602
2.61553 0.918834
2.62371 1.18268
2.6319 0.822934
2.64009 1.1059
2.64827 1.16738
2.65646 1.16671
2.66464 1.10938
2.67283 0.890563
2.68102 1.21337
2.6892 1.38681
2.69739 0.811099
2.70558 1.13506
2.71376 0.557817
2.72195 0.928455
2.73014 0.869685
2.73832 0.538939
2.74651 0.882468
2.75469 0.954972
2.76288 0.625562
2.77107 0.854144
2.77925 1.66863
2.78744 0.910722
2.79563 0.711356
2.80381 0.754388
2.812 0.563078
2.82018 0.51609
2.82837 0.678536
2.83656 1.02999
2.84474 0.765807
2.85293 0.74137
2.86112 0.656839
2.8693 0.867485
2.87749 0.408835
2.88568 0.530032
2.89386 0.741282
2.90205 0.748589
2.91023 0.453352
2.91842 0.724509
2.92661 0.509599
2.93479 0.595403
2.94298 0.967015
2.95117 0.611984
2.95935 0.73178
2.96754 0.8173
2.97572 0.884151
2.98391 0.651977
2.9921 0.666866
3.00028 0.745464
3.00847 1.05282
3.01666 1.55073
3.02484 1.22842
3.03303 1.20502
3.04121 0.955819
3.0494 0.801215
3.05759 1.02314
3.06577 1.75591
3.07396 0.945398
3.08215 1.04063
3.09033 1.06855
3.09852 1.28223
3.10671 1.55706
3.11489 1.97792
3.12308 1.138
3.13126 1.06843
3.13945 1.07498
3.14764 0.737178
3.15582 1.08597
3.16401 1.34343
3.1722 1.45999
3.18038 1.0642
3.18857 1.10719
3.19675 0.793012
3.20494 1.25749
3.21313 0.890058
3.22131 0.63459
3.2295 1.23573
3.23769 0.776099
3.24587 0.956103
3.25406 0.973164
3.26225 0.850327
3.27043 0.81442
3.27862 1.27079
3.2868 1.32459
3.29499 0.896729
3.30318 0.837276
3.31136 0.757972
3.31955 1.02668
3.32774 0.707036
3.33592 0.958971
3.34411 0.782778
3.35229 0.899458
3.36048 1.01542
3.36867 0.866835
3.37685 0.624881
3.38504 0.75568
3.39323 0.906034
3.40141 1.02157
3.4096 0.85391
3.41779 0.961164
3.42597 1.1448
3.43416 0.957349
3.44234 1.05297
3.45053 1.14161
3.45872 0.766951
3.4669 0.948148
3.47509 0.91372
3.48328 0.723411
3.49146 0.976239
3.49965 0.709082
3.50783 0.911806
3.51602 0.678569
3.52421 0.636843
3.53239 0.646503
3.54058 0.839713
3.54877 0.802272
3.55695 0.710167
3.56514 0.668446
3.57333 0.881284
3.58151 1.19959
3.5897 0.952956
3.59788 1.05552
3.60607 1.21485
3.61426 0.977387
3.62244 1.09621
3.63063 1.01984
3.63882 0.836153
3.647 1.51014
3.65519 1.05684
3.66337 0.867309
3.67156 0.995185
3.67975 1.25332
3.68793 1.04858
3.69612 1.14211
3.70431 1.34466
3.71249 1.23471
3.72068 0.919107
3.72887 0.961264
3.73705 1.32212
3.74524 0.990905
3.75342 0.922454
3.76161 1.42201
3.7698 1.29256
3.77798 0.79928
3.78617 1.10656
3.79436 1.33305
3.80254 1.04449
3.81073 0.840188
3.81891 0.678599
3.8271 0.850888
3.83529 0.969848
3.84347 1.37267
3.85166 1.12326
3.85985 1.07973
3.86803 0.990319
3.87622 0.715854
3.88441 0.838855
3.89259 0.890399
3.90078 1.27589
3.90896 1.45908
3.91715 1.37292
3.92534 0.918671
3.93352 1.26559
3.94171 1.1028
3.9499 1.49756
3.95808 1.21387
3.96627 1.09393
3.97445 1.19418
3.98264 1.14476
3.99083 1.23465
3.99901 1.17285
4.0072 1.36084
4.01539 0.925982
4.02357 1.40782
4.03176 1.04775
4.03995 1.55098
4.04813 1.08489
4.05632 1.71886
4.0645 1.83233
4.07269 1.27147
4.08088 1.26441
4.08906 1.35991
