0.0210425766667 0.1186812
0.0398453333333 0.0782432
0.957309666667 0.653209
0.969664 0.620653
0.927809666667 0.644581666667
0.900085333333 0.613835666667
0.945018 0.968437333333
0.861148666667 0.623528333333
0.908088 0.663725333333
0.860905 0.653279
0.980377333333 0.900242666667
0.964901333333 0.935947
0.934635 0.925704
0.910854333333 0.698490666667
0.840553333333 0.828979
0.918588333333 0.88742
0.947407666667 0.869373
0.0206641066667 0.441835
0.00733698666667 0.474151333333
0.00888385 0.315081333333
0.0506512 0.323148333333
0.03035594 0.358596
0.0246387433333 0.265791
0.0449426333333 0.291948666667
0.0302492433333 0.158418633333
0.049052 0.117980633333
0.0848798 0.122203
0.413349333333 0.667425
0.104212933333 0.0818679666667
0.134989666667 0.0653478666667
0.0680299666667 0.02976224
0.0709474666667 0.0601948666667
0.142777766667 0.0166717966667
0.825287333333 0.0243509
0.624751 0.834719
0.591064 0.859104666667
0.605939333333 0.884455333333
0.661384666667 0.849711
0.651773 0.876349
0.805278 0.812897666667
0.666018 0.905082333333
0.630701333333 0.935776666667
0.716946 0.978358333333
0.608467666667 0.966551
0.556323666667 0.850673
0.342366333333 0.97074
0.52457 0.981875666667
0.0404392666667 0.701116666667
0.0749048333333 0.732029666667
0.0173368133333 0.753814333333
0.0239053466667 0.644857
0.812502 0.777992
0.95001 0.718142666667
0.976743666667 0.692004666667
0.989098 0.659448666667
0.989988666667 0.755265333333
0.986285 0.846879
0.884037333333 0.814541
0.931417666667 0.835786333333
0.662815333333 0.661759
0.607189333333 0.698891
0.639592666667 0.702485333333
0.229221 0.955628
0.276192 0.961823
0.0784225666667 0.221310666667
0.0809624 0.188593333333
0.0432140766667 0.225272333333
0.04575391 0.192555
0.1134512 0.135604333333
0.106297533333 0.170109333333
0.0332080466667 0.586850333333
0.0562414666667 0.608988333333
0.110759633333 0.540345333333
0.416473333333 0.633702333333
0.905937333333 0.580486333333
0.715322666667 0.198957666667
0.628365333333 0.80306
0.612947666667 0.781240333333
0.647862666667 0.738135666667
0.471503666667 0.755434333333
0.900159 0.975823
0.894593666667 0.948417
0.842659333333 0.977027333333
0.810162333333 0.964983333333
0.855146333333 0.928012
0.828214666667 0.943374
0.798651 0.944607
0.773671 0.813285
0.756523333333 0.835993666667
0.698335666667 0.827755333333
0.722952333333 0.845131
0.688097666667 0.962466333333
0.65938 0.955388666667
0.59292 0.929712666667
0.582403 0.907124666667
0.542294333333 0.924619333333
0.523160666667 0.960447
0.552811333333 0.947207333333
0.415383 0.880585
0.528475 0.862755333333
0.520871 0.900894
0.455467333333 0.867340333333
0.497448 0.827987666667
0.466602333333 0.833399
0.396535933333 0.986241666667
0.887803333333 0.546868
0.779707666667 0.629058666667
0.719188333333 0.680959666667
0.706275666667 0.652754666667
0.715867 0.610613333333
0.746998333333 0.601276
0.831513333333 0.672107333333
0.831726333333 0.700519666667
0.790998333333 0.656944333333
0.877816666667 0.784166
0.899019666667 0.764022666667
0.841556666667 0.763698333333
0.881761666667 0.724593666667
0.852318333333 0.724890666667
0.984975666667 0.806195666667
0.963078 0.825972666667
0.947816666667 0.747515666667
0.925919 0.767292666667
0.974131666667 0.776511
0.952234 0.796288
0.590487333333 0.658388
0.606035333333 0.620784666667
0.685324666667 0.599627
0.671092333333 0.579158
0.653273666667 0.630702
0.639041333333 0.610233
0.591783 0.521121666667
0.613177666667 0.541252333333
0.56042 0.595306
0.590146666667 0.586369333333
0.336123 0.877647666667
0.406056666667 0.714897
0.380000666667 0.737823
0.386345333333 0.681981
0.209494666667 0.692459
0.0863070333333 0.595620333333
0.110412966667 0.572042
0.231132333333 0.730551666667
0.215022666667 0.763894333333
0.0805427 0.841790333333
0.0923056 0.761841
0.340572666667 0.0059263
0.04297828 0.542325333333
0.0812173 0.5322
0.0252955133333 0.509605333333
0.0386226333333 0.477289
0.130426666667 0.507367
0.0759724333333 0.477030666667
0.100884333333 0.499221666667
0.0797374333333 0.279901666667
0.0946420333333 0.249782333333
0.446076666667 0.627982333333
0.537805 0.611260666667
0.200800666667 0.519602333333
0.20185 0.633016
0.223770666667 0.659839
0.756941 0.0275663333333
0.726793666667 0.0435774
0.890883666667 0.0339148
0.987214666667 0.355816666667
0.678692666667 0.172396666667
0.665758333333 0.480102
0.754158666667 0.563594333333
0.744470333333 0.489983666667
0.95881 0.582060333333
0.932014666667 0.564170666667
0.978308 0.445453333333
0.689271 0.455703
0.720305333333 0.457714666667
0.687490333333 0.369101
0.712012666667 0.233452666667
0.686925333333 0.318397
0.719441666667 0.308689
0.737359333333 0.183206
0.589298 0.715883333333
0.572596 0.675380333333
0.547350666667 0.812921
0.574049333333 0.785107333333
0.507123666667 0.801251666667
0.503456666667 0.769824333333
0.568613333333 0.747928666667
0.538247666667 0.744315
0.883687 0.882281333333
0.860286333333 0.900160333333
0.849661666667 0.858048333333
0.826261 0.875927333333
0.776038 0.926431
0.741466 0.944053666667
0.757146666667 0.872084666667
0.786169 0.883336333333
0.723575666667 0.881222
0.705828 0.907005333333
0.712748333333 0.936976
0.662543666667 0.782312666667
0.695880333333 0.792016
0.716598 0.757675
0.697451 0.723387666667
0.672971666667 0.740495333333
0.785073666667 0.751465333333
0.761707 0.771699
0.740660333333 0.742691
0.793536333333 0.712800666667
0.742514 0.688333
0.772023333333 0.678676333333
0.475418333333 0.950730666667
0.428243333333 0.954243333333
0.457517 0.893192333333
0.483645666667 0.913765666667
0.417432666667 0.906437
0.396386333333 0.930523
0.345464333333 0.811877666667
0.357478333333 0.855526666667
0.397876 0.857099
0.0494609666667 0.957267
0.0358315333333 0.914372
0.0601885 0.880423666667
0.083112 0.902403666667
0.0855970666667 0.939676333333
0.358986666667 0.932905333333
0.341170666667 0.907454333333
0.324669333333 0.947708666667
0.306853333333 0.922257666667
0.245082666667 0.919552666667
0.274237666667 0.900296666667
0.156933 0.648969333333
0.134829333333 0.631847333333
0.102675066667 0.627549666667
0.06611 0.675039333333
0.0726095 0.640917666667
0.257113666667 0.728371
0.31634 0.813040666667
0.306062666667 0.852269666667
0.278494666667 0.860115333333
0.1116872 0.842248666667
0.115146866667 0.882483666667
0.130098 0.776332666667
0.162031666667 0.749323666667
0.180738 0.770072666667
0.160485 0.815795
0.133421 0.815264666667
0.0622932 0.776622
0.0672074333333 0.812475333333
0.0296167666667 0.834447666667
0.034531 0.870301
0.167438333333 0.0876052333333
0.165233 0.117526666667
0.328533666667 0.0498006
0.202919 0.188705333333
0.14278 0.173592333333
0.157633 0.202734333333
0.177656666667 0.139074
0.210777 0.14812
0.385030333333 0.0121845433333
0.365151333333 0.0344105666667
0.0820491 0.447163333333
0.0894929333333 0.385663666667
0.04316124 0.424636
0.0509360733333 0.393822
0.188332333333 0.498026
0.156510666667 0.491077666667
0.153785 0.23164
0.129816333333 0.249453666667
0.193059666667 0.54801
0.162209 0.602295666667
0.154160666667 0.574419666667
0.229696666667 0.563862666667
0.204461 0.607166333333
0.233049666667 0.595143
0.342028 0.623335333333
0.359304666667 0.666954666667
0.328781333333 0.691988
0.269173333333 0.618786666667
0.290883333333 0.604853666667
0.318385666667 0.627974666667
0.308381 0.672347
0.262505333333 0.657633
0.274210666667 0.688072333333
0.925543333333 0.0562637666667
0.940632666667 0.1374779
0.904157 0.304528666667
0.956602 0.171643
0.981908333333 0.226541333333
0.968780333333 0.270778333333
0.689503666667 0.138432
0.720946666667 0.142666666667
0.729961 0.111640333333
0.712450666667 0.0642522666667
0.394645333333 0.0626596
0.541639666667 0.112786933333
0.581479333333 0.115941266667
0.804739666667 0.48282
0.783269666667 0.498228
0.842310666667 0.505072333333
0.73021 0.540087333333
0.723497666667 0.516332666667
0.685193666667 0.556642
0.656085666667 0.533161
0.67582 0.508462666667
0.739219333333 0.344133
0.721705666667 0.378310333333
0.966321333333 0.371554666667
0.933167 0.332704
0.9621 0.326155
0.918563666667 0.378755666667
0.941106666667 0.403171666667
0.771749333333 0.18071
0.543273333333 0.680213333333
0.522661 0.644760333333
0.529609666667 0.717102666667
0.470032666667 0.661087
0.490059666667 0.640690666667
0.484919666667 0.725237666667
0.456375666667 0.687518666667
0.452325 0.710710333333
0.398631666667 0.766028333333
0.379888666667 0.793858
0.438351666667 0.772681
0.440002666667 0.811842666667
0.411360666667 0.822298
0.1380856 0.972254
0.115571933333 0.952285666667
0.63135 0.463819
0.598602 0.484424333333
0.560620333333 0.523611333333
0.567439333333 0.486914
0.549981666667 0.463595666667
0.681592 0.241563
0.654911333333 0.236616333333
0.217746 0.804562666667
0.181727666667 0.832561
0.250964333333 0.811718
0.245100333333 0.845131
0.138174666667 0.677397
0.151112 0.721222666667
0.168815666667 0.694063666667
0.101777566667 0.718420333333
0.0947125666667 0.694963333333
0.313351666667 0.782737666667
0.282722 0.784038
0.280354666667 0.747162666667
0.338265666667 0.745109333333
0.317852 0.726505
0.216666333333 0.910581
0.151075333333 0.897501666667
0.212427 0.876340666667
0.182272666667 0.870926
0.149015333333 0.930031
0.200804666667 0.946656333333
0.171529 0.949999333333
0.186977 0.0672188333333
0.188793333333 0.0286893566667
0.154528333333 0.0449614666667
0.242841333333 0.03784479
0.229082 0.072595
0.319912666667 0.0862958333333
0.291516666667 0.0150566566667
0.273533666667 0.0327299566667
0.299356666667 0.0367049333333
0.201438333333 0.391305
0.194093333333 0.426621333333
0.160942333333 0.448827
0.119962 0.405103
0.120293 0.435788666667
0.21446 0.321449
0.157632333333 0.277828333333
0.181601 0.260014666667
0.227884 0.290117333333
0.216125333333 0.261610666667
0.233946 0.390966
0.226601 0.426282333333
0.245992 0.495957333333
0.233523666667 0.474381
0.247254333333 0.445915
0.396809666667 0.594357
0.971225 0.0938463
0.951789666667 0.0739078666667
0.961557 0.114767833333
0.938032333333 0.194413
0.952727333333 0.234876666667
0.744824666667 0.2912
0.747268666667 0.258998
0.681138 0.0649189333333
0.661986666667 0.0373383
0.667205333333 0.108072333333
0.635551333333 0.116811
0.608282 0.0939779333333
0.478806333333 0.0224665433333
0.522230666667 0.0348425333333
0.53499 0.0550099333333
0.432318 0.02410871
0.429830333333 0.0562007666667
0.589301 0.156693333333
0.618984666667 0.157348333333
0.639827666667 0.182574333333
0.629254333333 0.219864
0.638212 0.276419333333
0.660353 0.315165666667
0.664892666667 0.281366
0.852472666667 0.561649666667
0.832391666667 0.538656333333
0.83167 0.604960666667
0.798419 0.609553
0.784279333333 0.566159333333
0.797449333333 0.538573666667
0.786338333333 0.398763
0.790364 0.448138666667
0.812760666667 0.430884
0.744729 0.431277666667
0.742405333333 0.405918333333
0.845412333333 0.434879666667
0.860586666667 0.474386666667
0.883222 0.457865333333
0.864329333333 0.393290333333
0.888666666667 0.400785333333
0.911529333333 0.507688333333
0.908753 0.472364666667
0.936740666667 0.439700666667
0.936262666667 0.514384
0.963058 0.532273666667
0.966312333333 0.492914
0.835260333333 0.178585
0.866304 0.180104333333
0.800418 0.0437902
0.845386666667 0.0448539
0.760665 0.109392666667
0.786040666667 0.137923
0.763782333333 0.0705048
0.792760333333 0.0668602666667
0.820724 0.137358
0.300440666667 0.236393
0.330861 0.205819666667
0.321255666667 0.170386666667
0.285867666667 0.169387
0.342247666667 0.136915666667
0.348135333333 0.103034433333
0.386250333333 0.0947882333333
0.238267 0.129182666667
0.269228333333 0.134902666667
0.249457 0.0955914
0.280418333333 0.1013114
0.140862 0.380507
0.174334666667 0.371974
0.185418 0.333433
0.151638333333 0.308438
0.110392933333 0.361067666667
0.0921313333333 0.333778333333
0.108917733333 0.310182666667
0.278822 0.503551
0.270267666667 0.543048666667
0.295330666667 0.560396
0.417866 0.557299
0.398562 0.516058666667
0.618655 0.349763666667
0.907883333333 0.270461333333
0.92847 0.251803333333
0.873795 0.248234
0.913775 0.211339666667
0.885128333333 0.210579333333
0.783877333333 0.312136666667
0.7751 0.344285333333
0.801519333333 0.371307333333
0.823209 0.297793
0.58169 0.0425893
0.608554666667 0.0550795666667
0.63689 0.0363536666667
0.568930666667 0.0224219
0.653703666667 0.0158186
0.579467666667 0.00989297666667
0.525506333333 0.01004591
0.46531 0.101636966667
0.458722333333 0.0783135666667
0.513698333333 0.0941964333333
0.507110666667 0.0708730333333
0.444998666667 0.125473133333
0.468831 0.156047
0.378084 0.148652666667
0.401363 0.124637466667
0.593917 0.237231333333
0.563427333333 0.234117
0.516651 0.204305666667
0.549028666667 0.207043333333
0.560408 0.172213
0.528579333333 0.1459
0.506437666667 0.161736333333
0.905460333333 0.122495233333
0.878348 0.143112
0.900138333333 0.0821410666667
0.864309333333 0.0721586333333
0.844418333333 0.120121333333
0.835701666667 0.0895221333333
0.788935666667 0.206431666667
0.817763333333 0.204871666667
0.779790666667 0.246718
0.816678333333 0.264576333333
0.837473666667 0.244045666667
0.266266 0.196773333333
0.271233666667 0.228346333333
0.229578 0.200251
0.234545666667 0.231824
0.258374666667 0.360320666667
0.29152 0.355909
0.247911666667 0.328317666667
0.261335666667 0.296986
0.328124333333 0.321705
0.298001666667 0.269047
0.333592666667 0.283875666667
0.368583 0.522665333333
0.345289666667 0.512468
0.325004666667 0.547380333333
0.344199666667 0.587198666667
0.368816666667 0.576916666667
0.418834666667 0.494007666667
0.398952333333 0.455970333333
0.425612 0.434580333333
0.396032 0.345666
0.364598666667 0.344212666667
0.424148 0.380106666667
0.411448333333 0.401548666667
0.300352 0.377711666667
0.348853666667 0.368886
0.367587333333 0.391781333333
0.560392666667 0.432942333333
0.625359333333 0.372637333333
0.637601666667 0.429142666667
0.602835333333 0.417290333333
0.596097666667 0.393342
0.673127 0.421300333333
0.667622333333 0.388743333333
0.876358333333 0.317472
0.850294 0.312433
0.863446 0.358837666667
0.837381666667 0.353798666667
0.486768666667 0.224640666667
0.476732666667 0.261143666667
0.491897333333 0.403879333333
0.456726333333 0.373133666667
0.460515 0.336352666667
0.529955333333 0.404589666667
0.547396 0.383109
0.599697333333 0.294400666667
0.581059333333 0.271965
0.58468 0.333945333333
0.550569666667 0.268850666667
0.483211 0.431279333333
0.458537333333 0.445399
0.510858 0.462643
0.486184333333 0.476762666667
0.486215333333 0.508724333333
0.453198666667 0.515944
0.509730666667 0.580596
0.447898 0.554605
0.532345666667 0.564641333333
0.528248333333 0.533769666667
0.456445 0.585943
0.481163666667 0.588282
0.289052 0.443533333333
0.301659333333 0.415058
0.341127666667 0.415840666667
0.358329 0.446998
0.33796 0.482275
0.308151333333 0.479593
0.447905 0.180047
0.455629333333 0.206071333333
0.400793666667 0.173488333333
0.444131 0.274165666667
0.436140666667 0.31112
0.404236 0.313460333333
0.531274666667 0.355147666667
0.548259666667 0.335370333333
0.495004 0.329997666667
0.503231333333 0.291743
0.532787333333 0.292711333333
0.354079666667 0.215292
0.386044666667 0.202611333333
0.414769333333 0.224603666667
0.413307 0.256195
0.359250333333 0.260694
0.389753 0.279604666667
