300

100
0.031068
0.18805
0.700616	0.932241
0.739355	0.141194
0.449412	0.754265
0.4993	0.93409
0.372074	0.314174
0.966474	0.26147
0.91931	0.83966
0.959811	0.407015
0.539201	0.110931
0.779482	0.707183
0.318803	0.815167
0.822293	0.0867145
0.0108692	0.812166
0.655717	0.431471
0.0216934	0.673421
0.113676	0.77599
0.149707	0.493289
0.877354	0.0267145
0.673868	0.0587559
0.33498	0.557584
0.236574	0.579314
0.258502	0.958423
0.881433	0.906505
0.333837	0.00795793
0.740366	0.534934
0.330339	0.368477
0.531145	0.315397
0.448098	0.15235
0.575241	0.591155
0.454344	0.552628
0.0190382	0.176064
0.126937	0.900935
0.694398	0.266094
0.0171897	0.0490813
0.437882	0.983205
0.657709	0.655772
0.557089	0.703041
0.0950352	0.330309
0.190152	0.622198
0.219402	0.143485
0.230556	0.332713
0.605188	0.233209
0.865758	0.300425
0.332716	0.676584
0.750336	0.232765
0.598219	0.755549
0.496012	0.807648
0.272694	0.0965895
0.921774	0.498525
0.0546027	0.119516
0.769836	0.0154127
0.0266481	0.535764
0.476629	0.434526
0.213257	0.829222
0.971452	0.99115
0.726424	0.842035
0.645029	0.130228
0.805768	0.808005
0.349277	0.213917
0.428731	0.0528579
0.906162	0.607951
0.122971	0.651443
0.0544193	0.960942
0.735639	0.350991
0.618258	0.925626
0.509672	0.21371
0.915713	0.144196
0.410591	0.88173
0.258183	0.452535
0.312318	0.7371
0.850946	0.569035
0.843109	0.428124
0.130686	0.00596028
0.972662	0.711671
0.583393	0.0138527
0.59948	0.33899
0.118014	0.256196
0.899863	0.72187
0.642644	0.545626
0.770402	0.638687
0.0706299	0.424932
0.252136	0.690946
0.460742	0.665461
0.20679	0.412449
0.804709	0.917765
0.397724	0.461851
0.716181	0.747725
0.406919	0.240248
0.180338	0.0880709
0.541868	0.502635
0.236542	0.2248
0.200703	0.929298
0.970518	0.899695
0.129428	0.179195
0.0953172	0.55392
0.647643	0.848106
0.327048	0.907497
0.017872	0.310371
0.429276	0.341741
0.765529	0.452626
//###########################


200
0.0209919
0.132971
0.232988	0.780301
0.545633	0.972839
0.969108	0.763793
0.410744	0.71601
0.382802	0.820771
0.840707	0.62226
0.81711	0.979432
0.336614	0.485079
0.67475	0.365791
0.79741	0.149686
0.295103	0.864891
0.521857	0.586702
0.602686	0.677286
0.958734	0.805176
0.858739	0.798908
0.270322	0.154917
0.91387	0.551955
0.0636103	0.640035
0.281876	0.0443308
0.442278	0.80617
0.661769	0.218451
0.482688	0.33463
0.0169015	0.24437
0.309787	0.17888
0.54896	0.810413
0.00220439	0.584256
0.850139	0.702844
0.0858399	0.864013
0.192208	0.54758
0.675239	0.322717
0.179635	0.755655
0.263317	0.374195
0.932676	0.0285414
0.818479	0.745028
0.419509	0.513018
0.920981	0.949524
0.694777	0.113632
0.895987	0.0788978
0.56644	0.198276
0.154608	0.842276
0.131337	0.112542
0.780143	0.857254
0.343126	0.26844
0.55105	0.363963
0.871299	0.188615
0.590077	0.539787
0.29575	0.520089
0.176056	0.292836
0.397528	0.383699
0.776549	0.280053
0.789469	0.555919
0.0659199	0.0220354
0.627076	0.981408
0.448247	0.390284
0.482865	0.106626
0.0247403	0.725663
0.114486	0.396743
0.0134878	0.456649
0.216635	0.281512
0.113599	0.0602596
0.171339	0.67371
0.31108	0.958883
0.0778207	0.168718
0.408944	0.187247
0.15436	0.955878
0.333504	0.436739
0.848602	0.248056
0.204002	0.488791
0.901167	0.44979
0.288764	0.336989
0.0655127	0.498952
0.18331	0.356543
0.689609	0.522031
0.67116	0.706242
0.0724722	0.227249
0.070586	0.28206
0.787241	0.335933
0.29975	0.633717
0.973448	0.650354
0.561903	0.270984
0.932907	0.219637
0.719493	0.48052
0.450116	0.48007
0.683421	0.792195
0.971186	0.845936
0.934418	0.310137
0.400602	0.67443
0.0229068	0.864187
0.376739	0.977667
0.620665	0.183143
0.590636	0.866247
0.81354	0.302667
0.60834	0.0621597
0.239017	0.0125952
0.770097	0.184268
0.500965	0.704005
0.367669	0.611295
0.939395	0.0956417
0.0709663	0.0687095
0.824275	0.378097
0.486172	0.0636675
0.688698	0.881002
0.701045	0.40093
0.545754	0.754747
0.753594	0.794095
0.00988013	0.380439
0.061686	0.772784
0.76784	0.0806473
0.837544	0.480792
0.82366	0.0325014
0.445308	0.930714
0.404221	0.576719
0.55338	0.907627
0.727249	0.978677
0.590673	0.421342
0.674039	0.589884
0.968196	0.192313
0.693711	0.00891864
0.0778172	0.818167
0.165646	0.138239
0.957388	0.460486
0.366451	0.110985
0.54032	0.165288
0.841244	0.862604
0.754233	0.4016
0.592773	0.112858
0.987305	0.108552
0.24487	0.901187
0.634521	0.0244653
0.458019	0.225851
0.125957	0.596444
0.714672	0.654688
0.370591	0.416954
0.999078	0.945074
0.353346	0.159497
0.912334	0.347349
0.514884	0.870082
0.532405	0.0581512
0.491066	0.51422
0.958141	0.598073
0.97263	0.348129
0.0967993	0.470646
0.921128	0.784264
0.110314	0.954937
0.0489105	0.595238
0.360708	0.773278
0.240774	0.637302
0.532863	0.647088
0.18313	0.204121
0.967618	0.148332
0.616872	0.805267
0.625608	0.485008
0.373328	0.935221
0.244813	0.506129
0.196797	0.00445193
0.292881	0.407247
0.0514058	0.368286
0.495505	0.264614
0.268063	0.832296
0.978968	0.512204
0.869227	0.117768
0.164513	0.800206
0.503411	0.753235
0.436482	0.615918
0.178697	0.880958
0.584122	0.471969
0.0311277	0.908051
0.824806	0.523704
0.630227	0.384132
0.478877	0.0188961
0.847329	0.949652
0.148489	0.557593
0.260028	0.745494
0.884695	0.974763
0.292907	0.588412
0.345626	0.065305
0.738942	0.298965
0.819992	0.67207
0.468152	0.877735
0.650725	0.760466
0.424333	0.289602
0.146187	0.709992
0.824568	0.211408
0.608372	0.287569
0.870878	0.652209
0.21666	0.0483115
0.147108	0.329344
0.750143	0.916188
0.669255	0.974287
0.899026	0.406647
0.610896	0.632191
0.302649	0.245467
0.410236	0.116505
0.930261	0.679015
0.368505	0.72929
0.725782	0.696214
0.149823	0.420101
0.728144	0.591554
0.383788	0.538639
0.202484	0.707229
//###########################


