0.0430355 0.220876
0.0562772 0.0847577
0.0827606 0.32237
0.0893814 0.113846
0.115865 0.185494
0.122486 0.202137
0.129107 0.0692002
0.148969 0.145657
0.162211 0.155194
0.168832 0.0518802
0.175452 0.0436481
0.182073 0.0616595
0.208557 0.0926428
0.221798 0.0658897
0.23504 0.0474793
0.241661 0.0325078
0.248282 0.310727
0.254903 0.119812
0.261523 0.0963034
0.268144 0.0194312
0.274765 0.0860605
0.288007 0.463766
0.294628 0.0421987
0.301249 0.0757568
0.31449 0.165844
0.321111 0.0752566
0.327732 0.396293
0.334353 0.0461671
0.340974 0.0320026
0.354215 0.0440787
0.367457 0.0297426
0.374078 0.0886474
0.380699 0.0705956
0.38732 0.0326746
0.39394 0.13547
0.407182 0.0477196
0.413803 0.120614
0.420424 0.0700901
0.427045 0.0685781
0.433665 0.0410689
0.440286 0.0505597
0.446907 0.051407
0.453528 0.443624
0.460149 0.0418937
0.46677 0.0313922
0.473391 0.0659261
0.480011 0.179544
0.486632 0.0528768
0.499874 0.139206
0.506495 0.0924915
0.513116 0.0596981
0.519736 0.397569
0.526357 0.159335
0.532978 0.102981
0.539599 0.342836
0.54622 0.266208
0.552841 0.227607
0.559462 0.222772
0.566082 0.227749
0.572703 0.218904
0.579324 0.220754
0.585945 0.213249
0.592566 0.497602
0.599187 0.207673
0.605808 0.19461
0.612428 0.214426
0.619049 0.360072
0.62567 0.716006
0.632291 0.352029
0.645533 0.667952
0.652153 0.757993
0.665395 0.915786
0.672016 0.955794
0.678637 0.256583
0.685258 1.53567
0.691879 0.89165
0.70512 0.921971
0.711741 1.45294
0.724983 1.0029
0.731604 0.895102
0.738224 1.07454
0.744845 0.716996
0.751466 0.268181
0.758087 1.4303
0.764708 0.481925
0.771329 0.886327
0.77795 1.48948
0.78457 0.656016
0.791191 0.653318
0.797812 1.2114
0.804433 0.744925
0.811054 1.22184
0.817675 1.12661
0.824295 0.988825
0.830916 0.875421
0.837537 0.697581
0.844158 0.386903
0.850779 0.583249
0.864021 0.746976
0.870641 0.948834
0.877262 0.633617
0.883883 0.325699
0.890504 0.638494
0.897125 0.572604
0.903746 1.48679
0.910366 0.575699
0.916987 0.627014
0.923608 0.536412
0.930229 0.255449
0.93685 0.320734
0.943471 0.588205
0.950092 0.34164
0.956712 0.333838
0.963333 0.392912
0.969954 0.401273
0.976575 0.459417
0.983196 0.34934
0.989817 0.807586
0.996437 0.46566
1.00306 0.554102
1.00968 0.373873
1.0163 0.368369
1.02292 0.327262
1.02954 0.830809
1.03616 0.414882
1.04278 0.637226
1.0494 0.487762
1.05603 0.595351
1.06265 0.616569
1.06927 1.18108
1.07589 0.690986
1.08251 0.905699
1.08913 1.1768
1.09575 0.431536
1.10237 0.472807
1.10899 0.542271
1.11561 1.0963
1.12223 1.00015
1.12885 0.785152
1.13548 1.11997
1.1421 0.837975
1.14872 0.872682
1.15534 0.705025
1.16196 1.11004
1.16858 0.890842
1.1752 0.728258
1.18182 1.34496
1.18844 0.736747
1.19506 0.555521
1.20168 1.32979
1.2083 1.21103
1.21493 1.51779
1.22155 1.09649
1.22817 1.08079
1.23479 1.50238
1.24141 1.20482
1.24803 1.46482
1.25465 1.11677
1.26127 1.33291
1.26789 1.87979
1.27451 1.29145
1.28113 1.80631
1.28775 2.27381
1.29438 1.29172
1.301 1.99835
1.30762 1.53778
1.31424 1.31037
1.32086 1.96323
1.32748 1.56915
1.3341 1.77422
1.34072 1.5245
1.34734 1.70325
1.35396 1.73144
1.36058 1.49129
1.3672 1.75583
1.37383 1.74742
1.38045 1.81543
1.38707 1.9127
1.39369 1.26391
1.40031 1.34646
1.40693 2.2574
1.41355 1.44892
1.42017 2.06716
1.42679 1.12865
1.43341 1.7506
1.44003 2.02759
1.44666 1.77105
1.45328 1.22017
1.4599 1.85355
1.46652 1.88009
1.47314 1.18689
1.47976 1.15515
1.48638 2.02652
1.493 1.52819
1.49962 2.38036
1.50624 1.50143
1.51286 1.82393
1.51948 0.969356
1.52611 1.40137
1.53273 1.4071
1.53935 1.52044
1.54597 1.60017
1.55259 1.2913
1.55921 1.40289
1.56583 1.01603
1.57245 1.24586
1.57907 0.746642
1.58569 1.06689
1.59231 1.52117
1.59893 1.15002
1.60556 0.801177
1.61218 0.884077
1.6188 0.79566
1.62542 1.12315
1.63204 0.824578
1.63866 0.743419
1.64528 0.734226
1.6519 0.935292
1.65852 0.707539
1.66514 0.92413
1.67176 0.566072
1.67838 0.944389
1.68501 1.23739
1.69163 0.63035
1.69825 0.759973
1.70487 0.694177
1.71149 0.6074
1.71811 0.392311
1.72473 0.715224
1.73135 0.73475
1.73797 0.771445
1.74459 0.601617
1.75121 1.12255
1.75783 0.597834
1.76446 0.149569
1.77108 0.704938
1.7777 0.745768
1.78432 0.742854
1.79094 0.550427
1.79756 0.673681
1.80418 0.52171
1.8108 0.672731
1.81742 0.629826
1.82404 0.884433
1.83066 0.735263
1.83729 0.540722
1.84391 0.493147
1.85053 0.488999
1.85715 0.521492
1.86377 0.657576
1.87039 0.638199
1.87701 0.786704
1.88363 0.584787
1.89025 0.609558
1.89687 0.947797
1.90349 0.649266
1.91011 0.604271
1.91674 0.430142
1.92336 0.785667
1.92998 0.6001
1.9366 0.67337
1.94322 0.774236
1.94984 0.502094
1.95646 0.380084
1.96308 0.738869
1.9697 0.504358
1.97632 0.625797
1.98294 0.928231
1.98956 0.783864
1.99619 0.790926
2.00281 0.825267
2.00943 0.509662
2.01605 0.843592
2.02267 0.804914
2.02929 1.00612
2.03591 0.760057
2.04253 1.13837
2.04915 1.15663
2.05577 0.81782
2.06239 1.14507
2.06901 0.618981
2.07564 0.773608
2.08226 1.03852
2.08888 0.924733
2.0955 0.699717
2.10212 1.24542
2.10874 0.783377
2.11536 1.02701
2.12198 1.25105
2.1286 0.899026
2.13522 0.825258
2.14184 1.58623
2.14846 0.945427
2.15509 0.942263
2.16171 1.26017
2.16833 1.10511
2.17495 1.04011
2.18157 1.07456
2.18819 0.808277
2.19481 1.36506
2.20143 0.920978
2.20805 0.734375
2.21467 0.973882
2.22129 1.17825
2.22792 1.06709
2.23454 1.24586
2.24116 1.13668
2.24778 0.630082
2.2544 0.815191
2.26102 1.0975
2.26764 1.11389
2.27426 0.944318
2.28088 1.20164
2.2875 1.31386
2.29412 1.22573
2.30074 1.15296
2.30737 0.792007
2.31399 1.36214
2.32061 0.89969
2.32723 1.25518
2.33385 0.866409
2.34047 1.23857
2.34709 0.859375
2.35371 1.04153
2.36033 0.937013
2.36695 0.96746
2.37357 1.13831
2.38019 0.817889
2.38682 1.20473
2.39344 1.09963
2.40006 1.07353
2.40668 1.40601
2.4133 0.768358
2.41992 1.16226
2.42654 1.19599
2.43316 1.02671
2.43978 0.798948
2.4464 0.920252
2.45302 0.882116
2.45964 0.716347
2.46627 1.18813
2.47289 1.06928
2.47951 0.901786
2.48613 0.974107
2.49275 1.05387
2.49937 1.0032
2.50599 0.918145
2.51261 1.64197
2.51923 0.936122
2.52585 0.945265
2.53247 1.0943
2.53909 1.06354
2.54572 0.830206
2.55234 0.915523
2.55896 0.82092
2.56558 1.22001
2.5722 1.05152
2.57882 1.18482
2.58544 1.36103
2.59206 1.17134
2.59868 0.942034
2.6053 1.0587
2.61192 1.03919
2.61855 0.839109
2.62517 1.71097
2.63179 1.11671
2.63841 1.53005
2.64503 1.4769
2.65165 0.955056
2.65827 1.25857
2.66489 0.914325
2.67151 1.33906
2.67813 0.619265
2.68475 1.26581
2.69137 1.0575
2.698 1.11067
2.70462 0.686486
2.71124 1.01261
2.71786 1.08635
2.72448 0.876292
2.7311 0.89301
2.73772 1.10539
2.74434 0.941563
2.75096 1.23947
2.75758 0.840585
2.7642 1.16265
2.77082 0.989144
2.77745 1.63802
2.78407 1.2876
2.79069 0.985832
2.79731 1.10564
2.80393 1.04048
2.81055 1.12084
2.81717 1.19477
2.82379 1.09624
2.83041 1.14818
2.83703 1.16339
2.84365 1.03377
2.85027 0.669995
2.8569 1.09086
2.86352 1.0892
2.87014 1.08126
2.87676 1.15103
2.88338 0.948409
2.89 1.12365
2.89662 0.967482
2.90324 1.13434
2.90986 1.39515
2.91648 0.905376
2.9231 0.906121
2.92972 1.22549
2.93635 1.14568
2.94297 1.0954
2.94959 1.10993
2.95621 1.29478
2.96283 1.00557
2.96945 0.933245
2.97607 0.857586
2.98269 1.01766
2.98931 0.973722
2.99593 1.2315
3.00255 0.937742
3.00918 0.871648
3.0158 0.794838
3.02242 0.98746
3.02904 1.07936
3.03566 1.16535
3.04228 1.1903
3.0489 1.0005
3.05552 0.889239
3.06214 1.09815
3.06876 0.765793
3.07538 1.15041
3.082 1.16149
3.08863 0.841077
3.09525 0.797072
3.10187 0.971663
3.10849 0.915788
3.11511 0.946889
3.12173 0.789826
3.12835 1.22895
3.13497 0.812133
3.14159 1.03239
3.14821 1.01007
3.15483 0.74035
3.16145 0.665962
3.16808 0.716945
3.1747 1.36606
3.18132 0.722965
3.18794 0.823711
3.19456 0.69838
3.20118 0.995768
3.2078 0.82368
3.21442 1.02561
3.22104 0.934647
3.22766 0.899173
3.23428 0.497798
3.2409 1.01367
3.24753 1.02944
3.25415 0.95286
3.26077 0.896515
3.26739 0.916671
3.27401 1.02439
3.28063 0.956358
3.28725 0.770018
3.29387 1.03556
3.30049 1.25899
3.30711 1.07897
