0.104 0.00366626
0.136 0.000267562
0.2 0.000968667
0.216 0.000846854
0.28 0.00165825
0.296 0.00644637
0.312 0.0127783
0.36 0.0170507
0.392 0.0298494
0.408 0.0819128
0.424 0.0280246
0.44 0.0531536
0.504 0.0616866
0.536 0.0567616
0.568 0.0556088
0.584 0.0981164
0.6 0.130111
0.616 0.268991
0.632 0.120492
0.648 0.0375887
0.664 0.193575
0.696 0.152414
0.712 0.313719
0.728 0.249936
0.76 0.390674
0.776 0.547449
0.792 0.364815
0.808 0.275138
0.824 0.392678
0.856 0.851527
0.888 0.504805
0.904 1.69846
0.92 1.16405
0.936 0.467711
0.952 2.10639
0.984 2.07145
1 1.86466
1.016 1.66018
1.032 1.20549
1.048 1.15856
1.064 1.18989
1.08 1.73084
1.096 1.31463
1.112 1.9143
1.128 1.37364
1.144 1.54137
1.16 3.35526
1.176 2.09769
1.208 1.10931
1.224 1.0391
1.24 0.687895
1.256 2.55324
1.272 2.17192
1.288 1.08713
1.304 1.83422
1.32 2.16328
1.336 0.806424
1.352 0.525687
1.368 0.785038
1.384 0.302258
1.4 0.781258
1.416 1.2913
1.432 0.977652
1.448 0.364867
1.464 0.576207
1.48 0.809895
1.496 0.547801
1.512 0.557546
1.528 0.509256
1.56 0.616045
1.576 1.01802
1.608 0.455583
1.624 0.282171
1.64 0.278184
1.656 0.558391
1.672 0.357637
1.704 0.74129
1.72 0.857502
1.752 0.737752
1.768 0.428538
1.784 1.12378
1.8 0.497098
1.816 0.228776
1.832 1.18313
1.848 0.781091
1.864 1.07039
1.88 1.69844
1.896 1.06676
1.912 0.770519
1.928 1.07188
1.944 0.674978
1.96 1.10579
1.976 1.51026
1.992 1.01896
2.008 1.77258
2.024 0.939569
2.04 1.02584
2.056 1.02321
2.088 1.23914
2.104 1.17219
2.12 0.999718
2.136 0.717551
2.152 1.3909
2.168 1.758
2.184 1.1392
2.2 1.30042
2.216 1.05102
2.232 1.51648
2.248 0.829481
2.264 1.59722
2.28 1.2567
2.296 0.993676
2.312 0.84353
2.328 1.63781
2.344 0.544931
2.36 0.781282
2.376 0.946725
2.392 0.887211
2.408 0.813741
2.424 1.44788
2.44 1.33472
2.456 0.919902
2.472 1.16999
2.488 0.442371
2.504 1.18045
2.52 1.64556
2.536 1.23684
2.552 0.613124
2.568 0.690898
2.584 1.62634
2.6 0.573204
2.616 0.456847
2.632 0.552624
2.648 0.672562
2.664 0.279274
2.68 1.37167
2.696 0.76862
2.712 1.06115
2.728 0.936849
2.744 0.690529
2.76 0.931324
2.776 0.919989
2.792 1.53855
2.808 0.731133
2.824 0.783594
2.84 1.09904
2.856 0.701763
2.872 0.919368
2.888 0.332881
2.904 0.752966
2.92 1.0784
2.936 1.02761
2.952 1.0381
2.968 1.28599
2.984 1.58269
3 1.14044
3.016 1.14908
3.032 1.41753
3.048 0.971894
3.064 1.32424
3.08 1.60534
3.096 1.19394
3.112 0.920595
3.128 0.731869
3.144 1.35025
3.16 1.41731
3.176 0.87199
3.192 0.796104
3.208 1.13882
3.224 1.05282
3.24 1.8075
3.256 1.57542
3.272 0.948552
3.288 0.919189
3.304 0.950094
3.32 1.44209
3.336 0.833409
3.352 0.726257
3.368 0.740423
3.384 0.816031
3.4 0.913025
3.416 1.18412
3.432 0.909205
3.448 1.13492
3.464 0.649843
3.48 0.818531
3.496 1.18886
3.512 0.99058
3.528 1.06952
3.544 1.05832
3.56 1.1146
3.576 0.942238
3.592 0.959501
3.608 1.21465
3.624 0.940587
3.64 0.744701
3.656 0.869361
3.672 0.709679
3.688 1.10114
3.704 0.752706
3.72 0.754581
3.736 0.707418
3.752 0.820671
3.768 0.699108
3.784 1.07795
3.8 1.04711
3.816 0.986241
3.832 0.737256
3.848 1.35505
3.864 0.974588
3.88 0.516438
3.896 1.16558
3.912 0.633885
3.928 1.07283
3.944 0.867342
3.96 1.05373
3.976 0.808661
3.992 1.25178
4.008 1.09753
4.024 0.83137
4.04 0.68085
4.056 0.989721
4.072 1.21917
4.088 1.01505
4.104 1.06441
4.12 0.971672
4.136 1.27282
4.152 1.74864
4.168 1.01841
4.184 0.923434
4.2 1.29848
4.216 1.21401
4.232 0.81316
4.248 0.825711
4.264 0.942202
4.28 1.16444
4.296 1.30938
4.312 1.08829
4.328 1.02223
4.344 1.0469
4.36 1.09159
4.376 1.39988
4.392 1.1699
4.408 0.998379
4.424 1.27199
4.44 1.0277
4.456 1.04866
4.472 1.11498
4.488 0.842001
4.504 1.03205
4.52 0.827969
4.536 0.809867
4.552 0.583873
4.568 1.11958
4.584 0.863352
4.6 0.813405
4.616 0.696464
4.632 0.877678
4.648 1.28614
4.664 0.589707
4.68 1.32191
4.696 1.06773
4.712 0.975396
4.728 0.915885
4.744 0.865253
4.76 0.929464
4.776 1.18484
4.792 0.853202
4.808 0.948608
4.824 1.10751
4.84 0.720275
4.856 0.730863
4.872 0.998938
4.888 0.951249
4.904 0.805642
4.92 0.948009
4.936 1.37666
4.952 1.25429
4.968 0.807208
4.984 0.710948
5 0.840725
5.016 0.979515
5.032 0.865311
5.048 1.11583
5.064 0.98957
5.08 1.07813
5.096 0.954087
5.112 0.912338
5.128 1.02345
5.144 1.06996
5.16 0.997011
5.176 1.40332
5.192 1.4636
5.208 1.32636
5.224 1.40268
5.24 1.0349
5.256 1.07026
5.272 1.09686
5.288 1.30243
5.304 0.770552
5.32 0.925637
5.336 1.18329
5.352 1.04933
5.368 1.07761
5.384 0.902478
5.4 1.06949
5.416 1.0514
5.432 0.831882
5.448 1.03929
5.464 0.946314
5.48 1.01553
5.496 1.18391
5.512 0.878717
5.528 1.12542
5.544 1.07611
5.56 1.01346
5.576 0.709272
5.592 1.03954
5.608 0.776243
5.624 0.82759
5.64 0.995625
5.656 0.77634
5.672 0.728098
5.688 1.11478
5.704 1.3158
5.72 1.02909
5.736 0.952087
5.752 0.81605
5.768 0.92699
5.784 0.909029
5.8 0.833957
5.816 0.796672
5.832 0.981275
5.848 0.815013
5.864 1.38896
5.88 1.27482
5.896 0.785646
5.912 1.18564
5.928 1.02517
5.944 0.815784
5.96 1.22795
5.976 0.828494
5.992 0.859573
6.008 1.1119
6.024 1.04639
6.04 0.844626
6.056 0.522632
6.072 0.653226
6.088 0.865868
6.104 1.07945
6.12 0.968904
6.136 0.818448
6.152 1.49803
6.168 0.914531
6.184 0.953399
6.2 1.15508
6.216 0.830299
6.232 1.18357
6.248 0.875212
6.264 1.1165
6.28 1.45281
6.296 0.953436
6.312 1.06072
6.328 1.08763
6.344 0.90508
6.36 0.990413
6.376 1.25635
6.392 1.37718
6.408 1.01266
6.424 1.24537
6.44 1.44006
6.456 0.859561
6.472 0.911865
6.488 1.10705
6.504 0.853857
6.52 1.29068
6.536 1.23605
6.552 1.06767
6.568 0.749705
6.584 0.849647
6.6 1.02156
6.616 0.936776
6.632 0.714951
6.648 0.916239
6.664 0.772442
6.68 0.705755
6.696 0.726326
6.712 1.17113
6.728 0.881814
6.744 0.918525
6.76 1.08084
6.776 0.724663
6.792 1.21329
6.808 0.917198
6.824 0.95029
6.84 0.973598
6.856 1.11956
6.872 0.863618
6.888 1.24629
6.904 0.924148
6.92 0.899184
6.936 0.878995
6.952 0.632076
6.968 1.13397
6.984 0.882839
7 1.27587
7.016 0.685033
7.032 1.08319
7.048 0.782962
7.064 0.836145
7.08 1.05315
7.096 1.44421
7.112 0.970595
7.128 1.19041
7.144 1.11597
7.16 0.980317
7.176 1.09399
7.192 0.961645
7.208 0.994241
7.224 1.40844
7.24 0.961091
7.256 1.141
7.272 0.987648
7.288 0.965908
7.304 0.983509
7.32 1.46426
7.336 0.993627
7.352 1.06961
7.368 0.959024
7.384 0.927477
7.4 1.04328
7.416 0.750938
7.432 0.983607
7.448 0.801334
7.464 0.864685
7.48 1.20206
7.496 0.914988
7.512 1.05958
7.528 0.81728
7.544 0.956726
7.56 1.09366
7.576 0.977338
7.592 0.871563
7.608 0.878609
7.624 0.952912
7.64 1.12074
7.656 1.10782
7.672 0.75995
7.688 1.31606
7.704 0.802744
7.72 1.09176
7.736 1.02134
7.752 0.899454
7.768 1.25486
7.784 0.976777
7.8 0.831626
7.816 0.562437
7.832 1.11123
7.848 1.21529
7.864 0.841244
7.88 0.786863
7.896 0.684181
7.912 0.899348
7.928 0.779647
7.944 1.16311
7.96 1.40855
7.976 0.555156
7.992 0.871596
