0.0600444 0.00027191
0.0785196 0.000149189
0.11547 0.000317085
0.124708 0.000164957
0.161658 0.000748255
0.170896 0.00234577
0.180133 0.00291686
0.207846 0.00522989
0.226321 0.0101776
0.235559 0.0201874
0.244797 0.00625253
0.254034 0.01061
0.290985 0.0180513
0.30946 0.0159331
0.327935 0.0357962
0.337173 0.0345388
0.34641 0.0479721
0.355648 0.0752644
0.364885 0.0374684
0.374123 0.0150235
0.383361 0.0350219
0.401836 0.048794
0.411073 0.0682129
0.420311 0.0625752
0.438786 0.109588
0.448024 0.132002
0.457261 0.135388
0.466499 0.0875059
0.475737 0.0830063
0.494212 0.0981715
0.512687 0.135315
0.521925 0.165414
0.531162 0.131454
0.5404 0.0266865
0.549637 0.178521
0.568113 0.167264
0.57735 0.260324
0.586588 0.269842
0.595825 0.133445
0.605063 0.123004
0.614301 0.238576
0.623538 0.151246
0.632776 0.0980812
0.642013 0.191613
0.651251 0.179071
0.660489 0.184453
0.669726 0.492412
0.678964 0.224597
0.697439 0.139107
0.706677 0.161453
0.715914 0.304106
0.725152 0.511806
0.73439 0.507206
0.743627 0.437863
0.752865 0.601011
0.762102 0.325044
0.77134 0.319363
0.780578 0.309741
0.789815 0.477374
0.799053 0.404916
0.80829 0.448441
0.817528 0.331622
0.826766 0.550721
0.836003 0.216242
0.845241 0.239169
0.854478 0.375668
0.863716 0.272821
0.872954 0.884118
0.882191 0.61588
0.900666 1.27482
0.909904 1.11147
0.928379 1.14323
0.937617 1.50713
0.946854 0.678179
0.956092 2.4457
0.96533 1.97028
0.983805 1.72513
0.993042 2.06303
1.01152 1.11931
1.02076 0.881081
1.02999 1.03459
1.03923 1.02302
1.04847 0.775305
1.05771 1.74804
1.06694 0.835381
1.07618 1.10105
1.08542 2.0641
1.09466 1.40681
1.10389 1.18439
1.11313 1.558
1.12237 1.10762
1.13161 2.22114
1.14084 1.89198
1.15008 1.99213
1.15932 2.69681
1.16856 1.37272
1.17779 0.968452
1.18703 1.22744
1.20551 1.52834
1.21474 1.62659
1.22398 1.60791
1.23322 1.15484
1.24246 1.61033
1.2517 1.61627
1.26093 1.65878
1.27017 1.17064
1.27941 1.47236
1.28865 1.73587
1.29788 1.05671
1.30712 1.30182
1.31636 0.974614
1.3256 1.70246
1.33483 0.818209
1.34407 1.76113
1.35331 1.01987
1.36255 0.629985
1.37178 1.04102
1.38102 2.04634
1.39026 1.08037
1.3995 1.34274
1.40873 1.15888
1.41797 1.21336
1.42721 1.23193
1.43645 0.949333
1.44569 0.917557
1.45492 1.70214
1.46416 1.13012
1.4734 0.691483
1.48264 0.943994
1.49187 1.2306
1.50111 0.736819
1.51035 0.897938
1.51959 1.19665
1.52882 0.827007
1.53806 0.384088
1.5473 0.932075
1.55654 0.736037
1.56577 0.976942
1.57501 1.4901
1.58425 0.417202
1.59349 0.913641
1.60272 1.12128
1.61196 0.939706
1.6212 0.788925
1.63044 0.572158
1.63967 0.892036
1.64891 0.911141
1.65815 0.886796
1.66739 1.03552
1.67663 0.675228
1.68586 0.596456
1.6951 0.649691
1.70434 1.11246
1.71358 0.509238
1.72281 0.643475
1.73205 1.06986
1.74129 0.810798
1.75053 0.683819
1.75976 0.703138
1.769 0.652899
1.77824 0.906551
1.78748 0.740703
1.79671 0.693
1.80595 0.568336
1.81519 0.559274
1.82443 0.662854
1.83366 0.708427
1.8429 0.725675
1.85214 0.677477
1.86138 0.989421
1.87061 0.659721
1.87985 0.993839
1.88909 0.866199
1.89833 0.61045
1.90757 0.776084
1.9168 0.69471
1.92604 0.929103
1.93528 0.429612
1.94452 0.979032
1.95375 0.774336
1.96299 0.740595
1.97223 0.828005
1.98147 0.62127
1.9907 0.733272
1.99994 0.437864
2.00918 0.921263
2.01842 0.700466
2.02765 0.732766
2.03689 0.618296
2.04613 1.05479
2.05537 0.931383
2.0646 0.783265
2.07384 1.56553
2.08308 1.14611
2.09232 0.93694
2.10155 0.830769
2.11079 0.798875
2.12003 0.992358
2.12927 0.664506
2.13851 0.763852
2.14774 1.13608
2.15698 1.1759
2.16622 0.899708
2.17546 0.92029
2.18469 1.01616
2.19393 0.80909
2.20317 0.935947
2.21241 1.22933
2.22164 1.09953
2.23088 1.14385
2.24012 0.848088
2.24936 1.20636
2.25859 0.789402
2.26783 0.869253
2.27707 1.32558
2.28631 0.875622
2.29554 1.04692
2.30478 1.55205
2.31402 1.28778
2.32326 0.950828
2.3325 0.904124
2.34173 1.16537
2.35097 1.49751
2.36021 0.818079
2.36945 1.39065
2.37868 1.31864
2.38792 1.65475
2.39716 1.7933
2.4064 0.906971
2.41563 1.12156
2.42487 1.71626
2.43411 1.63068
2.44335 0.835053
2.45258 1.51741
2.46182 0.892
2.47106 1.25115
2.4803 1.79708
2.48953 1.56966
2.49877 1.244
2.50801 1.42015
2.51725 1.45937
2.52648 1.43078
2.53572 1.39883
2.54496 1.08605
2.5542 1.14138
2.56344 1.42811
2.57267 1.21891
2.58191 1.24125
2.59115 1.04129
2.60039 1.19088
2.60962 0.909978
2.61886 1.29058
2.6281 1.2394
2.63734 0.999346
2.64657 0.874895
2.65581 1.14741
2.66505 1.1727
2.67429 1.19788
2.68352 1.32969
2.69276 0.967674
2.702 1.45802
2.71124 1.82522
2.72047 0.830505
2.72971 0.974535
2.73895 1.10878
2.74819 0.901306
2.75742 0.939202
2.76666 0.684752
2.7759 0.950308
2.78514 0.807225
2.79438 0.848108
2.80361 0.566531
2.81285 1.12257
2.82209 0.632703
2.83133 0.707679
2.84056 0.665555
2.8498 0.700784
2.85904 1.07583
2.86828 0.822455
2.87751 1.07663
2.88675 0.801515
2.89599 1.02563
2.90523 0.68163
2.91446 0.56818
2.9237 0.869305
2.93294 0.827442
2.94218 0.50191
2.95141 0.815809
2.96065 0.541172
2.96989 0.727327
2.97913 0.810373
2.98836 0.249435
2.9976 0.680867
3.00684 0.813203
3.01608 0.658805
3.02532 0.646349
3.03455 0.650767
3.04379 0.630617
3.05303 0.808261
3.06227 0.439399
3.0715 0.716682
3.08074 0.992516
3.08998 0.707703
3.09922 0.678867
3.10845 0.795693
3.11769 1.2657
3.12693 0.661177
3.13617 0.641955
3.1454 0.673756
3.15464 0.656726
3.16388 0.787962
3.17312 0.82724
3.18235 0.785363
3.19159 0.632894
3.20083 0.753524
3.21007 0.562146
3.21931 0.949627
3.22854 0.912257
3.23778 0.798794
3.24702 0.748009
3.25626 0.939873
3.26549 1.07217
3.27473 1.06806
3.28397 0.801263
3.29321 0.879571
3.30244 1.06035
3.31168 0.915651
3.32092 1.23381
3.33016 0.879881
3.33939 0.909518
3.34863 0.936265
3.35787 0.877343
3.36711 1.22737
3.37634 1.15883
3.38558 1.25267
3.39482 0.970975
3.40406 0.826345
3.41329 1.34841
3.42253 1.63295
3.43177 1.03035
3.44101 1.13243
3.45025 1.0256
3.45948 1.13452
3.46872 1.2421
3.47796 1.20037
3.4872 1.13337
3.49643 0.864839
3.50567 0.628049
3.51491 1.17058
3.52415 1.57562
3.53338 1.42114
3.54262 1.31983
3.55186 1.73209
3.5611 1.48342
3.57033 1.50256
3.57957 1.82797
3.58881 1.21667
3.59805 1.63106
3.60728 1.42072
3.61652 1.26657
3.62576 1.04326
3.635 1.4554
3.64423 1.45409
3.65347 1.11242
3.66271 1.3123
3.67195 1.82814
3.68119 1.12644
3.69042 1.04763
3.69966 1.25187
3.7089 1.42578
3.71814 1.56242
3.72737 0.748885
3.73661 1.44374
3.74585 1.75502
3.75509 0.993662
3.76432 1.46687
3.77356 0.945862
3.7828 0.947982
3.79204 1.18001
3.80127 1.15847
3.81051 1.10263
3.81975 1.31732
3.82899 0.910754
3.83822 0.966423
3.84746 0.965211
3.8567 0.773559
3.86594 0.987245
3.87518 0.988047
3.88441 0.954067
3.89365 0.852762
3.90289 0.826684
3.91213 0.796606
3.92136 0.678818
3.9306 0.546572
3.93984 0.764093
3.94908 0.901051
3.95831 1.12288
3.96755 0.776688
3.97679 1.12429
3.98603 0.64137
3.99526 0.947976
4.0045 0.726091
4.01374 0.834716
4.02298 1.0282
4.03221 0.72536
4.04145 0.89933
4.05069 0.733049
4.05993 0.529574
4.06916 0.810011
4.0784 0.929487
4.08764 0.582973
4.09688 0.79632
4.10612 0.735973
4.11535 0.472667
4.12459 0.69914
4.13383 0.925734
4.14307 0.716854
4.1523 0.976353
4.16154 0.717625
4.17078 0.75579
4.18002 0.857407
4.18925 0.764174
4.19849 0.839947
4.20773 0.741142
4.21697 0.814676
4.2262 0.863496
4.23544 0.789055
4.24468 0.584093
4.25392 0.915977
4.26315 0.845265
4.27239 0.711284
4.28163 0.668586
4.29087 0.765574
4.3001 0.661591
4.30934 0.559631
4.31858 0.655236
4.32782 0.763745
4.33706 0.836766
4.34629 0.762401
4.35553 1.01474
4.36477 1.00929
4.37401 0.597567
4.38324 0.866033
4.39248 0.983032
4.40172 0.789158
4.41096 0.956855
4.42019 1.1844
4.42943 0.813608
4.43867 1.23185
4.44791 0.80535
4.45714 0.843148
4.46638 0.983586
4.47562 1.25246
4.48486 1.14828
4.49409 1.11686
4.50333 0.96229
4.51257 1.00148
4.52181 0.989712
4.53104 1.33589
4.54028 0.884108
4.54952 0.944908
4.55876 0.636321
4.568 1.11403
4.57723 1.14314
4.58647 1.27469
4.59571 1.42593
4.60495 1.11416
4.61418 0.949011
