0.104 0.0558038
0.136 0.136701
0.2 0.0306873
0.216 0.118174
0.28 0.11222
0.296 0.0705329
0.312 0.0429655
0.36 0.113381
0.392 0.124169
0.408 0.176018
0.424 0.237526
0.44 0.209813
0.504 0.22065
0.536 0.129051
0.568 0.243514
0.584 0.240658
0.6 0.108741
0.616 0.19516
0.632 0.138179
0.648 0.525802
0.664 0.204273
0.696 0.580721
0.712 0.637209
0.728 0.351974
0.76 0.309349
0.776 0.868625
0.792 0.608881
0.808 0.522182
0.824 0.845207
0.856 0.60049
0.888 0.743241
0.904 1.29429
0.92 0.611281
0.936 1.04748
0.952 1.44813
0.984 0.535267
1 0.999749
1.016 0.720496
1.032 0.445364
1.048 0.802803
1.064 1.70095
1.08 1.51043
1.096 1.78317
1.112 1.43919
1.128 1.40038
1.144 1.09165
1.16 1.29386
1.176 1.07946
1.208 1.74255
1.224 1.78488
1.24 1.00802
1.256 1.37422
1.272 1.33663
1.288 2.62298
1.304 1.62095
1.32 2.39282
1.336 2.07662
1.352 0.330812
1.368 1.41072
1.384 2.07586
1.4 0.808517
1.416 1.06362
1.432 0.887199
1.448 0.524861
1.464 0.673144
1.48 1.33503
1.496 1.0442
1.512 0.494329
1.528 0.453598
1.56 0.952188
1.576 0.851664
1.608 0.914532
1.624 0.727904
1.64 0.879828
1.656 1.06037
1.672 0.88926
1.704 0.878528
1.72 0.784582
1.752 1.00237
1.768 0.894378
1.784 1.2728
1.8 0.669796
1.816 0.934033
1.832 0.52869
1.848 0.895117
1.864 0.695858
1.88 1.14795
1.896 1.03888
1.912 0.556864
1.928 0.95764
1.944 0.416874
1.96 0.377076
1.976 0.651925
1.992 0.474538
2.008 1.0694
2.024 0.710258
2.04 0.884311
2.056 0.822648
2.088 0.348777
2.104 0.822432
2.12 1.11411
2.136 0.75185
2.152 1.07678
2.168 1.24342
2.184 0.484634
2.2 1.32474
2.216 0.892051
2.232 1.21386
2.248 1.34762
2.264 0.924696
2.28 0.625016
2.296 0.960434
2.312 1.09354
2.328 1.08828
2.344 0.728856
2.36 0.927816
2.376 1.13709
2.392 0.922363
2.408 1.12186
2.424 1.44631
2.44 1.68978
2.456 2.33585
2.472 0.950191
2.488 1.05668
2.504 1.52517
2.52 1.17117
2.536 0.624526
2.552 0.712221
2.568 0.667641
2.584 0.94227
2.6 1.18626
2.616 0.943828
2.632 0.67205
2.648 1.09436
2.664 1.09884
2.68 0.721818
2.696 1.36677
2.712 1.46449
2.728 0.935001
2.744 1.41828
2.76 0.575435
2.776 0.831344
2.792 0.634871
2.808 1.66529
2.824 0.959196
2.84 0.528651
2.856 1.31306
2.872 0.45464
2.888 0.563615
2.904 0.803417
2.92 0.976678
2.936 0.987857
2.952 0.692042
2.968 0.572325
2.984 0.901089
3 0.656852
3.016 1.53127
3.032 0.945121
3.048 1.02706
3.064 0.520384
3.08 0.94741
3.096 0.775552
3.112 0.87064
3.128 0.914271
3.144 0.925504
3.16 1.58024
3.176 0.74192
3.192 0.658085
3.208 0.773133
3.224 1.08519
3.24 0.578032
3.256 1.27265
3.272 1.01332
3.288 1.32394
3.304 1.0349
3.32 1.02875
3.336 1.12996
3.352 0.900684
3.368 1.12199
3.384 0.91244
3.4 1.22115
3.416 1.11854
3.432 1.68157
3.448 0.780854
3.464 0.908429
3.48 1.24692
3.496 0.971516
3.512 0.8357
3.528 0.899892
3.544 1.08876
3.56 0.32852
3.576 1.6589
3.592 1.2599
3.608 1.24656
3.624 0.565103
3.64 1.41326
3.656 2.11815
3.672 1.02601
3.688 1.14773
3.704 1.33101
3.72 0.990976
3.736 0.930059
3.752 0.724033
3.768 0.810527
3.784 0.745039
3.8 0.88518
3.816 0.580036
3.832 0.768564
3.848 1.193
3.864 0.786711
3.88 1.19259
3.896 0.959641
3.912 1.23982
3.928 0.902298
3.944 1.14627
3.96 1.08982
3.976 0.98779
3.992 0.574313
4.008 0.714585
4.024 1.03494
4.04 0.87945
4.056 1.20849
4.072 1.10044
4.088 0.799452
4.104 0.770069
4.12 0.692773
4.136 0.953537
4.152 1.00582
4.168 0.738249
4.184 1.29488
4.2 1.16861
4.216 1.05034
4.232 1.44668
4.248 1.26514
4.264 0.333402
4.28 0.986542
4.296 0.916654
4.312 1.00129
4.328 0.802745
4.344 0.825501
4.36 1.4116
4.376 0.715792
4.392 1.20964
4.408 1.18175
4.424 1.10871
4.44 0.860631
4.456 0.990613
4.472 0.884823
4.488 0.910606
4.504 0.572723
4.52 0.877095
4.536 0.838184
4.552 0.681061
4.568 1.11544
4.584 1.34968
4.6 1.08897
4.616 0.950472
4.632 0.942573
4.648 1.5662
4.664 1.28467
4.68 0.821848
4.696 1.29571
4.712 0.939888
4.728 0.89552
4.744 1.16121
4.76 1.11729
4.776 0.815815
4.792 1.0868
4.808 1.07642
4.824 0.717257
4.84 1.10104
4.856 0.960838
4.872 0.819658
4.888 1.14323
4.904 1.36319
4.92 0.737313
4.936 1.60318
4.952 0.725971
4.968 1.10388
4.984 0.677026
5 0.855856
5.016 0.920018
5.032 0.845557
5.048 0.971413
5.064 1.14142
5.08 1.10832
5.096 0.879654
5.112 0.89638
5.128 0.994774
5.144 1.06968
5.16 1.19855
5.176 0.676108
5.192 0.898199
5.208 0.971134
5.224 1.0898
5.24 0.952994
5.256 1.01417
5.272 0.533437
5.288 0.984376
5.304 0.701258
5.32 0.806594
5.336 0.770958
5.352 0.897279
5.368 1.08903
5.384 1.11667
5.4 0.82629
5.416 1.05091
5.432 1.35778
5.448 0.979183
5.464 1.29742
5.48 0.908789
5.496 1.17999
5.512 0.621903
5.528 0.781805
5.544 0.736206
5.56 0.955611
5.576 1.59425
5.592 1.08235
5.608 0.935979
5.624 1.26629
5.64 1.00585
5.656 0.900009
5.672 1.39453
5.688 0.810919
5.704 1.27566
5.72 1.19204
5.736 0.783704
5.752 1.19558
5.768 1.30965
5.784 1.09276
5.8 1.12321
5.816 0.659376
5.832 0.906206
5.848 0.883745
5.864 0.862634
5.88 1.13329
5.896 0.723061
5.912 1.17407
5.928 0.980744
5.944 1.21874
5.96 0.878911
5.976 1.00224
5.992 1.04979
6.008 1.13127
6.024 0.987616
6.04 1.06449
6.056 1.59833
6.072 1.20518
6.088 0.74447
6.104 0.950721
6.12 0.932876
6.136 0.850386
6.152 1.02663
6.168 1.13627
6.184 0.946704
6.2 1.14189
6.216 0.69898
6.232 0.987467
6.248 0.772223
6.264 1.07798
6.28 0.734067
6.296 1.08406
6.312 1.08756
6.328 0.965744
6.344 0.779967
6.36 0.993947
6.376 0.935187
6.392 0.667535
6.408 0.723573
6.424 0.843257
6.44 1.02141
6.456 1.09934
6.472 0.780445
6.488 0.870444
6.504 1.09674
6.52 1.64498
6.536 0.976255
6.552 0.879174
6.568 0.885936
6.584 1.19477
6.6 1.16177
6.616 0.787519
6.632 1.33132
6.648 1.06207
6.664 0.951258
6.68 0.947543
6.696 1.02695
6.712 0.712631
6.728 1.0705
6.744 1.16561
6.76 0.980126
6.776 1.15744
6.792 0.835545
6.808 1.07173
6.824 0.814218
6.84 0.902589
6.856 1.09567
6.872 0.888673
6.888 1.31354
6.904 0.928334
6.92 1.27797
6.936 1.15726
6.952 0.845412
6.968 0.902002
6.984 1.19893
7 0.735889
7.016 0.897689
7.032 0.843415
7.048 0.911587
7.064 0.934268
7.08 0.894826
7.096 1.1922
7.112 0.79599
7.128 1.02322
7.144 1.13715
7.16 1.05516
7.176 1.62778
7.192 1.18422
7.208 0.888645
7.224 1.00933
7.24 0.745867
7.256 1.17714
7.272 1.12032
7.288 0.999167
7.304 1.0223
7.32 1.17218
7.336 1.12887
7.352 1.18491
7.368 0.732239
7.384 0.842862
7.4 1.12175
7.416 1.09642
7.432 0.877942
7.448 0.882347
7.464 0.905888
7.48 0.984686
7.496 0.863593
7.512 0.945733
7.528 0.842974
7.544 1.05325
7.56 0.822087
7.576 0.997332
7.592 1.0123
7.608 1.0921
7.624 0.868148
7.64 0.957626
7.656 0.895249
7.672 0.798673
7.688 0.939899
7.704 1.0972
7.72 1.20954
7.736 1.2622
7.752 0.960072
7.768 1.26937
7.784 1.29384
7.8 1.09418
7.816 1.02911
7.832 1.10426
7.848 1.01749
7.864 1.34456
7.88 1.10292
7.896 0.57635
7.912 1.15453
7.928 0.907801
7.944 1.19213
7.96 1.34675
7.976 0.810304
7.992 0.875738
