0.0431094 0.302318
0.0563738 0.134552
0.0829027 0.209404
0.0895349 0.0767708
0.116064 0.0217165
0.122696 0.220591
0.129328 0.0610875
0.149225 0.0513981
0.162489 0.277863
0.169121 0.0866675
0.175754 0.0039541
0.182386 0.0537919
0.208915 0.128164
0.222179 0.0269172
0.235444 0.0149433
0.242076 0.0493803
0.248708 0.274498
0.25534 0.0500654
0.261972 0.0639321
0.268605 0.0540953
0.275237 0.100749
0.288501 0.25068
0.295133 0.0486402
0.301766 0.0494389
0.31503 0.0440246
0.321662 0.0663834
0.328295 0.280375
0.334927 0.0504807
0.341559 0.0558153
0.354823 0.0736667
0.368088 0.0481641
0.37472 0.216885
0.381352 0.0733714
0.387984 0.09249
0.394617 0.0723151
0.407881 0.0307487
0.414513 0.16233
0.421146 0.0393047
0.427778 0.0544278
0.43441 0.0348515
0.441042 0.0239624
0.447674 0.0712667
0.454307 0.605578
0.460939 0.0781878
0.467571 0.0564049
0.474203 0.0402319
0.480835 0.107781
0.487468 0.0200926
0.500732 0.162446
0.507364 0.14855
0.513997 0.04077
0.520629 0.0709815
0.527261 0.159893
0.533893 0.222514
0.540525 0.244955
0.547158 0.271107
0.55379 0.22757
0.560422 0.111669
0.567054 0.230587
0.573686 0.0598024
0.580319 0.300222
0.586951 0.183358
0.593583 0.344333
0.600215 0.173214
0.606848 0.151844
0.61348 0.458575
0.620112 0.349088
0.626744 0.843198
0.633376 0.352634
0.646641 0.623419
0.653273 0.605062
0.666537 0.923028
0.67317 1.21925
0.679802 1.77928
0.686434 1.35073
0.693066 1.15835
0.706331 0.856669
0.712963 0.565175
0.726227 1.08503
0.73286 0.991735
0.739492 0.666378
0.746124 0.853264
0.752756 1.31532
0.759388 0.93626
0.766021 0.538398
0.772653 0.513435
0.779285 1.01267
0.785917 0.910046
0.792549 1.40984
0.799182 1.14891
0.805814 1.01521
0.812446 1.17078
0.819078 1.0579
0.825711 0.806121
0.832343 0.714296
0.838975 1.0245
0.845607 0.66755
0.852239 0.690545
0.865504 0.4165
0.872136 0.637507
0.878768 0.60278
0.8854 0.389897
0.892033 0.470508
0.898665 0.337749
0.905297 0.611714
0.911929 0.606197
0.918562 0.436695
0.925194 0.671699
0.931826 0.51215
0.938458 0.387995
0.94509 0.287219
0.951723 0.304476
0.958355 0.255656
0.964987 0.586322
0.971619 0.352421
0.978251 0.307192
0.984884 0.406808
0.991516 0.250793
0.998148 0.414437
1.00478 0.36062
1.01141 0.628152
1.01804 0.357942
1.02468 1.0253
1.03131 0.369813
1.03794 0.563277
1.04457 0.541877
1.05121 0.385866
1.05784 0.568603
1.06447 1.00861
1.0711 0.19444
1.07773 0.950786
1.08437 0.337227
1.091 0.392422
1.09763 0.652313
1.10426 0.7662
1.1109 1.59661
1.11753 0.847759
1.12416 0.557676
1.13079 1.11975
1.13742 1.03657
1.14406 0.970908
1.15069 0.719188
1.15732 1.29216
1.16395 0.638278
1.17059 1.13883
1.17722 1.91074
1.18385 1.00543
1.19048 0.879988
1.19711 0.735693
1.20375 0.981082
1.21038 1.19179
1.21701 0.840171
1.22364 1.69486
1.23028 1.25401
1.23691 1.35031
1.24354 1.76817
1.25017 1.08557
1.2568 0.970486
1.26344 1.4031
1.27007 1.30468
1.2767 1.01164
1.28333 2.71454
1.28997 1.50779
1.2966 1.10587
1.30323 2.2516
1.30986 1.28391
1.31649 2.55532
1.32313 0.773048
1.32976 1.82264
1.33639 2.28552
1.34302 1.66858
1.34966 1.41377
1.35629 1.54003
1.36292 1.85954
1.36955 2.28707
1.37618 1.84726
1.38282 2.50866
1.38945 1.52129
1.39608 2.52413
1.40271 1.47794
1.40935 1.23493
1.41598 2.10033
1.42261 1.23419
1.42924 1.38462
1.43587 1.3466
1.44251 1.69208
1.44914 1.704
1.45577 1.94327
1.4624 1.57707
1.46904 2.29243
1.47567 1.79933
1.4823 1.06893
1.48893 1.31284
1.49556 1.49694
1.5022 2.08183
1.50883 1.62741
1.51546 0.875421
1.52209 1.92155
1.52873 1.51412
1.53536 1.53839
1.54199 1.67862
1.54862 0.704847
1.55525 1.00234
1.56189 1.29145
1.56852 1.16985
1.57515 0.992185
1.58178 0.744336
1.58842 1.05764
1.59505 1.24353
1.60168 1.43794
1.60831 1.01145
1.61494 0.972711
1.62158 0.647648
1.62821 1.02705
1.63484 1.05031
1.64147 0.674963
1.64811 0.830506
1.65474 0.532862
1.66137 0.717528
1.668 0.856092
1.67463 0.843341
1.68127 0.837892
1.6879 0.718751
1.69453 0.65383
1.70116 0.653722
1.70779 0.734323
1.71443 0.684567
1.72106 0.539813
1.72769 0.566955
1.73432 0.52636
1.74096 0.498248
1.74759 0.670825
1.75422 0.83227
1.76085 0.606452
1.76748 0.373716
1.77412 0.580478
1.78075 0.551459
1.78738 0.631896
1.79401 0.290922
1.80065 0.572474
1.80728 0.3695
1.81391 0.713874
1.82054 0.49689
1.82717 0.561548
1.83381 0.319571
1.84044 0.530082
1.84707 0.809196
1.8537 0.621657
1.86034 0.600137
1.86697 0.633941
1.8736 0.690362
1.88023 0.560402
1.88686 0.632742
1.8935 0.561101
1.90013 0.544305
1.90676 0.712444
1.91339 0.730564
1.92003 0.674982
1.92666 0.50419
1.93329 0.645542
1.93992 0.826755
1.94655 0.877879
1.95319 0.652998
1.95982 0.796403
1.96645 0.841717
1.97308 0.642643
1.97972 0.829204
1.98635 0.954322
1.99298 0.749534
1.99961 0.93569
2.00624 0.971779
2.01288 0.627664
2.01951 0.96373
2.02614 0.888488
2.03277 0.751526
2.03941 0.821008
2.04604 0.689858
2.05267 0.691862
2.0593 1.00661
2.06593 0.741363
2.07257 0.991966
2.0792 0.800371
2.08583 0.664207
2.09246 0.972731
2.0991 1.07332
2.10573 1.15536
2.11236 0.881143
2.11899 0.686625
2.12562 1.13574
2.13226 0.801108
2.13889 1.04367
2.14552 0.999935
2.15215 0.922365
2.15879 1.13079
2.16542 1.14636
2.17205 1.04081
2.17868 1.0018
2.18531 1.33069
2.19195 1.20992
2.19858 0.942543
2.20521 0.949107
2.21184 1.19243
2.21848 1.24896
2.22511 0.957991
2.23174 0.976789
2.23837 1.17887
2.245 0.945515
2.25164 0.794156
2.25827 1.43425
2.2649 0.966751
2.27153 0.940974
2.27817 1.29193
2.2848 1.35891
2.29143 1.36306
2.29806 1.00546
2.30469 1.05649
2.31133 1.0278
2.31796 1.11231
2.32459 0.995862
2.33122 0.940199
2.33786 1.0867
2.34449 1.27791
2.35112 1.12243
2.35775 0.894756
2.36438 0.961648
2.37102 1.00322
2.37765 0.987679
2.38428 1.02923
2.39091 0.894341
2.39755 1.19789
2.40418 1.34678
2.41081 0.786836
2.41744 1.15558
2.42407 0.773671
2.43071 1.13069
2.43734 0.953184
2.44397 0.988335
2.4506 1.01684
2.45724 1.09428
2.46387 0.868815
2.4705 1.2375
2.47713 1.19776
2.48376 1.59723
2.4904 1.10876
2.49703 1.03637
2.50366 0.976098
2.51029 0.652161
2.51692 1.24367
2.52356 1.1225
2.53019 1.01008
2.53682 1.00459
2.54345 1.00077
2.55009 1.25664
2.55672 1.01566
2.56335 0.855967
2.56998 1.34153
2.57661 1.03353
2.58325 1.18707
2.58988 0.877532
2.59651 0.992978
2.60314 1.13074
2.60978 1.31996
2.61641 1.12974
2.62304 1.18615
2.62967 1.21729
2.6363 0.996768
2.64294 1.38247
2.64957 1.05765
2.6562 0.99383
2.66283 1.26459
2.66947 0.899537
2.6761 1.22325
2.68273 1.31203
2.68936 1.01046
2.69599 1.44278
2.70263 1.25876
2.70926 0.926795
2.71589 1.0091
2.72252 1.07899
2.72916 0.924949
2.73579 1.04457
2.74242 0.697622
2.74905 1.37021
2.75568 1.32046
2.76232 0.810284
2.76895 0.685598
2.77558 1.39612
2.78221 0.83266
2.78885 0.986326
2.79548 0.949732
2.80211 0.908578
2.80874 0.733405
2.81537 1.36641
2.82201 1.14801
2.82864 1.62403
2.83527 1.22437
2.8419 0.95977
2.84854 0.845032
2.85517 0.925049
2.8618 1.11137
2.86843 1.1395
2.87506 1.01515
2.8817 1.38557
2.88833 1.04003
2.89496 1.06455
2.90159 1.03713
2.90823 0.868062
2.91486 1.05009
2.92149 0.704618
2.92812 0.855377
2.93475 0.956695
2.94139 0.837518
2.94802 0.952508
2.95465 1.2938
2.96128 0.743977
2.96792 1.2564
2.97455 0.953135
2.98118 1.35625
2.98781 1.09581
2.99444 0.849756
3.00108 1.0415
3.00771 0.811135
3.01434 0.658242
3.02097 1.11768
3.02761 1.11126
3.03424 0.921786
3.04087 0.678883
3.0475 1.1498
3.05413 0.779463
3.06077 0.87378
3.0674 0.956662
3.07403 0.918209
3.08066 0.883002
3.0873 0.996647
3.09393 1.31251
3.10056 0.739975
3.10719 1.01001
3.11382 0.994536
3.12046 1.13947
3.12709 0.893179
3.13372 0.880475
3.14035 1.06638
3.14699 0.993165
3.15362 1.15793
3.16025 1.05712
3.16688 1.17452
3.17351 0.874086
3.18015 1.22132
3.18678 0.833864
3.19341 1.27579
3.20004 0.754435
3.20668 1.14218
3.21331 1.28946
3.21994 0.871821
3.22657 1.05182
3.2332 0.871275
3.23984 1.1725
3.24647 0.677264
3.2531 0.835655
3.25973 0.748744
3.26637 0.884856
3.273 1.19672
3.27963 1.16351
3.28626 0.680886
3.29289 0.654734
3.29953 0.998004
3.30616 1.01774
3.31279 0.921884
