0.104 0.000116059
0.136 0.000107562
0.2 0.000571427
0.216 0.000638721
0.28 0.00113005
0.296 0.00440561
0.312 0.00657484
0.36 0.0236705
0.392 0.00644041
0.408 0.0148007
0.424 0.0129768
0.44 0.0179388
0.504 0.00873585
0.536 0.0148424
0.568 0.0338337
0.584 0.0676219
0.6 0.0535145
0.616 0.0324652
0.632 0.239234
0.648 0.0644471
0.664 0.0630447
0.696 0.281964
0.712 0.068577
0.728 0.0999528
0.76 0.138993
0.776 0.206493
0.792 0.178067
0.808 0.447671
0.824 0.407137
0.856 0.68728
0.888 1.07504
0.904 1.53718
0.92 2.08104
0.936 1.68565
0.952 1.06804
0.984 1.0603
1 2.34058
1.016 0.61204
1.032 2.18782
1.048 1.41219
1.064 0.520509
1.08 2.14946
1.096 0.150743
1.112 2.25518
1.128 2.72827
1.144 2.60532
1.16 4.35911
1.176 2.74027
1.208 1.62605
1.224 1.71444
1.24 0.919596
1.256 0.547171
1.272 0.400698
1.288 0.780926
1.304 0.80785
1.32 0.740715
1.336 1.23803
1.352 0.878483
1.368 1.1917
1.384 0.746804
1.4 0.505878
1.416 0.706368
1.432 0.561038
1.448 0.415641
1.464 0.140692
1.48 0.791659
1.496 0.346967
1.512 0.813141
1.528 0.987549
1.56 0.632496
1.576 0.468386
1.608 0.535076
1.624 0.408443
1.64 0.495351
1.656 0.504224
1.672 0.93564
1.704 0.525278
1.72 0.409265
1.752 0.63375
1.768 1.11883
1.784 0.589303
1.8 0.827014
1.816 1.27102
1.832 0.561094
1.848 0.630679
1.864 0.68552
1.88 1.07536
1.896 0.904418
1.912 1.04876
1.928 1.36357
1.944 1.09746
1.96 0.995058
1.976 1.33044
1.992 1.25878
2.008 1.63499
2.024 1.32396
2.04 0.721211
2.056 1.49573
2.088 1.01144
2.104 1.92569
2.12 0.91029
2.136 1.16892
2.152 1.05716
2.168 0.80691
2.184 1.66708
2.2 1.21711
2.216 1.24164
2.232 2.61658
2.248 1.62419
2.264 1.46663
2.28 1.11005
2.296 0.598268
2.312 1.07433
2.328 0.905355
2.344 1.05109
2.36 1.35543
2.376 0.762059
2.392 0.370962
2.408 0.851611
2.424 0.801839
2.44 0.869543
2.456 0.528006
2.472 0.873697
2.488 0.388768
2.504 0.80075
2.52 0.529632
2.536 0.953969
2.552 1.36832
2.568 0.635596
2.584 0.357043
2.6 0.687894
2.616 0.680227
2.632 0.690648
2.648 0.38428
2.664 0.94574
2.68 0.563856
2.696 1.02684
2.712 1.29244
2.728 0.60277
2.744 1.07659
2.76 0.450362
2.776 1.11392
2.792 0.982729
2.808 1.04835
2.824 0.873477
2.84 1.20179
2.856 0.863821
2.872 0.652863
2.888 0.706513
2.904 0.889489
2.92 1.07923
2.936 1.19497
2.952 0.930389
2.968 1.87577
2.984 1.51043
3 0.960959
3.016 0.92201
3.032 0.824577
3.048 0.908271
3.064 1.27536
3.08 1.20236
3.096 1.32319
3.112 1.22839
3.128 1.19795
3.144 1.39806
3.16 1.03687
3.176 1.25298
3.192 1.80588
3.208 1.02027
3.224 0.987576
3.24 0.892709
3.256 0.783551
3.272 0.632378
3.288 1.90449
3.304 1.16671
3.32 1.02259
3.336 1.28674
3.352 0.451218
3.368 0.891767
3.384 1.00417
3.4 1.26531
3.416 0.884094
3.432 1.92966
3.448 0.875959
3.464 0.64559
3.48 0.677931
3.496 1.00836
3.512 0.8264
3.528 1.37699
3.544 1.27965
3.56 0.43113
3.576 0.650081
3.592 0.666965
3.608 0.81481
3.624 1.19912
3.64 0.647211
3.656 0.907183
3.672 0.954175
3.688 0.729401
3.704 0.716761
3.72 0.950465
3.736 0.547353
3.752 0.786694
3.768 0.796252
3.784 0.544024
3.8 1.21817
3.816 0.869587
3.832 0.557528
3.848 0.692423
3.864 1.07227
3.88 1.03736
3.896 1.31458
3.912 0.89955
3.928 1.02545
3.944 1.1153
3.96 0.799161
3.976 0.943047
3.992 0.739625
4.008 1.1136
4.024 1.12305
4.04 1.41252
4.056 1.09432
4.072 1.44779
4.088 1.30015
4.104 1.00026
4.12 0.99107
4.136 1.34068
4.152 1.39768
4.168 1.0836
4.184 1.24067
4.2 1.29578
4.216 0.64751
4.232 1.19694
4.248 1.01398
4.264 0.625463
4.28 1.11173
4.296 1.28768
4.312 1.4123
4.328 0.864205
4.344 1.03529
4.36 0.784061
4.376 1.30045
4.392 0.916688
4.408 0.794395
4.424 1.00589
4.44 1.07774
4.456 0.732059
4.472 1.0391
4.488 0.812028
4.504 1.00815
4.52 0.949176
4.536 0.468735
4.552 0.985865
4.568 0.92178
4.584 0.673437
4.6 0.970628
4.616 0.640949
4.632 1.02515
4.648 1.32916
4.664 0.951553
4.68 0.951664
4.696 0.857811
4.712 1.25132
4.728 1.29853
4.744 0.833356
4.76 0.988151
4.776 0.897974
4.792 1.14093
4.808 0.986122
4.824 0.836237
4.84 0.930419
4.856 0.757514
4.872 0.870375
4.888 0.813134
4.904 1.21737
4.92 1.39437
4.936 1.11005
4.952 1.32839
4.968 1.19916
4.984 0.983792
5 1.07696
5.016 0.877702
5.032 1.19871
5.048 0.779515
5.064 0.855159
5.08 0.856342
5.096 0.941965
5.112 0.939449
5.128 0.638256
5.144 1.15396
5.16 1.36791
5.176 1.12858
5.192 0.866629
5.208 1.19194
5.224 0.93433
5.24 0.961673
5.256 1.14046
5.272 0.819737
5.288 1.01247
5.304 1.12267
5.32 0.971402
5.336 0.939623
5.352 1.21676
5.368 1.08992
5.384 0.600815
5.4 0.925946
5.416 0.909593
5.432 0.551448
5.448 0.913336
5.464 1.07286
5.48 0.98733
5.496 1.00514
5.512 1.0299
5.528 0.880863
5.544 0.974042
5.56 1.10702
5.576 1.18934
5.592 0.871563
5.608 1.36152
5.624 0.935346
5.64 0.815583
5.656 0.971478
5.672 0.855363
5.688 1.03113
5.704 1.24897
5.72 0.823854
5.736 0.971034
5.752 1.23843
5.768 1.38129
5.784 0.822148
5.8 1.15955
5.816 1.25038
5.832 0.872538
5.848 0.863337
5.864 1.02823
5.88 0.815609
5.896 0.916603
5.912 1.24568
5.928 0.847677
5.944 1.08141
5.96 1.03258
5.976 1.02024
5.992 0.707849
6.008 0.971178
6.024 1.0686
6.04 0.948605
6.056 1.03072
6.072 1.22816
6.088 0.911031
6.104 1.03959
6.12 0.903636
6.136 0.932975
6.152 0.921256
6.168 0.987685
6.184 1.16688
6.2 0.870318
6.216 1.0468
6.232 1.05733
6.248 0.774053
6.264 0.819679
6.28 0.828732
6.296 0.879887
6.312 1.01411
6.328 1.10949
6.344 1.01495
6.36 1.08285
6.376 0.869965
6.392 1.16267
6.408 0.922105
6.424 0.957682
6.44 0.744523
6.456 0.91917
6.472 1.13904
6.488 1.06101
6.504 0.770853
6.52 0.967558
6.536 1.43692
6.552 1.25165
6.568 1.42387
6.584 0.907297
6.6 0.893188
6.616 1.03172
6.632 1.23887
6.648 0.856334
6.664 0.981134
6.68 0.882645
6.696 0.837346
6.712 1.20001
6.728 1.12182
6.744 0.774255
6.76 1.13233
6.776 0.680044
6.792 1.41245
6.808 0.995514
6.824 1.26114
6.84 1.00319
6.856 1.18517
6.872 0.812366
6.888 1.08427
6.904 1.18114
6.92 0.840473
6.936 0.888003
6.952 0.974421
6.968 0.921691
6.984 1.0297
7 1.03803
7.016 1.08213
7.032 0.992636
7.048 0.75243
7.064 0.964517
7.08 0.903719
7.096 1.20323
7.112 1.08545
7.128 1.13078
7.144 0.887589
7.16 0.748846
7.176 1.36593
7.192 0.887604
7.208 0.755287
7.224 1.06747
7.24 0.987637
7.256 1.10816
7.272 0.970649
7.288 1.06435
7.304 1.15369
7.32 1.02284
7.336 0.609878
7.352 1.27009
7.368 0.927585
7.384 0.752144
7.4 1.02726
7.416 0.781606
7.432 0.910698
7.448 1.0777
7.464 0.783508
7.48 1.18947
7.496 0.979052
7.512 0.855782
7.528 1.27696
7.544 0.977312
7.56 1.24262
7.576 0.775531
7.592 1.15626
7.608 0.850793
7.624 0.807625
7.64 0.934052
7.656 1.01471
7.672 0.999242
7.688 1.31686
7.704 1.19291
7.72 0.963595
7.736 0.919433
7.752 0.695325
7.768 1.2994
7.784 0.988369
7.8 0.781474
7.816 1.28393
7.832 1.28148
7.848 0.916207
7.864 0.901957
7.88 0.965667
7.896 0.924207
7.912 0.946336
7.928 1.1711
7.944 1.25425
7.96 0.922352
7.976 1.00734
7.992 0.984579
