0.0600444 0.0933204
0.0785196 0.0760391
0.11547 0.0688717
0.124708 0.0813759
0.161658 0.0359985
0.170896 0.0420332
0.180133 0.1023
0.207846 0.0581146
0.226321 0.211878
0.235559 0.105116
0.244797 0.057917
0.254034 0.0856642
0.290985 0.109618
0.30946 0.109403
0.327935 0.0260296
0.337173 0.101772
0.34641 0.0563532
0.355648 0.116658
0.364885 0.0389322
0.374123 0.199772
0.383361 0.10982
0.401836 0.276181
0.411073 0.238627
0.420311 0.134621
0.438786 0.17814
0.448024 0.316984
0.457261 0.456295
0.466499 0.111242
0.475737 0.420772
0.494212 0.250408
0.512687 0.215916
0.521925 0.328609
0.531162 0.237819
0.5404 0.28617
0.549637 0.337112
0.568113 0.311865
0.57735 0.467193
0.586588 0.392284
0.595825 0.276921
0.605063 0.392527
0.614301 0.352157
0.623538 0.37313
0.632776 0.790235
0.642013 0.339746
0.651251 0.358376
0.660489 0.392962
0.669726 0.484177
0.678964 0.390663
0.697439 0.439661
0.706677 0.786299
0.715914 0.730005
0.725152 0.310281
0.73439 0.729931
0.743627 0.182167
0.752865 1.06709
0.762102 0.674609
0.77134 0.652324
0.780578 0.272274
0.789815 0.423699
0.799053 0.671793
0.80829 0.803479
0.817528 0.955915
0.826766 1.12004
0.836003 0.961356
0.845241 1.2931
0.854478 0.940223
0.863716 0.530303
0.872954 1.4115
0.882191 1.0253
0.900666 0.540766
0.909904 1.71696
0.928379 0.760857
0.937617 1.22266
0.946854 0.284698
0.956092 0.577085
0.96533 0.395358
0.983805 0.892344
0.993042 0.860556
1.01152 1.66491
1.02076 1.70287
1.02999 0.992156
1.03923 1.07182
1.04847 0.800647
1.05771 0.598045
1.06694 1.32444
1.07618 1.17458
1.08542 1.43871
1.09466 1.23877
1.10389 1.74115
1.11313 1.31999
1.12237 0.522938
1.13161 1.51279
1.14084 0.910352
1.15008 1.10888
1.15932 0.979995
1.16856 1.30081
1.17779 2.37433
1.18703 0.832376
1.20551 0.781198
1.21474 1.22714
1.22398 1.19234
1.23322 0.661959
1.24246 1.28897
1.2517 1.06554
1.26093 1.15113
1.27017 1.07422
1.27941 1.34379
1.28865 0.897538
1.29788 1.22617
1.30712 0.681214
1.31636 1.05301
1.3256 0.500389
1.33483 0.804181
1.34407 0.860356
1.35331 0.320406
1.36255 1.07024
1.37178 1.14238
1.38102 0.379892
1.39026 0.81104
1.3995 1.42864
1.40873 1.65357
1.41797 1.73417
1.42721 0.82046
1.43645 0.762502
1.44569 1.34131
1.45492 0.943195
1.46416 0.520562
1.4734 1.09278
1.48264 0.78749
1.49187 1.18963
1.50111 0.971674
1.51035 0.923289
1.51959 1.14503
1.52882 1.03389
1.53806 1.19901
1.5473 1.1038
1.55654 1.38069
1.56577 1.12741
1.57501 0.684479
1.58425 1.54662
1.59349 0.626175
1.60272 0.990078
1.61196 0.47408
1.6212 1.77489
1.63044 0.862638
1.63967 0.779498
1.64891 1.08466
1.65815 0.89556
1.66739 0.352918
1.67663 0.875844
1.68586 0.982663
1.6951 0.960184
1.70434 1.06352
1.71358 0.910439
1.72281 1.09695
1.73205 1.06712
1.74129 1.44353
1.75053 1.92662
1.75976 0.593815
1.769 1.08563
1.77824 0.728516
1.78748 0.855375
1.79671 1.30914
1.80595 1.68543
1.81519 1.14746
1.82443 1.30672
1.83366 1.02724
1.8429 0.890395
1.85214 1.06677
1.86138 1.22365
1.87061 1.47819
1.87985 2.01671
1.88909 1.70428
1.89833 1.22561
1.90757 0.858688
1.9168 0.941492
1.92604 0.899674
1.93528 0.993346
1.94452 1.54718
1.95375 1.46078
1.96299 1.29486
1.97223 0.96068
1.98147 1.42288
1.9907 1.54422
1.99994 1.39395
2.00918 1.34513
2.01842 1.176
2.02765 2.27064
2.03689 0.528815
2.04613 1.48031
2.05537 0.898813
2.0646 1.0655
2.07384 1.24782
2.08308 0.79174
2.09232 0.865451
2.10155 1.22149
2.11079 1.07198
2.12003 0.989504
2.12927 0.32426
2.13851 0.579611
2.14774 0.934223
2.15698 1.42112
2.16622 0.937003
2.17546 1.09451
2.18469 1.07937
2.19393 0.777274
2.20317 0.706305
2.21241 0.877711
2.22164 0.777858
2.23088 0.732081
2.24012 0.947418
2.24936 0.755437
2.25859 0.804074
2.26783 0.914852
2.27707 0.613665
2.28631 0.713376
2.29554 0.642869
2.30478 0.443055
2.31402 1.25737
2.32326 0.645633
2.3325 0.910074
2.34173 0.682777
2.35097 0.729777
2.36021 0.957347
2.36945 0.815696
2.37868 0.562149
2.38792 0.77997
2.39716 0.626695
2.4064 0.278908
2.41563 0.854914
2.42487 0.751705
2.43411 1.03389
2.44335 0.778656
2.45258 0.81728
2.46182 0.326508
2.47106 0.596455
2.4803 0.701196
2.48953 0.858843
2.49877 0.657724
2.50801 0.732826
2.51725 0.884426
2.52648 0.44688
2.53572 0.84218
2.54496 0.865566
2.5542 0.862468
2.56344 0.861768
2.57267 0.748854
2.58191 0.757078
2.59115 0.693774
2.60039 0.717797
2.60962 0.851862
2.61886 0.526202
2.6281 0.553453
2.63734 1.18539
2.64657 1.27715
2.65581 1.18724
2.66505 0.912103
2.67429 1.44356
2.68352 1.31618
2.69276 1.20037
2.702 1.21425
2.71124 1.23333
2.72047 1.05907
2.72971 1.24974
2.73895 1.16589
2.74819 0.662561
2.75742 1.24875
2.76666 1.2464
2.7759 1.14795
2.78514 0.961416
2.79438 1.21316
2.80361 1.14228
2.81285 0.912595
2.82209 0.739129
2.83133 1.74075
2.84056 1.10804
2.8498 1.15599
2.85904 1.01578
2.86828 1.18878
2.87751 1.30811
2.88675 1.26417
2.89599 1.66571
2.90523 1.20873
2.91446 1.35898
2.9237 0.838856
2.93294 0.901895
2.94218 1.06706
2.95141 0.628101
2.96065 1.25695
2.96989 1.05195
2.97913 1.24202
2.98836 0.803734
2.9976 0.768967
3.00684 1.15083
3.01608 0.998219
3.02532 0.925881
3.03455 1.71217
3.04379 0.629837
3.05303 1.24257
3.06227 0.938952
3.0715 1.10214
3.08074 0.89393
3.08998 1.13877
3.09922 1.00114
3.10845 1.42465
3.11769 1.1232
3.12693 1.11735
3.13617 1.37687
3.1454 0.979941
3.15464 1.40532
3.16388 0.732374
3.17312 1.28462
3.18235 0.895411
3.19159 0.895004
3.20083 0.844501
3.21007 0.971337
3.21931 0.761737
3.22854 0.757214
3.23778 0.864715
3.24702 1.10055
3.25626 1.64203
3.26549 1.1228
3.27473 1.43062
3.28397 0.795824
3.29321 0.804125
3.30244 1.0356
3.31168 0.889994
3.32092 1.21795
3.33016 1.15914
3.33939 0.998359
3.34863 1.13636
3.35787 0.741739
3.36711 0.955996
3.37634 0.797906
3.38558 0.857115
3.39482 1.23455
3.40406 0.943681
3.41329 1.03078
3.42253 1.0115
3.43177 0.96404
3.44101 1.09457
3.45025 1.06174
3.45948 0.930505
3.46872 0.846041
3.47796 0.895559
3.4872 0.772979
3.49643 0.883567
3.50567 1.20199
3.51491 1.12505
3.52415 0.736741
3.53338 0.822687
3.54262 1.00623
3.55186 0.685125
3.5611 0.768953
3.57033 0.899451
3.57957 0.875758
3.58881 0.738458
3.59805 0.765968
3.60728 0.380569
3.61652 1.16029
3.62576 0.86028
3.635 1.06676
3.64423 0.902985
3.65347 1.16545
3.66271 0.879168
3.67195 1.02082
3.68119 1.10655
3.69042 0.658024
3.69966 0.9857
3.7089 1.08377
3.71814 1.07501
3.72737 1.16053
3.73661 0.713698
3.74585 1.18437
3.75509 0.937013
3.76432 1.16286
3.77356 1.04003
3.7828 1.13741
3.79204 1.25753
3.80127 1.50038
3.81051 1.06531
3.81975 1.04858
3.82899 1.36723
3.83822 0.846929
3.84746 0.989687
3.8567 1.03669
3.86594 0.830148
3.87518 0.981698
3.88441 0.953224
3.89365 1.07595
3.90289 0.864107
3.91213 1.04778
3.92136 0.942145
3.9306 1.1602
3.93984 1.139
3.94908 1.11683
3.95831 0.844768
3.96755 0.90823
3.97679 1.32177
3.98603 0.982449
3.99526 0.932659
4.0045 0.98493
4.01374 0.982106
4.02298 0.893977
4.03221 0.97998
4.04145 0.907701
4.05069 1.05727
4.05993 1.31715
4.06916 0.901071
4.0784 1.01355
4.08764 0.896825
4.09688 0.675259
4.10612 1.03963
4.11535 0.662539
4.12459 0.757001
4.13383 0.573584
4.14307 1.46328
4.1523 1.00149
4.16154 0.987688
4.17078 1.1915
4.18002 1.09545
4.18925 0.865401
4.19849 1.21901
4.20773 0.810028
4.21697 0.788308
4.2262 1.00653
4.23544 0.710106
4.24468 0.851194
4.25392 0.941229
4.26315 0.795021
4.27239 0.861379
4.28163 0.963171
4.29087 1.07588
4.3001 0.673273
4.30934 0.880836
4.31858 0.852777
4.32782 0.825969
4.33706 0.837503
4.34629 0.971648
4.35553 0.942885
4.36477 1.17566
4.37401 1.02383
4.38324 1.10638
4.39248 1.10995
4.40172 0.789881
4.41096 1.11674
4.42019 0.935628
4.42943 1.08019
4.43867 0.806989
4.44791 0.845325
4.45714 0.807282
4.46638 1.14195
4.47562 0.922989
4.48486 1.01076
4.49409 0.79913
4.50333 0.82216
4.51257 0.913279
4.52181 0.930787
4.53104 0.798863
4.54028 1.16776
4.54952 0.914204
4.55876 0.834395
4.568 0.913203
4.57723 1.1048
4.58647 0.979837
4.59571 0.956175
4.60495 1.29296
4.61418 1.09802
