0.0781712 0.000211508
0.102224 9.51058e-05
0.150329 0.000112777
0.162356 6.88235e-05
0.210461 0.00220331
0.222487 0.00181761
0.234514 0.00361453
0.270593 0.00159123
0.294645 0.0102674
0.306672 0.00304601
0.318698 0.0136008
0.330724 0.00340328
0.37883 0.0227499
0.402882 0.0323385
0.426935 0.0719222
0.438961 0.0673641
0.450988 0.10418
0.463014 0.0373752
0.47504 0.125998
0.487067 0.0325389
0.499093 0.054728
0.523146 0.105031
0.535172 0.119099
0.547198 0.100357
0.571251 0.146058
0.583277 0.153797
0.595304 0.0579813
0.60733 0.366037
0.619356 0.562345
0.643409 1.22433
0.667462 0.36777
0.679488 0.938545
0.691514 0.4004
0.703541 0.359366
0.715567 0.613535
0.73962 0.775467
0.751646 1.1779
0.763672 0.542747
0.775699 2.4725
0.787725 1.41618
0.799751 0.449195
0.811778 1.14375
0.823804 2.026
0.83583 1.66343
0.847857 0.510538
0.859883 1.11867
0.871909 1.13003
0.883936 1.31684
0.907988 0.806811
0.920015 0.770702
0.932041 0.614493
0.944067 0.428642
0.956094 0.818599
0.96812 0.778318
0.980146 0.623332
0.992173 1.51986
1.0042 0.671908
1.01623 0.605941
1.02825 0.751813
1.04028 0.89581
1.0523 0.90445
1.06433 0.784538
1.07636 0.638277
1.08838 0.225425
1.10041 0.295209
1.11244 0.498754
1.12446 0.633016
1.13649 1.2148
1.14852 1.04396
1.17257 0.939879
1.18459 0.431944
1.20865 1.10973
1.22067 1.05388
1.2327 1.24849
1.24473 0.387581
1.25675 0.4947
1.2808 0.846439
1.29283 0.805986
1.31688 0.970771
1.32891 0.732376
1.34094 1.26534
1.35296 1.48219
1.36499 1.08186
1.37702 1.5278
1.38904 1.55961
1.40107 2.97196
1.41309 1.12042
1.42512 0.904996
1.43715 0.778308
1.44917 1.51726
1.4612 1.57148
1.47323 0.500123
1.48525 1.28564
1.49728 1.85759
1.50931 1.01624
1.52133 0.973072
1.53336 1.55181
1.54538 1.91088
1.56944 1.76353
1.58146 2.16796
1.59349 1.27121
1.60552 1.28706
1.61754 1.8093
1.62957 1.5531
1.64159 1.15613
1.65362 0.964083
1.66565 1.02765
1.67767 1.27285
1.6897 1.31391
1.70173 1.10929
1.71375 0.945997
1.72578 1.12525
1.73781 0.819568
1.74983 0.858522
1.76186 0.559322
1.77388 1.11094
1.78591 0.856775
1.79794 1.00705
1.80996 1.08141
1.82199 0.995558
1.83402 0.612061
1.84604 0.633643
1.85807 0.8799
1.8701 0.935777
1.88212 1.2646
1.89415 0.858949
1.90617 0.873416
1.9182 0.452586
1.93023 0.677587
1.94225 0.659635
1.95428 0.537941
1.96631 0.747871
1.97833 0.750246
1.99036 0.82915
2.00239 0.803674
2.01441 0.442807
2.02644 0.695505
2.03846 1.04711
2.05049 0.657762
2.06252 0.851605
2.07454 1.05031
2.08657 0.655698
2.0986 0.709744
2.11062 0.806328
2.12265 0.833507
2.13467 0.927866
2.1467 0.926252
2.15873 1.24563
2.17075 0.822087
2.18278 0.721468
2.19481 0.603061
2.20683 1.05384
2.21886 0.50216
2.23089 0.941031
2.24291 0.513912
2.25494 1.43629
2.26696 1.08355
2.27899 0.926451
2.29102 1.2584
2.30304 0.682229
2.31507 0.856516
2.3271 1.18512
2.33912 1.08354
2.35115 0.933607
2.36318 0.935874
2.3752 0.988769
2.38723 0.746304
2.39925 0.676344
2.41128 1.2011
2.42331 0.728641
2.43533 1.00694
2.44736 1.31791
2.45939 0.769884
2.47141 0.98089
2.48344 1.12599
2.49546 0.961371
2.50749 0.655215
2.51952 1.15665
2.53154 0.765785
2.54357 1.43351
2.5556 0.905834
2.56762 0.979981
2.57965 1.63358
2.59168 0.825064
2.6037 1.23122
2.61573 1.10114
2.62775 0.777636
2.63978 1.54898
2.65181 0.675514
2.66383 0.792478
2.67586 0.397047
2.68789 0.979271
2.69991 0.75249
2.71194 1.19923
2.72397 0.782123
2.73599 0.953357
2.74802 1.3306
2.76004 1.02
2.77207 1.35045
2.7841 0.910414
2.79612 1.05127
2.80815 1.52682
2.82018 1.40692
2.8322 1.52144
2.84423 0.91254
2.85625 0.980029
2.86828 1.07891
2.88031 1.2385
2.89233 0.807141
2.90436 1.27935
2.91639 1.21133
2.92841 1.0717
2.94044 0.974129
2.95247 1.06059
2.96449 0.877816
2.97652 1.21885
2.98854 1.05532
3.00057 0.964422
3.0126 1.29518
3.02462 1.03673
3.03665 0.728875
3.04868 1.37112
3.0607 1.53217
3.07273 1.06567
3.08476 0.94734
3.09678 1.34655
3.10881 1.2659
3.12083 0.856944
3.13286 1.1192
3.14489 1.53741
3.15691 0.870034
3.16894 1.0321
3.18097 1.1233
3.19299 0.997782
3.20502 0.950286
3.21704 1.1846
3.22907 1.55126
3.2411 0.949918
3.25312 0.775341
3.26515 1.12769
3.27718 1.11095
3.2892 0.815657
3.30123 0.717045
3.31326 0.911232
3.32528 1.4284
3.33731 1.02876
3.34933 1.14827
3.36136 1.18293
3.37339 1.19664
3.38541 1.09621
3.39744 0.847138
3.40947 0.854667
3.42149 0.97017
3.43352 0.915358
3.44555 1.19924
3.45757 0.825889
3.4696 0.7259
3.48162 1.02395
3.49365 0.918913
3.50568 0.616767
3.5177 0.514406
3.52973 0.952203
3.54176 0.882079
3.55378 0.495634
3.56581 0.607561
3.57784 1.03738
3.58986 1.13079
3.60189 1.29612
3.61391 0.709886
3.62594 0.800567
3.63797 0.998919
3.64999 0.538517
3.66202 1.21995
3.67405 1.06588
3.68607 0.923236
3.6981 0.989436
3.71012 0.978987
3.72215 1.04701
3.73418 0.803073
3.7462 0.958943
3.75823 1.05019
3.77026 1.0577
3.78228 1.09398
3.79431 0.958594
3.80634 0.827251
3.81836 0.579829
3.83039 1.11214
3.84241 1.04363
3.85444 0.888495
3.86647 1.0464
3.87849 1.03398
3.89052 0.420624
3.90255 0.905851
3.91457 0.875213
3.9266 0.99513
3.93863 0.957256
3.95065 0.603951
3.96268 0.668921
3.9747 0.912067
3.98673 0.933322
3.99876 1.10756
4.01078 0.927636
4.02281 1.11053
4.03484 0.80903
4.04686 0.939518
4.05889 0.757261
4.07091 0.879445
4.08294 0.967634
4.09497 0.892061
4.10699 1.17369
4.11902 1.51976
4.13105 0.956649
4.14307 1.10707
4.1551 1.12239
4.16713 1.11838
4.17915 1.09387
4.19118 0.848745
4.2032 1.29529
4.21523 1.20141
4.22726 1.32131
4.23928 1.01081
4.25131 0.896628
4.26334 0.751786
4.27536 1.02254
4.28739 0.937291
4.29942 1.13806
4.31144 1.34434
4.32347 1.05363
4.33549 0.667505
4.34752 0.909021
4.35955 1.04678
4.37157 0.988138
4.3836 1.4458
4.39563 0.934201
4.40765 1.16681
4.41968 0.929362
4.4317 1.00128
4.44373 1.40047
4.45576 0.910735
4.46778 1.24318
4.47981 1.14123
4.49184 1.04172
4.50386 0.943339
4.51589 1.10158
4.52792 1.09186
4.53994 1.15586
4.55197 1.15159
4.56399 0.812972
4.57602 1.10697
4.58805 0.834748
4.60007 0.975407
4.6121 1.08703
4.62413 1.15951
4.63615 1.12512
4.64818 1.06343
4.66021 0.990522
4.67223 0.941664
4.68426 1.08954
4.69628 0.895351
4.70831 1.39276
4.72034 1.05286
4.73236 1.03525
4.74439 1.0344
4.75642 1.05488
4.76844 0.71605
4.78047 0.848395
4.7925 1.05014
4.80452 0.858731
4.81655 1.03875
4.82857 1.24058
4.8406 1.07611
4.85263 1.08085
4.86465 0.911536
4.87668 0.838526
4.88871 1.11316
4.90073 1.1215
4.91276 0.956616
4.92478 0.985679
4.93681 0.935149
4.94884 0.8724
4.96086 0.838392
4.97289 0.863763
4.98492 0.886061
4.99694 1.08993
5.00897 0.880422
5.021 0.756497
5.03302 0.97855
5.04505 0.796551
5.05707 0.877845
5.0691 0.709383
5.08113 0.832737
5.09315 1.16947
5.10518 1.09791
5.11721 0.848257
5.12923 0.712338
5.14126 1.09073
5.15329 0.943605
5.16531 0.780233
5.17734 0.890159
5.18936 1.01537
5.20139 1.18468
5.21342 0.955548
5.22544 0.949765
5.23747 0.997413
5.2495 0.76789
5.26152 0.938943
5.27355 0.992183
5.28557 0.56379
5.2976 1.23444
5.30963 1.0835
5.32165 1.03874
5.33368 0.750402
5.34571 0.706461
5.35773 0.957605
5.36976 1.09836
5.38179 0.79907
5.39381 1.21176
5.40584 1.18092
5.41786 0.940765
5.42989 1.15111
5.44192 0.89368
5.45394 0.800854
5.46597 0.795599
5.478 1.12848
5.49002 1.02673
5.50205 1.21336
5.51408 0.833276
5.5261 1.23536
5.53813 1.11984
5.55015 0.999415
5.56218 1.00184
5.57421 0.844572
5.58623 1.23821
5.59826 1.32401
5.61029 0.749695
5.62231 0.967774
5.63434 1.10334
5.64636 0.962633
5.65839 1.09816
5.67042 0.763041
5.68244 0.659649
5.69447 1.08144
5.7065 1.0762
5.71852 1.00125
5.73055 0.898988
5.74258 1.22802
5.7546 0.928825
5.76663 1.1143
5.77865 1.18452
5.79068 0.837288
5.80271 0.956427
5.81473 1.20418
5.82676 0.872172
5.83879 1.11644
5.85081 0.936754
5.86284 0.952151
5.87487 0.933093
5.88689 1.07515
5.89892 0.931436
5.91094 1.57133
5.92297 1.10454
5.935 1.3009
5.94702 1.09019
5.95905 1.06736
5.97108 1.17209
5.9831 1.06438
5.99513 1.07189
6.00716 1.33005
