0.113473 0.000402224
0.148388 0.000178671
0.218218 0.000218318
0.235675 6.70885e-05
0.305505 0.000823193
0.322962 0.00139554
0.34042 0.00239739
0.392792 0.00177883
0.427707 0.00983768
0.445164 0.00548284
0.462622 0.00795492
0.480079 0.00498314
0.549909 0.0218809
0.584824 0.0365748
0.619739 0.0906477
0.637196 0.0794441
0.654654 0.120011
0.672111 0.0792802
0.689569 0.122393
0.707026 0.038404
0.724483 0.0750984
0.759398 0.030793
0.776856 0.17777
0.794313 0.100001
0.829228 0.267775
0.846685 0.345753
0.864143 0.316681
0.8816 1.44942
0.899058 1.31583
0.933973 2.67186
0.968887 0.639195
0.986345 0.629991
1.0038 1.2379
1.02126 2.58408
1.03872 1.18331
1.07363 1.73219
1.09109 3.25706
1.10855 2.03167
1.126 4.49
1.14346 2.3982
1.16092 2.12258
1.17838 1.89348
1.19583 1.47035
1.21329 1.50046
1.23075 0.171462
1.24821 0.87653
1.26566 1.23448
1.28312 0.82578
1.31804 0.450877
1.33549 0.698362
1.35295 0.60258
1.37041 0.417636
1.38787 1.08591
1.40532 0.875028
1.42278 0.58448
1.44024 1.10964
1.4577 0.444957
1.47515 0.702036
1.49261 0.934807
1.51007 0.534737
1.52753 0.654292
1.54498 0.61897
1.56244 0.530296
1.5799 0.11958
1.59735 0.440343
1.61481 0.275254
1.63227 0.850777
1.64973 1.54312
1.66718 1.03649
1.7021 0.701987
1.71956 0.3721
1.75447 0.890782
1.77193 0.656042
1.78939 0.741248
1.80684 0.415972
1.8243 0.547787
1.85922 0.694238
1.87667 0.616689
1.91159 0.831798
1.92905 1.11768
1.9465 0.936809
1.96396 1.66438
1.98142 0.539029
1.99888 1.61482
2.01633 1.36085
2.03379 2.02591
2.05125 0.836841
2.06871 0.955829
2.08616 1.36718
2.10362 1.3441
2.12108 1.93815
2.13854 1.34093
2.15599 1.28729
2.17345 2.35661
2.19091 0.826329
2.20837 1.44121
2.22582 1.08677
2.24328 1.24852
2.27819 1.22131
2.29565 1.27314
2.31311 0.648373
2.33057 0.462206
2.34802 1.13827
2.36548 0.325523
2.38294 0.876694
2.4004 0.779144
2.41785 0.881125
2.43531 1.52928
2.45277 1.5866
2.47023 0.522615
2.48768 1.42192
2.50514 1.09854
2.5226 0.762349
2.54006 0.488175
2.55751 0.444189
2.57497 1.06951
2.59243 0.582623
2.60989 0.323326
2.62734 0.838534
2.6448 0.99693
2.66226 0.606039
2.67972 0.76426
2.69717 0.97318
2.71463 0.689617
2.73209 0.942226
2.74955 0.809747
2.767 0.686116
2.78446 1.13763
2.80192 1.12013
2.81938 0.667513
2.83683 0.824156
2.85429 0.387006
2.87175 1.12456
2.8892 0.777195
2.90666 1.00634
2.92412 0.500913
2.94158 1.0715
2.95903 1.01668
2.97649 1.11008
2.99395 0.990764
3.01141 1.50054
3.02886 0.767674
3.04632 0.793663
3.06378 1.4455
3.08124 0.9456
3.09869 1.08021
3.11615 1.25739
3.13361 1.07984
3.15107 0.743404
3.16852 1.18981
3.18598 0.542153
3.20344 1.23434
3.2209 0.88912
3.23835 0.789034
3.25581 0.47516
3.27327 1.97825
3.29073 1.56685
3.30818 1.14814
3.32564 1.0582
3.3431 0.730331
3.36056 1.49826
3.37801 1.17366
3.39547 1.12854
3.41293 1.11345
3.43039 1.08752
3.44784 1.99665
3.4653 0.51327
3.48276 0.975267
3.50021 0.951687
3.51767 0.882344
3.53513 0.903868
3.55259 1.10811
3.57004 0.620661
3.5875 0.785626
3.60496 0.664314
3.62242 0.789855
3.63987 0.759468
3.65733 0.71822
3.67479 1.31535
3.69225 0.823352
3.7097 1.13551
3.72716 0.897045
3.74462 1.03329
3.76208 0.862478
3.77953 0.921197
3.79699 1.05623
3.81445 0.683311
3.83191 1.76508
3.84936 0.615457
3.86682 0.883404
3.88428 0.605035
3.90174 1.1273
3.91919 0.850603
3.93665 0.962941
3.95411 1.03295
3.97157 0.968517
3.98902 1.09911
4.00648 0.968937
4.02394 1.23715
4.0414 0.843494
4.05885 0.924375
4.07631 1.3432
4.09377 1.21282
4.11123 1.10655
4.12868 1.15825
4.14614 1.0644
4.1636 1.42976
4.18105 1.33878
4.19851 0.94885
4.21597 0.790805
4.23343 1.10948
4.25088 0.899672
4.26834 0.748653
4.2858 0.696677
4.30326 0.903958
4.32071 1.16589
4.33817 1.19914
4.35563 0.967713
4.37309 1.1085
4.39054 1.04633
4.408 0.890988
4.42546 0.964187
4.44292 1.46751
4.46037 0.968279
4.47783 1.0856
4.49529 0.980573
4.51275 1.19868
4.5302 0.471946
4.54766 1.13415
4.56512 0.988515
4.58258 1.13681
4.60003 0.946096
4.61749 0.836277
4.63495 0.887904
4.65241 0.764805
4.66986 0.863508
4.68732 1.03265
4.70478 0.789389
4.72224 1.25421
4.73969 1.0665
4.75715 1.02698
4.77461 0.736772
4.79206 0.717939
4.80952 1.15124
4.82698 1.0667
4.84444 1.04973
4.86189 1.40089
4.87935 1.01388
4.89681 0.857002
4.91427 1.06984
4.93172 1.19531
4.94918 0.878792
4.96664 1.08119
4.9841 0.8395
5.00155 1.04184
5.01901 0.939984
5.03647 0.978835
5.05393 0.987118
5.07138 1.40741
5.08884 0.930933
5.1063 0.916423
5.12376 0.830025
5.14121 0.994977
5.15867 0.691507
5.17613 0.793273
5.19359 1.6408
5.21104 1.00993
5.2285 1.4404
5.24596 0.751325
5.26342 1.17386
5.28087 0.924025
5.29833 0.87556
5.31579 0.986467
5.33325 1.07239
5.3507 0.995314
5.36816 0.896684
5.38562 1.22892
5.40307 1.07437
5.42053 0.963284
5.43799 1.1156
5.45545 0.946755
5.4729 1.18591
5.49036 0.9893
5.50782 1.31505
5.52528 0.817618
5.54273 1.02306
5.56019 0.869677
5.57765 0.790649
5.59511 0.958468
5.61256 0.770741
5.63002 0.935216
5.64748 0.440665
5.66494 1.29043
5.68239 0.88957
5.69985 1.19491
5.71731 1.16069
5.73477 0.668109
5.75222 1.08097
5.76968 0.891379
5.78714 0.875472
5.8046 1.15042
5.82205 0.942974
5.83951 1.23902
5.85697 0.706048
5.87443 0.969677
5.89188 1.37035
5.90934 0.987359
5.9268 0.742496
5.94426 1.23311
5.96171 1.0075
5.97917 1.38126
5.99663 0.937314
6.01409 1.02162
6.03154 1.05265
6.049 1.01296
6.06646 0.796659
6.08391 0.826093
6.10137 1.31713
6.11883 1.20092
6.13629 1.269
6.15374 1.00792
6.1712 1.16807
6.18866 1.03218
6.20612 0.658484
6.22357 1.18489
6.24103 1.25415
6.25849 0.929689
6.27595 1.1335
6.2934 0.504261
6.31086 0.950478
6.32832 0.892257
6.34578 0.777735
6.36323 1.30237
6.38069 0.90727
6.39815 1.15536
6.41561 0.893002
6.43306 0.967289
6.45052 1.14066
6.46798 0.714891
6.48544 0.948091
6.50289 1.15439
6.52035 1.12781
6.53781 0.696585
6.55527 0.964507
6.57272 1.00585
6.59018 0.838964
6.60764 0.936202
6.6251 0.482612
6.64255 0.960013
6.66001 0.773067
6.67747 0.78343
6.69492 1.06216
6.71238 0.843093
6.72984 0.74789
6.7473 0.900664
6.76475 0.935743
6.78221 1.35498
6.79967 1.16784
6.81713 0.913716
6.83458 1.28855
6.85204 1.34903
6.8695 1.14882
6.88696 1.06865
6.90441 1.2233
6.92187 0.703584
6.93933 0.796551
6.95679 0.92646
6.97424 0.800086
6.9917 1.25785
7.00916 1.27866
7.02662 1.05333
7.04407 0.999828
7.06153 1.13677
7.07899 0.837037
7.09645 1.24285
7.1139 1.5197
7.13136 0.91291
7.14882 0.742231
7.16628 0.945355
7.18373 0.690936
7.20119 0.94188
7.21865 0.930103
7.23611 1.17449
7.25356 0.994876
7.27102 0.993762
7.28848 0.984428
7.30593 0.922127
7.32339 1.0697
7.34085 1.05466
7.35831 0.804965
7.37576 0.950346
7.39322 1.10327
7.41068 1.00667
7.42814 1.03155
7.44559 0.810831
7.46305 1.03297
7.48051 1.12855
7.49797 0.886928
7.51542 1.2803
7.53288 0.896217
7.55034 0.964014
7.5678 1.04011
7.58525 1.15515
7.60271 1.0159
7.62017 0.711865
7.63763 0.941672
7.65508 0.84441
7.67254 0.815002
7.69 1.15185
7.70746 0.8902
7.72491 1.03402
7.74237 0.795063
7.75983 0.718052
7.77729 1.0962
7.79474 1.05751
7.8122 0.870609
7.82966 0.851843
7.84712 1.04422
7.86457 0.989744
7.88203 1.59371
7.89949 0.902247
7.91695 0.961937
7.9344 0.831846
7.95186 0.989011
7.96932 1.04745
7.98677 0.98184
8.00423 0.934056
8.02169 1.20352
8.03915 1.10702
8.0566 1.07996
8.07406 1.20859
8.09152 0.998039
8.10898 1.39304
8.12643 1.18664
8.14389 0.852964
8.16135 0.896926
8.17881 1.16466
8.19626 0.650321
8.21372 1.05135
8.23118 1.00635
8.24864 1.09895
8.26609 0.751508
8.28355 0.967444
8.30101 1.08065
8.31847 1.11298
8.33592 1.08436
8.35338 1.0275
8.37084 0.857969
8.3883 1.32717
8.40575 0.713703
8.42321 1.3069
8.44067 1.17177
8.45813 0.890613
8.47558 1.07282
8.49304 1.07882
8.5105 1.05201
8.52796 0.756527
8.54541 1.21335
8.56287 1.16188
8.58033 0.997227
8.59778 1.06858
8.61524 1.09052
8.6327 0.979128
8.65016 0.927677
8.66761 1.01297
8.68507 0.982767
8.70253 0.596282
8.71999 1.01661
