0.0575864 0.0533334
0.543663 0.007312148
0.0369750666667 0.0854568666667
0.978178666667 0.442011333333
0.962891666667 0.391729666667
0.936680666667 0.958764333333
0.698036333333 0.97971
0.00581957666667 0.534939
0.0079796 0.452440333333
0.0781709333333 0.955645333333
0.0518811333333 0.930451666667
0.0143857233333 0.248594
0.0892211666667 0.131235933333
0.112628566667 0.0937207
0.109338566667 0.0303835133333
0.0943651333333 0.0573495666667
0.665036666667 0.504675333333
0.657174666667 0.473016666667
0.435451666667 0.49562
0.415930666667 0.523799
0.211917666667 0.927613666667
0.963781333333 0.343011
0.932839 0.358413
0.927147 0.419150666667
0.910164333333 0.383718333333
0.979071333333 0.589035666667
0.917437333333 0.451097333333
0.822753666667 0.568736333333
0.841861 0.981288666667
0.889142333333 0.958089666667
0.952756333333 0.936329
0.928656333333 0.911968333333
0.973133666667 0.787227
0.985132333333 0.807747333333
0.985008 0.697685666667
0.668257333333 0.873691
0.812094 0.767667333333
0.791889333333 0.694531333333
0.756065 0.673814
0.742664666667 0.700383333333
0.79092 0.735051666667
0.760527333333 0.741827333333
0.175376 0.594342
0.0873602666667 0.509206666667
0.0852423666667 0.481370666667
0.02357391 0.484120333333
0.0531126666667 0.467215333333
0.793698333333 0.0167791
0.832562666667 0.0419790333333
0.134647666667 0.261684666667
0.109938333333 0.326578666667
0.141672 0.304881333333
0.01496369 0.333613666667
0.0376558 0.118981933333
0.0570675 0.138053266667
0.0252357666667 0.162158333333
0.0446474666667 0.181229666667
0.104126533333 0.36161
0.0621527333333 0.369764666667
0.0667029333333 0.428577666667
0.03447179 0.414464
0.0344763566667 0.389932333333
0.160627666667 0.233899666667
0.214473 0.173778333333
0.626552 0.636296666667
0.226143333333 0.42906
0.584941 0.574769333333
0.633129 0.527008
0.637293 0.569049
0.616416 0.597708666667
0.502039666667 0.446092666667
0.597154 0.443538333333
0.558990333333 0.430173
0.537491666667 0.452337666667
0.614703666667 0.474346666667
0.602954333333 0.502903666667
0.575643333333 0.522005333333
0.520589666667 0.620722
0.567605666667 0.591187666667
0.555971333333 0.620493666667
0.545767333333 0.510247333333
0.53403 0.482502
0.498578 0.476257
0.47055 0.505045333333
0.458662333333 0.661719333333
0.422763 0.567804666667
0.443353333333 0.629026333333
0.432546 0.686582
0.240683666667 0.899109333333
0.238080333333 0.856230666667
0.346981 0.806538333333
0.265884666667 0.783487666667
0.335619333333 0.763158
0.158966666667 0.95145
0.182282666667 0.918570666667
0.122150833333 0.939836
0.224255666667 0.781267333333
0.644488333333 0.862903
0.869882 0.369646333333
0.848417333333 0.395023666667
0.963306 0.560067333333
0.958736333333 0.517757333333
0.933739666667 0.499422333333
0.850131333333 0.526490333333
0.89199 0.530040666667
0.910253666667 0.505425666667
0.866149666667 0.439621
0.893951333333 0.457100666667
0.745059333333 0.636131
0.769859 0.621345333333
0.611977333333 0.898399
0.559718666667 0.970120666667
0.725957666667 0.889435666667
0.717519333333 0.923236666667
0.740942666667 0.957131
0.807633666667 0.808759333333
0.779802 0.823473333333
0.944445333333 0.891121333333
0.960615 0.866841333333
0.940648 0.825901333333
0.964604666667 0.709666
0.903113333333 0.573284
0.936592333333 0.583554333333
0.952357666667 0.612522666667
0.949765333333 0.643611666667
0.92596 0.661693666667
0.841552 0.765205333333
0.659317 0.964996333333
0.680708333333 0.934423666667
0.655605666667 0.915395333333
0.620450333333 0.928367666667
0.611836333333 0.960749666667
0.741788 0.76115
0.142665333333 0.612219
0.240524 0.464311
0.179755333333 0.550067666667
0.213898666667 0.488751
0.207836666667 0.524635333333
0.147954 0.538145666667
0.131778333333 0.509960333333
0.202820333333 0.628227333333
0.200540666667 0.598570333333
0.255836 0.545041
0.225996666667 0.550821333333
0.727830666667 0.128975833333
0.735840333333 0.165472333333
0.771006666667 0.180199
0.658694 0.153084333333
0.616239666667 0.14134
0.748098666667 0.101844333333
0.729768666667 0.0587388333333
0.76542 0.0383585
0.857409666667 0.0465691333333
0.910480333333 0.0234492666667
0.938089333333 0.0355561666667
0.1060905 0.249351666667
0.0946347666667 0.212911333333
0.0646503 0.213467333333
0.0795374 0.314831
0.0492479333333 0.344339
0.0312434666667 0.301230333333
0.0573894333333 0.259513333333
0.0827139 0.280800666667
0.295859 0.0471205666667
0.277979666667 0.0212513913333
0.145393 0.0948113
0.165504333333 0.1173382
0.1158143 0.410396666667
0.167787666667 0.376313
0.130263866667 0.375647333333
0.490954333333 0.366864666667
0.522294333333 0.355011333333
0.441946 0.297145333333
0.193402 0.234584666667
0.219844333333 0.204048666667
0.154667666667 0.142378333333
0.172640333333 0.165857333333
0.145237333333 0.195442666667
0.1078016 0.186787333333
0.111148933333 0.157366666667
0.287326666667 0.398588333333
0.251139 0.395883
0.24351 0.362924666667
0.182268666667 0.350104666667
0.214596666667 0.345775666667
0.174970333333 0.314531666667
0.557683 0.396765333333
0.545917666667 0.374966666667
0.598500666667 0.378905333333
0.586735333333 0.357106666667
0.529910666667 0.565895666667
0.51737 0.537719333333
0.477604666667 0.538762333333
0.505501666667 0.593377333333
0.464695 0.599781333333
0.449338666667 0.573342666667
0.440051333333 0.734101333333
0.281228333333 0.583481333333
0.438462666667 0.450169666667
0.416833666667 0.430227
0.436225666667 0.396063
0.477022666667 0.429430666667
0.477455666667 0.401331
0.391857333333 0.503916666667
0.359181 0.741727333333
0.396957333333 0.764828666667
0.408699 0.741466
0.266675333333 0.914576
0.307946 0.850566666667
0.317874666667 0.822455666667
0.267299666667 0.839821333333
0.277228333333 0.811710333333
0.374189666667 0.815952666667
0.392177333333 0.842862666667
0.400604333333 0.795673666667
0.418592 0.822583666667
0.459679666667 0.869505333333
0.210685 0.840391666667
0.20414 0.809940333333
0.208653 0.743994
0.188474 0.668144666667
0.162534333333 0.689192666667
0.612165333333 0.768929666667
0.640076666667 0.824551
0.672527666667 0.79075
0.658522333333 0.760075666667
0.711229 0.698977333333
0.706844666667 0.734999333333
0.671697 0.734919333333
0.652214666667 0.659059
0.683556333333 0.659701333333
0.555158333333 0.653129
0.519776666667 0.653357333333
0.500816333333 0.675058666667
0.548251333333 0.816489333333
0.590618333333 0.799322
0.604524333333 0.824269
0.854832666667 0.314405
0.869878333333 0.341855333333
0.911986333333 0.331730666667
0.711257666667 0.439910666667
0.851047666667 0.465864666667
0.842153666667 0.497281
0.815392666667 0.460858333333
0.806498666667 0.492274666667
0.793304666667 0.564913
0.768332 0.585603
0.785027333333 0.517660666667
0.689438666667 0.622960666667
0.715029 0.61376
0.667572333333 0.586832
0.839889666667 0.83563
0.892605333333 0.892358
0.855846333333 0.812802666667
0.88652 0.810472666667
0.908394333333 0.871511
0.912626666667 0.84195
0.760499 0.892852666667
0.783414333333 0.866057333333
0.793242 0.954956333333
0.763158666667 0.943329
0.841424333333 0.593459
0.879925333333 0.594456333333
0.854455 0.739615666667
0.884833333333 0.765883333333
0.745556666667 0.818019666667
0.733475 0.790012666667
0.699901666667 0.806656
0.691219666667 0.851245
0.714627666667 0.857186666667
0.113759766667 0.562076666667
0.112850433333 0.591875666667
0.0763463666667 0.539365333333
0.301746333333 0.520892333333
0.273707666667 0.521487666667
0.292394333333 0.480794666667
0.264355666667 0.48139
0.696310333333 0.116478166667
0.675840333333 0.127794333333
0.675763333333 0.1014835
0.652129666667 0.0790845333333
0.815565333333 0.0698025666667
0.791336333333 0.0637139666667
0.803953666667 0.1133564
0.779724666667 0.1072678
0.66885 0.382544333333
0.663560333333 0.439140333333
0.686354333333 0.419994
0.629175666667 0.416071
0.631829666667 0.384845666667
0.396048666667 0.198704666667
0.446533666667 0.220712666667
0.362956666667 0.191272
0.168392333333 0.0651065666667
0.177144333333 0.0168604046667
0.150601333333 0.0370499133333
0.226685333333 0.024932358
0.244564666667 0.0508015333333
0.188503666667 0.0876334666667
0.123609766667 0.460681333333
0.140591433333 0.428345
0.151391 0.479001333333
0.186771333333 0.470782666667
0.193467333333 0.432057
0.175068666667 0.407939333333
0.350277666667 0.376033
0.315843333333 0.364990666667
0.406377666667 0.28006
0.391313666667 0.230108666667
0.414783666667 0.238742
0.379000666667 0.304733666667
0.349187666667 0.254295
0.424901 0.374768666667
0.457051333333 0.347593333333
0.438384 0.329272333333
0.386351 0.361469
0.389745666667 0.334991
0.512901333333 0.215930333333
0.469436 0.237692666667
0.473254333333 0.272807333333
0.641986 0.316965333333
0.607164 0.328278
0.268398666667 0.238509333333
0.239512333333 0.223119
0.228532666667 0.301364
0.21307 0.253655
0.208934 0.284463666667
0.467960666667 0.833882
0.446308333333 0.820268333333
0.405676666667 0.635953333333
0.359362333333 0.700429
0.401055 0.669983333333
0.387172 0.697149
0.280692666667 0.750387333333
0.305074666667 0.74261
0.228710333333 0.63578
0.214364 0.675697333333
0.230265333333 0.703121333333
0.260676 0.707294333333
0.377721 0.433558333333
0.369288333333 0.466417333333
0.346304666667 0.408112
0.344103666667 0.472921333333
0.3013 0.420253
0.307531666667 0.452203333333
0.477147 0.948980333333
0.540069666667 0.932579666667
0.521506 0.954761
0.398707666667 0.873722666667
0.426816333333 0.897243
0.00344394333333 0.625569666667
0.165215333333 0.893109666667
0.177034 0.863089333333
0.124788833333 0.90988
0.123663666667 0.642502666667
0.132714333333 0.675330666667
0.176636 0.746733666667
0.159215666667 0.726177
0.602953333333 0.746786666667
0.634988333333 0.689148666667
0.636614 0.717204
0.609325666667 0.666386333333
0.581041333333 0.676852
0.529603333333 0.793769
0.496045 0.801072333333
0.474381666667 0.751564333333
0.474392666667 0.787458666667
0.573217666667 0.857904333333
0.551178 0.910840666667
0.576259 0.893682333333
0.537430666667 0.845698333333
0.496113 0.875695666667
0.526729333333 0.913081333333
0.496065 0.913902666667
0.719071666667 0.342687
0.667026333333 0.322867666667
0.68099 0.353677666667
0.827941 0.301463666667
0.795313333333 0.317378
0.741857333333 0.374385333333
0.735734 0.416605
0.791522666667 0.436194333333
0.759190666667 0.441500666667
0.758850666667 0.516803666667
0.720337333333 0.484313666667
0.746429666667 0.483838666667
0.693587 0.515968666667
0.745677666667 0.557858
0.691958666667 0.556084333333
0.717174333333 0.571229333333
0.840086333333 0.873472333333
0.811442666667 0.889185666667
0.818610666667 0.927608333333
0.854774 0.934886666667
0.866360666667 0.902969333333
0.807090333333 0.640238
0.835251 0.622363333333
0.818115 0.675741
0.847715 0.698542666667
0.874031333333 0.686752333333
0.8889 0.649238666667
0.873752 0.623360666667
0.908521 0.712896
0.912583 0.750954
0.937729666667 0.699534666667
0.942291 0.779494666667
0.953729 0.742873666667
0.0327599766667 0.533811333333
0.0558857333333 0.559157333333
0.0197079866667 0.596680666667
0.0737311333333 0.599226
0.699156333333 0.0388714
0.662332333333 0.0470802666667
0.614543333333 0.0234752233333
0.694281 0.01279829
0.747779666667 0.0164713333333
0.600556333333 0.102924133333
0.611819333333 0.0766345
0.584500333333 0.04171329
0.979012666667 0.301620333333
0.994107666667 0.2798829
0.992474 0.376098666667
0.985232 0.154121566667
0.977046 0.223008
0.923543333333 0.287503333333
0.959627333333 0.272795
0.966145 0.24335
0.957325 0.209261
0.808395666667 0.176745333333
0.817726333333 0.140975766667
0.851628666667 0.147605433333
0.872252666667 0.1253651
0.874809 0.0797717
0.906467333333 0.0642106
0.318344666667 0.224059666667
0.327378666667 0.192440666667
0.285135666667 0.210569666667
0.371222 0.158719666667
0.428356 0.157266666667
0.412239666667 0.137746666667
0.424996333333 0.0100796146667
0.355706333333 0.0170057913333
0.314276 0.334166666667
0.278130333333 0.334806
0.331455 0.278795333333
0.345292333333 0.300948333333
0.283875 0.276499666667
0.261566666667 0.299292
0.524638333333 0.316534
0.505939333333 0.285728333333
0.601924333333 0.20157
0.381904333333 0.615019333333
0.347241 0.616553333333
0.390692 0.577034
0.318268 0.582685
0.320914333333 0.543649333333
0.372757 0.539880333333
0.348134333333 0.524269666667
0.334998666667 0.673692666667
0.332766666667 0.637916666667
0.304272666667 0.694443
0.277082333333 0.675528333333
0.285976333333 0.614576666667
0.261018 0.631438
0.452651333333 0.967392333333
0.510774333333 0.990773333333
0.601611333333 0.996116
0.276976 0.949718
0.247373666667 0.962635666667
0.208481333333 0.972410666667
0.289234666667 0.984951
0.364890333333 0.988544333333
0.304934 0.936937333333
0.331282 0.957943333333
0.365928666667 0.889463
0.322261 0.877299666667
0.294633333333 0.901795333333
0.0137795866667 0.73114
0.0331767433333 0.754990333333
0.0289608033333 0.903338333333
0.04338937 0.867140333333
0.0663097 0.894253666667
0.0952375 0.889491333333
0.164399 0.808093
0.150266 0.841467666667
0.108896 0.851099333333
0.152497666667 0.782159666667
0.104702433333 0.766310333333
0.135077333333 0.761603
0.510186666667 0.704509666667
0.499901666667 0.729771333333
0.55503 0.706531333333
0.563914666667 0.741584
0.533471 0.758362333333
0.678655333333 0.281881
0.653615 0.275978666667
0.639342 0.249682
0.641246666667 0.215884
0.670106666667 0.194002
0.702743333333 0.194532666667
0.736673333333 0.302702666667
0.771535666667 0.292089
0.710220666667 0.272706666667
0.79112 0.349251666667
0.771581333333 0.366012
0.817328666667 0.386165
0.79779 0.402925333333
0.0911523666667 0.657582666667
0.0710347333333 0.634649333333
0.0401373433333 0.65745
0.0365845766667 0.701278666667
0.100203033333 0.690410666667
0.0881364666667 0.724135333333
0.0559817333333 0.725129
0.894202 0.213558666667
0.862975 0.197063
0.86992 0.278526333333
0.896522666667 0.261749333333
0.840276333333 0.208297333333
0.843028333333 0.265585
0.828248666667 0.240307
0.930134 0.0800354
0.961756 0.0513809666667
0.973050333333 0.0908706333333
0.900327 0.142241333333
0.940514666667 0.180370666667
0.91093 0.180977333333
0.948054 0.130866733333
0.92655 0.112472733333
0.31442 0.1462334
0.315355333333 0.0673491333333
0.347673666667 0.0671874666667
0.357703 0.102362833333
0.344365333333 0.1334134
0.46882 0.189166333333
0.460214333333 0.155254666667
0.511373666667 0.189069666667
0.387564333333 0.0928047
0.415244333333 0.102882266667
0.447306666667 0.0828379
0.460271 0.0535944666667
0.377535 0.0576293333333
0.418179333333 0.0384634666667
0.582068333333 0.226150333333
0.542820333333 0.232954
0.53204 0.267637333333
0.603916333333 0.257994333333
0.583367333333 0.295603666667
0.550739 0.298443
0.410278333333 0.927875
0.418598 0.956756333333
0.389209666667 0.978737666667
0.355601333333 0.948136666667
0.372084666667 0.923707333333
0.0859087333333 0.796824666667
0.0868149666667 0.827682333333
0.0502361366667 0.838961
0.0465377766667 0.784511
0.02770718 0.811353
0.715145 0.21837
0.724190666667 0.247188666667
0.759445666667 0.207173666667
0.784807 0.235729666667
0.766619 0.260007333333
0.284314 0.0956255
0.290325 0.127247066667
0.244214333333 0.0777860333333
0.219903333333 0.0946332666667
0.239752666667 0.14519
0.270074666667 0.159964333333
0.535985333333 0.170659333333
0.586919333333 0.155136
0.580917 0.178489333333
0.485493 0.0891966333333
0.490921666667 0.118880333333
0.524139 0.134381666667
0.551320333333 0.120812333333
0.560800333333 0.0932501333333
0.498457333333 0.0599532
0.555388666667 0.05507859
0.525655666667 0.0378960233333
