0.0601448 7.68333e-05
0.0786508 0.000535694
0.115663 0.00054369
0.124916 0.000821683
0.161928 0.00237003
0.171181 0.00572854
0.180434 0.00437921
0.208193 0.0108893
0.226699 0.00809693
0.235952 0.00676639
0.245206 0.0154503
0.254459 0.0106726
0.291471 0.0166381
0.309977 0.0152803
0.328483 0.0124921
0.337736 0.054173
0.346989 0.0273252
0.356242 0.0388519
0.365495 0.103746
0.374748 0.0762116
0.384001 0.0464962
0.402507 0.0505438
0.41176 0.0824344
0.421013 0.0357185
0.439519 0.0281217
0.448772 0.0303932
0.458025 0.0335069
0.467278 0.0945267
0.476532 0.0647701
0.495038 0.0813086
0.513544 0.11233
0.522797 0.0925925
0.53205 0.183084
0.541303 0.162841
0.550556 0.130041
0.569062 0.114123
0.578315 0.213991
0.587568 0.134182
0.596821 0.0569057
0.606074 0.108632
0.615327 0.192545
0.62458 0.177427
0.633833 0.18984
0.643086 0.188141
0.652339 0.427292
0.661592 0.087766
0.670845 0.132275
0.680098 0.327815
0.698604 0.205493
0.707857 0.362525
0.717111 0.526361
0.726364 0.206353
0.735617 0.236845
0.74487 0.32784
0.754123 0.398805
0.763376 0.339858
0.772629 0.405693
0.781882 0.223858
0.791135 0.495517
0.800388 0.424268
0.809641 0.346151
0.818894 0.402693
0.828147 0.466562
0.8374 0.179926
0.846653 0.225179
0.855906 0.391827
0.865159 0.672694
0.874412 0.313653
0.883665 0.794898
0.902171 1.31146
0.911424 0.851629
0.92993 0.742754
0.939183 1.81649
0.948436 1.1116
0.95769 0.779475
0.966943 0.924034
0.985449 1.37691
0.994702 1.43231
1.01321 1.4386
1.02246 1.99255
1.03171 1.061
1.04097 1.28496
1.05022 1.07121
1.05947 1.70834
1.06873 1.88799
1.07798 0.936801
1.08723 1.55909
1.09649 3.12332
1.10574 1.73576
1.11499 1.84849
1.12424 2.46831
1.1335 2.8168
1.14275 3.69997
1.152 2.45927
1.16126 1.44538
1.17051 1.90719
1.17976 2.48117
1.18902 2.16277
1.20752 1.91392
1.21677 1.87449
1.22603 1.69468
1.23528 1.4253
1.24453 0.993745
1.25379 1.11262
1.26304 1.0212
1.27229 1.61035
1.28155 1.36196
1.2908 1.20807
1.30005 2.38432
1.30931 0.972671
1.31856 1.03456
1.32781 0.751932
1.33706 1.00234
1.34632 1.11192
1.35557 1.08646
1.36482 1.05669
1.37408 1.70311
1.38333 1.86428
1.39258 1.06935
1.40184 0.981077
1.41109 1.04377
1.42034 0.589643
1.42959 1.0239
1.43885 0.883044
1.4481 0.815969
1.45735 0.629495
1.46661 0.509978
1.47586 0.764939
1.48511 0.999693
1.49437 0.977126
1.50362 0.685728
1.51287 0.833134
1.52212 0.826816
1.53138 0.454139
1.54063 0.429479
1.54988 0.481416
1.55914 0.516121
1.56839 0.579647
1.57764 0.679654
1.5869 0.672707
1.59615 1.02852
1.6054 0.570244
1.61466 0.714324
1.62391 0.651463
1.63316 0.837171
1.64241 0.674693
1.65167 0.562475
1.66092 0.312854
1.67017 0.484411
1.67943 0.614347
1.68868 0.555437
1.69793 0.492244
1.70719 0.482571
1.71644 0.351968
1.72569 0.289209
1.73494 0.460498
1.7442 0.671325
1.75345 0.344628
1.7627 0.682571
1.77196 0.639923
1.78121 0.6638
1.79046 0.353451
1.79972 0.803837
1.80897 0.577295
1.81822 0.997586
1.82748 0.641883
1.83673 0.670368
1.84598 0.669321
1.85523 0.388848
1.86449 0.968154
1.87374 0.821555
1.88299 0.732463
1.89225 0.338679
1.9015 0.247492
1.91075 0.73389
1.92001 0.556416
1.92926 0.878166
1.93851 0.765107
1.94776 0.723731
1.95702 0.886924
1.96627 0.869357
1.97552 0.779827
1.98478 0.616938
1.99403 1.16438
2.00328 1.1254
2.01254 0.384762
2.02179 0.933698
2.03104 1.39117
2.0403 1.231
2.04955 0.913704
2.0588 0.753203
2.06805 1.17148
2.07731 1.14563
2.08656 1.09623
2.09581 1.45901
2.10507 1.13051
2.11432 0.815855
2.12357 1.21698
2.13283 1.039
2.14208 1.99433
2.15133 1.36381
2.16058 1.37044
2.16984 1.35279
2.17909 1.36643
2.18834 1.43689
2.1976 1.37442
2.20685 1.15465
2.2161 1.59189
2.22536 1.07315
2.23461 0.940082
2.24386 1.11194
2.25311 1.56138
2.26237 1.77277
2.27162 1.47471
2.28087 1.65606
2.29013 1.41032
2.29938 1.32801
2.30863 1.33656
2.31789 1.19737
2.32714 1.30125
2.33639 1.29003
2.34565 1.35049
2.3549 1.83494
2.36415 1.4193
2.3734 1.49785
2.38266 1.40862
2.39191 2.05414
2.40116 1.23926
2.41042 1.44731
2.41967 1.22307
2.42892 1.28534
2.43818 1.08085
2.44743 1.16636
2.45668 1.19776
2.46593 1.43391
2.47519 1.0053
2.48444 1.24364
2.49369 1.23985
2.50295 1.05931
2.5122 0.948788
2.52145 0.983996
2.53071 0.98531
2.53996 0.77942
2.54921 1.13751
2.55847 0.77988
2.56772 0.816753
2.57697 1.49318
2.58622 0.756502
2.59548 0.72092
2.60473 0.939109
2.61398 0.792372
2.62324 0.756311
2.63249 0.56765
2.64174 0.861912
2.651 0.642819
2.66025 0.571289
2.6695 0.643688
2.67875 0.592535
2.68801 0.576387
2.69726 0.822114
2.70651 0.605086
2.71577 0.731016
2.72502 0.82549
2.73427 0.836189
2.74353 0.680528
2.75278 0.969771
2.76203 0.857939
2.77129 0.812483
2.78054 0.861003
2.78979 0.657525
2.79904 0.67341
2.8083 0.698284
2.81755 0.674726
2.8268 0.660514
2.83606 0.593068
2.84531 0.579574
2.85456 0.806451
2.86382 0.810652
2.87307 0.733422
2.88232 0.856762
2.89157 0.843163
2.90083 0.710223
2.91008 0.938265
2.91933 0.81126
2.92859 0.837639
2.93784 0.806753
2.94709 0.58592
2.95635 0.846412
2.9656 0.830245
2.97485 0.860338
2.98411 0.893818
2.99336 0.665865
3.00261 0.627503
3.01186 0.616424
3.02112 0.665175
3.03037 0.946984
3.03962 0.61023
3.04888 1.19723
3.05813 1.02039
3.06738 0.640929
3.07664 0.884764
3.08589 0.765116
3.09514 1.02505
3.10439 0.772132
3.11365 1.20876
3.1229 0.983598
3.13215 0.885701
3.14141 1.01111
3.15066 0.958152
3.15991 0.861991
3.16917 1.20555
3.17842 1.26827
3.18767 1.16204
3.19692 1.2197
3.20618 1.26721
3.21543 1.05372
3.22468 0.788677
3.23394 1.24117
3.24319 0.918931
3.25244 1.40715
3.2617 1.14355
3.27095 1.28528
3.2802 1.33223
3.28946 1.32988
3.29871 1.36199
3.30796 1.36844
3.31721 1.42933
3.32647 1.25513
3.33572 1.59762
3.34497 1.4984
3.35423 1.45227
3.36348 1.32035
3.37273 1.60183
3.38199 1.02471
3.39124 1.08911
3.40049 0.802716
3.40974 1.61606
3.419 1.11237
3.42825 1.49126
3.4375 1.687
3.44676 1.34071
3.45601 1.37618
3.46526 1.35834
3.47452 1.43029
3.48377 1.29003
3.49302 1.32908
3.50228 1.34009
3.51153 0.924723
3.52078 1.44254
3.53003 1.45451
3.53929 1.00632
3.54854 1.23175
3.55779 1.15972
3.56705 1.14627
3.5763 1.14029
3.58555 0.909199
3.59481 1.90342
3.60406 0.934583
3.61331 0.773519
3.62256 0.9482
3.63182 0.81482
3.64107 0.738707
3.65032 0.902628
3.65958 0.810121
3.66883 0.718342
3.67808 0.663656
3.68734 1.2886
3.69659 0.751106
3.70584 0.749126
3.7151 0.847239
3.72435 1.06571
3.7336 0.768326
3.74285 0.923035
3.75211 1.1765
3.76136 0.845291
3.77061 0.857636
3.77987 0.605955
3.78912 0.843923
3.79837 1.1
3.80763 0.802104
3.81688 0.649733
3.82613 0.913553
3.83538 1.02991
3.84464 0.757168
3.85389 0.551576
3.86314 0.662809
3.8724 0.644777
3.88165 0.79562
3.8909 0.720052
3.90016 0.840907
3.90941 0.60218
3.91866 0.667688
3.92792 0.93067
3.93717 0.731444
3.94642 0.660438
3.95567 0.738895
3.96493 0.69561
3.97418 0.587141
3.98343 0.611568
3.99269 0.746195
4.00194 0.566351
4.01119 0.699313
4.02045 0.821201
4.0297 0.918245
4.03895 0.840426
4.0482 0.997364
4.05746 0.629707
4.06671 0.758276
4.07596 0.635551
4.08522 0.725857
4.09447 0.744948
4.10372 0.949567
4.11298 1.02439
4.12223 0.729094
4.13148 0.885932
4.14073 0.974893
4.14999 0.66083
4.15924 0.786392
4.16849 0.996293
4.17775 0.856952
4.187 0.733584
4.19625 1.23976
4.20551 0.949988
4.21476 0.913348
4.22401 1.04458
4.23327 0.680641
4.24252 1.13072
4.25177 1.17275
4.26102 1.00294
4.27028 1.00042
4.27953 1.23635
4.28878 0.749262
4.29804 1.18464
4.30729 0.981427
4.31654 1.0801
4.3258 1.19089
4.33505 1.34075
4.3443 0.930031
4.35355 1.46639
4.36281 1.15628
4.37206 1.03217
4.38131 1.16895
4.39057 1.18719
4.39982 1.4545
4.40907 1.1917
4.41833 1.15836
4.42758 1.47319
4.43683 1.13245
4.44609 1.30851
4.45534 1.1759
4.46459 1.8859
4.47384 1.30172
4.4831 1.43323
4.49235 1.23359
4.5016 1.69591
4.51086 1.11079
4.52011 1.36851
4.52936 1.27465
4.53862 1.25921
4.54787 0.873281
4.55712 1.15306
4.56637 1.19151
4.57563 0.96713
4.58488 1.52651
4.59413 1.05513
4.60339 1.3862
4.61264 1.24365
4.62189 1.21245
