0.0737236 0.00174932
0.0964078 0.000925462
0.141776 0.000406314
0.153118 0.00020402
0.198487 0.0009278
0.209829 0.000298104
0.221171 0.00108556
0.255197 0.00323793
0.277881 0.00749891
0.289224 0.010246
0.300566 0.00387143
0.311908 0.00786889
0.357276 0.0307258
0.37996 0.0163112
0.402645 0.0544617
0.413987 0.015512
0.425329 0.0114961
0.436671 0.0252272
0.448013 0.0315672
0.459355 0.0104417
0.470697 0.0195878
0.493381 0.0163422
0.504723 0.0326867
0.516066 0.0509837
0.53875 0.0396473
0.550092 0.0759415
0.561434 0.203261
0.572776 0.135601
0.584118 0.191074
0.606802 0.403382
0.629487 0.510726
0.640829 1.14377
0.652171 0.364693
0.663513 0.385404
0.674855 0.988601
0.697539 0.358206
0.708881 0.173417
0.720223 0.647134
0.731565 0.300365
0.742908 0.175976
0.75425 0.363975
0.765592 0.594467
0.776934 0.211742
0.788276 0.86638
0.799618 1.51049
0.81096 0.830893
0.822302 0.560857
0.833644 1.99674
0.856328 1.25594
0.867671 1.49756
0.879013 1.69723
0.890355 0.800571
0.901697 0.718256
0.913039 1.64594
0.924381 1.30867
0.935723 0.515515
0.947065 0.887762
0.958407 0.388157
0.969749 1.32835
0.981092 0.534431
0.992434 1.00332
1.00378 0.562974
1.01512 1.18144
1.02646 0.489579
1.0378 0.188054
1.04914 0.74535
1.06049 0.86606
1.07183 0.501127
1.08317 0.918242
1.10585 2.1411
1.1172 0.759614
1.13988 0.915546
1.15122 1.92291
1.16257 1.26433
1.17391 1.61956
1.18525 0.877793
1.20793 1.16589
1.21928 1.17717
1.24196 1.45476
1.2533 1.30325
1.26464 0.959288
1.27599 1.26943
1.28733 0.68653
1.29867 1.25002
1.31001 1.34822
1.32135 0.900988
1.3327 1.60141
1.34404 2.42222
1.35538 0.985973
1.36672 1.08668
1.37807 1.64996
1.38941 1.85569
1.40075 2.46377
1.41209 2.18598
1.42343 1.37645
1.43478 1.47572
1.44612 1.47816
1.45746 1.26068
1.48014 1.15852
1.49149 1.2843
1.50283 1.28292
1.51417 0.751523
1.52551 0.722321
1.53685 0.992149
1.5482 0.458597
1.55954 1.06892
1.57088 0.815124
1.58222 0.674655
1.59356 1.31304
1.60491 0.528239
1.61625 0.878713
1.62759 0.557103
1.63893 0.646032
1.65028 0.898137
1.66162 0.733885
1.67296 0.558273
1.6843 0.904186
1.69564 1.43611
1.70699 0.826411
1.71833 0.727602
1.72967 0.849998
1.74101 0.387856
1.75235 0.702667
1.7637 0.454785
1.77504 0.484219
1.78638 0.828613
1.79772 0.216446
1.80906 0.87603
1.82041 0.64991
1.83175 0.405829
1.84309 0.639567
1.85443 0.626564
1.86578 1.23929
1.87712 0.43532
1.88846 0.468879
1.8998 0.819195
1.91114 0.713452
1.92249 1.12067
1.93383 0.844805
1.94517 1.0585
1.95651 1.58407
1.96785 1.08646
1.9792 0.951748
1.99054 0.867289
2.00188 1.14582
2.01322 1.24116
2.02456 1.03672
2.03591 0.259215
2.04725 0.875107
2.05859 1.0924
2.06993 1.04495
2.08128 0.943063
2.09262 0.63555
2.10396 0.662245
2.1153 0.915968
2.12664 1.0449
2.13799 1.35543
2.14933 0.772164
2.16067 1.11109
2.17201 0.903099
2.18335 1.52405
2.1947 1.12601
2.20604 1.2055
2.21738 0.999561
2.22872 1.82792
2.24006 1.42857
2.25141 1.24996
2.26275 1.27326
2.27409 0.935408
2.28543 1.1151
2.29678 1.14619
2.30812 0.849607
2.31946 0.627156
2.3308 0.804889
2.34214 1.13763
2.35349 0.897815
2.36483 1.09346
2.37617 1.00125
2.38751 0.735472
2.39885 0.731599
2.4102 1.25243
2.42154 0.93981
2.43288 0.64164
2.44422 1.1108
2.45556 1.36057
2.46691 0.50579
2.47825 1.04706
2.48959 1.14089
2.50093 1.09969
2.51227 0.892168
2.52362 0.81128
2.53496 0.897194
2.5463 1.37803
2.55764 1.04958
2.56899 0.906676
2.58033 1.05602
2.59167 0.578402
2.60301 0.816363
2.61435 0.656293
2.6257 1.26869
2.63704 1.27126
2.64838 1.36739
2.65972 0.839057
2.67106 1.03533
2.68241 1.40875
2.69375 1.0548
2.70509 0.830741
2.71643 1.03336
2.72777 0.929016
2.73912 0.896516
2.75046 0.78963
2.7618 1.25273
2.77314 1.32612
2.78449 1.05139
2.79583 1.60722
2.80717 1.13792
2.81851 1.05529
2.82985 0.936154
2.8412 1.11546
2.85254 0.896318
2.86388 0.967941
2.87522 0.877772
2.88656 1.28741
2.89791 0.903903
2.90925 0.953676
2.92059 0.901687
2.93193 1.2365
2.94327 0.700248
2.95462 0.820309
2.96596 1.06975
2.9773 0.870002
2.98864 0.8854
2.99999 1.12244
3.01133 0.917231
3.02267 1.19831
3.03401 0.869013
3.04535 0.789375
3.0567 0.862953
3.06804 0.953662
3.07938 0.842406
3.09072 1.03766
3.10206 0.866102
3.11341 0.459
3.12475 1.09991
3.13609 0.851179
3.14743 0.700293
3.15877 1.34657
3.17012 0.776311
3.18146 0.614167
3.1928 0.850599
3.20414 0.832532
3.21549 0.803932
3.22683 0.676954
3.23817 0.874781
3.24951 0.842981
3.26085 0.807644
3.2722 0.952349
3.28354 1.03718
3.29488 0.864842
3.30622 1.04461
3.31756 1.16835
3.32891 0.943197
3.34025 1.06853
3.35159 1.4407
3.36293 1.031
3.37427 1.32121
3.38562 1.03612
3.39696 0.907267
3.4083 1.1478
3.41964 1.23828
3.43099 1.07194
3.44233 1.30128
3.45367 1.02996
3.46501 1.44149
3.47635 1.22854
3.4877 0.77476
3.49904 1.24169
3.51038 1.19006
3.52172 0.909358
3.53306 0.991568
3.54441 1.24769
3.55575 1.29415
3.56709 1.62059
3.57843 0.786793
3.58977 1.18556
3.60112 0.811484
3.61246 0.930492
3.6238 1.39069
3.63514 0.904337
3.64648 1.46306
3.65783 1.43703
3.66917 0.478481
3.68051 0.807995
3.69185 0.73187
3.7032 0.959616
3.71454 0.949997
3.72588 0.607349
3.73722 1.61833
3.74856 0.970486
3.75991 0.688254
3.77125 0.815202
3.78259 0.874246
3.79393 1.24707
3.80527 0.874682
3.81662 1.06673
3.82796 0.88458
3.8393 0.855745
3.85064 0.91243
3.86198 1.00611
3.87333 0.787424
3.88467 1.00561
3.89601 1.12172
3.90735 0.927826
3.9187 0.849028
3.93004 1.23935
3.94138 0.804902
3.95272 0.770026
3.96406 1.13485
3.97541 0.812133
3.98675 1.11916
3.99809 0.897068
4.00943 0.697296
4.02077 0.887849
4.03212 1.25876
4.04346 1.06826
4.0548 1.14367
4.06614 1.20599
4.07748 0.926715
4.08883 1.31543
4.10017 1.41192
4.11151 1.15187
4.12285 1.03174
4.1342 0.915397
4.14554 0.924807
4.15688 0.770347
4.16822 0.670535
4.17956 1.25596
4.19091 0.976541
4.20225 1.21713
4.21359 1.14391
4.22493 0.841964
4.23627 0.990627
4.24762 1.23425
4.25896 1.06053
4.2703 0.931955
4.28164 1.07122
4.29298 1.00162
4.30433 0.464044
4.31567 0.950831
4.32701 1.48796
4.33835 0.969851
4.3497 0.902007
4.36104 0.790718
4.37238 0.819142
4.38372 0.916646
4.39506 0.606095
4.40641 1.39101
4.41775 0.788201
4.42909 0.673061
4.44043 0.788975
4.45177 0.67863
4.46312 0.872041
4.47446 0.9879
4.4858 0.851336
4.49714 0.802362
4.50848 0.964126
4.51983 1.0668
4.53117 0.943313
4.54251 0.837405
4.55385 1.2785
4.56519 1.30498
4.57654 0.733397
4.58788 0.927102
4.59922 1.33006
4.61056 1.09837
4.62191 1.19804
4.63325 0.778609
4.64459 1.09184
4.65593 1.39814
4.66727 1.09999
4.67862 0.965718
4.68996 1.23776
4.7013 1.24416
4.71264 1.21675
4.72398 0.615763
4.73533 0.917023
4.74667 0.93346
4.75801 0.987677
4.76935 0.930802
4.78069 1.33075
4.79204 0.885313
4.80338 0.898246
4.81472 1.17804
4.82606 1.04852
4.83741 0.928236
4.84875 1.04785
4.86009 1.03612
4.87143 0.776154
4.88277 1.09434
4.89412 0.994682
4.90546 0.765194
4.9168 1.11291
4.92814 1.0237
4.93948 0.93998
4.95083 1.1192
4.96217 1.21585
4.97351 0.757789
4.98485 0.850846
4.99619 0.978312
5.00754 0.926417
5.01888 0.955027
5.03022 1.26982
5.04156 1.03383
5.05291 0.739521
5.06425 0.746009
5.07559 0.864859
5.08693 0.801194
5.09827 1.01306
5.10962 0.929226
5.12096 1.10196
5.1323 0.761016
5.14364 1.25259
5.15498 1.03199
5.16633 1.04701
5.17767 1.09807
5.18901 0.871608
5.20035 1.1293
5.21169 1.16616
5.22304 0.902108
5.23438 1.11838
5.24572 0.941726
5.25706 0.835271
5.26841 0.83828
5.27975 1.15285
5.29109 0.893253
5.30243 1.02627
5.31377 1.21587
5.32512 0.769554
5.33646 1.25731
5.3478 1.23848
5.35914 0.730153
5.37048 0.776452
5.38183 0.800669
5.39317 1.11357
5.40451 0.945717
5.41585 1.11765
5.42719 1.02958
5.43854 0.951094
5.44988 0.923085
5.46122 0.768917
5.47256 1.43878
5.48391 1.339
5.49525 0.956677
5.50659 0.828934
5.51793 1.31929
5.52927 0.774462
5.54062 1.03096
5.55196 0.6879
5.5633 0.945331
5.57464 0.551211
5.58598 0.925704
5.59733 1.1992
5.60867 0.795787
5.62001 1.19793
5.63135 0.74245
5.64269 1.32801
5.65404 0.915536
5.66538 0.919957
