0.0430355 0.293608
0.0562772 0.153579
0.0827606 0.224755
0.0893814 0.0860867
0.115865 0.0482354
0.122486 0.162321
0.129107 0.107987
0.148969 0.0485502
0.162211 0.130145
0.168832 0.0399552
0.175452 0.0419277
0.182073 0.0576484
0.208557 0.0725086
0.221798 0.0904646
0.23504 0.0478495
0.241661 0.0567825
0.248282 0.305422
0.254903 0.0319773
0.261523 0.109116
0.268144 0.0929533
0.274765 0.0336265
0.288007 0.292593
0.294628 0.0827636
0.301249 0.0387592
0.31449 0.0287857
0.321111 0.0648999
0.327732 0.244308
0.334353 0.103544
0.340974 0.0307264
0.354215 0.0332937
0.367457 0.133171
0.374078 0.0785589
0.380699 0.0567236
0.38732 0.0450513
0.39394 0.0303775
0.407182 0.0611063
0.413803 0.126187
0.420424 0.0267023
0.427045 0.0823276
0.433665 0.0373354
0.440286 0.0208977
0.446907 0.0627914
0.453528 0.39007
0.460149 0.0747602
0.46677 0.0729612
0.473391 0.0714468
0.480011 0.119296
0.486632 0.0335824
0.499874 0.183168
0.506495 0.0488724
0.513116 0.142986
0.519736 0.179311
0.526357 0.28157
0.532978 0.159106
0.539599 0.20431
0.54622 0.189732
0.552841 0.121277
0.559462 0.104791
0.566082 0.109526
0.572703 0.263776
0.579324 0.253442
0.585945 0.142868
0.592566 0.313775
0.599187 0.407383
0.605808 0.253237
0.612428 0.23088
0.619049 0.388071
0.62567 0.263545
0.632291 0.30345
0.645533 0.897089
0.652153 0.608695
0.665395 1.0506
0.672016 1.10625
0.678637 0.12495
0.685258 0.879791
0.691879 0.882853
0.70512 0.92587
0.711741 1.10712
0.724983 1.28451
0.731604 1.33394
0.738224 0.95202
0.744845 0.902443
0.751466 1.80491
0.758087 1.19537
0.764708 0.606506
0.771329 0.562062
0.77795 1.43847
0.78457 0.886699
0.791191 0.76099
0.797812 1.44694
0.804433 0.797427
0.811054 1.94801
0.817675 1.00449
0.824295 1.24898
0.830916 1.19742
0.837537 0.436725
0.844158 0.870693
0.850779 0.564019
0.864021 0.814619
0.870641 0.610488
0.877262 0.648242
0.883883 0.563938
0.890504 0.434971
0.897125 0.588111
0.903746 0.150864
0.910366 0.315906
0.916987 0.374975
0.923608 0.488694
0.930229 0.359655
0.93685 0.626169
0.943471 0.403918
0.950092 0.2065
0.956712 0.437125
0.963333 0.369563
0.969954 0.342629
0.976575 0.297384
0.983196 0.426413
0.989817 0.842723
0.996437 0.336277
1.00306 0.482625
1.00968 0.455608
1.0163 0.629823
1.02292 0.78281
1.02954 0.262629
1.03616 0.663846
1.04278 0.29369
1.0494 0.496058
1.05603 0.537183
1.06265 0.589551
1.06927 0.592303
1.07589 0.779044
1.08251 0.606675
1.08913 0.578638
1.09575 0.984981
1.10237 0.967626
1.10899 1.57369
1.11561 0.804565
1.12223 0.358033
1.12885 0.854871
1.13548 0.778926
1.1421 1.17244
1.14872 0.791589
1.15534 1.05618
1.16196 0.756308
1.16858 0.893195
1.1752 0.582337
1.18182 1.63186
1.18844 0.703568
1.19506 0.885721
1.20168 1.07159
1.2083 1.37169
1.21493 1.54838
1.22155 1.27392
1.22817 1.98252
1.23479 1.35599
1.24141 1.42004
1.24803 1.14969
1.25465 1.71205
1.26127 1.42213
1.26789 1.50981
1.27451 1.95087
1.28113 1.8519
1.28775 1.02596
1.29438 1.49721
1.301 1.56843
1.30762 1.4561
1.31424 1.66298
1.32086 2.38588
1.32748 1.84526
1.3341 1.37681
1.34072 1.96144
1.34734 1.84248
1.35396 2.16687
1.36058 1.69787
1.3672 1.40191
1.37383 1.72
1.38045 1.82109
1.38707 2.46946
1.39369 2.9967
1.40031 1.60955
1.40693 2.00046
1.41355 1.41431
1.42017 2.13385
1.42679 2.07867
1.43341 2.01239
1.44003 1.19125
1.44666 1.78212
1.45328 1.43957
1.4599 1.7223
1.46652 2.25356
1.47314 3.87678
1.47976 1.22618
1.48638 1.65239
1.493 1.66984
1.49962 1.36165
1.50624 1.34237
1.51286 0.560205
1.51948 1.8654
1.52611 1.10449
1.53273 1.09381
1.53935 0.726669
1.54597 1.38401
1.55259 1.02698
1.55921 1.42971
1.56583 1.1442
1.57245 0.962605
1.57907 1.1724
1.58569 1.14776
1.59231 1.32721
1.59893 1.0395
1.60556 0.67639
1.61218 1.36509
1.6188 0.715261
1.62542 0.912326
1.63204 1.31472
1.63866 0.944637
1.64528 0.590534
1.6519 0.98533
1.65852 1.04965
1.66514 0.741484
1.67176 0.475773
1.67838 0.867886
1.68501 0.804699
1.69163 0.683463
1.69825 0.63371
1.70487 0.599023
1.71149 0.556627
1.71811 0.594111
1.72473 0.669868
1.73135 0.375895
1.73797 0.638904
1.74459 0.698142
1.75121 0.582899
1.75783 0.691717
1.76446 0.687629
1.77108 0.660668
1.7777 0.662602
1.78432 0.418039
1.79094 0.630058
1.79756 0.441391
1.80418 0.376082
1.8108 0.353435
1.81742 0.648846
1.82404 0.634337
1.83066 0.578971
1.83729 0.503565
1.84391 0.523974
1.85053 0.533155
1.85715 0.666352
1.86377 0.386747
1.87039 0.472099
1.87701 0.308093
1.88363 0.651251
1.89025 0.663228
1.89687 0.783953
1.90349 0.623916
1.91011 0.674825
1.91674 0.608665
1.92336 0.643614
1.92998 0.514597
1.9366 0.720813
1.94322 0.795787
1.94984 0.60756
1.95646 1.37748
1.96308 0.83207
1.9697 0.649904
1.97632 0.635052
1.98294 0.777314
1.98956 0.879522
1.99619 0.924636
2.00281 0.630038
2.00943 0.512101
2.01605 0.63202
2.02267 0.988315
2.02929 0.657016
2.03591 0.846526
2.04253 0.994672
2.04915 0.844225
2.05577 0.947045
2.06239 0.605005
2.06901 0.82617
2.07564 1.02634
2.08226 1.04228
2.08888 1.17786
2.0955 1.15692
2.10212 0.897968
2.10874 0.840735
2.11536 1.06162
2.12198 1.02412
2.1286 0.910453
2.13522 0.784629
2.14184 1.23557
2.14846 1.13566
2.15509 1.11702
2.16171 0.786986
2.16833 1.01591
2.17495 1.20458
2.18157 1.16596
2.18819 0.9041
2.19481 0.945594
2.20143 1.25599
2.20805 0.80174
2.21467 0.794621
2.22129 0.958906
2.22792 0.91442
2.23454 0.730332
2.24116 1.05622
2.24778 1.25391
2.2544 1.06122
2.26102 0.963345
2.26764 1.06449
2.27426 1.45409
2.28088 0.876072
2.2875 1.11362
2.29412 0.961712
2.30074 1.22155
2.30737 1.01781
2.31399 0.791659
2.32061 1.05258
2.32723 1.83794
2.33385 1.07939
2.34047 1.46122
2.34709 1.11995
2.35371 0.879108
2.36033 1.14369
2.36695 1.29915
2.37357 1.08931
2.38019 0.932572
2.38682 1.12314
2.39344 0.982079
2.40006 1.08498
2.40668 1.30891
2.4133 1.00619
2.41992 1.11304
2.42654 1.00602
2.43316 1.23432
2.43978 0.953673
2.4464 1.15593
2.45302 1.24229
2.45964 0.911114
2.46627 0.930554
2.47289 0.920455
2.47951 0.9568
2.48613 1.18693
2.49275 1.16934
2.49937 1.11717
2.50599 0.647394
2.51261 1.2581
2.51923 1.02632
2.52585 1.22628
2.53247 1.33798
2.53909 1.28387
2.54572 0.969729
2.55234 1.02978
2.55896 1.40746
2.56558 1.00749
2.5722 0.928052
2.57882 0.961537
2.58544 1.58597
2.59206 0.985148
2.59868 1.59525
2.6053 0.939792
2.61192 1.03651
2.61855 0.82171
2.62517 1.60946
2.63179 1.40517
2.63841 1.03708
2.64503 1.22871
2.65165 1.00122
2.65827 1.12065
2.66489 0.948398
2.67151 0.932293
2.67813 1.55392
2.68475 1.15228
2.69137 1.11698
2.698 0.890232
2.70462 1.17401
2.71124 0.907616
2.71786 1.10579
2.72448 1.13207
2.7311 0.94429
2.73772 0.687851
2.74434 0.976939
2.75096 1.27546
2.75758 1.04441
2.7642 0.862505
2.77082 1.16145
2.77745 0.927078
2.78407 0.984333
2.79069 1.19405
2.79731 1.10903
2.80393 0.780435
2.81055 1.05932
2.81717 1.0761
2.82379 1.24801
2.83041 1.09403
2.83703 0.95123
2.84365 1.06586
2.85027 1.05369
2.8569 1.24584
2.86352 1.11899
2.87014 0.979235
2.87676 1.11481
2.88338 0.96863
2.89 1.13806
2.89662 1.37913
2.90324 1.35447
2.90986 1.0809
2.91648 0.628321
2.9231 0.928409
2.92972 0.825267
2.93635 0.9764
2.94297 0.956084
2.94959 1.44032
2.95621 0.870856
2.96283 0.794195
2.96945 0.991588
2.97607 0.723281
2.98269 1.02553
2.98931 0.89364
2.99593 0.92387
3.00255 0.860354
3.00918 1.04375
3.0158 0.93434
3.02242 1.1466
3.02904 1.03115
3.03566 0.817772
3.04228 0.813355
3.0489 0.711601
3.05552 0.98918
3.06214 1.05087
3.06876 1.27648
3.07538 0.812538
3.082 1.07285
3.08863 1.1013
3.09525 0.718913
3.10187 0.962348
3.10849 0.838655
3.11511 0.948693
3.12173 1.02108
3.12835 0.889717
3.13497 1.09812
3.14159 0.877176
3.14821 0.828648
3.15483 1.01739
3.16145 0.899285
3.16808 0.85736
3.1747 1.08546
3.18132 0.855339
3.18794 0.833923
3.19456 1.33767
3.20118 0.695134
3.2078 1.09124
3.21442 1.06501
3.22104 0.700196
3.22766 1.17208
3.23428 1.03459
3.2409 0.792716
3.24753 0.695752
3.25415 1.1254
3.26077 1.00753
3.26739 0.879989
3.27401 0.777623
3.28063 0.768828
3.28725 0.969801
3.29387 0.554846
3.30049 1.07563
3.30711 0.975863
