0.0735391 9.67088e-05
0.0961665 0.000584967
0.141421 0.000615847
0.152735 0.000312551
0.19799 0.000518495
0.209304 0.000525616
0.220617 0.000814253
0.254558 0.0017139
0.277186 0.000982426
0.2885 0.00276918
0.299813 0.00776765
0.311127 0.00292014
0.356382 0.0148246
0.379009 0.0288123
0.401637 0.012495
0.41295 0.0158329
0.424264 0.0181577
0.435578 0.00880654
0.446891 0.0138008
0.458205 0.0168798
0.469519 0.0111736
0.492146 0.000492464
0.50346 0.0164563
0.514774 0.0300128
0.537401 0.0648397
0.548715 0.0797528
0.560029 0.0897787
0.571342 0.0674373
0.582656 0.0500243
0.605283 0.188277
0.627911 0.47958
0.639225 0.576183
0.650538 0.443958
0.661852 0.310403
0.673166 0.831595
0.695793 0.322719
0.707107 0.307092
0.71842 0.287505
0.729734 0.312493
0.741048 0.14236
0.752362 0.415556
0.763675 0.760458
0.774989 0.15945
0.786303 0.308378
0.797616 0.512623
0.80893 0.62995
0.820244 1.4608
0.831558 0.455285
0.854185 1.4719
0.865499 1.40072
0.876812 1.19993
0.888126 1.13949
0.89944 2.00904
0.910754 1.26733
0.922067 1.29193
0.933381 2.67526
0.944695 0.591789
0.956008 0.431534
0.967322 0.801537
0.978636 0.595131
0.989949 0.707627
1.00126 0.514401
1.01258 0.989697
1.02389 1.11724
1.0352 0.411905
1.04652 0.917747
1.05783 1.13003
1.06915 0.955306
1.08046 0.640246
1.10309 1.56474
1.1144 1.33688
1.13703 2.04822
1.14834 1.69951
1.15966 1.16353
1.17097 2.32716
1.18228 1.70752
1.20491 1.30586
1.21622 1.3076
1.23885 1.57806
1.25016 2.6848
1.26148 0.863702
1.27279 1.30943
1.28411 0.988741
1.29542 1.695
1.30673 0.567686
1.31805 0.363128
1.32936 1.71731
1.34067 1.04606
1.35199 0.657764
1.3633 2.31447
1.37462 0.878758
1.38593 2.63798
1.39724 1.34785
1.40856 1.70838
1.41987 2.45161
1.43118 0.715093
1.4425 1.77133
1.45381 0.985224
1.47644 1.5278
1.48775 1.11828
1.49907 0.473285
1.51038 0.827912
1.52169 0.932174
1.53301 0.647176
1.54432 0.560756
1.55563 0.390227
1.56695 0.685685
1.57826 0.870805
1.58958 0.470586
1.60089 0.790625
1.6122 0.61414
1.62352 0.694742
1.63483 0.894924
1.64614 0.609016
1.65746 0.93306
1.66877 0.56598
1.68009 0.696792
1.6914 0.495664
1.70271 0.496202
1.71403 0.754517
1.72534 0.89981
1.73665 1.01932
1.74797 0.765861
1.75928 0.62988
1.7706 0.667173
1.78191 0.707588
1.79322 0.800349
1.80454 0.514874
1.81585 0.771445
1.82716 0.399541
1.83848 0.633155
1.84979 0.684857
1.86111 0.533472
1.87242 0.844955
1.88373 0.81207
1.89505 0.51689
1.90636 0.799168
1.91767 0.605741
1.92899 0.830369
1.9403 0.800348
1.95161 1.06609
1.96293 0.820359
1.97424 1.32171
1.98556 1.55229
1.99687 1.02265
2.00818 0.879735
2.0195 1.14569
2.03081 0.826772
2.04212 1.44556
2.05344 0.777696
2.06475 1.25762
2.07607 1.90791
2.08738 1.28662
2.09869 1.05835
2.11001 1.69841
2.12132 1.41292
2.13263 0.891689
2.14395 1.38683
2.15526 0.943544
2.16658 1.45713
2.17789 1.16882
2.1892 1.45411
2.20052 0.921421
2.21183 0.870388
2.22314 0.884614
2.23446 1.19176
2.24577 0.993237
2.25708 1.42857
2.2684 1.01051
2.27971 1.33558
2.29103 0.95682
2.30234 0.996469
2.31365 1.3611
2.32497 2.03532
2.33628 1.20717
2.34759 1.08784
2.35891 0.891814
2.37022 0.821157
2.38154 0.528397
2.39285 0.51038
2.40416 1.16624
2.41548 0.986904
2.42679 1.06797
2.4381 0.688661
2.44942 0.802684
2.46073 0.77702
2.47205 1.32593
2.48336 0.742055
2.49467 0.867414
2.50599 0.905755
2.5173 1.02201
2.52861 0.730005
2.53993 1.1298
2.55124 0.904034
2.56255 0.850167
2.57387 1.07676
2.58518 0.677038
2.5965 0.791393
2.60781 1.64954
2.61912 0.885197
2.63044 1.19066
2.64175 0.820605
2.65306 0.68785
2.66438 1.1147
2.67569 1.14715
2.68701 0.935048
2.69832 0.737873
2.70963 1.27371
2.72095 2.01285
2.73226 0.754487
2.74357 1.17513
2.75489 1.26258
2.7662 1.08353
2.77752 1.30735
2.78883 1.1331
2.80014 1.00159
2.81146 0.80084
2.82277 0.909962
2.83408 1.60384
2.8454 1.07168
2.85671 0.851811
2.86803 0.981611
2.87934 0.592979
2.89065 1.18943
2.90197 0.91871
2.91328 1.38946
2.92459 1.10552
2.93591 0.834565
2.94722 0.987597
2.95853 0.858012
2.96985 0.812347
2.98116 1.32906
2.99248 0.713318
3.00379 0.894536
3.0151 1.08676
3.02642 1.07087
3.03773 0.973922
3.04904 0.709386
3.06036 1.01794
3.07167 0.745374
3.08299 0.57375
3.0943 1.14022
3.10561 1.01928
3.11693 0.90168
3.12824 0.867394
3.13955 0.854611
3.15087 0.71536
3.16218 0.732869
3.1735 0.795818
3.18481 1.28159
3.19612 0.832724
3.20744 0.805211
3.21875 1.10594
3.23006 0.781117
3.24138 0.83492
3.25269 0.742946
3.264 0.935676
3.27532 1.30027
3.28663 1.17321
3.29795 0.986124
3.30926 0.760693
3.32057 1.08761
3.33189 0.954667
3.3432 1.0114
3.35451 0.869041
3.36583 1.60088
3.37714 0.810827
3.38846 0.758629
3.39977 1.20038
3.41108 0.873611
3.4224 1.12993
3.43371 1.05394
3.44502 0.707315
3.45634 1.46133
3.46765 1.0957
3.47897 1.13248
3.49028 1.18401
3.50159 1.45015
3.51291 0.98213
3.52422 0.812278
3.53553 1.01967
3.54685 1.68691
3.55816 1.32807
3.56948 0.972088
3.58079 1.13627
3.5921 0.898194
3.60342 0.897437
3.61473 0.857819
3.62604 1.09818
3.63736 1.05807
3.64867 1.0208
3.65998 1.70803
3.6713 1.04938
3.68261 0.758044
3.69393 0.793503
3.70524 0.871667
3.71655 1.01292
3.72787 0.838509
3.73918 1.13251
3.75049 1.07973
3.76181 1.00465
3.77312 1.01806
3.78444 0.720385
3.79575 0.76155
3.80706 0.656973
3.81838 0.965407
3.82969 0.896473
3.841 1.1006
3.85232 0.93572
3.86363 1.1528
3.87495 0.987045
3.88626 1.04234
3.89757 0.867545
3.90889 0.99423
3.9202 0.955752
3.93151 0.757967
3.94283 0.907287
3.95414 1.13293
3.96545 0.819337
3.97677 0.910661
3.98808 1.01687
3.9994 1.3569
4.01071 0.937393
4.02202 0.974809
4.03334 0.910546
4.04465 1.02358
4.05596 0.943824
4.06728 1.00255
4.07859 0.946315
4.08991 1.25935
4.10122 1.27746
4.11253 0.76673
4.12385 1.18939
4.13516 1.14499
4.14647 0.767965
4.15779 1.2517
4.1691 1.03939
4.18042 0.761041
4.19173 0.960008
4.20304 0.955915
4.21436 1.1213
4.22567 1.07851
4.23698 0.859579
4.2483 1.3177
4.25961 1.16874
4.27092 1.12783
4.28224 1.12119
4.29355 1.29914
4.30487 1.1207
4.31618 0.921825
4.32749 0.883191
4.33881 0.932666
4.35012 0.859364
4.36143 1.24635
4.37275 0.892771
4.38406 0.898053
4.39538 1.09687
4.40669 0.8129
4.418 1.8062
4.42932 0.861771
4.44063 0.791264
4.45194 1.02686
4.46326 1.05285
4.47457 1.0162
4.48589 0.671466
4.4972 0.70643
4.50851 1.13509
4.51983 0.800508
4.53114 0.978812
4.54245 0.857313
4.55377 0.805624
4.56508 1.06822
4.5764 0.609692
4.58771 1.02907
4.59902 1.06537
4.61034 0.797894
4.62165 0.863541
4.63296 0.860817
4.64428 0.8224
4.65559 1.05324
4.6669 0.999583
4.67822 1.12871
4.68953 0.999874
4.70085 0.91618
4.71216 1.0397
4.72347 1.08123
4.73479 0.826394
4.7461 0.937626
4.75741 0.923613
4.76873 1.17207
4.78004 0.893908
4.79136 1.11933
4.80267 1.39809
4.81398 1.12967
4.8253 0.908635
4.83661 1.21171
4.84792 0.666377
4.85924 1.15922
4.87055 0.860454
4.88187 1.28682
4.89318 0.895962
4.90449 0.867615
4.91581 1.12286
4.92712 1.04061
4.93843 0.854679
4.94975 1.12899
4.96106 1.09237
4.97237 0.885222
4.98369 0.586482
4.995 1.11918
5.00632 0.853213
5.01763 1.0913
5.02894 1.02377
5.04026 1.1822
5.05157 0.954107
5.06288 1.38558
5.0742 0.397763
5.08551 1.13087
5.09683 1.08434
5.10814 1.01656
5.11945 0.92725
5.13077 0.848272
5.14208 1.19276
5.15339 0.828049
5.16471 1.15269
5.17602 0.816461
5.18734 0.820299
5.19865 0.949866
5.20996 0.901028
5.22128 0.817508
5.23259 1.19348
5.2439 0.964041
5.25522 1.12488
5.26653 0.844856
5.27785 0.811331
5.28916 1.26221
5.30047 1.14482
5.31179 0.895811
5.3231 1.0107
5.33441 0.753603
5.34573 1.01218
5.35704 1.19043
5.36835 0.738436
5.37967 1.13919
5.39098 0.879723
5.4023 0.916799
5.41361 0.984197
5.42492 1.03235
5.43624 1.21381
5.44755 0.826153
5.45886 1.44626
5.47018 1.07185
5.48149 0.802977
5.49281 0.918409
5.50412 1.05226
5.51543 1.27496
5.52675 0.952589
5.53806 0.81938
5.54937 1.05035
5.56069 0.841894
5.572 1.14091
5.58332 0.898357
5.59463 1.0862
5.60594 0.8963
5.61726 0.743234
5.62857 1.37963
5.63988 1.10369
5.6512 0.56687
