0.800951666667 0.945893
0.928297333333 0.882426333333
0.870469666667 0.885224
0.4519245 0.0154155966667
0.01569494 0.408049
0.0306077666667 0.13335353
0.239572166667 0.02151743
0.740136666667 0.938729666667
0.828552 0.835158666667
0.779495 0.867025666667
0.741361333333 0.834374666667
0.737927 0.716063333333
0.721703666667 0.763121666667
0.102017466667 0.856609
0.215008633333 0.942861
0.143289633333 0.898157333333
0.0355552733333 0.487632666667
0.195068 0.859995333333
0.0526371 0.213821666667
0.0443906666667 0.296731
0.082704 0.330501333333
0.0678871 0.06013683
0.1179695 0.0281258633333
0.100039766667 0.180557666667
0.108395933333 0.110941966667
0.158478333333 0.078931
0.334205666667 0.0353645
0.690416333333 0.86891
0.679481333333 0.933665333333
0.690669666667 0.650916666667
0.512444 0.679642333333
0.529602666667 0.625209
0.589425666667 0.612147666667
0.631398333333 0.654169
0.660192666667 0.761860666667
0.647802666667 0.824747
0.588114333333 0.835911666667
0.617144666667 0.718054666667
0.541373 0.785437333333
0.558013333333 0.730466666667
0.833508333333 0.510832333333
0.942005 0.244323666667
0.892947666667 0.283533333333
0.877514333333 0.33346
0.847620333333 0.444642333333
0.685425 0.0628065333333
0.69714 0.0227116666667
0.610499666667 0.0308547333333
0.04240064 0.736452333333
0.0604947 0.811926333333
0.117276166667 0.791598
0.177792 0.791161666667
0.195068666667 0.742418666667
0.0757534 0.746915333333
0.0572621066667 0.567679
0.147831666667 0.678522333333
0.0469420066667 0.634394
0.0890322333333 0.682582666667
0.452816 0.696809666667
0.41255 0.660555666667
0.278458666667 0.946662333333
0.234514 0.893732
0.132716833333 0.297680666667
0.174929333333 0.344973
0.199061 0.221604666667
0.141806166667 0.230646333333
0.501599666667 0.184014333333
0.528655 0.0628708
0.251579333333 0.0711259666667
0.215410333333 0.171549666667
0.197454666667 0.108084033333
0.326314 0.219034666667
0.384934666667 0.206798
0.280082666667 0.171545666667
0.295432 0.113966266667
0.620522 0.943050666667
0.571768666667 0.88946
0.533213 0.969865666667
0.778283333333 0.531712
0.737076333333 0.483853
0.764909333333 0.597937
0.70753 0.600829333333
0.279288666667 0.380176666667
0.310653333333 0.273209
0.248072666667 0.275775
0.233030333333 0.332109
0.485704666667 0.238936
0.427229333333 0.250230666667
0.981459333333 0.504171
0.965060333333 0.321418
0.926777666667 0.397282666667
0.909169 0.443915666667
0.920413 0.169708666667
0.933453666667 0.107232566667
0.890475666667 0.0607814333333
0.828841 0.0563054666667
0.694088 0.195219666667
0.680859333333 0.266606333333
0.818443333333 0.335494
0.722659 0.307599333333
0.776575666667 0.287536666667
0.709207666667 0.373887666667
0.750839 0.418374333333
0.806158 0.400043333333
0.114756 0.565263
0.163235333333 0.627917666667
0.357607666667 0.694914333333
0.251764333333 0.743121
0.283734666667 0.867129666667
0.292239 0.799019666667
0.343338333333 0.770909666667
0.327679333333 0.92006
0.648701666667 0.374001333333
0.533504 0.294346666667
0.630055 0.304989333333
0.590438666667 0.273606666667
0.603774 0.545554666667
0.562025333333 0.508629
0.678779333333 0.486737333333
0.662607 0.537488666667
0.632036 0.421372333333
0.574115 0.435198
0.400154666667 0.0506857333333
0.353347666667 0.0972428666667
0.396619 0.1425856
0.468892 0.0761508
0.454808666667 0.1310966
0.415512666667 0.317673666667
0.341235 0.379049
0.357557333333 0.328415333333
0.844009333333 0.219606666667
0.860097 0.169924666667
0.786708333333 0.221576
0.746020333333 0.170252
0.754727333333 0.1013306
0.811503 0.1029726
0.653866333333 0.160578666667
0.636496333333 0.0970869333333
0.572953666667 0.100203266667
0.559981666667 0.166401
0.601021333333 0.200582666667
0.482880333333 0.571271
0.500954666667 0.521284
0.425455666667 0.589450333333
0.385353 0.554903333333
0.368434 0.486820666667
0.387663 0.441682
0.130545666667 0.516012666667
0.162413 0.408589666667
0.101170833333 0.403710333333
0.0827178333333 0.449523666667
0.333173 0.588787333333
0.222297333333 0.626482666667
0.263589333333 0.677789666667
0.318333333333 0.657693
0.385636666667 0.913980333333
0.460001666667 0.942465333333
0.510144 0.899228333333
0.517175666667 0.344540333333
0.457659666667 0.356572666667
0.534836 0.406638
0.485080333333 0.459646
0.446132333333 0.429947333333
0.977010333333 0.715270666667
0.958262666667 0.645664
0.944447333333 0.833367
0.925699666667 0.763760333333
0.926668333333 0.512388666667
0.941928333333 0.578902
0.874067666667 0.551411
0.837688666667 0.766678666667
0.886479 0.733874
0.795329 0.715534
0.805451 0.647495
0.859384333333 0.621848666667
0.898052666667 0.657083
0.191268333333 0.516231666667
0.290672333333 0.546448333333
0.234540666667 0.564047
0.306174666667 0.483084
0.263457333333 0.439073
0.204682666667 0.454622
0.381409333333 0.800923666667
0.399939 0.864917333333
0.464049 0.859228333333
0.478932333333 0.798985666667
0.435944666667 0.761182333333
