0.909352333333 0.972323666667
0.979640333333 0.0986201666667
0.012814297 0.287862
0.011191297 0.426932
0.0484788333333 0.875373
0.989333 0.491706
0.988745 0.385624666667
0.923859 0.101969266667
0.897749666667 0.0774219333333
0.922518333333 0.0426576333333
0.960332666667 0.0686491
0.961612 0.0355451333333
0.957251 0.147693333333
0.918918666667 0.131836666667
0.652298333333 0.101944
0.672575666667 0.138275666667
0.851579666667 0.1276928
0.830218 0.119931766667
0.869633666667 0.0840931333333
0.848272 0.0763321
0.653139333333 0.0351577
0.0384429666667 0.302197
0.0216217 0.377505333333
0.0288858303333 0.0601575
0.552865 0.0115688
0.0639938666667 0.0267591
0.0907501333333 0.0481777
0.429608 0.540682666667
0.612656333333 0.180978333333
0.509296666667 0.280400666667
0.591396666667 0.278811666667
0.522453 0.322484
0.00744720033333 0.561922
0.01334497 0.807012
0.0333420366667 0.935319
0.0252144033333 0.889917666667
0.565929666667 0.716179666667
0.142900333333 0.710311
0.846165 0.684331
0.839505 0.70653
0.934111666667 0.821314666667
0.957022666667 0.799151
0.899052666667 0.798848666667
0.889291 0.76739
0.917534666667 0.713164333333
0.952236 0.697171666667
0.971303 0.721591333333
0.952345 0.757894666667
0.919672333333 0.748599666667
0.821022 0.918102
0.977665 0.605561333333
0.978521666667 0.456862666667
0.664971 0.414253666667
0.824788666667 0.508534666667
0.465878666667 0.540917666667
0.774265 0.194094
0.881660333333 0.421976666667
0.846163333333 0.486612
0.838389 0.443343666667
0.896056333333 0.393401666667
0.854809666667 0.169258666667
0.889568 0.167619666667
0.978766666667 0.219858333333
0.954224666667 0.186215333333
0.71945 0.0789832
0.710541333333 0.124334333333
0.732014 0.148446333333
0.665312 0.0753185
0.694498 0.0662990333333
0.678653333333 0.0519820333333
0.828263 0.0534335
0.874393333333 0.0264302333333
0.782167666667 0.0191884
0.705312 0.0248745666667
0.292907666667 0.329284333333
0.265036333333 0.349793666667
0.204456 0.341445
0.243395333333 0.326113666667
0.017244097 0.171612666667
0.0383543 0.197358333333
0.0862913333333 0.0864141
0.0626402 0.157128333333
0.047995297 0.0962014
0.041529997 0.131382666667
0.0615471666667 0.265682333333
0.219418 0.0491748666667
0.162255333333 0.0244805666667
0.188744333333 0.0419766666667
0.117614666667 0.0380292
0.144103666667 0.0555253
0.598639666667 0.0433742
0.552501 0.0857063
0.590728333333 0.0766573666667
0.601617333333 0.140792333333
0.614969666667 0.107519333333
0.533396666667 0.123059933333
0.565379333333 0.247461
0.527836 0.247822333333
0.512428666667 0.208302
0.419288666667 0.266879666667
0.478304 0.267117
0.455569 0.286877
0.645824 0.280109333333
0.622152666667 0.271889333333
0.623622 0.504707666667
0.621624666667 0.471583333333
0.693306 0.460623333333
0.667370333333 0.446802333333
0.628914 0.402145
0.510372666667 0.399395666667
0.420652666667 0.507886333333
0.0217921666667 0.767650333333
0.0422112333333 0.842696666667
0.0201523666667 0.587298333333
0.0357009333333 0.561518333333
0.0347073 0.628483333333
0.0502558666667 0.602703333333
0.0538842333333 0.486785666667
0.0420876666667 0.669922
0.0322358333333 0.724365333333
0.0442981 0.764811
0.478187 0.574747666667
0.520096333333 0.570940666667
0.353072 0.691524333333
0.426384 0.692453666667
0.424824333333 0.728707333333
0.409712666667 0.961073333333
0.1179517 0.850121
0.0725455 0.836788666667
0.0641887 0.802188
0.0925249 0.779262333333
0.123466 0.793062666667
0.140536 0.829320666667
0.155236 0.740496666667
0.145214 0.773887666667
0.886974 0.821674666667
0.857471333333 0.883013
0.922033 0.844140666667
0.893325 0.896411666667
0.839254 0.868940333333
0.849897666667 0.836672666667
0.839321 0.740914666667
0.853472333333 0.766908
0.808134333333 0.764115666667
0.803676333333 0.813934333333
0.826157666667 0.813364666667
0.833686333333 0.97392
0.829451333333 0.943910666667
0.882975666667 0.963992
0.878740666667 0.933982666667
0.940267333333 0.667379666667
0.953317333333 0.643521
0.919153666667 0.621248333333
0.876301333333 0.634670666667
0.875763666667 0.672936
0.905566 0.683372333333
0.927448666667 0.587639333333
0.960966 0.561994
0.962410666667 0.519376666667
0.681112 0.38695
0.645055 0.374841333333
0.630236333333 0.349630333333
0.692619666667 0.310059
0.656376 0.310250333333
0.712879333333 0.385827
0.753401 0.348650666667
0.719305666667 0.350943
0.746135 0.406564333333
0.810046333333 0.432662
0.798489333333 0.389215333333
0.769384 0.383774666667
0.698548666667 0.505010333333
0.795358 0.705993
0.757932 0.757214
0.784062666667 0.74375
0.604531333333 0.571188666667
0.717666666667 0.737178
0.478839333333 0.507506333333
0.527122333333 0.46795
0.449945333333 0.486582
0.441652 0.45768
0.492278 0.436525333333
0.459048333333 0.430555666667
0.586256333333 0.542412333333
0.587632333333 0.517723333333
0.542154 0.543886666667
0.513205333333 0.514282333333
0.536552 0.497658333333
0.557959666667 0.455367
0.588991 0.455799
0.598679666667 0.418909333333
0.545729666667 0.413322
0.567691333333 0.394839
0.713846666667 0.284855333333
0.723099333333 0.260598666667
0.747013 0.313554333333
0.709278666667 0.178457666667
0.727824 0.202772333333
0.703733 0.232641666667
0.666655666667 0.241144
0.642984333333 0.232924
0.670889 0.170087666667
0.640166666667 0.193834333333
0.960702333333 0.406303666667
0.969157333333 0.427919333333
0.872286333333 0.482481666667
0.897968666667 0.514506333333
0.930852666667 0.497307666667
0.937541 0.464013666667
0.896715333333 0.443667333333
0.929086 0.442398
0.951385666667 0.368746
0.923988333333 0.370660333333
0.892203 0.33809
0.900344333333 0.198257333333
0.926668666667 0.200996333333
0.784099333333 0.163712
0.760393666667 0.142379
0.806693333333 0.137580633333
0.782987666667 0.116247633333
0.744384 0.0565397333333
0.759663333333 0.0301389333333
0.775109333333 0.0778568333333
0.790388666667 0.0514560333333
0.301072 0.716616333333
0.319540666667 0.687423666667
0.402685666667 0.563641333333
0.363742333333 0.543242666667
0.0571588 0.341777333333
0.0878861 0.338815666667
0.230593333333 0.513607
0.230367666667 0.536779666667
0.27646 0.509060333333
0.276234333333 0.532233
0.170999666667 0.579157666667
0.206986 0.562085333333
0.140369966667 0.513918333333
0.1076685 0.497087666667
0.0583372 0.543293666667
0.0668875333333 0.509821333333
0.325530666667 0.340289333333
0.330256333333 0.370361
0.166749333333 0.496427
0.204725333333 0.498529666667
0.209205666667 0.467517
0.267615 0.388851666667
0.300212 0.398414
0.244550666667 0.451317333333
0.317308 0.423362333333
0.116350866667 0.459119666667
0.145488333333 0.458884333333
0.165089333333 0.443582666667
0.13243 0.379634333333
0.158916333333 0.403656333333
0.0885248666667 0.452220333333
0.105705466667 0.379558666667
0.161881 0.0844894
0.219842 0.1017141
0.197657333333 0.0786348
0.178485 0.317119666667
0.186836333333 0.286089333333
0.140424666667 0.338934333333
0.1110813 0.317641
0.1034582 0.284088
0.357899333333 0.0918001333333
0.394303 0.0623267
0.329775 0.0828976666667
0.260908 0.0823751333333
0.260063 0.0518622
0.297913 0.198556
0.355547 0.132915166667
0.526526666667 0.0553188
0.551181333333 0.0328790333333
0.386029666667 0.037756
0.308083666667 0.0386209
0.343906 0.0467578
0.432050333333 0.0269642
0.240949666667 0.0184374666667
0.356678333333 0.0128869
0.48635 0.0202944666667
0.506664 0.117919933333
0.503623666667 0.0708741
0.473978666667 0.0551040666667
0.589357666667 0.196123333333
0.570019 0.216594
0.536046 0.193066333333
0.578318666667 0.155937333333
0.547253 0.159215
0.420736 0.2378
0.453479333333 0.174185
0.475843666667 0.205678333333
0.460258333333 0.231915
0.597950666667 0.341474666667
0.569792333333 0.358903333333
0.581853333333 0.309867333333
0.553695 0.327296
0.502441333333 0.344022333333
0.496225333333 0.370843666667
0.46655 0.321699
0.460334 0.348520333333
0.0932244333333 0.680866666667
0.0639215 0.692850333333
0.1117088 0.712384333333
0.0828670333333 0.747146666667
0.0605301 0.73751
0.586627 0.607762666667
0.601888 0.666026666667
0.614605333333 0.642767
0.482905666667 0.689689
0.448823333333 0.675280333333
0.466119666667 0.608075
0.494873333333 0.721843666667
0.376847 0.912748666667
0.406339666667 0.926273666667
0.366174333333 0.970007333333
0.344265 0.947631333333
0.384572 0.781604666667
0.369827 0.725383333333
0.394534333333 0.742396666667
0.357085 0.880234666667
0.299800666667 0.74643
0.335024333333 0.751096333333
0.342617666667 0.778846666667
0.324614333333 0.807953333333
0.923590666667 0.893430333333
0.933439666667 0.87023
0.935383 0.939333
0.945232 0.916132666667
0.788753333333 0.927958
0.794223333333 0.896189
0.451011666667 0.972540333333
0.901309666667 0.572654666667
0.895988333333 0.546518
0.718002666667 0.462145
0.741463666667 0.441757666667
0.776269666667 0.462414666667
0.783237666667 0.495019
0.723245333333 0.506532
0.753674333333 0.518749
0.650714666667 0.529509
0.680947333333 0.533965333333
0.633 0.571301
0.811709 0.646882666667
0.626111333333 0.738082333333
0.644158666667 0.709956333333
0.5961 0.720529666667
0.614147333333 0.692403666667
0.988429 0.307254333333
0.965479333333 0.329681333333
0.974476 0.263955333333
0.863412666667 0.372618
0.863830666667 0.344501666667
0.821513666667 0.367481666667
0.821931666667 0.339365333333
0.774581333333 0.298917
0.810492666667 0.311337666667
0.767011333333 0.262566
0.172899 0.686234
0.163317333333 0.649594
0.178136 0.624806
0.397578 0.593720333333
0.426295666667 0.616187333333
0.420439 0.647033333333
0.397999666667 0.664206666667
0.363756 0.65941
0.301836666667 0.554222333333
0.343170666667 0.559498333333
0.341420333333 0.62493
0.360674333333 0.597869
0.0433421666667 0.379744666667
0.0336887 0.463298
0.0239020666667 0.433835333333
0.0683293333333 0.428732666667
0.0748144666667 0.394275
0.147706666667 0.578664666667
0.131119966667 0.552453333333
0.0898681666667 0.569095
0.0784648333333 0.606877333333
0.131810333333 0.626769666667
0.1038203 0.638340666667
0.38911 0.4406
0.416911333333 0.431800666667
0.358557 0.413189333333
0.365591 0.380091666667
0.434307666667 0.404676333333
0.431689 0.364684333333
0.400263333333 0.347434333333
0.393791 0.287824666667
0.392429666667 0.317393333333
0.354393 0.290410333333
0.353031666667 0.319979
0.239148666667 0.399193666667
0.230924333333 0.422098333333
0.197630666667 0.375467
0.189406333333 0.398371666667
0.324699333333 0.453854333333
0.368773 0.470175666667
0.306849 0.497186
0.292763333333 0.468467
0.352471666667 0.514539333333
0.382459666667 0.502141666667
0.267437 0.148532333333
0.283232333333 0.105335033333
0.307412666667 0.1054147
0.321577333333 0.144545666667
0.300062 0.167271333333
0.107323533333 0.113165033333
0.137850333333 0.114451033333
0.0901377 0.148698
0.344772666667 0.2273
0.314293 0.215073666667
0.330482666667 0.268673666667
0.296498333333 0.287237333333
0.275481333333 0.254024666667
0.271976666667 0.284814666667
0.423225333333 0.0808204
0.456880333333 0.0843895666667
0.420745 0.116487833333
0.458198666667 0.141855333333
0.480334666667 0.127661333333
0.369895333333 0.208563
0.396450666667 0.218271333333
0.413608666667 0.180893
0.401013 0.140956166667
0.375534333333 0.1534215
0.504600333333 0.658786
0.494759 0.623391
0.542728666667 0.672172333333
0.560639666667 0.650145333333
0.528797 0.598128666667
0.556549333333 0.611496666667
0.555285666667 0.755538
0.523284333333 0.749824666667
0.501215333333 0.853918666667
0.526704333333 0.833951
0.452970666667 0.761500666667
0.480226 0.748011
0.480382 0.827464666667
0.508637 0.775992
0.505871 0.807497
0.397084333333 0.811179333333
0.427450666667 0.861428666667
0.363152 0.833094666667
0.376235333333 0.856276
0.452476 0.831832666667
0.435193 0.804764666667
0.324428 0.936864666667
0.293249 0.876820333333
0.327108333333 0.889979
0.282543 0.850793
0.297015 0.814851666667
0.502451666667 0.885308333333
0.477395 0.953227333333
0.446235666667 0.921249333333
0.456593 0.888450333333
0.448505666667 0.987329666667
0.370152666667 0.988087
0.651867333333 0.628998666667
0.652357666667 0.594106666667
0.687914333333 0.573634666667
0.776202333333 0.540435
0.824608 0.534152333333
0.854179333333 0.549846333333
0.859500666667 0.575983
0.842787333333 0.60439
0.807793666667 0.605207
0.945551 0.271362333333
0.940764666667 0.306323666667
0.895961333333 0.239307333333
0.922285666667 0.242046333333
0.894885666667 0.312818
0.800596333333 0.216187
0.797135666667 0.249002
0.837185333333 0.209722
0.827748666667 0.274862333333
0.867560666667 0.249133
0.861584666667 0.281458333333
0.264155 0.716669333333
0.245050333333 0.691223666667
0.204564666667 0.704120333333
0.193867666667 0.736762666667
0.255989 0.656169666667
0.293562333333 0.652422666667
0.282678 0.589706333333
0.304758 0.622043333333
0.250463 0.218797333333
0.207518666667 0.268773
0.241611333333 0.253682
0.161135666667 0.142711666667
0.232621666667 0.159687666667
0.207351 0.135829333333
0.157206 0.165821333333
0.18717 0.233139666667
0.213461666667 0.209428333333
0.206086333333 0.181744333333
0.110607366667 0.965899333333
0.0672934333333 0.938799666667
0.0784274333333 0.907492666667
0.269142333333 0.912779666667
0.235657666667 0.907098666667
0.254277 0.839382
0.231498333333 0.859728333333
0.204738666667 0.849576666667
0.18104 0.825311
0.183271666667 0.797618333333
0.242639666667 0.759745333333
0.212838 0.766942
0.262309666667 0.773947666667
0.268749 0.803440666667
0.773373333333 0.837189666667
0.637644 0.766557666667
0.511819 0.960316
0.485435666667 0.979629
0.526468 0.985484333333
0.768156 0.688903666667
0.777847 0.651992333333
0.761054333333 0.566358666667
0.779787666667 0.587029666667
0.720796666667 0.582820333333
0.753535666667 0.62281
0.723927333333 0.620488333333
0.206973666667 0.626599
0.234759333333 0.634219333333
0.222467 0.590515
0.250252666667 0.598135333333
0.155249 0.229793666667
0.146277 0.264033666667
0.118033566667 0.263468666667
0.0653211333333 0.21768
0.0761225333333 0.245063
0.0965241666667 0.186671333333
0.132660333333 0.190159333333
0.200094666667 0.950181333333
0.211613333333 0.918687666667
0.186466333333 0.883844666667
0.298978 0.956689333333
0.277551666667 0.945763
0.253974666667 0.982502
0.232548333333 0.971575666667
0.713873666667 0.827822666667
0.686717666667 0.813589333333
0.745438 0.778671666667
0.744047 0.811653666667
0.705172666667 0.758635666667
0.676625666667 0.777384333333
0.582826666667 0.79116
0.617399666667 0.79504
0.565398 0.829712666667
0.743531333333 0.958176333333
0.780035 0.978329666667
0.726101333333 0.989726
0.531542 0.899934666667
0.531063666667 0.936114
0.67879 0.648179
0.706306666667 0.645759666667
0.671402333333 0.691114
0.704830666667 0.708609
0.726224 0.684992666667
0.144201666667 0.952255666667
0.166819 0.944486333333
0.109437366667 0.917296666667
0.129339366667 0.887786666667
0.162643666667 0.898042666667
0.72445 0.945048333333
0.761706333333 0.906387666667
0.752694 0.879086333333
0.718648666667 0.871999666667
0.695797333333 0.888102666667
0.622104333333 0.829037333333
0.586587333333 0.848833333333
0.569777666667 0.876750666667
0.652440666667 0.83676
0.656745333333 0.867096333333
0.656161333333 0.970887333333
0.682355 0.920432666667
0.691013666667 0.946363
0.585602666667 0.967785666667
0.563815 0.937728333333
0.62433 0.954659666667
0.637818666667 0.924224666667
0.621703 0.896616
0.586426666667 0.896993666667
