0.988280666667 0.345812
0.153327933333 0.00997733666667
0.00241538 0.577794333333
0.729362 0.0153056733333
0.222674 0.0235688266667
0.00904051666667 0.812380333333
0.02435656 0.728163
0.0460466933333 0.693896
0.0397846366667 0.333189
0.610235666667 0.0190453066667
0.965795666667 0.184898666667
0.941836333333 0.398983
0.978938666667 0.590593
0.988163 0.466846666667
0.983390666667 0.340221333333
0.970395666667 0.438674
0.975673666667 0.390873666667
0.964992333333 0.927245
0.822902 0.604903
0.193482 0.0511973333333
0.199403 0.120757466667
0.132061666667 0.150004666667
0.0317759 0.0843349
0.01136867 0.163004233333
0.01564737 0.210923
0.156042666667 0.166162333333
0.196720333333 0.150202666667
0.21848 0.174351
0.03208277 0.301603333333
0.0271296033333 0.262087666667
0.151611333333 0.207695
0.0149233866667 0.504031333333
0.0406516 0.757075333333
0.00942914333333 0.632401666667
0.0352461933333 0.661862333333
0.384102666667 0.444503
0.176215333333 0.400780666667
0.174281 0.373353
0.210224666667 0.428628333333
0.523329333333 0.419216
0.969121666667 0.853602666667
0.952346 0.828348
0.921572 0.888635333333
0.956477333333 0.886695666667
0.894563666667 0.852886
0.912693333333 0.825691666667
0.982782 0.745336
0.962890666667 0.793688333333
0.676348 0.320194
0.561402 0.424423666667
0.968241666667 0.248063
0.950529 0.213775
0.962527666667 0.0968870333333
0.956317 0.147103
0.956531 0.329063
0.903883333333 0.363284666667
0.931035666667 0.369437333333
0.963695 0.636342
0.965930666667 0.689841333333
0.936901666667 0.701050666667
0.932517 0.607679333333
0.933057 0.435175666667
0.961616333333 0.474866666667
0.87492 0.389027333333
0.798457333333 0.543761
0.825488333333 0.569952333333
0.869429 0.537039666667
0.860738 0.570495666667
0.852469333333 0.630071666667
0.908791666667 0.666235
0.878462 0.608206666667
0.906642666667 0.626363
0.864022 0.982895
0.858886666667 0.852363333333
0.230145666667 0.0749387
0.225858333333 0.1099752
0.253566 0.182655333333
0.481149333333 0.378567333333
0.516613 0.389427
0.378797333333 0.008379
0.429975666667 0.0206277733333
0.287849 0.0219383266667
0.0878070666667 0.02111021
0.0478088333333 0.0284487433333
0.0549583666667 0.0628637333333
0.155105666667 0.0614835
0.1187768 0.0449878666667
0.165314 0.0960071333333
0.138650333333 0.109294666667
0.105798466667 0.102561666667
0.0961332666667 0.0727785
0.0707402666667 0.181793333333
0.0996721333333 0.160408666667
0.0824406 0.130236
0.0365169333333 0.149390666667
0.0495929333333 0.121924
0.209472 0.207196666667
0.183281 0.224581
0.139088333333 0.343314666667
0.1051541 0.343589
0.0721677333333 0.317819333333
0.0644658666667 0.286233666667
0.0805085666667 0.691029333333
0.0661490333333 0.627615666667
0.106771466667 0.627678333333
0.118311633333 0.595801
0.400259 0.413177
0.451253 0.387147333333
0.438058666667 0.419231
0.1362202 0.421011333333
0.0730647333333 0.478427333333
0.354082 0.438295333333
0.616858666667 0.118442833333
0.653905 0.0319276
0.615660333333 0.0550743
0.668398666667 0.0971178
0.636670666667 0.0873569666667
0.549715 0.03318884
0.576191 0.0602335
0.474739666667 0.1280427
0.775687666667 0.385775
0.801958666667 0.406803666667
0.738718333333 0.455876333333
0.798378 0.357426666667
0.852253 0.368004
0.824649 0.378455333333
0.725245 0.354686
0.689872 0.354359333333
0.728795 0.423389666667
0.743377 0.390542666667
0.692161333333 0.422665333333
0.671370333333 0.389491666667
0.641781333333 0.386878666667
0.590322666667 0.404576333333
0.621173 0.416099666667
0.563783666667 0.455403666667
0.589223666667 0.477505333333
0.914938 0.214978
0.923498333333 0.134645333333
0.740728 0.315114
0.788072 0.149641
0.873909 0.256100666667
0.906297333333 0.250413
0.903025333333 0.324057333333
0.938877666667 0.269052
0.934884 0.299399666667
0.870941666667 0.325153666667
0.858327 0.294090666667
0.949406666667 0.510571333333
0.956678666667 0.547472666667
0.927209 0.56537
0.901753333333 0.535667666667
0.914673333333 0.504708
0.801297 0.510376
0.802605666667 0.435729
0.769259 0.497862333333
0.765797666667 0.464095
0.756956 0.547817666667
0.736761333333 0.522761666667
0.637349666667 0.443482
0.619993 0.475719666667
0.678749 0.447434666667
0.704385333333 0.472823
0.490465666667 0.446645666667
0.453754 0.446210333333
0.795288666667 0.610406
0.785756666667 0.642797
0.940456333333 0.956654666667
0.904308666667 0.976198666667
0.608541 0.635256666667
0.578913 0.630308
0.874263666667 0.96257
0.900042 0.915556
0.910411333333 0.943026
0.273951 0.215713666667
0.25654 0.259742
0.247929333333 0.232228333333
0.547056666667 0.361555
0.582693666667 0.371496666667
0.614344333333 0.358687
0.618158666667 0.300141
0.630409333333 0.327134666667
0.308515666667 0.0450905666667
0.214835666667 0.275660333333
0.180034 0.265531
0.150814666667 0.313752333333
0.143108666667 0.281772
0.0839559 0.265541
0.0816451333333 0.210946
0.0589040333333 0.229708
0.123141666667 0.231745
0.117886 0.264872
0.205337666667 0.459619333333
0.228402 0.493960666667
0.208827666667 0.515094
0.147156333333 0.587644666667
0.160306333333 0.558837
0.204839 0.549479
0.03767359 0.942587
0.0527506666667 0.852019666667
0.0185773233333 0.875202666667
0.0324071333333 0.818503
0.168762666667 0.821220333333
0.0728469 0.754804666667
0.0910137333333 0.723025666667
0.178843333333 0.620074
0.0270882833333 0.583231
0.0573011333333 0.596311666667
0.0883675666667 0.577206666667
0.087635 0.540824
0.0326155166667 0.540107
0.0620958 0.516805
0.260776666667 0.321172333333
0.20665 0.358956666667
0.223167 0.306957333333
0.196071333333 0.328808333333
0.287303333333 0.306165333333
0.291398 0.276032
0.391568333333 0.372421
0.365939666667 0.300433333333
0.420934666667 0.356411666667
0.433384 0.32802
0.411465333333 0.302255333333
0.101273533333 0.376743
0.106254633333 0.409791333333
0.329355333333 0.461337666667
0.261958333333 0.490935666667
0.342317666667 0.399224
0.363647666667 0.364675666667
0.312996 0.333587333333
0.346842333333 0.329762666667
0.236175333333 0.378118333333
0.263206333333 0.362185
0.237815666667 0.420362333333
0.294888666667 0.369646333333
0.307405 0.40037
0.266485 0.448328333333
0.294328 0.435857
0.620268333333 0.154950333333
0.671296333333 0.143825
0.642978 0.170571666667
0.698342333333 0.0416829
0.691825666667 0.0745904333333
0.729782666667 0.1018783
0.516839 0.03394234
0.501035 0.0626745333333
0.482384 0.0276984066667
0.46658 0.0564306
0.582914333333 0.116541833333
0.563257 0.0906151666667
0.520977 0.0923027
0.509808 0.125786033333
0.568429333333 0.503959666667
0.542989333333 0.481858
0.507744 0.478307666667
0.493599 0.510283666667
0.846128666667 0.234619
0.802898333333 0.181179333333
0.776922666667 0.208003666667
0.892466333333 0.190020666667
0.895409666667 0.155232666667
0.862875 0.145995666667
0.838378333333 0.179088
0.856045333333 0.203974
0.940496 0.0681853
0.922361 0.0992622666667
0.884277 0.0817995333333
0.80286 0.122715933333
0.842183 0.121161933333
0.847878333333 0.0895865333333
0.728915 0.139513333333
0.751260666667 0.159792
0.693855666667 0.158932666667
0.743997666667 0.194964333333
0.853748666667 0.499853
0.826602333333 0.489685333333
0.831372333333 0.448805666667
0.864692666667 0.425145666667
0.890075 0.481979
0.896249 0.448151333333
0.611928 0.564484333333
0.621949666667 0.601412666667
0.69703 0.523916
0.683157666667 0.499628333333
0.640164666667 0.506477666667
0.634449666667 0.541374
0.667979333333 0.551095
0.881714 0.686271
0.853572333333 0.668264
0.836443333333 0.825710333333
0.664443333333 0.751429
0.737943 0.701102333333
0.710961333333 0.982334666667
0.753413666667 0.964657
0.803462666667 0.969907333333
0.592116333333 0.785829666667
0.594486666667 0.875275
0.421261 0.271243
0.457100666667 0.264927
0.314455333333 0.22976
0.336075333333 0.207623
0.353009666667 0.271781
0.323291666667 0.262564666667
0.387092 0.251
0.378994 0.219646666667
0.487278 0.289013
0.529681 0.335096666667
0.490804 0.340905333333
0.473357 0.321093666667
0.273993666667 0.154075
0.258378 0.119481733333
0.262665333333 0.0844452333333
0.295736333333 0.0768127
0.322683 0.1094992
0.330102666667 0.174558333333
0.305227666667 0.151725
0.351951 0.1114732
0.359487 0.148289333333
0.386458333333 0.0431517
0.355946666667 0.0540551666667
0.372435333333 0.0877513
0.405157666667 0.108967433333
0.438191333333 0.0990418
0.435980666667 0.0669222
0.1368712 0.456223
0.171979333333 0.466983333333
0.107525933333 0.479037
0.173217 0.501042666667
0.116945066667 0.516841333333
0.147528 0.528086666667
0.608662666667 0.911395666667
0.593961 0.945970333333
0.624267666667 0.973455
0.649436 0.913786666667
0.659173666667 0.966475
0.669640333333 0.941381333333
0.536078333333 0.966984666667
0.561260333333 0.950095333333
0.500159 0.937347
0.525341 0.920457666667
0.201102666667 0.975606666667
0.08660999 0.975145666667
0.230255666667 0.956144
0.273031333333 0.957158666667
0.495272333333 0.978413666667
0.274190333333 0.989938
0.550761 0.989009
0.413123666667 0.992171
0.104713566667 0.869439333333
0.0659872333333 0.922887666667
0.0672345 0.88902
0.137112833333 0.812502666667
0.127109166667 0.783390666667
0.0874413333333 0.787920333333
0.0755895666667 0.823707666667
0.1063104 0.838037
0.170319666667 0.656553666667
0.1270925 0.656001666667
0.113951166667 0.683711333333
0.124456333333 0.715707666667
0.183695 0.695130333333
0.155712 0.756880666667
0.150973 0.726574666667
0.219783666667 0.572251
0.206938 0.614038333333
0.403120333333 0.485697
0.434972 0.481350333333
0.457538666667 0.513761666667
0.449247666667 0.549146
0.417455666667 0.562835333333
0.0677138666667 0.417430666667
0.0220108366667 0.450633
0.0506719 0.448331
0.0105502733333 0.401948333333
0.0342302366667 0.366598
0.0627327666667 0.384382333333
0.521261666667 0.282989666667
0.582993333333 0.295916666667
0.546217666667 0.309261666667
0.534638666667 0.159894
0.588326666667 0.174229
0.565465 0.152337333333
0.725553 0.252123
0.653832333333 0.269878666667
0.714784666667 0.218444333333
0.686988333333 0.202691333333
0.683784333333 0.286073
0.712791333333 0.280666333333
0.638429 0.235676333333
0.653346333333 0.207574333333
0.580328666667 0.559278666667
0.561884333333 0.531864666667
0.560722333333 0.591258333333
0.525938666667 0.574614
0.522299333333 0.541739
0.765754666667 0.265841333333
0.787911333333 0.245202
0.819661 0.255497333333
0.825632333333 0.295183
0.798792666667 0.324557
0.770664666667 0.305510666667
0.917225666667 0.0422452
0.884175666667 0.0516487666667
0.85021 0.0237710666667
0.81716 0.0331746333333
0.754569333333 0.0836269333333
0.785511666667 0.0927519
0.737663666667 0.0473547333333
0.779302666667 0.0432633666667
0.809919666667 0.0695245
0.690418666667 0.578651333333
0.739664 0.576528333333
0.763003666667 0.600755666667
0.753471666667 0.633146666667
0.905015 0.792747
0.936018 0.771498
0.926880333333 0.734355
0.891601 0.722801666667
0.840902333333 0.795767
0.874393333333 0.779366666667
0.870117 0.746564333333
0.703705 0.758297666667
0.730622333333 0.734244
0.801998666667 0.840365333333
0.625967 0.710831666667
0.657692333333 0.722508666667
0.840724333333 0.882118666667
0.854871333333 0.909562
0.804547333333 0.873254333333
0.78818 0.901338666667
0.843999666667 0.941336
0.813485333333 0.941977
0.499311 0.591962333333
0.464269 0.579035666667
0.561963666667 0.662571333333
0.644985333333 0.79067
0.618374666667 0.804743666667
0.621770666667 0.849761333333
0.565353333333 0.867524
0.509557333333 0.866484333333
0.529488333333 0.889204
0.566379 0.823096333333
0.518104333333 0.826984333333
0.539061 0.805276333333
0.403622666667 0.200413
0.415274666667 0.146520333333
0.390088333333 0.162120333333
0.225988666667 0.922170666667
0.292439 0.926938333333
0.258991666667 0.905318666667
0.305345333333 0.970693333333
0.335657333333 0.98401
0.133187666667 0.883764
0.191997 0.910494
0.166434333333 0.861079333333
0.192384666667 0.875477333333
0.365587666667 0.717208666667
0.357148666667 0.952947333333
0.387460666667 0.966264
0.334511333333 0.723136
0.301521 0.700783
0.315241 0.758666333333
0.255049666667 0.663303666667
0.243222666667 0.634231
0.299514333333 0.672605333333
0.386910333333 0.513351666667
0.393742333333 0.5489
0.543495 0.259887666667
0.542398 0.229197666667
0.584437666667 0.263024666667
0.604199666667 0.233046666667
0.581576666667 0.208195333333
0.650657 0.621962
0.680795 0.615998333333
0.637248333333 0.655806
0.642799666667 0.681029
0.674525 0.692706
0.712607666667 0.681152333333
0.720508333333 0.646266333333
0.816524666667 0.768303
0.783757333333 0.769657666667
0.763847666667 0.740369333333
0.832959333333 0.738634333333
0.771168333333 0.707227666667
0.794371666667 0.680824666667
0.826301666667 0.696864666667
0.759948333333 0.904218666667
0.703219 0.932190666667
0.735204666667 0.939606666667
0.762961666667 0.798302666667
0.772044 0.828658333333
0.716134666667 0.793068
0.507165333333 0.625986333333
0.482721 0.649607333333
0.529699333333 0.652296
0.505255 0.675917
0.587505333333 0.750495333333
0.601496333333 0.718491333333
0.572672333333 0.700402666667
0.548827333333 0.76095
0.498088 0.704019666667
0.533241 0.71823
0.523387 0.746773333333
0.463907666667 0.23053
0.439800333333 0.206052333333
0.508237666667 0.216419666667
0.510561666667 0.18339
0.473490666667 0.164467
0.447059333333 0.173019
0.260790333333 0.874183666667
0.228175 0.856019
0.0978369666667 0.939242666667
0.127558333333 0.919699666667
0.1255313 0.968711
0.165256 0.963171
0.160417333333 0.932031666667
0.411433333333 0.605333333333
0.438525666667 0.614242
0.380087 0.683231666667
0.449123333333 0.650789666667
0.319542333333 0.906835
0.351938 0.919309333333
0.302553666667 0.872359
0.265168666667 0.71519
0.210317666667 0.707447666667
0.236864 0.691908
0.272572333333 0.750246666667
0.325096 0.655012666667
0.364078333333 0.658059666667
0.378845333333 0.625392333333
0.668744666667 0.824274333333
0.700632333333 0.819803666667
0.670379333333 0.882995666667
0.65689 0.855091
0.703378 0.893182666667
0.732505 0.874281333333
0.733725666667 0.842827
0.463796333333 0.717132333333
0.437365666667 0.690212
0.410188666667 0.698895333333
0.395689333333 0.732872333333
0.468087666667 0.867583666667
0.385733666667 0.891042666667
0.382308 0.859581666667
0.296784666667 0.817081333333
0.316585666667 0.845379
0.352771666667 0.843001666667
0.327875 0.787111666667
0.252551333333 0.770321333333
0.199764666667 0.804020666667
0.196717666667 0.768793
0.218601333333 0.750804333333
0.233226666667 0.824421333333
0.264129666667 0.808710666667
0.286750666667 0.509105333333
0.326304666667 0.491978666667
0.350993333333 0.512665333333
0.403701666667 0.762318
0.370074 0.78908
0.375169666667 0.816672333333
0.404706 0.833252333333
0.448069 0.895934
0.416914333333 0.907219666667
0.468537666667 0.928192
0.445072 0.958186666667
0.413430666667 0.948803
0.318626 0.621639666667
0.351559666667 0.603169666667
0.360434333333 0.569175333333
0.336588333333 0.547508
0.437180333333 0.779119666667
0.485935666667 0.772821666667
0.461498 0.757391
0.490419333333 0.808706333333
0.461890333333 0.836617666667
0.433089 0.822461666667
0.264475333333 0.607279333333
0.296506333333 0.602505333333
0.251023 0.570387666667
0.280445 0.544652
0.305594 0.562368
