0.00831738666667 0.1518433
0.0328525 0.0515744333333
0.0282459866667 0.201605
0.449372333333 0.00531701
0.263978333333 0.01019547
0.177931333333 0.0138175266667
0.856886333333 0.0236465066667
0.958240333333 0.0916323
0.975682666667 0.660632333333
0.0663862666667 0.573728
0.0318346333333 0.547226666667
0.0156525 0.619211
0.0218319 0.582604
0.421237333333 0.0848129
0.417406333333 0.04706181
0.601324 0.00732591666667
0.676287333333 0.0117947066667
0.555149 0.0582607666667
0.0698663666667 0.111195933333
0.0456309666667 0.173668666667
0.0257023666667 0.123906966667
0.0404253 0.0941429
0.127499966667 0.0856138
0.147727666667 0.0542487666667
0.124031 0.0269657266667
0.0869244 0.0826405
0.0649576 0.0506560333333
0.0818365 0.0263462933333
0.390261333333 0.0406635766667
0.365139333333 0.0642854666667
0.349172 0.0179562433333
0.186925333333 0.0490807333333
0.217104666667 0.0253548666667
0.868453666667 0.0807935
0.896435666667 0.0965601666667
0.881558666667 0.0430584333333
0.921667666667 0.0398074
0.928434666667 0.0705044666667
0.826316333333 0.359760666667
0.398806333333 0.237675666667
0.660369 0.431722
0.678691666667 0.461045666667
0.793960333333 0.540281666667
0.1319235 0.969661
0.0544712666667 0.924009666667
0.499901 0.991965666667
0.410091666667 0.991325
0.511425333333 0.960558333333
0.0937227666667 0.626122333333
0.0642775666667 0.642127666667
0.0710298333333 0.601097666667
0.0415846333333 0.617103
0.494882666667 0.0440277666667
0.534495666667 0.0318776666667
0.457755333333 0.02418331
0.497368333333 0.01203321
0.545033666667 0.095074
0.608068666667 0.0357964
0.585486666667 0.061407
0.0942719333333 0.135160333333
0.0847594666667 0.167869
0.135050966667 0.117182566667
0.223465 0.118858233333
0.222298333333 0.0825784333333
0.748640333333 0.0161289066667
0.815033333333 0.0284452066667
0.797528 0.0525685666667
0.835456 0.0994366666667
0.804168 0.0829592666667
0.875521 0.283033333333
0.932800666667 0.306377666667
0.892556333333 0.308416333333
0.940780666667 0.126530666667
0.951318 0.152806333333
0.900085333333 0.126591666667
0.875006 0.154165666667
0.949339666667 0.281774333333
0.97451 0.229662
0.969147333333 0.188096666667
0.828762333333 0.542863
0.367612333333 0.415078333333
0.291037 0.241893333333
0.321947 0.237412666667
0.386883 0.211277333333
0.813764666667 0.609424666667
0.752879 0.578613
0.785122666667 0.574932333333
0.590639666667 0.384137
0.585914666667 0.425489333333
0.554457333333 0.443949333333
0.511531 0.399116
0.521889333333 0.435412666667
0.702680333333 0.474953333333
0.720311333333 0.511009666667
0.763341666667 0.512384666667
0.661611333333 0.541208333333
0.718340333333 0.564890333333
0.703456 0.535695333333
0.682678 0.588291666667
0.650913 0.576698
0.599680333333 0.607145333333
0.615637333333 0.580364666667
0.651315333333 0.479813333333
0.641914 0.513705
0.632992666667 0.450489666667
0.606817 0.451698333333
0.606131666667 0.952275666667
0.600879333333 0.988260666667
0.550421666667 0.974599666667
0.1084946 0.890874333333
0.1030515 0.94514
0.0839631 0.919824333333
0.0939536 0.864486333333
0.111216666667 0.837993666667
0.15548 0.771402333333
0.389981666667 0.981330666667
0.171228 0.958985
0.145529333333 0.903854666667
0.142356 0.934464
0.307146666667 0.862708666667
0.177078 0.803263333333
0.156935333333 0.834823666667
0.513307333333 0.103008033333
0.450513333333 0.0962515333333
0.483809666667 0.0783449
0.595781666667 0.105787233333
0.566566666667 0.121928966667
0.627075666667 0.116612266667
0.161753333333 0.1264619
0.158296333333 0.159361666667
0.194566666667 0.1260049
0.191109666667 0.158904666667
0.256953333333 0.0420791333333
0.255989666667 0.0753314333333
0.327562 0.058057
0.302973666667 0.0383025666667
0.842071 0.271864333333
0.841336 0.229558666667
0.856780666667 0.358602333333
0.882266 0.338018333333
0.889201 0.185401
0.924817666667 0.184102666667
0.873456 0.219911666667
0.894188333333 0.251427
0.927762666667 0.252206666667
0.942647 0.219393
0.808557 0.328578666667
0.769456 0.328422333333
0.815861666667 0.286649333333
0.756584 0.287527666667
0.782232333333 0.265724666667
0.848683 0.607578666667
0.854843 0.575667666667
0.879148666667 0.639001
0.348907666667 0.265879333333
0.383076666667 0.263268333333
0.311973666667 0.198930666667
0.341072333333 0.192019666667
0.260713666667 0.143359
0.257338 0.183061
0.281063666667 0.203411333333
0.216603333333 0.255408333333
0.225842 0.208928666667
0.196545 0.1926
0.274524333333 0.272703
0.234707 0.276734
0.0387548533333 0.231059333333
0.0290508866667 0.263871666667
0.0255125533333 0.302334666667
0.0147320533333 0.372399333333
0.0270200333333 0.440937666667
0.684195666667 0.617415
0.792521 0.644565
0.718738333333 0.690895
0.869725 0.667203333333
0.705897 0.766423666667
0.693785333333 0.816828333333
0.684017666667 0.793326
0.726222333333 0.399118666667
0.715915333333 0.325233
0.750544333333 0.349420666667
0.755938333333 0.380392666667
0.591467666667 0.292666666667
0.507659666667 0.137561
0.545665 0.146247
0.50087 0.496524
0.464103 0.469179333333
0.497122333333 0.461599333333
0.534403666667 0.374702
0.565612 0.365428333333
0.516574 0.34226
0.564595 0.325295333333
0.534749666667 0.317878
0.737237 0.43007
0.729647 0.459535666667
0.765344333333 0.484878666667
0.526998666667 0.511369666667
0.555819 0.484981666667
0.585555666667 0.490645
0.586751666667 0.554498
0.60233 0.523328
0.670612666667 0.980143666667
0.642871333333 0.956237
0.667509666667 0.934343666667
0.0845252 0.809383
0.139424 0.689090666667
0.283916 0.739528333333
0.462721333333 0.947825666667
0.427666666667 0.956819666667
0.322262 0.892362666667
0.341349666667 0.960441
0.251645333333 0.981246
0.20961 0.959849666667
0.292822666667 0.960997
0.172166666667 0.890497666667
0.180093666667 0.857474333333
0.534856333333 0.934732333333
0.605810666667 0.812371
0.641318666667 0.791696
0.767640333333 0.0995046
0.869466 0.398395
0.622732333333 0.367332
0.688357 0.339839
0.658995333333 0.399798
0.69327 0.382752666667
0.938600333333 0.651568
0.910846333333 0.630662333333
0.956047666667 0.619288
0.928293666667 0.598382333333
0.345579 0.299742333333
0.357814 0.333170333333
0.385391 0.344607333333
0.351682 0.164620333333
0.371002 0.101156166667
0.399955 0.115285366667
0.398154 0.150277333333
0.168595666667 0.219719666667
0.1142325 0.197545
0.146673 0.190342333333
0.329826 0.405858666667
0.0416008 0.511284666667
0.0369975666667 0.475628333333
0.1157749 0.478918666667
0.0526853 0.405198
0.0626628333333 0.439888666667
0.0953462 0.447478
0.441372666667 0.620918333333
0.458764333333 0.556228
0.425374666667 0.558384666667
0.421183333333 0.524912333333
0.471659666667 0.520816666667
0.451335666667 0.506226666667
0.267853 0.646024
0.248538666667 0.684003666667
0.274739 0.704738333333
0.224428 0.608068
0.262533666667 0.615941666667
0.684203333333 0.705450666667
0.682347333333 0.743903666667
0.616563666667 0.740211333333
0.641703 0.762494
0.654146 0.642841666667
0.620136666667 0.635797333333
0.605011333333 0.667904333333
0.629198333333 0.698732666667
0.656193666667 0.682562333333
0.746072 0.612418666667
0.757072 0.643878333333
0.713051 0.627819333333
0.724051 0.659279
0.662306666667 0.901797333333
0.673752333333 0.841561
0.685344333333 0.874376666667
0.803424 0.679008666667
0.837227 0.680736
0.884719666667 0.698869
0.835439666667 0.738311
0.852221666667 0.712401666667
0.973813666667 0.927477
0.956607 0.959381333333
0.767222666667 0.798770333333
0.798490333333 0.805817333333
0.733400666667 0.823860666667
0.619429 0.300066333333
0.650779 0.289618666667
0.627053666667 0.332513
0.658403666667 0.322065333333
0.483625333333 0.156542
0.455976666667 0.139895666667
0.424899666667 0.163449
0.424238333333 0.197049666667
0.515391666667 0.285686
0.459139666667 0.220354
0.446425333333 0.250205666667
0.611329 0.230659666667
0.588731666667 0.259720666667
0.1213318 0.763347666667
0.0935383333333 0.781347333333
0.0502182 0.814879333333
0.0396971 0.879357
0.0546479333333 0.848783666667
0.0204535 0.815353
0.0317315333333 0.767748333333
0.125059333333 0.628366333333
0.14582 0.654765333333
0.153663666667 0.603356666667
0.193442333333 0.620699
0.189192 0.651223
0.169929666667 0.711173
0.178351333333 0.744391
0.212012 0.741552333333
0.199566666667 0.683948333333
0.222608333333 0.699277666667
0.323512666667 0.744762333333
0.351447333333 0.709423
0.244889 0.819157
0.275169 0.805212
0.218575333333 0.79817
0.230638 0.763470333333
0.263475333333 0.766336333333
0.515657333333 0.907226333333
0.395304333333 0.932199
0.362382666667 0.936120333333
0.348147666667 0.902350333333
0.244146 0.855007
0.215849333333 0.867032
0.273401666667 0.875118333333
0.288517 0.904772333333
0.27177 0.930884333333
0.224971333333 0.930077666667
0.207922333333 0.900055333333
0.595193666667 0.920086333333
0.562914666667 0.916584333333
0.626730333333 0.891501333333
0.553756666667 0.862332333333
0.543715666667 0.889078333333
0.600591333333 0.843202666667
0.631649666667 0.855111333333
0.581760666667 0.744101666667
0.689932666667 0.104355733333
0.643857 0.0575803666667
0.652569 0.094016
0.705426 0.136536
0.851705333333 0.422663
0.798587666667 0.467677
0.779656666667 0.434453666667
0.818262666667 0.402840333333
0.789739 0.407177333333
0.914879333333 0.355497666667
0.945416666667 0.334647333333
0.396673333333 0.408204666667
0.404231 0.381298333333
0.448908 0.442942
0.421494333333 0.446012333333
0.471569 0.399065333333
0.451713 0.375229333333
0.417754 0.292184333333
0.417361333333 0.321860333333
0.454793333333 0.280111
0.481704333333 0.29339
0.484274333333 0.326454
0.456970666667 0.342851
0.345625666667 0.112438133333
0.328106666667 0.140910333333
0.289962666667 0.133088333333
0.311957333333 0.0878427
0.286405333333 0.101340566667
0.180654333333 0.273905333333
0.161943666667 0.254545333333
0.328989666667 0.352680333333
0.311222666667 0.381804
0.273437333333 0.373851
0.261639333333 0.337810666667
0.287189666667 0.312335666667
0.316754666667 0.319252333333
0.154109 0.332259666667
0.179748333333 0.309689
0.211240666667 0.369846666667
0.213713666667 0.313657666667
0.227980666667 0.335101666667
0.0735544333333 0.515852666667
0.104539233333 0.504424333333
0.0900745333333 0.555934666667
0.146449666667 0.523061333333
0.134528 0.571181666667
0.159918333333 0.549736666667
0.389566333333 0.707478333333
0.401405 0.734290333333
0.405612666667 0.673731333333
0.435171 0.658840666667
0.500771333333 0.632075333333
0.537328666667 0.632225666667
0.558136333333 0.603400666667
0.524536333333 0.553978333333
0.55139 0.568641666667
0.485512333333 0.574544
0.478592666667 0.607469333333
0.394727666667 0.576236666667
0.401130333333 0.607967666667
0.302302 0.681366
0.299439666667 0.647037666667
0.339413666667 0.680816666667
0.325867333333 0.618647
0.37288 0.655955
0.362196 0.628113666667
0.204361333333 0.552758333333
0.226494333333 0.571814
0.796331333333 0.737019666667
0.736073666667 0.753499333333
0.766134666667 0.764280666667
0.747059 0.716423666667
0.779310333333 0.709383
0.909514333333 0.708579
0.965123666667 0.708067666667
0.937778666667 0.685418
0.833888666667 0.797599666667
0.856322666667 0.771068666667
0.503287666667 0.187167333333
0.496287333333 0.217641
0.547732333333 0.175753333333
0.527296666667 0.253080666667
0.558339 0.243925
0.584075 0.185848
0.580936333333 0.214864
0.101851566667 0.702249666667
0.100479033333 0.732927333333
0.0333923666667 0.685270333333
0.0622647 0.673688
0.0451857666667 0.731831666667
0.0726855666667 0.750927
0.334827333333 0.775824
0.323445 0.835308
0.306924333333 0.809465666667
0.381800666667 0.877624666667
0.406793333333 0.895636
0.567864 0.710548
0.547874333333 0.663027333333
0.57848 0.675829333333
0.563061666667 0.81185
0.555800333333 0.780396333333
0.534992 0.839291666667
0.738429333333 0.0753759
0.704404666667 0.0763667
0.754319 0.0486988666667
0.711104 0.0300553
0.674539333333 0.0475050666667
0.778302333333 0.130122
0.750591 0.149361333333
0.839840666667 0.159463
0.82294 0.136381333333
0.821915666667 0.200345333333
0.683585666667 0.160782666667
0.626746 0.174786333333
0.642599 0.151198666667
0.858394 0.456643333333
0.840946 0.515143666667
0.830932666667 0.480889666667
0.903956 0.408446
0.923884 0.386132666667
0.928404 0.443111333333
0.114742533333 0.331459
0.0491567666667 0.341772
0.0941348333333 0.370973333333
0.0640415333333 0.376097
0.159748333333 0.422245333333
0.1168733 0.390588666667
0.1219153 0.423046
0.152436666667 0.369501
0.177787666667 0.386355666667
0.498376333333 0.82355
0.211175333333 0.516375333333
0.180872666667 0.504486666667
0.16412 0.478492666667
0.181524333333 0.446251333333
0.239163 0.499266
0.806192333333 0.838408666667
0.841590666667 0.830191
0.869219 0.843430333333
0.918482666667 0.741141333333
0.899979333333 0.772276333333
0.954820666667 0.742481333333
0.436940666667 0.885624333333
0.460506333333 0.913193333333
0.490011333333 0.89842
0.478281 0.848152666667
0.449507333333 0.842121666667
0.361968333333 0.823494333333
0.388939 0.839888
0.391326333333 0.766948333333
0.366827 0.782131333333
0.424027 0.78282
0.426498333333 0.814396666667
0.763239 0.181933666667
0.777657666667 0.233899333333
0.795133333333 0.206122333333
0.650585333333 0.233156
0.662863666667 0.206298666667
0.672370666667 0.266877666667
0.729310666667 0.268011333333
0.707553666667 0.284718333333
0.694688333333 0.19809
0.740894333333 0.231639
0.729176666667 0.206415666667
0.917886333333 0.475058666667
0.885236666667 0.482040666667
0.940753 0.505552666667
0.874511 0.519581666667
0.943832666667 0.539396333333
0.919585333333 0.565953333333
0.884310333333 0.555966333333
0.961680333333 0.441461
0.960138666667 0.405463333333
0.971076333333 0.366895
0.967925666667 0.475218
0.971005333333 0.509061666667
0.982585666667 0.581025333333
0.983630666667 0.286513
0.993356 0.684423333333
0.991391333333 0.479270333333
0.0692463666667 0.305755
0.104738833333 0.300565666667
0.0589765333333 0.276648666667
0.127952633333 0.262868
0.0686805 0.243836333333
0.102164133333 0.235245
0.439967 0.727783
0.451968666667 0.754484666667
0.513765333333 0.691079
0.526741 0.715385
0.486067 0.672764
0.457686666667 0.686080333333
0.526154 0.772430333333
0.496799666667 0.788142333333
0.510991333333 0.740972666667
0.481637 0.756684666667
0.324260333333 0.438759
0.298699333333 0.456769666667
0.362046666667 0.447978666667
0.389216 0.469281333333
0.386987666667 0.503292333333
0.266807333333 0.444719666667
0.241147666667 0.465958
0.216716333333 0.441470666667
0.256931333333 0.402251
0.228393333333 0.400955666667
0.268644 0.521877333333
0.284061 0.580702666667
0.262789333333 0.558042333333
0.315808 0.582394333333
0.302520666667 0.500619333333
0.904743 0.896138666667
0.870591333333 0.873569
0.783434 0.863817
0.713886666667 0.882099333333
0.74191 0.856316
0.959633 0.888085333333
0.927616666667 0.878047333333
0.908836333333 0.837822
0.921603333333 0.809304333333
0.358001 0.515178333333
0.326264333333 0.515797333333
0.361549666667 0.554650333333
0.329813 0.555269333333
0.91382 0.961438666667
0.892566333333 0.934845333333
0.842848 0.982695333333
0.988365333333 0.809871666667
0.973651333333 0.845559666667
0.969116 0.771316
0.954402 0.807004
0.796437666667 0.974528666667
0.804007666667 0.890012
0.795594666667 0.920921666667
0.847950333333 0.893192
0.858961333333 0.929032666667
0.833804666667 0.947459333333
0.75598 0.967375
0.765601333333 0.932851666667
0.725964 0.918287333333
0.713854666667 0.970592
0.702624666667 0.943111
