0.0600444 3.35637e-05
0.0785196 0.000249537
0.11547 0.000401032
0.124708 0.000255573
0.161658 0.00232893
0.170896 0.00283636
0.180133 0.00195436
0.207846 0.00378803
0.226321 0.00130289
0.235559 0.00298559
0.244797 0.00685704
0.254034 0.0023492
0.290985 0.0130255
0.30946 0.0102662
0.327935 0.023963
0.337173 0.0567046
0.34641 0.0182125
0.355648 0.0237972
0.364885 0.0354846
0.374123 0.0460585
0.383361 0.0753316
0.401836 0.0540269
0.411073 0.0441456
0.420311 0.0624244
0.438786 0.0985553
0.448024 0.192358
0.457261 0.0038763
0.466499 0.0863905
0.475737 0.152223
0.494212 0.253258
0.512687 0.346976
0.521925 0.304021
0.531162 0.250294
0.5404 0.396503
0.549637 0.130947
0.568113 0.157221
0.57735 0.36895
0.586588 0.0928512
0.595825 0.309511
0.605063 0.068892
0.614301 0.291789
0.623538 0.132269
0.632776 0.0538392
0.642013 0.229735
0.651251 0.159536
0.660489 0.216411
0.669726 0.182998
0.678964 0.117992
0.697439 0.286943
0.706677 0.221534
0.715914 0.389367
0.725152 0.818
0.73439 0.357308
0.743627 0.298908
0.752865 0.94238
0.762102 0.520637
0.77134 0.523871
0.780578 0.330734
0.789815 0.358427
0.799053 0.355928
0.80829 0.311343
0.817528 0.314532
0.826766 0.310647
0.836003 0.86921
0.845241 0.305605
0.854478 0.348228
0.863716 0.259044
0.872954 0.305367
0.882191 0.39109
0.900666 1.06462
0.909904 2.14702
0.928379 2.20698
0.937617 0.984454
0.946854 1.83203
0.956092 2.92368
0.96533 1.61662
0.983805 1.58253
0.993042 0.815323
1.01152 0.983569
1.02076 0.746928
1.02999 0.578474
1.03923 1.00199
1.04847 1.17672
1.05771 1.18436
1.06694 0.882296
1.07618 1.26678
1.08542 1.08992
1.09466 1.23228
1.10389 1.68165
1.11313 1.48353
1.12237 1.3563
1.13161 1.27808
1.14084 1.18943
1.15008 0.744853
1.15932 1.89668
1.16856 1.56035
1.17779 4.0823
1.18703 2.30021
1.20551 1.1974
1.21474 0.708216
1.22398 0.922828
1.23322 1.02562
1.24246 0.950441
1.2517 0.692355
1.26093 2.03672
1.27017 1.27933
1.27941 1.3875
1.28865 1.42841
1.29788 1.37178
1.30712 1.24121
1.31636 0.866781
1.3256 0.813649
1.33483 2.25722
1.34407 1.43239
1.35331 0.94208
1.36255 0.874449
1.37178 1.56922
1.38102 1.63109
1.39026 1.007
1.3995 1.50604
1.40873 1.45187
1.41797 1.21656
1.42721 1.23681
1.43645 1.42936
1.44569 1.19122
1.45492 0.729765
1.46416 0.520006
1.4734 0.756876
1.48264 0.966608
1.49187 0.838621
1.50111 0.764446
1.51035 0.962775
1.51959 1.22
1.52882 0.636435
1.53806 0.613606
1.5473 0.721935
1.55654 1.23249
1.56577 1.7371
1.57501 1.00158
1.58425 1.09492
1.59349 0.649806
1.60272 1.12935
1.61196 1.35248
1.6212 0.682297
1.63044 1.01291
1.63967 0.789866
1.64891 0.855072
1.65815 1.20353
1.66739 1.25937
1.67663 0.632753
1.68586 1.67104
1.6951 0.561246
1.70434 0.57889
1.71358 1.1981
1.72281 1.30178
1.73205 0.678416
1.74129 0.981077
1.75053 0.82449
1.75976 0.99337
1.769 0.832634
1.77824 1.03536
1.78748 0.853212
1.79671 0.694913
1.80595 0.652737
1.81519 1.03704
1.82443 1.5145
1.83366 1.14792
1.8429 0.716679
1.85214 1.13319
1.86138 0.773657
1.87061 1.01833
1.87985 0.756404
1.88909 0.756669
1.89833 1.18517
1.90757 0.539148
1.9168 0.781832
1.92604 0.581242
1.93528 0.50741
1.94452 0.721244
1.95375 0.250639
1.96299 0.949013
1.97223 0.751044
1.98147 0.527741
1.9907 0.849955
1.99994 0.800953
2.00918 0.842006
2.01842 0.751929
2.02765 0.787533
2.03689 0.64027
2.04613 0.442268
2.05537 1.13989
2.0646 0.993993
2.07384 0.498432
2.08308 0.503855
2.09232 0.630216
2.10155 0.856847
2.11079 0.975255
2.12003 0.880427
2.12927 0.81009
2.13851 0.861948
2.14774 0.666055
2.15698 0.955624
2.16622 0.795176
2.17546 0.635042
2.18469 1.35139
2.19393 0.754152
2.20317 0.746349
2.21241 0.908979
2.22164 0.721574
2.23088 0.984465
2.24012 0.815407
2.24936 1.14092
2.25859 0.795445
2.26783 1.13313
2.27707 1.05291
2.28631 0.853061
2.29554 0.74539
2.30478 0.893974
2.31402 0.945593
2.32326 1.00153
2.3325 0.86844
2.34173 0.886431
2.35097 1.36086
2.36021 1.06098
2.36945 1.18228
2.37868 0.70204
2.38792 1.00901
2.39716 1.73288
2.4064 0.857836
2.41563 1.58759
2.42487 1.073
2.43411 1.14724
2.44335 0.906825
2.45258 1.1692
2.46182 1.22076
2.47106 1.66787
2.4803 1.14437
2.48953 1.08309
2.49877 1.56887
2.50801 1.16932
2.51725 1.29553
2.52648 1.03689
2.53572 2.03642
2.54496 1.30284
2.5542 1.8638
2.56344 1.12536
2.57267 0.721157
2.58191 1.41141
2.59115 1.38314
2.60039 1.54553
2.60962 1.70501
2.61886 2.17139
2.6281 1.53712
2.63734 1.33173
2.64657 0.825744
2.65581 1.14754
2.66505 1.43485
2.67429 1.19867
2.68352 1.56095
2.69276 0.963337
2.702 1.15617
2.71124 0.938349
2.72047 0.865785
2.72971 1.0328
2.73895 1.36357
2.74819 1.31938
2.75742 1.64679
2.76666 1.30708
2.7759 0.911133
2.78514 1.18992
2.79438 1.02023
2.80361 1.04804
2.81285 0.976917
2.82209 1.17794
2.83133 0.973598
2.84056 1.00072
2.8498 1.07078
2.85904 0.827028
2.86828 0.977747
2.87751 0.726737
2.88675 1.02898
2.89599 0.926978
2.90523 0.783437
2.91446 0.635393
2.9237 0.810747
2.93294 0.821301
2.94218 1.03113
2.95141 0.778737
2.96065 0.89026
2.96989 0.899699
2.97913 0.957368
2.98836 1.06905
2.9976 0.695986
3.00684 0.616847
3.01608 0.611434
3.02532 0.741366
3.03455 0.967199
3.04379 0.768239
3.05303 1.07571
3.06227 0.523782
3.0715 0.622955
3.08074 0.602043
3.08998 0.726194
3.09922 0.590042
3.10845 0.760755
3.11769 0.87028
3.12693 0.741022
3.13617 0.638558
3.1454 0.799732
3.15464 0.586717
3.16388 0.776212
3.17312 0.954977
3.18235 0.528891
3.19159 0.824633
3.20083 0.541299
3.21007 0.722298
3.21931 0.477689
3.22854 0.953712
3.23778 0.779398
3.24702 0.785934
3.25626 0.85303
3.26549 0.910698
3.27473 0.973297
3.28397 0.737925
3.29321 0.771336
3.30244 1.05847
3.31168 0.947495
3.32092 0.742521
3.33016 0.97941
3.33939 0.805898
3.34863 0.853304
3.35787 0.80336
3.36711 0.975546
3.37634 1.29338
3.38558 1.01823
3.39482 1.10886
3.40406 0.984988
3.41329 0.786009
3.42253 0.904951
3.43177 0.870078
3.44101 0.732716
3.45025 0.959023
3.45948 0.703686
3.46872 1.0608
3.47796 0.853031
3.4872 1.21083
3.49643 0.750639
3.50567 1.05368
3.51491 1.03614
3.52415 1.23502
3.53338 1.18913
3.54262 1.24
3.55186 1.29814
3.5611 0.962785
3.57033 0.937729
3.57957 1.2047
3.58881 1.07412
3.59805 1.06165
3.60728 0.980115
3.61652 0.938221
3.62576 1.37721
3.635 1.1239
3.64423 1.04463
3.65347 1.0988
3.66271 1.58916
3.67195 1.12986
3.68119 1.32916
3.69042 1.20708
3.69966 1.37122
3.7089 1.40884
3.71814 1.35378
3.72737 1.31114
3.73661 1.00446
3.74585 1.36436
3.75509 1.36409
3.76432 1.34437
3.77356 1.33579
3.7828 1.22476
3.79204 1.19352
3.80127 1.26516
3.81051 1.36691
3.81975 1.23162
3.82899 0.835839
3.83822 1.10513
3.84746 1.10576
3.8567 1.0456
3.86594 1.08087
3.87518 1.10011
3.88441 1.05202
3.89365 1.18574
3.90289 1.08769
3.91213 1.02041
3.92136 0.968562
3.9306 1.13636
3.93984 1.09691
3.94908 1.32856
3.95831 0.832742
3.96755 1.28009
3.97679 1.15188
3.98603 0.997722
3.99526 1.33123
4.0045 1.04025
4.01374 1.07852
4.02298 1.11558
4.03221 1.07762
4.04145 1.08002
4.05069 0.977462
4.05993 0.865166
4.06916 0.536754
4.0784 1.03792
4.08764 1.20443
4.09688 1.33022
4.10612 0.908452
4.11535 0.962813
4.12459 0.924623
4.13383 0.769369
4.14307 0.443122
4.1523 0.930889
4.16154 0.986584
4.17078 1.2245
4.18002 1.07326
4.18925 0.652057
4.19849 0.936928
4.20773 1.11944
4.21697 0.927198
4.2262 0.911964
4.23544 0.975173
4.24468 1.07538
4.25392 0.733326
4.26315 0.973491
4.27239 0.736401
4.28163 0.666671
4.29087 0.733253
4.3001 0.725509
4.30934 0.652666
4.31858 0.749139
4.32782 0.80952
4.33706 0.926525
4.34629 0.840417
4.35553 0.755282
4.36477 0.825123
4.37401 0.684645
4.38324 0.896638
4.39248 0.664525
4.40172 0.9752
4.41096 0.685334
4.42019 0.711975
4.42943 0.638423
4.43867 0.634519
4.44791 0.843361
4.45714 0.866096
4.46638 0.570327
4.47562 0.833205
4.48486 0.643164
4.49409 0.895965
4.50333 0.966563
4.51257 1.155
4.52181 1.08064
4.53104 0.894558
4.54028 0.922619
4.54952 0.653996
4.55876 0.454501
4.568 0.608193
4.57723 0.727164
4.58647 0.842186
4.59571 0.957739
4.60495 0.492995
4.61418 0.980368
