0.104 0.00083814
0.136 0.0493569
0.2 0.0616673
0.216 0.0537746
0.28 0.0296973
0.296 0.0719624
0.312 0.0761585
0.36 0.144925
0.392 0.0325199
0.408 0.188838
0.424 0.134545
0.44 0.12573
0.504 0.137565
0.536 0.236777
0.568 0.242747
0.584 0.105968
0.6 0.0715778
0.616 0.328421
0.632 0.38921
0.648 0.196005
0.664 0.320506
0.696 0.040365
0.712 0.144716
0.728 0.402682
0.76 0.474647
0.776 0.272774
0.792 0.250907
0.808 1.08063
0.824 0.980419
0.856 0.657092
0.888 0.958178
0.904 0.614811
0.92 1.40026
0.936 0.623266
0.952 0.260896
0.984 0.896038
1 0.624605
1.016 1.18285
1.032 0.677191
1.048 3.48143
1.064 2.30261
1.08 1.7284
1.096 0.547003
1.112 2.12229
1.128 1.65762
1.144 1.12641
1.16 1.3869
1.176 2.10014
1.208 1.59994
1.224 1.25656
1.24 0.763038
1.256 0.64199
1.272 1.28246
1.288 0.315011
1.304 1.02695
1.32 2.01996
1.336 1.60651
1.352 2.13328
1.368 1.01716
1.384 1.03233
1.4 0.866044
1.416 1.27323
1.432 0.535386
1.448 0.628836
1.464 0.416914
1.48 1.69326
1.496 1.39775
1.512 1.4644
1.528 0.48221
1.56 0.737393
1.576 1.30911
1.608 0.784171
1.624 1.5635
1.64 1.14132
1.656 0.575126
1.672 0.696549
1.704 0.955333
1.72 0.844624
1.752 0.837176
1.768 0.994793
1.784 0.632042
1.8 0.727182
1.816 0.53146
1.832 0.929952
1.848 1.03985
1.864 0.653539
1.88 0.752742
1.896 0.716458
1.912 0.415329
1.928 1.07722
1.944 0.406899
1.96 0.983564
1.976 1.09543
1.992 0.415001
2.008 1.16744
2.024 0.93402
2.04 0.737135
2.056 1.03115
2.088 0.623567
2.104 0.914055
2.12 0.718762
2.136 1.65363
2.152 1.49319
2.168 0.549733
2.184 0.277582
2.2 0.956526
2.216 1.01102
2.232 1.63851
2.248 0.913827
2.264 1.19678
2.28 1.05649
2.296 1.00177
2.312 1.35114
2.328 1.0503
2.344 1.14206
2.36 1.26158
2.376 1.48637
2.392 2.23085
2.408 1.07421
2.424 1.14829
2.44 0.873364
2.456 0.4744
2.472 1.32219
2.488 0.462017
2.504 0.739159
2.52 0.826429
2.536 1.36312
2.552 1.36943
2.568 1.13664
2.584 1.02897
2.6 1.13744
2.616 0.943063
2.632 1.08381
2.648 1.02858
2.664 1.05492
2.68 1.36778
2.696 1.10753
2.712 1.2788
2.728 0.648064
2.744 0.561613
2.76 0.939946
2.776 1.11505
2.792 0.701358
2.808 0.654026
2.824 0.981052
2.84 0.683526
2.856 0.861309
2.872 1.48451
2.888 0.986494
2.904 1.06193
2.92 1.0954
2.936 0.808603
2.952 0.846326
2.968 0.84671
2.984 1.17611
3 1.26618
3.016 1.2099
3.032 1.5332
3.048 0.733895
3.064 0.894448
3.08 1.00215
3.096 0.902445
3.112 0.738321
3.128 0.817368
3.144 0.8045
3.16 1.19856
3.176 0.787142
3.192 0.861798
3.208 1.26054
3.224 1.22421
3.24 0.527366
3.256 1.11046
3.272 0.635565
3.288 1.2852
3.304 0.627595
3.32 0.896017
3.336 0.738261
3.352 1.69074
3.368 0.905821
3.384 1.29793
3.4 1.02444
3.416 1.07401
3.432 1.66421
3.448 1.04661
3.464 0.773793
3.48 0.905924
3.496 0.788598
3.512 0.984862
3.528 1.35927
3.544 0.754219
3.56 0.714305
3.576 1.24532
3.592 1.37144
3.608 1.06408
3.624 1.24432
3.64 1.2364
3.656 0.676962
3.672 0.970068
3.688 1.62874
3.704 1.23438
3.72 1.07116
3.736 0.68486
3.752 0.817138
3.768 0.670193
3.784 0.534077
3.8 1.26934
3.816 1.0536
3.832 1.00848
3.848 0.792041
3.864 1.31653
3.88 1.24608
3.896 1.0065
3.912 0.66226
3.928 0.909152
3.944 0.615767
3.96 1.08047
3.976 0.689432
3.992 1.10203
4.008 1.03037
4.024 1.02645
4.04 0.843787
4.056 1.37017
4.072 1.10902
4.088 1.02584
4.104 1.13435
4.12 0.659717
4.136 1.11452
4.152 0.668932
4.168 1.04571
4.184 0.767882
4.2 1.02094
4.216 1.05455
4.232 0.734422
4.248 1.17774
4.264 0.639128
4.28 0.841639
4.296 0.726148
4.312 1.0377
4.328 1.18847
4.344 0.896616
4.36 0.982069
4.376 0.706044
4.392 1.21073
4.408 1.11075
4.424 0.826979
4.44 1.09468
4.456 0.844183
4.472 0.698097
4.488 0.988806
4.504 0.784618
4.52 1.31954
4.536 0.652495
4.552 0.970836
4.568 0.785707
4.584 1.21481
4.6 1.21869
4.616 0.857937
4.632 1.47638
4.648 1.36248
4.664 1.2146
4.68 1.00045
4.696 1.05081
4.712 0.980245
4.728 0.557928
4.744 1.09286
4.76 1.39558
4.776 0.451601
4.792 1.18338
4.808 1.03838
4.824 0.947312
4.84 0.733265
4.856 1.09773
4.872 1.39486
4.888 1.09069
4.904 0.784303
4.92 1.09635
4.936 1.18135
4.952 1.14367
4.968 0.971622
4.984 1.30131
5 1.29812
5.016 0.992727
5.032 0.917907
5.048 0.754863
5.064 0.906806
5.08 0.968629
5.096 1.05845
5.112 1.06817
5.128 0.700076
5.144 1.07208
5.16 1.27282
5.176 1.2246
5.192 0.975461
5.208 0.86636
5.224 1.20682
5.24 0.997775
5.256 0.846883
5.272 0.767515
5.288 0.760762
5.304 0.801075
5.32 0.941582
5.336 0.638115
5.352 0.587789
5.368 0.913879
5.384 0.945828
5.4 0.951329
5.416 0.956246
5.432 1.23188
5.448 1.18968
5.464 0.888948
5.48 1.02287
5.496 1.02631
5.512 1.02909
5.528 1.12481
5.544 1.05525
5.56 1.01887
5.576 1.16585
5.592 0.746143
5.608 1.01317
5.624 1.20398
5.64 0.692731
5.656 1.22973
5.672 0.746228
5.688 1.14809
5.704 1.38646
5.72 0.893907
5.736 0.727757
5.752 0.811925
5.768 1.31501
5.784 1.16026
5.8 0.79435
5.816 1.32612
5.832 0.853126
5.848 0.859542
5.864 1.09083
5.88 0.985655
5.896 1.05508
5.912 0.856999
5.928 0.702684
5.944 1.39382
5.96 0.997398
5.976 1.11123
5.992 1.31195
6.008 1.09611
6.024 1.20986
6.04 1.02786
6.056 0.781697
6.072 0.702852
6.088 1.17478
6.104 0.900486
6.12 1.18363
6.136 1.00931
6.152 1.38202
6.168 0.989465
6.184 1.4421
6.2 0.798874
6.216 1.24335
6.232 0.912129
6.248 0.594541
6.264 0.710452
6.28 0.551904
6.296 0.984913
6.312 1.0935
6.328 0.823984
6.344 1.0906
6.36 0.933038
6.376 1.21771
6.392 0.987013
6.408 0.915935
6.424 0.74
6.44 1.01849
6.456 1.03166
6.472 1.27138
6.488 1.10177
6.504 1.00249
6.52 0.787853
6.536 0.965278
6.552 0.860976
6.568 1.11367
6.584 0.766232
6.6 0.916238
6.616 0.866595
6.632 1.32013
6.648 0.829754
6.664 1.20963
6.68 0.893183
6.696 0.922948
6.712 0.924989
6.728 1.04983
6.744 1.25927
6.76 0.989506
6.776 1.00095
6.792 1.25213
6.808 0.987391
6.824 0.895251
6.84 1.17978
6.856 1.00372
6.872 0.995083
6.888 0.999474
6.904 1.13565
6.92 0.964267
6.936 1.07687
6.952 0.841681
6.968 0.643808
6.984 1.04008
7 0.94906
7.016 1.01752
7.032 0.953021
7.048 0.857067
7.064 1.02627
7.08 1.00526
7.096 1.05295
7.112 0.885172
7.128 0.796192
7.144 0.829713
7.16 1.05242
7.176 0.953334
7.192 0.996871
7.208 1.15131
7.224 0.784953
7.24 1.14379
7.256 1.17067
7.272 0.939173
7.288 1.29172
7.304 0.791102
7.32 0.935749
7.336 1.06859
7.352 0.936821
7.368 0.898329
7.384 1.07512
7.4 0.880157
7.416 1.25391
7.432 0.894861
7.448 1.46488
7.464 1.17839
7.48 0.87234
7.496 1.08057
7.512 1.01278
7.528 1.24693
7.544 0.966685
7.56 1.06232
7.576 1.08712
7.592 1.103
7.608 0.870957
7.624 0.757887
7.64 0.773254
7.656 0.894611
7.672 0.94937
7.688 1.13507
7.704 1.0088
7.72 1.14729
7.736 0.966267
7.752 0.867899
7.768 1.69488
7.784 0.931468
7.8 0.795473
7.816 0.940593
7.832 0.853292
7.848 0.797446
7.864 0.971251
7.88 1.23156
7.896 1.20825
7.912 0.93721
7.928 0.963065
7.944 0.763534
7.96 0.893555
7.976 0.690786
7.992 1.01884
