0.976903666667 0.114374233333
0.958619666667 0.0755180666667
0.995528666667 0.646408666667
0.994952666667 0.505246333333
0.988940333333 0.679132
0.969791 0.729776333333
0.827003666667 0.960576
0.00553935333333 0.298847866667
0.0106476133333 0.441387666667
0.2805043 0.00861881833333
0.0520347333333 0.501634333333
0.1027457 0.56303
0.0656273 0.888500333333
0.0250142 0.924708333333
0.0505226666667 0.920488
0.0679116666667 0.951581666667
0.114178866667 0.954067333333
0.950092666667 0.688221
0.91433 0.700257333333
0.450278666667 0.0139372216667
0.371738 0.0123539216667
0.0176956833333 0.335308
0.0214656566667 0.118041533333
0.220022666667 0.0507731
0.274746 0.0247756666667
0.30905 0.0416023333333
0.874812333333 0.0446790333333
0.799416666667 0.0361302
0.833637666667 0.0490312333333
0.854812333333 0.170618666667
0.823923 0.185146
0.913707 0.112227733333
0.932385666667 0.0727252333333
0.90517 0.0673666333333
0.780487666667 0.0738440666667
0.819294 0.120407066667
0.814708666667 0.0867451
0.445713333333 0.443149333333
0.686905 0.992572333333
0.790655333333 0.97737
0.258943333333 0.732182666667
0.257684666667 0.776137
0.135441666667 0.564408
0.0803738666667 0.519739
0.0985370333333 0.530296666667
0.102440166667 0.480880333333
0.120603333333 0.491438
0.378464 0.897089666667
0.416274333333 0.892417333333
0.159859633333 0.975159333333
0.2645053 0.98856
0.106224966667 0.846301
0.0421724 0.838834
0.0221980666667 0.864232666667
0.855277666667 0.950361
0.900307666667 0.733446
0.941087 0.764502
0.894981333333 0.653634333333
0.910693333333 0.673673
0.965812333333 0.628412333333
0.946456 0.661636666667
0.354935333333 0.039523
0.399172 0.0242796333333
0.04295105 0.168996666667
0.0439598066667 0.0241628633333
0.0325306066667 0.0557938
0.316723666667 0.105694933333
0.237272666667 0.0779201
0.290692666667 0.0961492
0.276865333333 0.0672284333333
0.194277 0.0496561666667
0.171835 0.0624920666667
0.157766633333 0.01992363
0.135324633333 0.03275953
0.865962333333 0.201651666667
0.820048 0.229315333333
0.844176666667 0.244332666667
0.858667 0.254875
0.877713 0.0947574666667
0.887809333333 0.115362733333
0.849612666667 0.113803733333
0.859709 0.134409
0.803686666667 0.168036333333
0.795479 0.148000666667
0.765496666667 0.196968666667
0.665498666667 0.0817877333333
0.610370333333 0.359817333333
0.634813 0.393145
0.592598333333 0.026882655
0.626599333333 0.0614578333333
0.687879666667 0.0123375216667
0.630009 0.0165421216667
0.759689666667 0.0280337333333
0.719123333333 0.0586796
0.685402 0.0531683
0.472747 0.382483666667
0.578588 0.380235333333
0.616667333333 0.490924
0.639543 0.456579666667
0.609432666667 0.435317
0.57226 0.431828333333
0.633644666667 0.509710666667
0.605251333333 0.279436333333
0.581318333333 0.285262
0.560633 0.145928333333
0.667014666667 0.228630333333
0.58923 0.988343
0.780791333333 0.927385333333
0.0650641333333 0.593816
0.0731822 0.630791666667
0.0372819966667 0.646261333333
0.0148120966667 0.568912666667
0.0325163333333 0.542978
0.228338 0.726059
0.153117 0.484763333333
0.363295666667 0.934223666667
0.395976 0.951694
0.420613333333 0.977634
0.349329 0.984254333333
0.282393333333 0.975152
0.349762 0.866326666667
0.352604333333 0.825465
0.318669 0.782547
0.427749333333 0.938278333333
0.432879333333 0.916135666667
0.477238333333 0.968403
0.526017666667 0.975680333333
0.460446 0.945443333333
0.465576 0.923300666667
0.29208 0.672376
0.243387333333 0.693552666667
0.335704666667 0.737518333333
0.388753333333 0.672716
0.367342333333 0.658183666667
0.309587 0.709609333333
0.327674333333 0.682309
0.234745666667 0.852821666667
0.231098333333 0.810811
0.173282 0.845004333333
0.192362666667 0.864067333333
0.263420333333 0.881752
0.301742333333 0.954764
0.322688666667 0.934172
0.265714666667 0.958704333333
0.249350333333 0.930659
0.122282233333 0.924857
0.0911196666667 0.890383666667
0.108487433333 0.873814333333
0.187329 0.899472
0.194296333333 0.960880333333
0.215642 0.937133333333
0.153603666667 0.932035333333
0.145343 0.902171
0.0658971333333 0.759745
0.0873991666667 0.81814
0.0612186333333 0.80374
0.06050214 0.713624666667
0.0394523733333 0.743783
0.0331303366667 0.687932333333
0.01479954 0.813176666667
0.927250333333 0.991469666667
0.888437 0.967135666667
0.904624333333 0.904100666667
0.981660666667 0.898528333333
0.970092666667 0.850320666667
0.958523 0.830829
0.936136333333 0.804287333333
0.918761666667 0.877702
0.945650666667 0.865970666667
0.711863666667 0.486992666667
0.721981666667 0.589676666667
0.420689333333 0.0448333333333
0.0503286833333 0.226671
0.04305805 0.20215
0.1161203 0.0574898966667
0.152630666667 0.0872224333333
0.0807845333333 0.0536066633333
0.0693553333333 0.0852376
0.361175666667 0.206468
0.414628 0.176230333333
0.383900333333 0.178416333333
0.362349 0.233084
0.383989666667 0.252578666667
0.357308333333 0.0704785
0.343839666667 0.1020446
0.393956333333 0.0757264333333
0.40136 0.107740866667
0.375383333333 0.143238
0.354511 0.142789666667
0.899859666667 0.188474333333
0.923739666667 0.143683
0.931068666667 0.213501
0.900675 0.223114666667
0.960702333333 0.143036666667
0.967216 0.178214333333
0.749959333333 0.230179333333
0.784274333333 0.245416333333
0.898860666667 0.425741333333
0.927450666667 0.388803666667
0.754228666667 0.0939757
0.732591333333 0.0869077
0.738905 0.187242333333
0.755908666667 0.15429
0.694373666667 0.196348666667
0.741065 0.132283
0.719427666667 0.125215
0.680007 0.444596
0.704770333333 0.454142333333
0.631666333333 0.299604666667
0.638600666667 0.327902333333
0.932516 0.243551666667
0.968663333333 0.208265
0.911641333333 0.615290333333
0.946709666667 0.602104666667
0.605387 0.0805977666667
0.614008 0.118283
0.579038 0.124181333333
0.542503 0.0965692
0.544195666667 0.034871755
0.498386333333 0.025374555
0.561072 0.0641966
0.533158 0.0742697
0.461482 0.0526649333333
0.479377333333 0.0722352333333
0.404142666667 0.337551
0.383708666667 0.284028666667
0.40652 0.366767666667
0.436229 0.388640333333
0.424760666667 0.421005333333
0.394842333333 0.428037
0.673308666667 0.656612
0.600262 0.537632666667
0.541466 0.565324333333
0.509877666667 0.138630666667
0.499986 0.1139282
0.474855 0.165931
0.505479666667 0.156401333333
0.436519 0.150043666667
0.431768 0.116732533333
0.464050666667 0.100745066667
0.608585 0.192745666667
0.593851666667 0.24734
0.614757666667 0.225049333333
0.53889 0.182783
0.569371666667 0.178520333333
0.569918666667 0.253165666667
0.523134333333 0.213573333333
0.535855666667 0.24744
0.435212 0.484165333333
0.471056 0.511405333333
0.693100333333 0.890504666667
0.47331 0.191195333333
0.488179 0.212456
0.431145333333 0.205821666667
0.448759 0.244115
0.418511666667 0.235123333333
0.450125 0.271558
0.419596666667 0.294016333333
0.431929 0.321734333333
0.332591333333 0.240089333333
0.213015666667 0.312969666667
0.226775333333 0.279301333333
0.247585333333 0.322692666667
0.249946333333 0.362183333333
0.318829333333 0.281983
0.26758 0.532735
0.293524333333 0.534554666667
0.116546433333 0.637485333333
0.141124333333 0.601887666667
0.0268508333333 0.402694
0.0455047 0.383483
0.0437974666667 0.455932333333
0.0802156 0.457446666667
0.0782271666667 0.424769333333
0.166514 0.53299
0.180319 0.502669
0.201129666667 0.555273333333
0.221204333333 0.499267
0.233772666667 0.534144333333
0.307845666667 0.646983
0.262761333333 0.615253
0.272591333333 0.64115
0.429138666667 0.865215333333
0.383213 0.721541
0.367900333333 0.753349
0.407933 0.749488333333
0.370806666667 0.808402666667
0.322122 0.858832333333
0.310217 0.889543666667
0.285683 0.864727333333
0.283594666667 0.801123
0.300778666667 0.798930666667
0.105506133333 0.746828666667
0.104559033333 0.711734333333
0.125027766667 0.681238
0.159769 0.692038666667
0.908931333333 0.958465666667
0.925883333333 0.932273
0.947744666667 0.982799666667
0.964696666667 0.956607
0.867240666667 0.646172666667
0.758713333333 0.495748333333
0.735432666667 0.505663
0.773419333333 0.54253
0.759714666667 0.578889
0.737032 0.561693
0.873431333333 0.741196
0.851841 0.732388
0.852549666667 0.773936333333
0.830959333333 0.765128333333
0.725961 0.723677666667
0.734836333333 0.643453
0.716695333333 0.676615666667
0.0674210333333 0.132759666667
0.0827603666667 0.111248333333
0.676761666667 0.164947666667
0.639546333333 0.134203666667
0.64323 0.164925666667
0.669824666667 0.116848333333
0.69447 0.136276666667
0.747928 0.399593333333
0.719223666667 0.410355
0.694460333333 0.400808666667
0.679376666667 0.370620333333
0.678958333333 0.339887
0.715515666667 0.260428333333
0.680124333333 0.257312
0.663291333333 0.288421666667
0.691531 0.319283
0.949668666667 0.306827666667
0.924549666667 0.270631
0.976645 0.265279666667
0.965616666667 0.336763
0.990600333333 0.365860333333
0.986464666667 0.484236333333
0.955171 0.389903666667
0.962063666667 0.436796333333
0.806638 0.543970333333
0.815284333333 0.516304666667
0.824184333333 0.583616333333
0.857787 0.592739
0.884536333333 0.581520333333
0.845076666667 0.505575
0.900990333333 0.458769666667
0.936473 0.468724666667
0.565238 0.499323333333
0.564087666667 0.531424333333
0.535272333333 0.535816666667
0.499098666667 0.502642
0.692835333333 0.575524
0.653736666667 0.52679
0.684316666667 0.52887
0.647422666667 0.680406666667
0.557435666667 0.594745
0.603479666667 0.649825
0.407553333333 0.502087333333
0.388136333333 0.468103
0.364036 0.489689666667
0.694665666667 0.921863666667
0.726137666667 0.964157333333
0.741799 0.936361666667
0.657857666667 0.974413
0.560034666667 0.961987333333
0.620603 0.966832333333
0.641749666667 0.942078666667
0.484412333333 0.354543333333
0.46751 0.326554
0.482680333333 0.290795
0.253493 0.260338
0.275198 0.293928
0.292495333333 0.276195333333
0.307370333333 0.208772666667
0.261151 0.220816333333
0.285756333333 0.22198
0.321778666667 0.191684333333
0.303347333333 0.141739333333
0.323631 0.163184333333
0.199564333333 0.262959333333
0.160311 0.1169716
0.301547 0.39066
0.352123666667 0.456943666667
0.329708 0.479973333333
0.374711666667 0.418908
0.182212 0.662479333333
0.234413333333 0.646170333333
0.220975 0.67318
0.172048666667 0.616081
0.224583333333 0.620273333333
0.200981666667 0.600884666667
0.1045094 0.410618
0.126701333333 0.406336666667
0.213089333333 0.391882333333
0.172502333333 0.380422
0.170923333333 0.453609333333
0.150916333333 0.418687
0.423257333333 0.83766
0.399893333333 0.817036666667
0.421707 0.789930333333
0.470745666667 0.802550333333
0.470556333333 0.823192666667
0.198359333333 0.740745333333
0.171186666667 0.730625333333
0.114718066667 0.800711666667
0.128146533333 0.773395333333
0.160635333333 0.761042666667
0.158711666667 0.834624
0.133543866667 0.828872666667
0.187808 0.771162666667
0.177699 0.822967
0.193132333333 0.800019333333
0.883468 0.865792
0.887970333333 0.827519
0.850751333333 0.813553333333
0.84457 0.906844
0.869330666667 0.892190666667
0.711766666667 0.861352666667
0.705307666667 0.746107
0.710248 0.783026333333
0.692100333333 0.787839
0.836804333333 0.705941333333
0.841246666667 0.664934666667
0.771934 0.658567333333
0.781762 0.621987
0.813013 0.625274
0.811012333333 0.384059
0.849024333333 0.375097666667
0.861867333333 0.417813333333
0.833573333333 0.459917
0.803781 0.470646666667
0.778759 0.417833333333
0.780428666667 0.451530666667
0.813630333333 0.312068333333
0.801298333333 0.354194333333
0.760196666667 0.357079333333
0.725515333333 0.283660666667
0.718363666667 0.311405666667
0.748213333333 0.322948666667
0.769062666667 0.281565333333
0.783028 0.297685666667
0.925313 0.352351666667
0.937085333333 0.323516333333
0.911966333333 0.287319666667
0.874514 0.282990333333
0.8582 0.313409
0.965875 0.562939333333
0.986854333333 0.533737333333
0.891549666667 0.552609
0.93782 0.547213666667
0.877046333333 0.513452
0.897336333333 0.490484
0.932819 0.500439
0.958799333333 0.518011666667
0.553410333333 0.452415
0.540615333333 0.486747333333
0.503291333333 0.485673666667
0.48575 0.453421
0.501315333333 0.425120333333
0.531651666667 0.423040666667
0.609034333333 0.617067666667
0.590858666667 0.594529333333
0.654736 0.618008666667
0.665697666667 0.596527666667
0.612786666667 0.563424
0.641924 0.564481333333
0.648763666667 0.707856666667
0.673657333333 0.730301333333
0.666534 0.752535333333
0.632708333333 0.747561
0.615704333333 0.719481
0.552919666667 0.716346333333
0.585130666667 0.710197
0.574247 0.667991
0.407261666667 0.545744666667
0.411482333333 0.614204
0.473330333333 0.549408333333
0.507566666667 0.570152666667
0.437194666667 0.565825666667
0.43738 0.597478333333
0.430127333333 0.715291666667
0.412114333333 0.666485666667
0.424245 0.645598666667
0.514498 0.345128333333
0.561255666667 0.348770333333
0.533169 0.370989
0.562170666667 0.305880333333
0.525717 0.282580666667
0.506131 0.29961
0.154398333333 0.224689666667
0.1261853 0.225490666667
0.140982333333 0.149674
0.0945540666667 0.215691333333
0.0872834333333 0.191170333333
0.0960319333333 0.163563666667
0.111371266667 0.142052333333
0.190227666667 0.136174266667
0.222239333333 0.1207362
0.237167333333 0.192438333333
0.252219666667 0.1293446
0.255897333333 0.155068666667
0.170899 0.168876666667
0.202298333333 0.215618
0.171719333333 0.202342333333
0.330119333333 0.369636666667
0.332465333333 0.318183
0.375321333333 0.365222333333
0.364873666667 0.390871666667
0.372944 0.336005666667
0.364842333333 0.310201333333
0.0639666666667 0.338452
0.0622243166667 0.257656333333
0.0422722166667 0.284948
0.109577033333 0.258825333333
0.234260666667 0.424617666667
0.213680666667 0.448079666667
0.236759666667 0.475831666667
0.273334333333 0.482412333333
0.287253666667 0.423473666667
0.303248333333 0.453516333333
0.494958666667 0.783331333333
0.468114333333 0.736514666667
0.493702666667 0.714830666667
0.531378 0.790203666667
0.543929 0.738645333333
0.55476 0.767201666667
0.555462333333 0.938108333333
0.60402 0.927183
0.469758333333 0.872445666667
0.491839 0.845667
0.489590666667 0.906812666667
0.774112333333 0.887203
0.809617 0.876876666667
0.810939666667 0.834001333333
0.741775666667 0.851257
0.769869333333 0.799885333333
0.73621 0.806814666667
0.806761666667 0.710627
0.783231666667 0.693665333333
0.755399666667 0.725613
0.772579666667 0.761433666667
0.806505 0.755143333333
0.874059666667 0.356307666667
0.898644666667 0.348908666667
0.879251666667 0.338122
0.354942333333 0.544453
0.378751 0.566523666667
0.306846333333 0.566288333333
0.302861333333 0.603857666667
0.382786333333 0.603330333333
0.359246333333 0.625790666667
0.335344 0.624523
0.455555666667 0.648363333333
0.498850333333 0.606101
0.464799333333 0.617009333333
0.528949333333 0.619063666667
0.529745333333 0.649783
0.51735 0.680668
0.485264 0.676146
0.129492333333 0.364467333333
0.155099666667 0.347197
0.1073004 0.368748666667
0.0994801333333 0.337869
0.173153 0.324137333333
0.167009666667 0.293023333333
0.152422666667 0.268029333333
0.1251384 0.285534
0.61977 0.787541333333
0.581386 0.794167
0.558004 0.817169
0.638775 0.818232
0.681122333333 0.841804
0.677279666667 0.813555333333
0.662456 0.870956
0.607034666667 0.899608
0.632425333333 0.874977
0.612587 0.850501666667
0.566484666667 0.889669333333
0.537512333333 0.912162333333
0.513836666667 0.901540333333
0.519679 0.85917
0.549235333333 0.844442
0.572365333333 0.864319333333
