0.0991601 0.0209142
0.129671 0.0263038
0.190693 0.0112084
0.205948 0.0101323
0.26697 0.027412
0.282225 0.0171563
0.29748 0.0545767
0.343247 0.114421
0.373757 0.224752
0.389013 0.132788
0.404268 0.193871
0.419524 0.0962604
0.480545 0.226594
0.511056 0.0736468
0.541567 0.253297
0.556822 0.196056
0.572078 0.504209
0.587333 0.436142
0.602588 0.657579
0.617844 0.864837
0.633099 0.406069
0.66361 0.260805
0.678865 1.25234
0.694121 0.662158
0.724632 0.292128
0.739887 1.6043
0.755142 1.33627
0.770398 1.30045
0.785653 1.24881
0.816164 0.728835
0.846675 2.52546
0.86193 1.21426
0.877186 0.858914
0.892441 1.22341
0.907696 1.26102
0.938207 0.905263
0.953463 0.941425
0.968718 1.02942
0.983973 0.66239
0.999229 0.318716
1.01448 0.542277
1.02974 0.488314
1.04499 0.255329
1.06025 0.803905
1.07551 2.45563
1.09076 0.625407
1.10602 1.55676
1.12127 0.459325
1.15178 1.08026
1.16704 0.728532
1.18229 2.40991
1.19755 1.28498
1.2128 0.777584
1.22806 1.04118
1.24332 0.887913
1.25857 1.70186
1.27383 0.397071
1.28908 0.847453
1.30434 1.2865
1.31959 0.487353
1.33485 1.05332
1.3501 0.828922
1.36536 1.34416
1.38061 0.891216
1.39587 2.13754
1.41112 1.46624
1.42638 1.24856
1.44164 1.92146
1.45689 0.759518
1.4874 1.224
1.50266 1.14476
1.53317 0.986409
1.54842 0.688618
1.56368 1.18785
1.57893 1.40196
1.59419 1.35832
1.6247 0.9206
1.63996 0.604178
1.67047 0.88636
1.68572 0.800219
1.70098 0.899104
1.71623 0.87285
1.73149 0.719636
1.74674 1.11464
1.762 0.880416
1.77725 0.990205
1.79251 0.846378
1.80777 0.63672
1.82302 0.387231
1.83828 0.676861
1.85353 0.925402
1.86879 0.625982
1.88404 0.957869
1.8993 0.760804
1.91455 1.10099
1.92981 0.71898
1.94506 1.12384
1.96032 0.654612
1.99083 0.950728
2.00609 1.01503
2.02134 1.04512
2.0366 0.494269
2.05185 1.09937
2.06711 0.809557
2.08236 0.461876
2.09762 0.841871
2.11287 1.18802
2.12813 1.53596
2.14338 1.19524
2.15864 1.3076
2.17389 1.28215
2.18915 1.29539
2.20441 1.07956
2.21966 0.904209
2.23492 1.14528
2.25017 0.931376
2.26543 1.12896
2.28068 0.665448
2.29594 1.26161
2.31119 1.43261
2.32645 0.496703
2.3417 1.34752
2.35696 1.6148
2.37221 0.653105
2.38747 0.78274
2.40273 1.13956
2.41798 1.06899
2.43324 1.72104
2.44849 0.673209
2.46375 0.69345
2.479 0.845573
2.49426 1.66477
2.50951 1.07568
2.52477 0.846243
2.54002 0.979764
2.55528 1.60749
2.57054 0.802031
2.58579 1.55421
2.60105 0.914836
2.6163 0.44221
2.63156 0.941878
2.64681 0.878182
2.66207 0.755725
2.67732 0.942109
2.69258 1.07909
2.70783 1.52632
2.72309 0.765914
2.73834 0.741135
2.7536 1.64105
2.76886 1.28083
2.78411 0.88574
2.79937 1.22673
2.81462 0.782327
2.82988 0.595692
2.84513 0.708029
2.86039 0.934914
2.87564 0.766292
2.8909 0.931106
2.90615 1.04943
2.92141 1.13503
2.93666 0.892862
2.95192 1.02497
2.96718 0.804246
2.98243 0.517512
2.99769 1.37627
3.01294 1.36669
3.0282 0.768216
3.04345 0.739678
3.05871 1.03131
3.07396 1.0042
3.08922 1.36001
3.10447 0.747098
3.11973 1.31715
3.13498 0.814934
3.15024 1.24135
3.1655 1.1037
3.18075 1.07259
3.19601 1.24205
3.21126 0.630035
3.22652 1.75907
3.24177 1.17914
3.25703 0.92671
3.27228 0.851152
3.28754 1.00748
3.30279 1.12593
3.31805 0.6759
3.33331 1.06362
3.34856 1.30149
3.36382 0.799716
3.37907 0.799854
3.39433 0.658287
3.40958 0.721538
3.42484 0.713195
3.44009 0.955299
3.45535 0.803694
3.4706 1.13767
3.48586 1.50315
3.50111 1.27551
3.51637 1.30861
3.53163 1.28365
3.54688 1.00294
3.56214 0.662151
3.57739 1.00053
3.59265 0.911271
3.6079 0.670268
3.62316 0.833316
3.63841 1.14327
3.65367 0.685589
3.66892 0.654861
3.68418 0.666362
3.69943 0.655915
3.71469 0.728032
3.72995 1.01126
3.7452 1.41017
3.76046 1.39653
3.77571 1.1994
3.79097 0.757312
3.80622 1.01416
3.82148 1.36612
3.83673 1.02778
3.85199 1.17116
3.86724 0.955924
3.8825 1.26866
3.89776 0.924885
3.91301 0.907773
3.92827 1.37345
3.94352 1.00304
3.95878 1.8954
3.97403 0.728236
3.98929 1.21018
4.00454 0.693692
4.0198 0.906692
4.03505 0.369008
4.05031 1.00174
4.06556 0.666942
4.08082 1.48675
4.09608 1.26123
4.11133 0.893897
4.12659 0.440864
4.14184 1.0789
4.1571 1.23851
4.17235 0.716444
4.18761 0.873953
4.20286 0.865566
4.21812 0.791107
4.23337 1.02788
4.24863 1.20951
4.26388 1.54095
4.27914 0.729434
4.2944 1.47965
4.30965 0.905132
4.32491 0.991168
4.34016 0.697931
4.35542 0.987711
4.37067 0.521531
4.38593 0.877749
4.40118 0.937116
4.41644 1.34153
4.43169 0.893895
4.44695 0.714691
4.4622 0.851096
4.47746 1.14018
4.49272 1.20556
4.50797 1.20254
4.52323 1.1889
4.53848 0.639789
4.55374 1.1565
4.56899 1.15023
4.58425 0.939022
4.5995 0.980732
4.61476 1.06371
4.63001 1.31149
4.64527 1.35331
4.66053 0.86971
4.67578 0.984925
4.69104 0.970195
4.70629 0.589848
4.72155 0.702822
4.7368 1.21038
4.75206 0.744199
4.76731 1.0007
4.78257 1.11564
4.79782 0.898696
4.81308 0.901764
4.82833 1.56193
4.84359 1.40921
4.85885 0.771418
4.8741 0.68343
4.88936 1.32901
4.90461 0.845942
4.91987 0.80941
4.93512 1.26133
4.95038 1.15129
4.96563 0.992902
4.98089 0.693905
4.99614 0.961052
5.0114 0.877862
5.02665 1.04514
5.04191 0.906691
5.05717 0.939548
5.07242 0.747108
5.08768 1.06811
5.10293 0.778021
5.11819 0.997266
5.13344 1.27175
5.1487 0.925795
5.16395 1.1502
5.17921 0.629397
5.19446 1.22011
5.20972 0.922569
5.22497 0.828811
5.24023 0.900437
5.25549 0.881034
5.27074 0.81918
5.286 0.852261
5.30125 0.882508
5.31651 1.07941
5.33176 1.36576
5.34702 1.08881
5.36227 0.860921
5.37753 0.858071
5.39278 0.916491
5.40804 1.19283
5.4233 0.938882
5.43855 1.19091
5.45381 0.974335
5.46906 1.36301
5.48432 1.01875
5.49957 1.18375
5.51483 0.897971
5.53008 0.965694
5.54534 0.930688
5.56059 1.05012
5.57585 0.725576
5.5911 1.11978
5.60636 1.21786
5.62162 0.897945
5.63687 1.04651
5.65213 1.2224
5.66738 1.0379
5.68264 1.20832
5.69789 1.21133
5.71315 1.24368
5.7284 0.844328
5.74366 1.03797
5.75891 0.825902
5.77417 0.937712
5.78942 0.702537
5.80468 0.852894
5.81994 1.16368
5.83519 0.750079
5.85045 0.897258
5.8657 0.772057
5.88096 0.963154
5.89621 1.36796
5.91147 0.998603
5.92672 0.903234
5.94198 1.17284
5.95723 1.4388
5.97249 0.957095
5.98775 1.08137
6.003 1.01859
6.01826 0.912863
6.03351 1.42406
6.04877 1.32111
6.06402 0.971069
6.07928 1.11607
6.09453 1.06218
6.10979 0.732208
6.12504 0.611803
6.1403 0.844404
6.15555 1.03303
6.17081 0.749666
6.18607 1.74857
6.20132 1.07789
6.21658 1.07783
6.23183 0.911894
6.24709 0.567335
6.26234 1.07138
6.2776 0.792771
6.29285 0.976294
6.30811 1.07616
6.32336 0.672847
6.33862 0.985516
6.35387 0.968087
6.36913 0.665615
6.38439 1.04777
6.39964 1.15911
6.4149 0.929064
6.43015 0.752799
6.44541 0.925321
6.46066 1.26339
6.47592 0.93481
6.49117 0.91086
6.50643 1.05083
6.52168 0.923464
6.53694 1.17708
6.55219 1.1867
6.56745 0.783882
6.58271 0.96487
6.59796 1.30035
6.61322 0.956366
6.62847 0.942956
6.64373 1.04094
6.65898 1.32664
6.67424 0.910907
6.68949 0.897978
6.70475 0.865908
6.72 1.11448
6.73526 0.954122
6.75052 1.23039
6.76577 1.06716
6.78103 1.00831
6.79628 0.995846
6.81154 1.1258
6.82679 1.29625
6.84205 1.01217
6.8573 0.721051
6.87256 1.05245
6.88781 1.03296
6.90307 0.843131
6.91832 0.765999
6.93358 0.706802
6.94884 0.947588
6.96409 0.953262
6.97935 1.19479
6.9946 0.842363
7.00986 1.08643
7.02511 0.770758
7.04037 0.912409
7.05562 1.22715
7.07088 0.740215
7.08613 0.986941
7.10139 1.40566
7.11664 1.20364
7.1319 0.957583
7.14716 0.935791
7.16241 1.1796
7.17767 1.01126
7.19292 1.15552
7.20818 1.26533
7.22343 0.789016
7.23869 0.948514
7.25394 1.08291
7.2692 1.20529
7.28445 1.10264
7.29971 1.05504
7.31496 0.768601
7.33022 0.679161
7.34548 0.688849
7.36073 1.01782
7.37599 0.924197
7.39124 1.17613
7.4065 0.717785
7.42175 0.932435
7.43701 1.23533
7.45226 1.35089
7.46752 1.05914
7.48277 0.786309
7.49803 1.26312
7.51329 0.902012
7.52854 0.895441
7.5438 1.29932
7.55905 0.823499
7.57431 1.05616
7.58956 1.07087
7.60482 1.2174
7.62007 1.07698
