0.0600444 0.000405295
0.0785196 7.25453e-05
0.11547 0.000152544
0.124708 0.000118552
0.161658 0.00378757
0.170896 0.00345398
0.180133 0.00484405
0.207846 0.00624204
0.226321 0.00770758
0.235559 0.0138238
0.244797 0.0156154
0.254034 0.00417745
0.290985 0.0147123
0.30946 0.0260151
0.327935 0.0107941
0.337173 0.0143545
0.34641 0.021025
0.355648 0.0284806
0.364885 0.0480032
0.374123 0.0363624
0.383361 0.0502274
0.401836 0.0220128
0.411073 0.0591201
0.420311 0.0170846
0.438786 0.0364031
0.448024 0.0701882
0.457261 0.117927
0.466499 0.0900115
0.475737 0.159719
0.494212 0.21947
0.512687 0.277196
0.521925 0.333236
0.531162 0.129344
0.5404 0.245702
0.549637 0.206391
0.568113 0.126251
0.57735 0.078287
0.586588 0.237167
0.595825 0.0400819
0.605063 0.155599
0.614301 0.28948
0.623538 0.151948
0.632776 0.11586
0.642013 0.263886
0.651251 0.00653665
0.660489 0.215532
0.669726 0.319981
0.678964 0.346913
0.697439 0.206607
0.706677 0.51674
0.715914 0.493259
0.725152 0.523032
0.73439 0.781391
0.743627 0.234026
0.752865 0.565656
0.762102 0.498571
0.77134 0.547043
0.780578 0.39374
0.789815 0.517054
0.799053 0.321457
0.80829 0.490759
0.817528 0.366491
0.826766 0.331439
0.836003 0.42175
0.845241 0.226348
0.854478 0.248235
0.863716 0.266517
0.872954 0.728884
0.882191 0.763417
0.900666 1.01478
0.909904 1.28349
0.928379 1.25712
0.937617 1.59355
0.946854 3.14622
0.956092 1.77614
0.96533 2.19483
0.983805 1.39671
0.993042 1.57449
1.01152 0.510434
1.02076 0.619606
1.02999 0.577833
1.03923 0.865378
1.04847 0.824261
1.05771 1.42286
1.06694 0.940099
1.07618 1.45629
1.08542 1.0062
1.09466 1.41951
1.10389 0.941155
1.11313 1.16607
1.12237 2.07941
1.13161 1.58127
1.14084 1.56989
1.15008 2.99413
1.15932 2.88957
1.16856 1.40338
1.17779 1.90553
1.18703 3.04445
1.20551 1.32204
1.21474 1.48256
1.22398 0.849682
1.23322 1.78178
1.24246 1.29127
1.2517 1.94063
1.26093 1.15129
1.27017 1.25288
1.27941 1.59456
1.28865 1.46716
1.29788 1.12248
1.30712 0.794831
1.31636 1.2122
1.3256 1.5228
1.33483 0.836674
1.34407 1.97233
1.35331 0.573575
1.36255 1.21172
1.37178 2.03269
1.38102 2.33025
1.39026 1.29582
1.3995 1.08168
1.40873 1.38183
1.41797 0.482809
1.42721 0.913642
1.43645 0.905458
1.44569 0.985067
1.45492 0.842879
1.46416 0.473872
1.4734 0.789338
1.48264 0.566569
1.49187 0.882589
1.50111 0.712946
1.51035 0.757822
1.51959 0.386635
1.52882 1.04818
1.53806 0.668484
1.5473 0.967401
1.55654 0.818257
1.56577 1.75129
1.57501 1.01056
1.58425 1.56533
1.59349 1.02595
1.60272 0.908501
1.61196 0.678071
1.6212 0.993855
1.63044 0.544698
1.63967 1.47385
1.64891 0.962025
1.65815 0.588324
1.66739 1.39569
1.67663 0.541744
1.68586 0.548421
1.6951 0.651793
1.70434 1.13807
1.71358 0.695309
1.72281 0.528862
1.73205 0.786402
1.74129 1.1005
1.75053 1.23317
1.75976 0.865038
1.769 0.568031
1.77824 0.509152
1.78748 0.442624
1.79671 0.566203
1.80595 0.820258
1.81519 0.696967
1.82443 0.723683
1.83366 0.950236
1.8429 0.772774
1.85214 0.880982
1.86138 0.73228
1.87061 1.18544
1.87985 0.651328
1.88909 0.753857
1.89833 0.83386
1.90757 0.736986
1.9168 0.559096
1.92604 0.870265
1.93528 0.715763
1.94452 0.779267
1.95375 1.05265
1.96299 0.678619
1.97223 0.707524
1.98147 0.78115
1.9907 0.609772
1.99994 1.31687
2.00918 0.567863
2.01842 0.734078
2.02765 1.41799
2.03689 1.27614
2.04613 0.933848
2.05537 0.881157
2.0646 0.857288
2.07384 0.901676
2.08308 0.802243
2.09232 0.584976
2.10155 0.818396
2.11079 0.986752
2.12003 0.84871
2.12927 0.433729
2.13851 1.00174
2.14774 0.666049
2.15698 0.819962
2.16622 1.02237
2.17546 0.921112
2.18469 0.808894
2.19393 0.853139
2.20317 0.957684
2.21241 1.04111
2.22164 1.03189
2.23088 1.17377
2.24012 1.34554
2.24936 0.80707
2.25859 1.0175
2.26783 0.918457
2.27707 1.06899
2.28631 0.912266
2.29554 0.957543
2.30478 1.43466
2.31402 1.56304
2.32326 1.50463
2.3325 1.15763
2.34173 1.28645
2.35097 1.23287
2.36021 1.3479
2.36945 1.16312
2.37868 1.35675
2.38792 1.15869
2.39716 2.0719
2.4064 1.2265
2.41563 1.25773
2.42487 0.882438
2.43411 1.14837
2.44335 2.04238
2.45258 1.18683
2.46182 2.1142
2.47106 1.31879
2.4803 1.29511
2.48953 1.05489
2.49877 1.04744
2.50801 2.07089
2.51725 1.26512
2.52648 1.11692
2.53572 1.59131
2.54496 1.43373
2.5542 0.977935
2.56344 1.83332
2.57267 1.40487
2.58191 1.26684
2.59115 1.84385
2.60039 1.45066
2.60962 0.984213
2.61886 1.0301
2.6281 2.07626
2.63734 1.51461
2.64657 0.673677
2.65581 1.16873
2.66505 1.01485
2.67429 1.71303
2.68352 0.958577
2.69276 0.841239
2.702 1.11502
2.71124 1.14948
2.72047 1.214
2.72971 1.21027
2.73895 0.786025
2.74819 0.845617
2.75742 0.80853
2.76666 1.13361
2.7759 0.882993
2.78514 0.923754
2.79438 0.797154
2.80361 1.01284
2.81285 0.905859
2.82209 0.838671
2.83133 1.09652
2.84056 0.837369
2.8498 0.751731
2.85904 0.956637
2.86828 0.776839
2.87751 0.903348
2.88675 0.698791
2.89599 0.575086
2.90523 1.0031
2.91446 0.971281
2.9237 0.687809
2.93294 0.750235
2.94218 0.621396
2.95141 0.587487
2.96065 0.888206
2.96989 0.681683
2.97913 0.805226
2.98836 0.726211
2.9976 0.654411
3.00684 0.483651
3.01608 0.723811
3.02532 0.583139
3.03455 0.680338
3.04379 0.703403
3.05303 0.694169
3.06227 0.564402
3.0715 0.74781
3.08074 0.646241
3.08998 0.767487
3.09922 0.71317
3.10845 0.865941
3.11769 0.705082
3.12693 0.635236
3.13617 0.657167
3.1454 1.02182
3.15464 0.861609
3.16388 0.766497
3.17312 0.839672
3.18235 1.13446
3.19159 0.865823
3.20083 0.713239
3.21007 0.831887
3.21931 0.896956
3.22854 0.889871
3.23778 0.835258
3.24702 0.728028
3.25626 0.712766
3.26549 1.13239
3.27473 0.813593
3.28397 0.959048
3.29321 0.910612
3.30244 0.735047
3.31168 0.853373
3.32092 0.844089
3.33016 0.744688
3.33939 1.18681
3.34863 0.97339
3.35787 0.743037
3.36711 0.99298
3.37634 1.17344
3.38558 1.00849
3.39482 1.03327
3.40406 1.15764
3.41329 1.01399
3.42253 1.09793
3.43177 1.01156
3.44101 1.10989
3.45025 1.33625
3.45948 0.88838
3.46872 1.14949
3.47796 1.22743
3.4872 1.31029
3.49643 0.983197
3.50567 1.03781
3.51491 1.45651
3.52415 1.52942
3.53338 1.2141
3.54262 1.12785
3.55186 1.24319
3.5611 1.10549
3.57033 1.34434
3.57957 1.32721
3.58881 1.06749
3.59805 1.31099
3.60728 1.74216
3.61652 1.10759
3.62576 1.0913
3.635 1.27292
3.64423 1.75779
3.65347 1.34053
3.66271 1.532
3.67195 1.61432
3.68119 1.50805
3.69042 1.24179
3.69966 1.0341
3.7089 1.57823
3.71814 1.29223
3.72737 1.57167
3.73661 1.05869
3.74585 1.19058
3.75509 1.43107
3.76432 1.44105
3.77356 0.860477
3.7828 1.33142
3.79204 1.00357
3.80127 1.31672
3.81051 1.31409
3.81975 1.08993
3.82899 1.37949
3.83822 1.20072
3.84746 1.11831
3.8567 0.892837
3.86594 0.718123
3.87518 1.01982
3.88441 0.784302
3.89365 0.855147
3.90289 0.947785
3.91213 0.912309
3.92136 0.827067
3.9306 0.833493
3.93984 1.28315
3.94908 0.841943
3.95831 1.02398
3.96755 0.811743
3.97679 0.787562
3.98603 0.835681
3.99526 0.828937
4.0045 0.90946
4.01374 0.880006
4.02298 0.782997
4.03221 0.901545
4.04145 0.964926
4.05069 0.811873
4.05993 0.871794
4.06916 0.759145
4.0784 0.619114
4.08764 0.829763
4.09688 0.913144
4.10612 0.642442
4.11535 0.601499
4.12459 0.581187
4.13383 0.755853
4.14307 0.93231
4.1523 0.631102
4.16154 0.628345
4.17078 0.624382
4.18002 0.755398
4.18925 0.692662
4.19849 0.639345
4.20773 0.867936
4.21697 0.875867
4.2262 0.751419
4.23544 0.917172
4.24468 0.630331
4.25392 0.614778
4.26315 0.588652
4.27239 0.752629
4.28163 0.553224
4.29087 0.838645
4.3001 0.763405
4.30934 0.864046
4.31858 0.567312
4.32782 0.750258
4.33706 0.715147
4.34629 0.997561
4.35553 0.678709
4.36477 0.641891
4.37401 0.981214
4.38324 1.16778
4.39248 0.88469
4.40172 1.43621
4.41096 1.12414
4.42019 0.981493
4.42943 0.84547
4.43867 0.914639
4.44791 0.839414
4.45714 0.945429
4.46638 0.925021
4.47562 1.07996
4.48486 0.915364
4.49409 0.874746
4.50333 0.796659
4.51257 1.32227
4.52181 1.31555
4.53104 0.808923
4.54028 1.08707
4.54952 0.915818
4.55876 1.24656
4.568 1.10206
4.57723 0.963522
4.58647 0.848275
4.59571 0.976022
4.60495 1.03897
4.61418 1.07528
