0.042962 0.234754
0.0561811 0.130122
0.0826192 0.148796
0.0892288 0.0610093
0.115667 0.0328242
0.122276 0.162942
0.128886 0.0340943
0.148715 0.0210813
0.161934 0.222015
0.168543 0.0749283
0.175153 0.0384451
0.181762 0.0469801
0.2082 0.0724649
0.22142 0.0490253
0.234639 0.0488003
0.241248 0.01723
0.247858 0.224442
0.254467 0.121182
0.261077 0.0411333
0.267686 0.0318963
0.274296 0.130103
0.287515 0.278167
0.294124 0.0749847
0.300734 0.0498374
0.313953 0.0501754
0.320563 0.0302937
0.327172 0.509802
0.333782 0.0798542
0.340391 0.0668446
0.35361 0.0751152
0.366829 0.112222
0.373439 0.166826
0.380048 0.0778248
0.386658 0.044602
0.393268 0.0945264
0.406487 0.0397663
0.413096 0.0939215
0.419706 0.106374
0.426315 0.0704217
0.432925 0.0654994
0.439534 0.0381288
0.446144 0.100864
0.452753 0.260591
0.459363 0.0824215
0.465973 0.0678542
0.472582 0.101526
0.479192 0.0945329
0.485801 0.229108
0.49902 0.126594
0.50563 0.110351
0.512239 0.0408943
0.518849 0.186885
0.525458 0.425211
0.532068 0.111587
0.538677 0.326822
0.545287 0.216394
0.551897 0.243081
0.558506 0.315625
0.565116 0.193795
0.571725 0.35753
0.578335 0.2506
0.584944 0.258351
0.591554 0.131538
0.598163 0.450422
0.604773 0.193261
0.611382 0.132894
0.617992 0.322648
0.624601 0.711662
0.631211 0.509514
0.64443 0.539002
0.65104 0.974435
0.664259 1.2143
0.670868 1.26833
0.677478 2.34108
0.684087 1.10481
0.690697 1.43249
0.703916 0.760543
0.710525 0.861646
0.723745 0.723041
0.730354 0.504133
0.736964 0.712245
0.743573 0.513863
0.750183 0.535324
0.756792 1.16008
0.763402 0.272481
0.770011 1.26544
0.776621 0.652869
0.78323 0.980884
0.78984 0.678823
0.796449 0.737252
0.803059 0.848864
0.809669 1.47606
0.816278 0.46632
0.822888 1.50023
0.829497 1.3517
0.836107 1.07816
0.842716 0.539672
0.849326 1.15097
0.862545 0.668913
0.869154 0.558833
0.875764 0.750877
0.882373 0.463723
0.888983 0.817763
0.895593 0.980976
0.902202 0.0651429
0.908812 0.596516
0.915421 0.382768
0.922031 0.674629
0.92864 0.135214
0.93525 0.472513
0.941859 0.486511
0.948469 0.455713
0.955078 0.400482
0.961688 0.282685
0.968297 0.658229
0.974907 0.227379
0.981517 0.321887
0.988126 0.365697
0.994736 0.385188
1.00135 0.680296
1.00795 0.505272
1.01456 0.574611
1.02117 0.562873
1.02778 0.994425
1.03439 0.455812
1.041 0.328229
1.04761 0.249401
1.05422 0.73287
1.06083 0.698918
1.06744 0.958674
1.07405 0.77199
1.08066 1.01227
1.08727 0.652413
1.09388 1.08329
1.10049 0.894125
1.1071 0.701346
1.11371 1.24862
1.12032 0.629977
1.12693 1.10581
1.13354 0.935937
1.14015 0.95423
1.14676 1.60564
1.15336 0.946436
1.15997 1.55501
1.16658 1.2236
1.17319 0.851998
1.1798 0.954623
1.18641 0.625681
1.19302 0.520488
1.19963 0.970551
1.20624 1.23123
1.21285 0.988515
1.21946 1.59184
1.22607 1.033
1.23268 1.69453
1.23929 1.09982
1.2459 1.95313
1.25251 1.07551
1.25912 1.73741
1.26573 1.14805
1.27234 1.16412
1.27895 0.862862
1.28556 1.07967
1.29216 1.72152
1.29877 1.54561
1.30538 2.24196
1.31199 2.41786
1.3186 1.45379
1.32521 1.54801
1.33182 1.99443
1.33843 1.2657
1.34504 1.40368
1.35165 2.04143
1.35826 2.02891
1.36487 1.90274
1.37148 1.13984
1.37809 1.15509
1.3847 1.71989
1.39131 1.29624
1.39792 2.1806
1.40453 1.63878
1.41114 1.82823
1.41775 0.670167
1.42436 1.11952
1.43097 2.3084
1.43757 0.840666
1.44418 1.69418
1.45079 1.49138
1.4574 1.6063
1.46401 1.56386
1.47062 0.749387
1.47723 2.25302
1.48384 1.08153
1.49045 1.51276
1.49706 1.52355
1.50367 2.30801
1.51028 1.10512
1.51689 2.67254
1.5235 1.31314
1.53011 1.04339
1.53672 0.983273
1.54333 1.26145
1.54994 1.68556
1.55655 1.33952
1.56316 0.650546
1.56977 1.39041
1.57638 1.39069
1.58298 1.08609
1.58959 1.22947
1.5962 1.03998
1.60281 0.560922
1.60942 0.944762
1.61603 0.934818
1.62264 1.12712
1.62925 1.08892
1.63586 0.770836
1.64247 0.837111
1.64908 0.831479
1.65569 0.716365
1.6623 0.857798
1.66891 0.720693
1.67552 0.800751
1.68213 0.959046
1.68874 0.950345
1.69535 0.606399
1.70196 0.819902
1.70857 0.849736
1.71518 0.985633
1.72178 0.668116
1.72839 0.73973
1.735 0.658515
1.74161 0.525044
1.74822 0.763442
1.75483 0.596409
1.76144 0.656958
1.76805 0.719493
1.77466 0.524841
1.78127 0.670629
1.78788 0.619562
1.79449 0.701867
1.8011 0.564977
1.80771 0.520222
1.81432 0.685513
1.82093 0.625647
1.82754 0.678764
1.83415 0.620317
1.84076 0.706926
1.84737 0.719454
1.85398 0.494776
1.86059 0.572643
1.86719 0.582279
1.8738 0.893496
1.88041 0.66539
1.88702 0.688657
1.89363 0.714453
1.90024 0.565456
1.90685 0.67008
1.91346 0.482402
1.92007 0.632937
1.92668 0.827473
1.93329 0.653058
1.9399 0.519201
1.94651 0.740862
1.95312 0.840351
1.95973 0.854596
1.96634 1.14772
1.97295 0.958437
1.97956 0.749212
1.98617 0.886589
1.99278 0.818553
1.99939 0.639375
2.006 0.960786
2.0126 0.929688
2.01921 0.788599
2.02582 0.734689
2.03243 0.894492
2.03904 0.969654
2.04565 1.12742
2.05226 0.658567
2.05887 0.663716
2.06548 1.05007
2.07209 0.81254
2.0787 0.788063
2.08531 0.955307
2.09192 1.09648
2.09853 0.674052
2.10514 0.830674
2.11175 0.697803
2.11836 0.931344
2.12497 0.864363
2.13158 0.954218
2.13819 0.960466
2.1448 0.704624
2.1514 1.0014
2.15801 0.975065
2.16462 0.769997
2.17123 1.1647
2.17784 1.39109
2.18445 0.926315
2.19106 1.14819
2.19767 1.12648
2.20428 0.712703
2.21089 0.732621
2.2175 0.792306
2.22411 0.677516
2.23072 0.856687
2.23733 0.910987
2.24394 0.964762
2.25055 1.29332
2.25716 0.96894
2.26377 0.896908
2.27038 0.75534
2.27699 1.08776
2.2836 1.12286
2.29021 0.939638
2.29681 1.05454
2.30342 0.627504
2.31003 1.14675
2.31664 1.04085
2.32325 1.00448
2.32986 0.866254
2.33647 1.11287
2.34308 0.816459
2.34969 1.38962
2.3563 1.58423
2.36291 1.16468
2.36952 1.02413
2.37613 1.03442
2.38274 1.11159
2.38935 1.12139
2.39596 1.15171
2.40257 0.927164
2.40918 0.986601
2.41579 1.0979
2.4224 1.19049
2.42901 1.20893
2.43562 0.950458
2.44222 0.975079
2.44883 1.17622
2.45544 1.12422
2.46205 0.87512
2.46866 1.39647
2.47527 1.35106
2.48188 1.01365
2.48849 0.942851
2.4951 1.00686
2.50171 1.28164
2.50832 1.56249
2.51493 1.20701
2.52154 1.13979
2.52815 1.10942
2.53476 1.02182
2.54137 1.33458
2.54798 1.05113
2.55459 1.02863
2.5612 1.16888
2.56781 1.05856
2.57442 1.20537
2.58103 0.85892
2.58763 1.11108
2.59424 1.33597
2.60085 1.31581
2.60746 1.10866
2.61407 1.14515
2.62068 0.85252
2.62729 1.1929
2.6339 1.28577
2.64051 0.957321
2.64712 1.19699
2.65373 1.06482
2.66034 1.2745
2.66695 0.998374
2.67356 0.724219
2.68017 0.996849
2.68678 1.13471
2.69339 1.06213
2.7 0.69431
2.70661 1.36899
2.71322 0.553305
2.71983 0.931031
2.72643 1.06092
2.73304 0.847647
2.73965 1.32666
2.74626 1.06815
2.75287 1.04428
2.75948 0.929854
2.76609 1.03069
2.7727 1.0299
2.77931 1.2883
2.78592 0.794753
2.79253 0.829219
2.79914 0.882477
2.80575 1.04236
2.81236 0.825967
2.81897 0.998213
2.82558 1.22401
2.83219 1.19383
2.8388 0.925367
2.84541 1.05028
2.85202 0.839218
2.85863 1.39862
2.86524 0.980659
2.87184 1.27303
2.87845 1.08232
2.88506 1.16555
2.89167 1.33267
2.89828 0.965354
2.90489 1.21032
2.9115 1.18044
2.91811 0.776202
2.92472 1.04922
2.93133 1.1246
2.93794 1.00044
2.94455 1.25034
2.95116 1.05775
2.95777 1.54092
2.96438 0.651287
2.97099 1.32095
2.9776 1.23703
2.98421 1.04927
2.99082 1.09964
2.99743 1.28838
3.00404 0.903414
3.01065 1.06205
3.01725 0.772943
3.02386 1.06746
3.03047 0.787648
3.03708 0.699561
3.04369 0.860069
3.0503 1.2304
3.05691 0.972001
3.06352 1.00979
3.07013 1.12959
3.07674 0.818253
3.08335 0.938111
3.08996 0.842297
3.09657 1.01018
3.10318 1.15491
3.10979 1.07527
3.1164 0.887041
3.12301 1.25694
3.12962 0.946962
3.13623 1.0611
3.14284 0.850402
3.14945 1.12867
3.15605 0.717813
3.16266 0.78563
3.16927 0.884606
3.17588 1.08296
3.18249 0.903433
3.1891 1.09506
3.19571 0.953148
3.20232 1.03732
3.20893 0.902483
3.21554 0.996071
3.22215 0.876066
3.22876 0.664751
3.23537 0.872855
3.24198 1.08172
3.24859 0.830464
3.2552 1.23655
3.26181 0.829993
3.26842 0.669138
3.27503 0.83835
3.28164 0.971137
3.28825 0.902717
3.29486 1.37553
3.30146 1.07311
