0.00489838466667 0.436957333333
0.295020333333 0.00891016666667
0.01419238 0.0931216
0.976995 0.591365
0.0316287 0.934264666667
0.977397333333 0.310976333333
0.967468 0.218413666667
0.961213333333 0.163292
0.936209333333 0.182727666667
0.32685 0.290257333333
0.0219901333333 0.216425333333
0.02475003 0.279798333333
0.0404812 0.244153666667
0.00763358 0.151676033333
0.00251768466667 0.372424666667
0.0423204966667 0.306624
0.0807239666667 0.299107
0.00873046333333 0.381816666667
0.0304786 0.407309
0.02392023 0.344109666667
0.0456683666667 0.369602
0.177945666667 0.354961333333
0.958621333333 0.639386333333
0.915827333333 0.962615
0.843401333333 0.973802666667
0.864713333333 0.956203666667
0.838196333333 0.829521
0.797614333333 0.892982
0.772603 0.912176666667
0.0987207333333 0.975976
0.0620425 0.95671
0.0427303333333 0.900504
0.964993666667 0.120076733333
0.935209666667 0.221517333333
0.903952333333 0.238119333333
0.900623 0.274522
0.949268666667 0.25996
0.929944333333 0.289301
0.968262666667 0.409207
0.932541666667 0.325947666667
0.951740333333 0.36834
0.93368 0.399678
0.917247333333 0.427895666667
0.261781666667 0.311064333333
0.203398333333 0.325731666667
0.23218 0.336013666667
0.590685666667 0.247688666667
0.60337 0.279676666667
0.541706666667 0.0541281666667
0.366172 0.240782
0.43945 0.251662666667
0.557784666667 0.240459666667
0.553803333333 0.199574333333
0.897325666667 0.0538447333333
0.930987333333 0.0684542666667
0.931798333333 0.105240133333
0.251583666667 0.985641333333
0.198422 0.968982333333
0.0348815666667 0.175745333333
0.0253941333333 0.1279289
0.04918508 0.02922417
0.03520568 0.0527055
0.0464074333333 0.0875128
0.0699506333333 0.0999765666667
0.0648209333333 0.168849666667
0.0788767 0.133497
0.0936426 0.328633
0.0769872666667 0.361642333333
0.131413333333 0.324170333333
0.144554666667 0.352245
0.0470904333333 0.431741333333
0.0832302666667 0.423830333333
0.0976319333333 0.450648333333
0.0979373333333 0.391438333333
0.127734 0.386503666667
0.132074666667 0.460909666667
0.830348333333 0.903332
0.856165666667 0.927260333333
0.852562333333 0.861554333333
0.764556666667 0.615879333333
0.733148 0.740396666667
0.736381333333 0.705604
0.711307666667 0.595288666667
0.72934 0.625099666667
0.904597 0.704714333333
0.939008333333 0.707227
0.943220666667 0.672580666667
0.791493 0.637828
0.769467333333 0.747281
0.805876666667 0.975035
0.77636 0.952702333333
0.433675 0.989864333333
0.769312 0.779008666667
0.795277 0.791094
0.797734333333 0.830597
0.779366333333 0.852280333333
0.0268501 0.851118666667
0.00906587333333 0.769273666667
0.0158877066667 0.692609333333
0.0750171333333 0.893465333333
0.876406333333 0.427244666667
0.864097666667 0.300488333333
0.835589 0.292868666667
0.801838333333 0.301349666667
0.790798666667 0.266959666667
0.824549333333 0.258478666667
0.586472333333 0.306008666667
0.610726666667 0.334013
0.556853333333 0.365155333333
0.590965333333 0.364127
0.535175333333 0.391244
0.554934666667 0.41799
0.537665333333 0.442447666667
0.505943333333 0.372286333333
0.650031 0.278885333333
0.667954333333 0.250240666667
0.729313666667 0.295367333333
0.648015333333 0.340366
0.670422 0.311570333333
0.701622 0.316705
0.249274 0.278181666667
0.255472333333 0.249088
0.207466333333 0.287447
0.225373 0.1256977
0.275657333333 0.1136028
0.246247666667 0.1036015
0.442306666667 0.1255402
0.578771333333 0.170059666667
0.568061333333 0.132677566667
0.538457 0.1184819
0.526725 0.0830853333333
0.492320666667 0.0813123
0.476268666667 0.115086533333
0.569814333333 0.0531166333333
0.600283333333 0.0320209666667
0.641476333333 0.0246979666667
0.735316 0.0238372
0.762981666667 0.0440621666667
0.841081 0.0321732333333
0.802506333333 0.0357538666667
0.291091 0.0758025333333
0.279653333333 0.03976063
0.312618 0.02939473
0.478549333333 0.0544324666667
0.510617666667 0.0286147666667
0.429148666667 0.0150100966667
0.365285 0.0233034966667
0.417851666667 0.281023333333
0.360660333333 0.295573333333
0.383334 0.272595666667
0.528844 0.264613666667
0.481001 0.302691
0.473402 0.26164
0.496354 0.243908
0.544847333333 0.298174666667
0.506068666667 0.329096
0.534989666667 0.327207333333
0.523892666667 0.191069333333
0.491472333333 0.145736666667
0.519256333333 0.147359
0.475592 0.183845666667
0.495384 0.211249
0.285582666667 0.333356333333
0.312359 0.324825333333
0.0854967 0.198187
0.118111333333 0.187619666667
0.0740484 0.232811
0.0967207 0.260938666667
0.165108666667 0.142400666667
0.132078 0.150839
0.113519133333 0.126053666667
0.186341 0.1096187
0.104593066667 0.0925332333333
0.240685 0.0395094966667
0.222713 0.0655501
0.183655666667 0.0767806333333
0.02245914 0.626329
0.0121564613333 0.584895
0.139012666667 0.497553666667
0.143868 0.570157666667
0.882058333333 0.865466666667
0.908968333333 0.828431
0.885235333333 0.906705
0.932205666667 0.600527
0.601213333333 0.682291
0.710749 0.690412
0.710456 0.656822
0.674209333333 0.656048333333
0.794086 0.723617
0.772857666667 0.695722
0.793045666667 0.670756333333
0.834411333333 0.678777333333
0.829432333333 0.712201666667
0.851479 0.797494333333
0.826381333333 0.775301333333
0.892755 0.792492
0.905419666667 0.767092
0.882777666667 0.733237333333
0.845015333333 0.736444333333
0.956261666667 0.729158666667
0.944492333333 0.760500666667
0.742974 0.962995
0.717645333333 0.982310666667
0.436319666667 0.982597333333
0.733356666667 0.804712333333
0.740953666667 0.838481
0.736124333333 0.893435
0.722723 0.860441
0.689669333333 0.859130666667
0.172049333333 0.954326333333
0.139519666667 0.963772666667
0.102841433333 0.944506666667
0.104714433333 0.915022666667
0.138448 0.886833
0.043433 0.824343
0.721288666667 0.558103
0.696543666667 0.540067
0.853768333333 0.45294
0.867555333333 0.330899666667
0.906678 0.34158
0.906006 0.374958
0.871632333333 0.394344666667
0.845913 0.372641
0.817986 0.387394
0.841843 0.0661573
0.865233 0.0817692666667
0.875230333333 0.215972333333
0.83447 0.229659333333
0.610795 0.391100666667
0.596442333333 0.418875
0.621461 0.444292666667
0.672201 0.389878333333
0.647772666667 0.376607333333
0.54195 0.587935333333
0.562046666667 0.470769666667
0.604334666667 0.471729666667
0.706924666667 0.243265666667
0.764511333333 0.251999
0.733909333333 0.266193333333
0.224443333333 0.216114
0.183694666667 0.170647666667
0.221599666667 0.159908666667
0.239394 0.184307333333
0.270423666667 0.185915666667
0.281006666667 0.231057666667
0.332335333333 0.185147666667
0.313100333333 0.247875333333
0.329748666667 0.221377666667
0.317841 0.154461666667
0.286215666667 0.154688666667
0.414036666667 0.1051484
0.380876666667 0.125072533333
0.345703666667 0.119588866667
0.329512 0.0820156
0.349765 0.0563818333333
0.420242333333 0.223023333333
0.439951666667 0.189138
0.42187 0.161482666667
0.381482 0.220570333333
0.366100333333 0.187162666667
0.386779 0.161960333333
0.627696 0.0632778
0.597827333333 0.1170479
0.597227 0.0843734666667
0.453348 0.324908333333
0.424150666667 0.313218
0.223892333333 0.587108333333
0.392038 0.592496666667
0.464586 0.552206666667
0.456258666667 0.590915333333
0.425773333333 0.601919
0.441554333333 0.529255
0.312829666667 0.501528666667
0.291629666667 0.472719333333
0.247523333333 0.508154666667
0.252903 0.474452666667
0.243740666667 0.369225666667
0.277307 0.369705333333
0.285003333333 0.861702333333
0.226450333333 0.939433666667
0.271402666667 0.887614
0.136406666667 0.216709666667
0.168959333333 0.208176
0.191913666667 0.229243666667
0.126464333333 0.255404666667
0.148238333333 0.289110333333
0.181135 0.271483
0.154547666667 0.0114239333333
0.197040666667 0.0233639633333
0.0904422666667 0.02921207
0.117437933333 0.0631245
0.156709333333 0.0553685333333
0.0635693333333 0.563522
0.0999480333333 0.510659666667
0.0986677 0.544906333333
0.0273900213333 0.550489333333
0.0739386333333 0.485116666667
0.0194105546667 0.503140666667
0.0398544666667 0.472432333333
0.204281 0.564558333333
0.170516666667 0.557784333333
0.215766333333 0.526013
0.164381 0.519427
0.190435333333 0.503957333333
0.961969 0.917032666667
0.939924666667 0.890066
0.935558333333 0.938646
0.913514 0.911679333333
0.962389333333 0.539152666667
0.930174 0.568806666667
0.833697 0.625343666667
0.85523 0.655164333333
0.900221333333 0.614388666667
0.887810333333 0.667542
0.909647666667 0.649562666667
0.527869 0.853885666667
0.386853 0.626665
0.420588333333 0.636087333333
0.442542333333 0.667398
0.431126666667 0.696191333333
0.526748333333 0.796741
0.508457333333 0.829284666667
0.963348 0.788230666667
0.952394666667 0.858598333333
0.940488666667 0.830761
0.974439 0.885565
0.980653 0.670129
0.975117333333 0.756888666667
0.679050666667 0.960339333333
0.673922333333 0.892647666667
0.704379333333 0.941023666667
0.701286666667 0.911989333333
0.128872 0.850299333333
0.0928473666667 0.858282666667
0.0771434666667 0.838545666667
0.839178333333 0.593384
0.868707 0.586858
0.796141666667 0.42101
0.792969 0.364032666667
0.750687333333 0.322268666667
0.783687666667 0.327349333333
0.716376 0.370558
0.722995666667 0.343606333333
0.741515666667 0.398768666667
0.771124666667 0.397648666667
0.880744 0.175519666667
0.855644666667 0.149979333333
0.910465666667 0.158877
0.902274333333 0.124604733333
0.869370666667 0.1157434
0.829029666667 0.154631333333
0.813368666667 0.193858666667
0.485673 0.613907
0.520189 0.610183666667
0.477141666667 0.656221333333
0.588103 0.591355
0.618522333333 0.639370666667
0.592167666667 0.625361666667
0.656971333333 0.626515333333
0.675185666667 0.597478
0.665095666667 0.564543333333
0.559019666667 0.532563
0.531653333333 0.559918666667
0.500761 0.543881333333
0.508465666667 0.507419
0.541618 0.501123
0.589310666667 0.53345
0.640521 0.552442
0.608097333333 0.564225333333
0.644360666667 0.51352
0.614197 0.50297
0.682265333333 0.131060666667
0.447583333333 0.0515214666667
0.417929 0.0743165
0.415788 0.0339971666667
0.386133666667 0.0567922
0.657549 0.0729156666667
0.680958333333 0.102109433333
0.685351666667 0.0448142333333
0.718787 0.0549635
0.719786 0.0874969333333
0.338703666667 0.351746333333
0.368549333333 0.331633333333
0.397522 0.340850333333
0.258326666667 0.579159666667
0.270472333333 0.538751333333
0.297052 0.533858666667
0.28093 0.605586333333
0.320027666667 0.570835
0.316051333333 0.602154333333
0.343213333333 0.507301666667
0.374381666667 0.482211
0.405525 0.493178333333
0.406899666667 0.527338
0.349539666667 0.549447333333
0.382082666667 0.558516333333
0.221346 0.453068333333
0.184637666667 0.392446
0.190635333333 0.464714666667
0.221651 0.396428333333
0.238706333333 0.424719
0.157643 0.443540333333
0.155611 0.411020666667
0.258617 0.948698666667
0.286436 0.926984666667
0.292832666667 0.977621666667
0.206220666667 0.860120666667
0.237193666667 0.878027666667
0.220060333333 0.908133333333
0.18276 0.919767
0.170733 0.889596
0.397014 0.970805
0.952083 0.506528666667
0.962433333333 0.469398333333
0.929478333333 0.456749
0.569781666667 0.866405333333
0.642537666667 0.895381
0.629569 0.858863666667
0.596403666667 0.845991
0.460568 0.726123666667
0.503787 0.771989333333
0.619823666667 0.708184666667
0.654370666667 0.694797333333
0.675526333333 0.716581666667
0.457185333333 0.891377
0.497570333333 0.885472666667
0.508448 0.910012666667
0.433687333333 0.949273
0.426474666667 0.921341666667
0.472993 0.961065333333
0.501443666667 0.944094666667
0.637726 0.963609666667
0.676320666667 0.985581
0.574147666667 0.98717
0.488958 0.983177666667
0.0654129333333 0.670153666667
0.0517083333333 0.632992
0.0775849666667 0.604590666667
0.217423 0.623831333333
0.0312925666667 0.731084666667
0.0515686 0.701966
0.0410536333333 0.780973333333
0.817261666667 0.525216333333
0.750428 0.547590333333
0.775663666667 0.575555666667
0.808081333333 0.565544666667
0.900156333333 0.541668333333
0.870673666667 0.545858
0.850325333333 0.512055666667
0.867258333333 0.478915666667
0.902127333333 0.482073666667
0.914677 0.511024
0.817077 0.464765666667
0.792151333333 0.450982666667
0.797503333333 0.503902
0.756067666667 0.480677666667
0.763087333333 0.516265
0.720196 0.431467666667
0.658274333333 0.447323
0.677597333333 0.423877666667
0.728481333333 0.469358666667
0.671311666667 0.48531
0.69892 0.499755666667
0.806917 0.126898333333
0.783387666667 0.0722366
0.811699333333 0.0891511
0.751532 0.0987105
0.721045333333 0.155793
0.751484333333 0.138055333333
0.778557666667 0.149328666667
0.760065666667 0.216744333333
0.781827333333 0.190785
0.724828333333 0.212274333333
0.708484666667 0.188420333333
0.501029666667 0.671925
0.564230666667 0.687709
0.555789333333 0.655294666667
0.529963666667 0.643536333333
0.550690666667 0.718227
0.520034 0.730222
0.495871666667 0.713034
0.623965333333 0.14316
0.654525 0.149074666667
0.609598666667 0.176876
0.670766 0.186134
0.617531666667 0.213619666667
0.648139333333 0.216963
0.496461666667 0.441999666667
0.487690666667 0.476617666667
0.456954333333 0.490128333333
0.435296666667 0.471262666667
0.411793666667 0.372354333333
0.439144666667 0.434150333333
0.469573333333 0.418398
0.475984333333 0.383412666667
0.448456666667 0.362439666667
0.342193666667 0.386686666667
0.307573333333 0.396114666667
0.364797 0.454260333333
0.312428666667 0.450541666667
0.291062333333 0.423925666667
0.399788333333 0.428115333333
0.386311 0.398077666667
0.396889666667 0.698239
0.389734666667 0.916599333333
0.371357 0.947179666667
0.337909333333 0.953980666667
0.320585 0.929633333333
0.442667333333 0.747731666667
0.461724 0.776409333333
0.401711666667 0.733758666667
0.468113333333 0.832801333333
0.44714 0.863306666667
0.413759666667 0.853533333333
0.444341333333 0.804677666667
0.414773333333 0.811830333333
0.667741 0.754041666667
0.699730333333 0.762664666667
0.700094333333 0.795252666667
0.674637666667 0.827711
0.645922 0.824710666667
0.573460666667 0.748249666667
0.605611 0.743625333333
0.565765333333 0.784996333333
0.589695666667 0.804800666667
0.624152666667 0.792126666667
0.632372666667 0.767698
0.613744333333 0.914644
0.606897 0.944215333333
0.543118666667 0.910561333333
0.574153666667 0.898541
0.536114333333 0.944643333333
0.560302 0.962194333333
0.191925666667 0.643227666667
0.274363333333 0.643032666667
0.245290666667 0.653329
0.380695333333 0.858808
0.370845666667 0.886466666667
0.314595333333 0.864139333333
0.335143666667 0.892699666667
0.384946666667 0.795959
0.378218666667 0.758048333333
0.328721 0.823013
0.359119 0.823914666667
0.164329666667 0.632199666667
0.143567 0.602626666667
0.112382333333 0.618444
0.0971365666667 0.682949
0.118229333333 0.659640666667
0.145333666667 0.668518666667
0.301964 0.663757666667
0.367049333333 0.684180333333
0.361969 0.648045
0.330634666667 0.636127
0.26803 0.820557
0.344556333333 0.747587
0.338209 0.709238666667
0.304458 0.700734
0.320886333333 0.784596
0.289787333333 0.784577
0.0794412333333 0.737128333333
0.105474233333 0.725817666667
0.0969461 0.806232333333
0.0744454333333 0.777839
0.282363 0.721735666667
0.278761333333 0.756591333333
0.155503666667 0.822549666667
0.139281666667 0.798219666667
0.200567333333 0.829608
0.231458333333 0.810945333333
0.202101666667 0.685436
0.244644666667 0.751698333333
0.219099 0.770072333333
0.234049666667 0.690238333333
0.248246333333 0.716842666667
0.152505666667 0.709124666667
0.181677666667 0.715014
0.187135 0.755718333333
0.133739 0.743115333333
0.154112 0.772196
