0.442781666667 0.991284666667
0.957754 0.930663666667
0.929869 0.0443590333333
0.956687 0.0549128666667
0.00725243666667 0.515652
0.00489758 0.381672666667
0.280196666667 0.986867
0.855732333333 0.977621
0.960662666667 0.894483333333
0.859655 0.878718666667
0.848751333333 0.906290333333
0.902798333333 0.870976
0.927250666667 0.895607
0.924342 0.931787333333
0.891544666667 0.948835666667
0.860371 0.937517666667
0.970170666667 0.0762536666667
0.0158278766667 0.419807
0.0271910666667 0.487349
0.0216979533333 0.249635
0.0320668933333 0.727145333333
0.0327323 0.913553666667
0.0117567933333 0.82957
0.0195105933333 0.768586
0.134566666667 0.804365333333
0.0902213 0.980748333333
0.136776133333 0.969306
0.379785 0.958600666667
0.342295333333 0.97263
0.392482666667 0.918727666667
0.422254 0.969025666667
0.547349333333 0.987472666667
0.234897 0.965785
0.379328333333 0.884188333333
0.343911 0.889049666667
0.954585333333 0.305195333333
0.819487666667 0.422916
0.474411 0.00604953266667
0.738822333333 0.039960676
0.558688 0.922315333333
0.572996666667 0.747505666667
0.662478333333 0.843243666667
0.716068666667 0.666150333333
0.700431666667 0.696352333333
0.751012333333 0.656415333333
0.928198333333 0.130652233333
0.956574 0.115774233333
0.980496666667 0.153988333333
0.0430222333333 0.450716333333
0.0488611333333 0.410867666667
0.0621444333333 0.489109333333
0.1003787 0.398323666667
0.0786866666667 0.428717666667
0.155688 0.410300666667
0.136533 0.388483
0.0882346333333 0.456312
0.0518935333333 0.370047666667
0.0843830666667 0.365148666667
0.0974443 0.327545333333
0.0346914433333 0.342354333333
0.0429163766667 0.306161666667
0.0731797 0.296251666667
0.0567486666667 0.760887666667
0.0840890333333 0.750299333333
0.0730644333333 0.795451666667
0.1004048 0.784863333333
0.150492 0.83901
0.0473684333333 0.875216
0.0382752 0.834979333333
0.0671472666667 0.828102666667
0.0454606666667 0.950251
0.0556066 0.972562666667
0.0724536333333 0.951815333333
0.524659 0.924015666667
0.505847 0.947869333333
0.319392 0.918758666667
0.287779333333 0.913297666667
0.311349 0.952921333333
0.279736333333 0.947460333333
0.333261333333 0.820295333333
0.302713333333 0.809993666667
0.329854666667 0.856018666667
0.250063666667 0.587460666667
0.163025666667 0.777330666667
0.0364798666667 0.560265666667
0.0241690933333 0.605463333333
0.0956522333333 0.720731
0.157501666667 0.664119666667
0.982243 0.244838333333
0.953386333333 0.271709666667
0.970656333333 0.205382666667
0.821193333333 0.340658333333
0.801627666667 0.362237333333
0.798863666667 0.400170333333
0.769101333333 0.483309666667
0.757299333333 0.520319
0.727135666667 0.518249666667
0.746248 0.453357
0.135439733333 0.02469669
0.895515333333 0.1073058
0.812324 0.0143487426667
0.771256333333 0.0323237093333
0.818326 0.0631851333333
0.719646333333 0.0893548333333
0.747762 0.0799235333333
0.705673 0.447863333333
0.704944 0.114815866667
0.712009333333 0.150905
0.708682666667 0.279898333333
0.584392333333 0.944358
0.615692333333 0.941154
0.620647666667 0.980465666667
0.545676666667 0.966233333333
0.399092666667 0.843221
0.367236333333 0.661588333333
0.592033333333 0.867178666667
0.559266 0.884663666667
0.541616 0.732441666667
0.656124 0.873621333333
0.663914 0.906288333333
0.621938 0.881771333333
0.629728 0.914438333333
0.6014 0.726706333333
0.660100666667 0.70083
0.658212 0.741792666667
0.630661666667 0.757793333333
0.686628333333 0.756507666667
0.711975666667 0.723128666667
0.700501333333 0.845285
0.726091 0.882139666667
0.767062666667 0.880004666667
0.637215666667 0.817976
0.628378 0.790306
0.600956666667 0.833761
0.584991 0.782204
0.570896666667 0.808093333333
0.609669333333 0.67911
0.640819666667 0.669234333333
0.508333333333 0.541214666667
0.584249 0.48086
0.908217666667 0.837407666667
0.926242666667 0.813916666667
0.967068 0.775865666667
0.953836666667 0.808874
0.974238333333 0.853833
0.985824666667 0.719086666667
0.991740666667 0.638921666667
0.945340666667 0.741131666667
0.864725 0.469129666667
0.807067666667 0.483575333333
0.822401666667 0.453991666667
0.910536666667 0.516659333333
0.840334333333 0.522404666667
0.874391333333 0.508670666667
0.835152 0.551436
0.855475 0.584073
0.790083333333 0.549616
0.872612333333 0.271963333333
0.228274 0.568260666667
0.200506666667 0.554245666667
0.206586666667 0.516386
0.0872544666667 0.582158333333
0.0779934666667 0.519915666667
0.0681600666667 0.554439333333
0.167494333333 0.9471
0.199505333333 0.941726333333
0.133524666667 0.863012666667
0.0843795 0.889733
0.0971413 0.861602666667
0.0967363333333 0.929635
0.126444133333 0.93894
0.157162333333 0.916734
0.161627 0.891248666667
0.271554 0.836748666667
0.224818666667 0.899130333333
0.197272333333 0.879018666667
0.194276333333 0.848173666667
0.268253333333 0.889026333333
0.285809666667 0.861456333333
0.422286 0.908579333333
0.449027666667 0.898086666667
0.438370333333 0.943256333333
0.465112 0.932763666667
0.328503666667 0.514211666667
0.280373 0.560660666667
0.310275666667 0.552370333333
0.318040666667 0.483600333333
0.258583333333 0.541460666667
0.245493333333 0.514662
0.291396333333 0.461739666667
0.258866666667 0.473842666667
0.327824333333 0.603541
0.329478666667 0.574501666667
0.209518666667 0.450059666667
0.235529666667 0.448077333333
0.197923 0.790732666667
0.213248333333 0.826931
0.245423333333 0.822964333333
0.152182 0.745281333333
0.170513666667 0.718073333333
0.126230666667 0.720636666667
0.144562333333 0.693428666667
0.207184 0.709789
0.03506046 0.638790333333
0.0664656333333 0.621311666667
0.0848463666667 0.648414
0.03461776 0.683008
0.0708627333333 0.687182
0.921891 0.321546
0.922384333333 0.348155333333
0.881773666667 0.308881
0.854593 0.341535
0.876049333333 0.362535333333
0.959063333333 0.470051
0.932666666667 0.469731666667
0.941617333333 0.377113333333
0.769934 0.626144
0.758550666667 0.595457666667
0.788835 0.575487
0.829226333333 0.599986666667
0.698632333333 0.024690776
0.662286 0.0144765426667
0.695980333333 0.0562305
0.577816666667 0.011916376
0.618733 0.014243576
0.0283057433333 0.107668033333
0.092234 0.267913
0.180909 0.0308148566667
0.0522768 0.0892787
0.0755247333333 0.121643666667
0.149932666667 0.345806333333
0.1268396 0.318043666667
0.127234266667 0.279279
0.865883 0.0250307
0.846421333333 0.0517586666667
0.903129666667 0.0465626
0.883668 0.0732905666667
0.818509 0.0912168
0.780379 0.100318233333
0.677774333333 0.463765
0.696452 0.496061333333
0.615647666667 0.472214333333
0.631600666667 0.448516666667
0.693093 0.177861
0.713889 0.217063
0.692724 0.243664666667
0.622612666667 0.299574666667
0.440230333333 0.844345333333
0.467621666667 0.875562666667
0.502518 0.886386
0.526478666667 0.863441666667
0.364722333333 0.795259666667
0.390112666667 0.809406333333
0.394845333333 0.685615666667
0.430013333333 0.730149
0.39693 0.721222333333
0.805504666667 0.967271666667
0.825398666667 0.943466333333
0.813779 0.912239
0.781340666667 0.90523
0.687221666667 0.929558
0.718348333333 0.91618
0.702507333333 0.975208666667
0.658836333333 0.957772333333
0.761871333333 0.962947666667
0.749327 0.932133333333
0.751623666667 0.815842666667
0.704207333333 0.779357333333
0.715470666667 0.813150666667
0.588532 0.664167333333
0.548882 0.696699666667
0.718331666667 0.582890333333
0.712662666667 0.547606666667
0.681979 0.525418333333
0.696770333333 0.641128666667
0.661852333333 0.639735
0.698931666667 0.605873666667
0.664013666667 0.60448
0.530532 0.603390666667
0.549431666667 0.628831666667
0.584119333333 0.626734333333
0.542481666667 0.564067333333
0.503595 0.624281333333
0.459372666667 0.692107
0.485740666667 0.699469
0.522494666667 0.649722333333
0.517532333333 0.680157333333
0.36321 0.501423
0.591094333333 0.309742333333
0.568130666667 0.282809666667
0.558588 0.464099333333
0.546446333333 0.427998333333
0.836491 0.852220666667
0.779441333333 0.831483666667
0.792255333333 0.855535666667
0.978835 0.682476333333
0.958354 0.711993
0.904679333333 0.653164666667
0.95929 0.644194666667
0.938809 0.673711333333
0.829185 0.636769
0.800177 0.642955666667
0.781255333333 0.673227
0.926249666667 0.536965666667
0.961703 0.513593666667
0.974781666667 0.546936
0.941463333333 0.211327333333
0.927697 0.253544666667
0.893239 0.245427666667
0.742088 0.213743333333
0.743694333333 0.171598333333
0.806600333333 0.302048666667
0.761887333333 0.236584
0.767559 0.303167
0.749647 0.276137333333
0.173328333333 0.575591666667
0.141808666667 0.557397
0.115069533333 0.586343333333
0.176123333333 0.613902666667
0.116092533333 0.630061
0.145626666667 0.639425666667
0.112389 0.50991
0.142835666667 0.520937
0.115568 0.471458666667
0.148090333333 0.449984333333
0.182511 0.468770666667
0.180435333333 0.501272
0.470293333333 0.621422666667
0.386347666667 0.636585333333
0.372974666667 0.610865
0.413956666667 0.660612666667
0.445400666667 0.658177333333
0.336613666667 0.672489
0.310574666667 0.640162
0.221646666667 0.765063666667
0.232197 0.731413666667
0.250469 0.785522666667
0.28503 0.777224
0.269005 0.713198333333
0.882525333333 0.450014666667
0.914321666667 0.442628
0.915996666667 0.403454
0.856526333333 0.416885333333
0.876924333333 0.393561
0.972939333333 0.444526
0.966878666667 0.396697333333
0.98034 0.351388666667
0.990042333333 0.306243333333
0.990893 0.478316333333
0.986005 0.507039666667
0.986993666667 0.610248333333
0.0718721 0.151457333333
0.04225571 0.206102333333
0.0369660433333 0.160402666667
0.139676 0.0506795
0.097548 0.0994171666667
0.134249666667 0.103265833333
0.156471 0.0770190333333
0.0942067333333 0.0445613333333
0.0743000666667 0.0670522
0.177020333333 0.344425
0.243532333333 0.329365
0.249746333333 0.376058333333
0.185439666667 0.386170333333
0.204849666667 0.407143
0.230860666667 0.405160666667
0.292387 0.420453
0.279635333333 0.388748
0.37689 0.0133385566667
0.333845 0.0178153566667
0.272240666667 0.1065776
0.297775333333 0.02037799
0.272829666667 0.0308662566667
0.302753 0.1013071
0.336489333333 0.0527156333333
0.311543666667 0.0632039
0.318242666667 0.135572833333
0.548104333333 0.309292666667
0.571068 0.336225333333
0.576917666667 0.376468
0.548814333333 0.394995
0.881881666667 0.205420666667
0.879224 0.132384233333
0.911907 0.155730666667
0.912150666667 0.186532
0.634527 0.369014
0.651874666667 0.394681666667
0.605776666667 0.392303
0.623124333333 0.417970666667
0.693778 0.30584
0.652354666667 0.318596666667
0.655436333333 0.345718
0.710165333333 0.418196
0.688601 0.393558
0.750740333333 0.423689666667
0.768303666667 0.401313
0.771067666667 0.36338
0.751592 0.342919333333
0.718775333333 0.341831333333
0.699123333333 0.360030666667
0.658129333333 0.240186666667
0.630792666667 0.262295333333
0.475537 0.743147
0.450406 0.816166666667
0.439111666667 0.758728
0.419413333333 0.790772333333
0.535349666667 0.807186
0.519758666667 0.831095
0.485202666667 0.811358666667
0.518063333333 0.766232666667
0.490635333333 0.770383333333
0.595976 0.515432
0.581578666667 0.547101333333
0.627374666667 0.506786333333
0.650701666667 0.530758
0.330071666667 0.419555666667
0.344905333333 0.449943333333
0.371311333333 0.460317333333
0.912634666667 0.728083666667
0.891518333333 0.678398333333
0.857551666667 0.673364333333
0.912156666667 0.566832
0.882709666667 0.592896666667
0.897988666667 0.620172
0.937861666667 0.613078333333
0.947352333333 0.582418
0.788812 0.130472
0.773177666667 0.156231666667
0.826942 0.121370566667
0.847714333333 0.139949233333
0.850128333333 0.182184333333
0.843655 0.256080333333
0.818384 0.273453333333
0.791583 0.235018333333
0.832528333333 0.206308333333
0.801267 0.196811
0.477382333333 0.559111333333
0.463320333333 0.592022
0.335372666667 0.708553333333
0.356074666667 0.760083666667
0.36808 0.733259333333
0.306930333333 0.752349666667
0.297253666667 0.724691
0.276474333333 0.650907666667
0.266497333333 0.684707666667
0.244211666667 0.618955333333
0.210503666667 0.631730666667
0.201316333333 0.659030333333
0.225047333333 0.680055
0.630768 0.0466447666667
0.664486333333 0.107021233333
0.663222666667 0.0709539
0.572758333333 0.0310377
0.55499 0.0556468333333
0.599519666667 0.0566003666667
0.581751333333 0.0812095
0.0957250333333 0.176655333333
0.0963867333333 0.238023333333
0.0764324333333 0.221259666667
0.216658 0.307428666667
0.188441666667 0.314359
0.215576333333 0.264938666667
0.161748666667 0.276975666667
0.177019 0.253032
0.461432666667 0.0328126666667
0.500674333333 0.0321292
0.523822333333 0.0590655333333
0.264582 0.147790666667
0.289541333333 0.163578
0.300167333333 0.193980333333
0.252946333333 0.0737991
0.210620666667 0.03400089
0.244744666667 0.0361909566667
0.197713333333 0.0715920333333
0.222367666667 0.0922605
0.347826333333 0.131016166667
0.312337333333 0.365243333333
0.343653333333 0.386454
0.342527666667 0.200302333333
0.361485333333 0.165343333333
0.482024666667 0.234508666667
0.477699666667 0.1038923
0.510982 0.0970768333333
0.600628666667 0.598758666667
0.598600333333 0.570208333333
0.638353 0.591061
0.636324666667 0.562510666667
0.470285 0.494048333333
0.50892 0.504430333333
0.531804666667 0.478853
0.408604333333 0.440667
0.431102666667 0.462061
0.466593666667 0.461826
0.502583 0.425226333333
0.496924 0.450184666667
0.896932333333 0.789748
0.890202333333 0.757377666667
0.878907333333 0.813239
0.850324 0.820309333333
0.817545333333 0.806709333333
0.393870666667 0.588408333333
0.431714666667 0.582292666667
0.369887333333 0.561273333333
0.445776666667 0.549382
0.385390666667 0.526353333333
0.438092666667 0.521103333333
0.415990333333 0.506641666667
0.639663 0.121484033333
0.661204333333 0.156234666667
0.600250666667 0.1104179
0.151854 0.142392333333
0.125358 0.172090333333
0.162432 0.217147666667
0.130724666667 0.209223666667
0.211409333333 0.129916333333
0.234329333333 0.152668
0.179579 0.151299333333
0.218431666667 0.190273
0.184790333333 0.188921333333
0.282479666667 0.219900666667
0.240091333333 0.249379
0.244854 0.217495333333
0.37717 0.109048966667
0.396349666667 0.0492436333333
0.370899666667 0.0750309666667
0.449639 0.0914424333333
0.438275333333 0.0600762666667
0.314776 0.333434333333
0.27586 0.310245666667
0.273500666667 0.272749666667
0.298180333333 0.258141666667
0.362891 0.240449333333
0.395831333333 0.165933
0.432603333333 0.125953466667
0.405963 0.130696466667
0.460664 0.138403333333
0.474815333333 0.167243333333
0.458725666667 0.207385333333
0.393304666667 0.330260666667
0.846952 0.704660333333
0.858486333333 0.738988333333
0.532972666667 0.233710666667
0.519371666667 0.212229333333
0.566538333333 0.240891
0.597682 0.230544333333
0.337001666667 0.315241
0.364812666667 0.310199666667
0.322765333333 0.277444333333
0.350576333333 0.272403
0.416413333333 0.258049333333
0.394310666667 0.240694
0.430396 0.218492
0.408293333333 0.201136666667
0.407325333333 0.406980666667
0.426727 0.387637666667
0.37609 0.381265666667
0.395491666667 0.361922666667
0.439981666667 0.284501666667
0.434056333333 0.319161
0.477263333333 0.272067666667
0.519607 0.309948666667
0.506067666667 0.276285333333
0.48426 0.396194666667
0.45467 0.381176666667
0.464186333333 0.344362
0.513204 0.369836333333
0.499981333333 0.340454333333
0.809503 0.776033666667
0.828590666667 0.747753333333
0.769667666667 0.777945666667
0.74933 0.730943666667
0.746947333333 0.761067333333
0.787163 0.705634666667
0.817056333333 0.713425333333
0.510978333333 0.163202333333
0.532235666667 0.181065
0.530109333333 0.127546866667
0.573753666667 0.128932533333
0.576766333333 0.159572333333
0.604244333333 0.202543
0.604030333333 0.169915666667
0.64413 0.206982333333
0.643916 0.174355
