0.112146 0.000235551
0.146653 0.000110454
0.215666 0.000659729
0.232919 0.00136083
0.301932 0.00329088
0.319185 0.000724681
0.336438 0.00132579
0.388198 0.00626293
0.422704 0.00343901
0.439958 0.0108788
0.457211 0.0126474
0.474464 0.00719147
0.543477 0.0104894
0.577984 0.0266203
0.61249 0.0310369
0.629743 0.0654235
0.646997 0.214341
0.66425 0.0580204
0.681503 0.176011
0.698756 0.194905
0.71601 0.0911702
0.750516 0.0940894
0.767769 0.182481
0.785023 0.198064
0.819529 0.493898
0.836782 0.100599
0.854036 0.566149
0.871289 1.26591
0.888542 1.50404
0.923049 1.25489
0.957555 1.01374
0.974808 2.84895
0.992062 1.18105
1.00931 1.40453
1.02657 2.26383
1.06107 2.02582
1.07833 1.69929
1.09558 2.87049
1.11283 1.43684
1.13009 4.06659
1.14734 2.81491
1.16459 2.66464
1.18185 0.557719
1.1991 1.89927
1.21635 1.155
1.23361 1.37896
1.25086 0.501697
1.26811 0.590655
1.30262 0.652192
1.31987 0.703047
1.33713 0.708627
1.35438 1.38055
1.37163 0.463841
1.38889 0.444944
1.40614 0.796055
1.42339 0.496433
1.44065 0.526967
1.4579 1.10805
1.47515 0.626677
1.49241 0.431609
1.50966 0.446724
1.52691 0.68479
1.54417 0.304286
1.56142 0.509973
1.57867 0.744403
1.59593 0.542409
1.61318 0.776483
1.63043 0.679634
1.64768 0.565202
1.68219 0.548988
1.69944 1.23412
1.73395 1.0374
1.7512 0.443616
1.76846 0.459293
1.78571 0.601817
1.80296 0.603811
1.83747 1.17241
1.85472 0.857343
1.88923 1.27195
1.90648 0.935652
1.92374 0.936014
1.94099 1.27197
1.95824 1.13982
1.9755 1.47439
1.99275 0.862936
2.01 1.16658
2.02726 2.21662
2.04451 0.788148
2.06176 1.05446
2.07902 0.726813
2.09627 0.435003
2.11352 0.415375
2.13078 1.65494
2.14803 1.60872
2.16528 1.22641
2.18254 1.46465
2.19979 0.369729
2.21704 1.01283
2.25155 1.7291
2.2688 1.78438
2.28605 1.51461
2.30331 1.08224
2.32056 1.19063
2.33781 0.637645
2.35507 0.803437
2.37232 0.984129
2.38957 0.874017
2.40683 0.78758
2.42408 0.614807
2.44133 0.502236
2.45859 0.878239
2.47584 0.5063
2.49309 1.20133
2.51035 0.464572
2.5276 0.897898
2.54485 0.62121
2.56211 1.06578
2.57936 0.541058
2.59661 1.0466
2.61387 1.13221
2.63112 0.844204
2.64837 0.918293
2.66563 0.76435
2.68288 0.834469
2.70013 0.831644
2.71739 0.480933
2.73464 1.38048
2.75189 1.0836
2.76915 1.24115
2.7864 2.3344
2.80365 1.01726
2.82091 0.924631
2.83816 1.11008
2.85541 1.31578
2.87267 0.623724
2.88992 0.54451
2.90717 0.888489
2.92442 0.635666
2.94168 1.03627
2.95893 1.55922
2.97618 1.08689
2.99344 0.960905
3.01069 1.64348
3.02794 0.526512
3.0452 0.939644
3.06245 0.994591
3.0797 0.98997
3.09696 0.851222
3.11421 0.669636
3.13146 1.19475
3.14872 0.71142
3.16597 1.10775
3.18322 1.21088
3.20048 0.868237
3.21773 0.752678
3.23498 0.749801
3.25224 0.991957
3.26949 1.36429
3.28674 0.977445
3.304 1.78844
3.32125 1.09152
3.3385 1.07897
3.35576 1.07801
3.37301 1.42343
3.39026 0.844538
3.40752 0.65598
3.42477 0.766465
3.44202 1.27605
3.45928 0.834551
3.47653 1.25864
3.49378 0.704826
3.51104 0.808465
3.52829 1.34823
3.54554 0.927052
3.56279 1.05158
3.58005 0.861056
3.5973 0.893619
3.61455 1.01799
3.63181 0.640072
3.64906 1.62043
3.66631 0.949472
3.68357 1.0875
3.70082 0.86483
3.71807 1.05604
3.73533 1.29696
3.75258 0.855874
3.76983 1.27847
3.78709 1.19176
3.80434 0.843095
3.82159 1.0457
3.83885 0.638508
3.8561 0.782474
3.87335 1.05282
3.89061 0.927099
3.90786 1.07762
3.92511 1.07434
3.94237 1.0753
3.95962 0.694846
3.97687 1.05752
3.99413 1.17388
4.01138 0.847041
4.02863 0.752567
4.04589 1.32742
4.06314 0.500294
4.08039 0.722044
4.09765 1.31461
4.1149 1.32102
4.13215 1.01468
4.14941 0.784907
4.16666 0.606046
4.18391 0.807013
4.20116 0.911481
4.21842 0.794024
4.23567 0.792475
4.25292 1.04311
4.27018 1.33578
4.28743 1.06799
4.30468 1.1127
4.32194 0.537116
4.33919 1.20679
4.35644 0.622262
4.3737 0.828348
4.39095 1.33842
4.4082 1.30242
4.42546 0.919927
4.44271 0.978469
4.45996 1.09646
4.47722 1.11253
4.49447 0.737101
4.51172 0.893888
4.52898 0.956647
4.54623 1.47797
4.56348 1.14273
4.58074 0.987072
4.59799 0.603839
4.61524 0.79699
4.6325 0.881061
4.64975 0.788278
4.667 1.03703
4.68426 0.634839
4.70151 1.17688
4.71876 1.3027
4.73602 1.10176
4.75327 0.997982
4.77052 1.22678
4.78778 1.37783
4.80503 1.16926
4.82228 0.844358
4.83953 1.04389
4.85679 0.971216
4.87404 1.23382
4.89129 1.20195
4.90855 0.977077
4.9258 0.672127
4.94305 1.36813
4.96031 1.23249
4.97756 0.981131
4.99481 0.744088
5.01207 1.16065
5.02932 0.831727
5.04657 1.10472
5.06383 1.29223
5.08108 0.967048
5.09833 0.785885
5.11559 0.971849
5.13284 1.19983
5.15009 0.774168
5.16735 0.627076
5.1846 0.90357
5.20185 0.958371
5.21911 0.947046
5.23636 0.864297
5.25361 1.06539
5.27087 1.02355
5.28812 1.08889
5.30537 0.917825
5.32263 1.06709
5.33988 0.94002
5.35713 1.12053
5.37439 0.878713
5.39164 1.03881
5.40889 0.952756
5.42615 0.937015
5.4434 0.580008
5.46065 0.629585
5.4779 0.74292
5.49516 0.923359
5.51241 0.864801
5.52966 0.993994
5.54692 1.81919
5.56417 1.05017
5.58142 1.1774
5.59868 0.785633
5.61593 1.12512
5.63318 0.843711
5.65044 0.659672
5.66769 1.08049
5.68494 0.742292
5.7022 1.03683
5.71945 0.857662
5.7367 1.46536
5.75396 1.05615
5.77121 0.898837
5.78846 1.08024
5.80572 1.54978
5.82297 0.620163
5.84022 1.00334
5.85748 0.749579
5.87473 1.21938
5.89198 0.975103
5.90924 0.731109
5.92649 1.14929
5.94374 0.929326
5.961 0.954328
5.97825 0.956362
5.9955 1.23445
6.01276 0.933812
6.03001 1.06326
6.04726 1.09999
6.06452 1.38955
6.08177 1.05111
6.09902 1.0992
6.11627 0.887838
6.13353 0.884631
6.15078 0.809834
6.16803 0.965858
6.18529 0.963439
6.20254 1.15406
6.21979 0.97261
6.23705 1.22649
6.2543 0.972209
6.27155 0.805774
6.28881 0.888735
6.30606 1.44443
6.32331 0.687773
6.34057 1.14263
6.35782 1.10437
6.37507 0.647159
6.39233 1.14709
6.40958 0.994143
6.42683 1.22837
6.44409 0.931988
6.46134 0.933056
6.47859 1.11215
6.49585 0.937366
6.5131 0.860162
6.53035 0.841819
6.54761 1.03628
6.56486 0.912394
6.58211 1.23287
6.59937 0.702155
6.61662 1.12217
6.63387 0.673622
6.65113 0.914687
6.66838 0.993101
6.68563 0.906856
6.70289 0.753623
6.72014 0.970591
6.73739 0.855491
6.75464 0.99175
6.7719 1.14686
6.78915 1.04652
6.8064 0.982758
6.82366 0.842302
6.84091 0.873315
6.85816 0.884129
6.87542 1.07835
6.89267 0.957023
6.90992 1.1745
6.92718 0.612696
6.94443 1.04963
6.96168 1.09425
6.97894 1.00959
6.99619 1.0685
7.01344 0.875843
7.0307 1.06346
7.04795 1.39625
7.0652 1.30794
7.08246 1.12966
7.09971 1.16385
7.11696 0.769539
7.13422 1.18769
7.15147 0.983041
7.16872 1.17049
7.18598 1.01379
7.20323 0.707534
7.22048 1.06527
7.23774 1.42439
7.25499 0.981629
7.27224 0.974703
7.2895 1.14503
7.30675 0.808868
7.324 0.711403
7.34126 0.996159
7.35851 1.02782
7.37576 1.18793
7.39301 0.912246
7.41027 0.819418
7.42752 0.719659
7.44477 0.968971
7.46203 0.976701
7.47928 1.11041
7.49653 1.04819
7.51379 0.979186
7.53104 1.05226
7.54829 1.02013
7.56555 1.09783
7.5828 1.081
7.60005 1.0115
7.61731 0.967032
7.63456 1.01817
7.65181 1.00715
7.66907 0.726108
7.68632 0.685085
7.70357 0.854896
7.72083 0.89217
7.73808 1.08312
7.75533 0.972234
7.77259 0.966252
7.78984 0.891724
7.80709 0.750725
7.82435 0.998957
7.8416 1.34172
7.85885 0.774237
7.87611 0.840655
7.89336 1.30802
7.91061 1.24278
7.92787 1.27617
7.94512 0.70494
7.96237 1.0867
7.97963 1.20402
7.99688 1.01519
8.01413 0.934692
8.03138 0.637626
8.04864 0.973936
8.06589 1.00631
8.08314 1.14504
8.1004 1.29326
8.11765 0.748542
8.1349 0.818926
8.15216 1.17051
8.16941 1.20037
8.18666 1.04667
8.20392 0.9889
8.22117 1.1737
8.23842 1.16439
8.25568 0.794846
8.27293 0.993112
8.29018 1.10708
8.30744 1.10435
8.32469 0.781286
8.34194 1.07241
8.3592 0.940908
8.37645 1.20474
8.3937 0.987805
8.41096 1.01782
8.42821 0.690719
8.44546 1.05123
8.46272 0.855472
8.47997 1.22683
8.49722 1.085
8.51448 1.17444
8.53173 1.76942
8.54898 1.11524
8.56624 0.762689
8.58349 0.838056
8.60074 0.795768
8.618 0.952982
