0.104 0.000647939
0.136 0.00102653
0.2 0.000910689
0.216 0.00143439
0.28 0.00485094
0.296 0.0110623
0.312 0.0154682
0.36 0.0160883
0.392 0.0187762
0.408 0.0293422
0.424 0.0334125
0.44 0.0263991
0.504 0.0470588
0.536 0.053593
0.568 0.101558
0.584 0.203557
0.6 0.0789606
0.616 0.085067
0.632 0.361385
0.648 0.224469
0.664 0.276406
0.696 0.490725
0.712 0.208861
0.728 0.165392
0.76 0.363759
0.776 0.349619
0.792 0.0822343
0.808 0.493103
0.824 0.376013
0.856 1.23536
0.888 0.78959
0.904 1.7649
0.92 1.50342
0.936 2.12459
0.952 2.23059
0.984 0.331998
1 1.11438
1.016 1.48324
1.032 1.44942
1.048 0.700457
1.064 1.09741
1.08 2.13162
1.096 0.722912
1.112 2.46292
1.128 1.48738
1.144 1.21421
1.16 1.67592
1.176 2.41448
1.208 0.954184
1.224 1.5357
1.24 1.1263
1.256 1.73296
1.272 1.61937
1.288 0.826545
1.304 0.605807
1.32 0.279816
1.336 1.13123
1.352 1.08761
1.368 1.6127
1.384 1.25177
1.4 0.674494
1.416 1.27268
1.432 1.56155
1.448 1.11551
1.464 0.558474
1.48 1.51775
1.496 0.795262
1.512 0.625853
1.528 0.682974
1.56 0.459326
1.576 0.476449
1.608 0.694684
1.624 0.862876
1.64 0.582067
1.656 0.921559
1.672 0.892845
1.704 1.05088
1.72 0.876583
1.752 1.03743
1.768 1.03385
1.784 0.501233
1.8 0.920568
1.816 0.41418
1.832 0.867591
1.848 0.781163
1.864 0.35192
1.88 0.56539
1.896 0.969539
1.912 1.40926
1.928 0.958206
1.944 0.55211
1.96 0.914921
1.976 1.08323
1.992 1.66412
2.008 0.68058
2.024 1.29312
2.04 1.19278
2.056 0.819959
2.088 0.889128
2.104 0.714245
2.12 0.869179
2.136 0.555114
2.152 1.17088
2.168 0.620524
2.184 1.48167
2.2 1.52856
2.216 0.940959
2.232 1.38079
2.248 0.598697
2.264 1.52736
2.28 1.35988
2.296 1.27845
2.312 1.52881
2.328 0.586023
2.344 0.62354
2.36 0.698073
2.376 0.524836
2.392 1.06174
2.408 1.00279
2.424 1.30405
2.44 1.62401
2.456 1.86703
2.472 0.748991
2.488 1.13003
2.504 0.865577
2.52 0.632867
2.536 1.09438
2.552 1.35965
2.568 1.42322
2.584 0.400178
2.6 0.914673
2.616 1.3473
2.632 0.620217
2.648 1.33579
2.664 0.859615
2.68 2.00836
2.696 1.20709
2.712 1.3061
2.728 0.908621
2.744 0.63071
2.76 1.01651
2.776 0.396593
2.792 0.837481
2.808 0.8119
2.824 1.17038
2.84 0.695808
2.856 1.45074
2.872 0.622002
2.888 1.13376
2.904 0.580894
2.92 1.02498
2.936 0.84217
2.952 1.47721
2.968 1.31491
2.984 0.79706
3 0.915112
3.016 0.98448
3.032 0.419366
3.048 0.777886
3.064 0.684637
3.08 1.1242
3.096 1.71909
3.112 0.91582
3.128 0.766282
3.144 1.00996
3.16 1.25674
3.176 0.71506
3.192 1.18666
3.208 0.957655
3.224 1.00163
3.24 1.15654
3.256 1.03362
3.272 0.899958
3.288 1.1463
3.304 1.11093
3.32 0.81878
3.336 1.13435
3.352 0.919522
3.368 1.02317
3.384 0.854068
3.4 0.942907
3.416 1.25609
3.432 0.705936
3.448 0.770255
3.464 0.464865
3.48 1.82199
3.496 0.849547
3.512 0.999678
3.528 1.1858
3.544 0.705314
3.56 1.6552
3.576 1.1923
3.592 1.17431
3.608 0.986726
3.624 0.81175
3.64 0.836374
3.656 1.68525
3.672 0.792435
3.688 0.763722
3.704 1.78169
3.72 0.86538
3.736 0.816972
3.752 1.06849
3.768 0.71181
3.784 1.29337
3.8 1.02985
3.816 0.873886
3.832 1.11206
3.848 0.813565
3.864 0.826847
3.88 1.30049
3.896 1.26946
3.912 1.00409
3.928 1.26395
3.944 0.928408
3.96 0.998422
3.976 1.13394
3.992 1.176
4.008 1.47344
4.024 1.13897
4.04 1.61553
4.056 1.07572
4.072 0.873593
4.088 0.966263
4.104 0.892013
4.12 1.01454
4.136 0.853472
4.152 1.29743
4.168 0.937321
4.184 0.663041
4.2 0.694102
4.216 0.757209
4.232 0.907726
4.248 0.705858
4.264 2.09977
4.28 0.942132
4.296 0.987166
4.312 0.91125
4.328 0.738793
4.344 1.15868
4.36 0.914865
4.376 1.0362
4.392 1.1854
4.408 1.34255
4.424 0.729739
4.44 0.842966
4.456 0.786351
4.472 0.949666
4.488 0.586921
4.504 1.5229
4.52 1.01193
4.536 0.662557
4.552 0.807872
4.568 1.18046
4.584 0.651285
4.6 1.03598
4.616 0.857644
4.632 1.23734
4.648 1.18572
4.664 1.17227
4.68 1.07814
4.696 1.05476
4.712 0.9242
4.728 1.07154
4.744 1.09234
4.76 1.01928
4.776 0.479513
4.792 0.654945
4.808 1.16335
4.824 0.993391
4.84 0.662493
4.856 1.20165
4.872 0.86145
4.888 1.10802
4.904 1.11988
4.92 1.07861
4.936 0.897455
4.952 1.52808
4.968 0.9523
4.984 1.15913
5 1.09742
5.016 0.848283
5.032 1.13489
5.048 1.07939
5.064 0.784267
5.08 1.40154
5.096 1.21148
5.112 1.08383
5.128 0.922138
5.144 0.9369
5.16 0.968149
5.176 1.05079
5.192 0.782328
5.208 0.803092
5.224 1.06608
5.24 1.0013
5.256 0.973293
5.272 1.26106
5.288 1.28129
5.304 1.14686
5.32 0.921542
5.336 0.591089
5.352 0.967323
5.368 1.16032
5.384 1.04163
5.4 1.6067
5.416 0.683847
5.432 0.899327
5.448 1.35856
5.464 1.05747
5.48 0.972988
5.496 0.915141
5.512 1.06214
5.528 1.06915
5.544 0.716667
5.56 0.808469
5.576 0.748188
5.592 0.82821
5.608 1.15979
5.624 1.22256
5.64 1.23966
5.656 0.929138
5.672 1.11205
5.688 0.963239
5.704 0.930817
5.72 0.899959
5.736 0.895416
5.752 0.785277
5.768 1.06731
5.784 0.914665
5.8 0.880035
5.816 0.873069
5.832 1.17543
5.848 0.62268
5.864 1.55888
5.88 0.881136
5.896 0.697737
5.912 1.00098
5.928 0.540697
5.944 0.934423
5.96 0.927262
5.976 1.28557
5.992 1.12508
6.008 0.928302
6.024 1.22629
6.04 1.22706
6.056 0.949311
6.072 1.21551
6.088 1.0392
6.104 1.13515
6.12 1.16374
6.136 0.98405
6.152 1.28941
6.168 0.934304
6.184 1.18708
6.2 0.988505
6.216 0.843823
6.232 1.22059
6.248 1.16189
6.264 1.22009
6.28 0.690818
6.296 1.13825
6.312 1.1151
6.328 0.86829
6.344 1.03986
6.36 0.703808
6.376 1.04579
6.392 1.07101
6.408 0.89414
6.424 0.82646
6.44 0.984879
6.456 0.764552
6.472 1.37871
6.488 0.724078
6.504 0.947698
6.52 0.694221
6.536 0.811306
6.552 1.10806
6.568 0.814125
6.584 1.17494
6.6 0.927728
6.616 0.926416
6.632 1.23462
6.648 0.965154
6.664 1.15824
6.68 0.835725
6.696 1.23727
6.712 1.01544
6.728 1.03466
6.744 1.06561
6.76 0.996158
6.776 1.36448
6.792 0.85821
6.808 1.11205
6.824 1.07528
6.84 0.873264
6.856 0.990237
6.872 0.979603
6.888 0.898258
6.904 0.87289
6.92 1.22866
6.936 0.950005
6.952 1.21606
6.968 0.969809
6.984 0.958741
7 0.998572
7.016 1.30199
7.032 0.955967
7.048 1.16206
7.064 0.944382
7.08 0.830429
7.096 0.950091
7.112 0.726489
7.128 0.971247
7.144 0.8583
7.16 0.928813
7.176 0.706472
7.192 0.697808
7.208 1.10292
7.224 1.59013
7.24 1.22286
7.256 1.00209
7.272 0.828715
7.288 0.890927
7.304 0.947427
7.32 1.05702
7.336 1.20233
7.352 0.99172
7.368 1.0526
7.384 1.12788
7.4 0.775307
7.416 0.858925
7.432 0.767913
7.448 1.09446
7.464 0.868955
7.48 1.25315
7.496 1.12513
7.512 0.841555
7.528 0.807337
7.544 0.979371
7.56 1.05515
7.576 1.08256
7.592 1.33547
7.608 0.886172
7.624 1.04337
7.64 0.906503
7.656 1.34608
7.672 0.709693
7.688 1.07159
7.704 0.843736
7.72 1.11112
7.736 1.37082
7.752 1.4499
7.768 1.11592
7.784 0.780749
7.8 0.700355
7.816 1.20799
7.832 0.869391
7.848 0.809574
7.864 1.14522
7.88 0.708021
7.896 0.896389
7.912 0.860715
7.928 0.88717
7.944 1.03002
7.96 1.24748
7.976 0.662861
7.992 0.857358
