0.134263 0.0964483
0.175575 0.243821
0.258199 0.0317008
0.278855 0.410194
0.361478 0.390994
0.382134 0.493349
0.40279 0.733529
0.464758 0.518906
0.50607 0.183321
0.526726 0.348572
0.547382 0.324807
0.568038 0.376083
0.650661 0.845217
0.691973 0.452754
0.733285 0.423224
0.753941 0.548941
0.774597 0.616883
0.795253 0.148877
0.815908 0.327704
0.836564 0.384674
0.85722 1.45872
0.898532 1.43782
0.919188 1.50281
0.939844 0.582656
0.981156 1.77914
1.00181 0.638562
1.02247 0.316127
1.04312 1.37805
1.06378 0.812744
1.10509 1.65332
1.1464 0.690999
1.16706 1.20199
1.18771 1.34106
1.20837 1.50219
1.22903 1.44183
1.27034 0.449529
1.29099 0.676513
1.31165 1.61062
1.33231 0.819908
1.35296 0.408034
1.37362 0.316314
1.39427 0.670989
1.41493 0.626587
1.43559 0.810401
1.45624 0.552903
1.4769 0.550892
1.49755 0.27736
1.51821 0.875319
1.55952 0.616988
1.58018 0.861134
1.60083 0.666175
1.62149 1.0699
1.64214 0.417496
1.6628 0.909167
1.68346 0.942999
1.70411 0.965154
1.72477 1.26507
1.74542 0.772244
1.76608 1.12998
1.78674 1.20547
1.80739 0.810903
1.82805 0.826006
1.8487 0.922204
1.86936 1.15785
1.89002 0.805262
1.91067 1.76303
1.93133 0.844428
1.95198 1.45741
1.97264 1.47134
2.01395 1.13259
2.03461 1.53904
2.07592 1.5942
2.09657 1.0948
2.11723 0.630705
2.13789 0.72823
2.15854 1.27107
2.19985 1.26697
2.22051 0.888273
2.26182 1.68714
2.28248 1.21011
2.30313 1.04177
2.32379 0.815684
2.34445 1.64973
2.3651 0.864713
2.38576 1.80302
2.40641 0.741459
2.42707 1.07202
2.44773 0.907253
2.46838 0.674296
2.48904 1.01626
2.50969 0.8737
2.53035 0.700466
2.55101 1.47762
2.57166 0.791483
2.59232 0.827421
2.61297 0.900166
2.63363 0.912541
2.65428 0.910477
2.6956 0.841458
2.71625 1.1861
2.73691 0.672792
2.75756 0.724183
2.77822 0.689562
2.79888 1.24689
2.81953 1.23134
2.84019 1.09087
2.86084 0.972476
2.8815 0.990745
2.90216 1.033
2.92281 1.23535
2.94347 1.0594
2.96412 1.01723
2.98478 1.09601
3.00544 0.841005
3.02609 1.0292
3.04675 0.405562
3.0674 0.765726
3.08806 0.704509
3.10871 0.714886
3.12937 1.50187
3.15003 0.920605
3.17068 0.788575
3.19134 1.02722
3.21199 0.200364
3.23265 0.840029
3.25331 0.790825
3.27396 1.2758
3.29462 0.826026
3.31527 0.651518
3.33593 0.928335
3.35659 0.693019
3.37724 2.05944
3.3979 0.734402
3.41855 0.791696
3.43921 0.970026
3.45987 0.743079
3.48052 1.20411
3.50118 1.16222
3.52183 0.956055
3.54249 1.06898
3.56314 1.19618
3.5838 0.894855
3.60446 1.21983
3.62511 1.04692
3.64577 0.811957
3.66642 0.804509
3.68708 1.16667
3.70774 0.908309
3.72839 1.60503
3.74905 0.603768
3.7697 0.994031
3.79036 0.590203
3.81102 1.44982
3.83167 1.10751
3.85233 0.43738
3.87298 1.20657
3.89364 0.893551
3.9143 1.28839
3.93495 1.05832
3.95561 0.926716
3.97626 0.535581
3.99692 1.57432
4.01757 1.16992
4.03823 1.24114
4.05889 1.3759
4.07954 0.702466
4.1002 1.61271
4.12085 0.458472
4.14151 0.962653
4.16217 1.05026
4.18282 0.970847
4.20348 0.965456
4.22413 0.795744
4.24479 0.98452
4.26545 1.21892
4.2861 1.25357
4.30676 1.10673
4.32741 1.47137
4.34807 1.22602
4.36873 0.72163
4.38938 1.08498
4.41004 1.03153
4.43069 2.84506
4.45135 0.935907
4.472 0.90688
4.49266 0.58299
4.51332 1.01706
4.53397 0.73639
4.55463 0.76551
4.57528 1.20493
4.59594 0.60898
4.6166 0.894844
4.63725 1.12977
4.65791 0.873712
4.67856 0.775603
4.69922 0.944749
4.71988 0.901225
4.74053 1.07013
4.76119 0.746482
4.78184 0.81736
4.8025 0.877495
4.82316 1.21527
4.84381 1.09837
4.86447 0.981619
4.88512 0.749609
4.90578 1.23043
4.92643 0.716212
4.94709 1.29111
4.96775 1.40516
4.9884 0.644535
5.00906 0.933544
5.02971 1.36894
5.05037 0.684227
5.07103 0.988753
5.09168 1.0098
5.11234 0.676647
5.13299 1.06839
5.15365 1.16666
5.17431 1.43436
5.19496 1.06983
5.21562 1.15191
5.23627 1.02865
5.25693 0.581677
5.27759 1.22371
5.29824 0.790449
5.3189 0.759136
5.33955 1.03164
5.36021 1.07733
5.38086 0.554443
5.40152 1.05688
5.42218 0.930707
5.44283 1.38226
5.46349 0.603197
5.48414 0.943958
5.5048 0.667443
5.52546 0.790115
5.54611 0.806064
5.56677 1.00062
5.58742 0.469886
5.60808 1.16842
5.62874 1.00265
5.64939 0.828756
5.67005 1.09794
5.6907 0.837961
5.71136 0.994473
5.73202 1.213
5.75267 1.09045
5.77333 1.17684
5.79398 0.898709
5.81464 0.56285
5.83529 0.955755
5.85595 0.740743
5.87661 1.21566
5.89726 1.07587
5.91792 0.654468
5.93857 0.733133
5.95923 1.11603
5.97989 1.07665
6.00054 1.2368
6.0212 0.851183
6.04185 0.832748
6.06251 1.30088
6.08317 1.15423
6.10382 0.865915
6.12448 0.986255
6.14513 1.46298
6.16579 0.908967
6.18645 0.862311
6.2071 0.994935
6.22776 0.90372
6.24841 1.30563
6.26907 0.877199
6.28972 1.28956
6.31038 1.1096
6.33104 1.3862
6.35169 0.87332
6.37235 0.873266
6.393 1.04244
6.41366 0.952532
6.43432 1.23373
6.45497 1.04499
6.47563 1.09363
6.49628 1.10888
6.51694 1.011
6.5376 1.14955
6.55825 1.2555
6.57891 1.01973
6.59956 1.06331
6.62022 1.27343
6.64088 1.15854
6.66153 0.997142
6.68219 0.789308
6.70284 0.813019
6.7235 0.886781
6.74416 0.786568
6.76481 0.817959
6.78547 0.608376
6.80612 0.740288
6.82678 0.937102
6.84743 1.07997
6.86809 0.947577
6.88875 1.11717
6.9094 1.14915
6.93006 1.07914
6.95071 1.04609
6.97137 1.33506
6.99203 0.778426
7.01268 0.974396
7.03334 1.12598
7.05399 0.794277
7.07465 1.235
7.09531 1.29803
7.11596 0.821014
7.13662 1.02732
7.15727 1.42398
7.17793 1.14377
7.19859 0.959691
7.21924 1.214
7.2399 1.46077
7.26055 1.08881
7.28121 0.588661
7.30186 1.01488
7.32252 0.579606
7.34318 1.0917
7.36383 0.82019
7.38449 1.04272
7.40514 0.73678
7.4258 0.873218
7.44646 1.1227
7.46711 1.00358
7.48777 1.11978
7.50842 0.755409
7.52908 1.00017
7.54974 0.940594
7.57039 0.765102
7.59105 0.719155
7.6117 1.09221
7.63236 0.649815
7.65302 1.00808
7.67367 0.906137
7.69433 1.10534
7.71498 0.850529
7.73564 0.932725
7.75629 0.77217
7.77695 0.856844
7.79761 1.05205
7.81826 1.14307
7.83892 0.89958
7.85957 1.02972
7.88023 0.9973
7.90089 0.980779
7.92154 1.06154
7.9422 0.792504
7.96285 0.909692
7.98351 0.744637
8.00417 0.930385
8.02482 1.27011
8.04548 1.01134
8.06613 0.785152
8.08679 1.11269
8.10745 0.903473
8.1281 0.929005
8.14876 0.853878
8.16941 1.1115
8.19007 1.32227
8.21072 1.07962
8.23138 1.29277
8.25204 1.1233
8.27269 1.07624
8.29335 0.944992
8.314 1.02047
8.33466 1.51243
8.35532 1.02474
8.37597 1.13036
8.39663 1.2827
8.41728 0.951267
8.43794 1.13774
8.4586 1.2437
8.47925 0.817134
8.49991 0.578869
8.52056 0.929651
8.54122 1.23735
8.56188 1.03422
8.58253 0.886686
8.60319 0.681614
8.62384 1.0862
8.6445 0.92443
8.66515 0.98564
8.68581 1.09156
8.70647 1.05567
8.72712 1.16966
8.74778 0.673104
8.76843 0.972076
8.78909 0.943682
8.80975 1.0878
8.8304 1.35024
8.85106 1.05216
8.87171 0.898255
8.89237 1.11338
8.91303 0.956513
8.93368 1.07969
8.95434 0.831742
8.97499 1.48446
8.99565 1.23367
9.01631 1.13632
9.03696 1.24649
9.05762 1.17467
9.07827 1.11826
9.09893 0.713961
9.11958 0.844561
9.14024 0.92037
9.1609 0.703535
9.18155 0.890077
9.20221 0.902114
9.22286 1.00656
9.24352 0.9487
9.26418 0.891882
9.28483 0.789183
9.30549 0.942384
9.32614 0.900003
9.3468 1.02523
9.36746 1.04062
9.38811 0.961856
9.40877 1.00358
9.42942 0.889173
9.45008 1.03996
9.47074 1.14616
9.49139 0.818742
9.51205 1.14343
9.5327 0.738464
9.55336 0.785083
9.57401 0.791146
9.59467 0.859877
9.61533 0.895069
9.63598 0.969814
9.65664 0.981048
9.67729 1.01056
9.69795 1.1914
9.71861 1.19498
9.73926 1.14403
9.75992 1.06774
9.78057 1.10192
9.80123 1.06088
9.82189 0.692285
9.84254 1.30842
9.8632 0.978845
9.88385 1.0327
9.90451 1.13524
9.92517 0.751627
9.94582 1.12245
9.96648 0.920142
9.98713 0.908543
10.0078 0.946712
10.0284 1.13141
10.0491 1.07764
10.0698 0.557061
10.0904 1.22004
10.1111 1.00096
10.1317 1.07089
10.1524 0.720673
10.173 0.939603
10.1937 1.22974
10.2143 1.12485
10.235 1.05288
10.2557 1.09863
10.2763 0.822481
10.297 1.01909
10.3176 1.20987
