0.455142833333 0.0108154766667
0.963220666667 0.897854
0.938109 0.02907391
0.958841666667 0.0495522666667
0.427158 0.0347011
0.491799 0.0179024333333
0.639746666667 0.0115474433333
0.753838333333 0.0151619433333
0.454679333333 0.0594624333333
0.011434882 0.789521333333
0.028417512 0.726247
0.986658 0.4757915
0.497446666667 0.439031333333
0.897478333333 0.03681951
0.01155683 0.258948333333
0.0317866 0.202051
0.097555 0.248327333333
0.9519 0.477040333333
0.974066666667 0.513562333333
0.953077 0.637985333333
0.531395 0.441793
0.556258 0.418623333333
0.0545966333333 0.179487
0.0591698333333 0.258175
0.0342093333333 0.237045
0.0139795633333 0.293942333333
0.102534066667 0.401119666667
0.190618333333 0.539883
0.168829333333 0.517095
0.0638182333333 0.671161
0.668501666667 0.0297789333333
0.626277666667 0.0517316333333
0.595747666667 0.191257333333
0.597115 0.0448212
0.546483 0.0236118666667
0.274612333333 0.445855666667
0.122062233333 0.276047333333
0.172734666667 0.318749
0.153974666667 0.256788
0.175790333333 0.275236666667
0.394714666667 0.0422859666667
0.450902666667 0.0941325666667
0.485005333333 0.115879
0.538605333333 0.983001
0.937923333333 0.942772666667
0.811726 0.987165666667
0.747581 0.971284666667
0.785342666667 0.954469333333
0.0833292333333 0.643532333333
0.0797839333333 0.612277666667
0.472969666667 0.462683333333
0.474646 0.498368666667
0.948408666667 0.514084666667
0.970575333333 0.550606666667
0.956912666667 0.592059666667
0.590108666667 0.437467333333
0.554524333333 0.388845666667
0.885605666667 0.630932
0.849016333333 0.623112
0.821781 0.637996666667
0.983988333333 0.3123345
0.978127666667 0.453349
0.348081 0.0290481333333
0.319825666667 0.0458552
0.290512 0.0633454666667
0.168121 0.196173333333
0.146521 0.2221
0.107114766667 0.217889
0.0906392 0.187670333333
0.0273389 0.116873033333
0.0476999 0.146647
0.0526101333333 0.292475666667
0.03806313 0.357636
0.0248865633333 0.325902666667
0.244067333333 0.428717
0.178233666667 0.383751333333
0.180437333333 0.488632333333
0.219703666667 0.480973666667
0.217801666667 0.441959
0.180838666667 0.417265
0.142576 0.463133333333
0.144879333333 0.430780666667
0.125079133333 0.52318
0.107570633333 0.553508666667
0.0176375686667 0.688321666667
0.0332085233333 0.661831666667
0.00956905333333 0.509001333333
0.00652852 0.401739333333
0.0229840633333 0.434636666667
0.03554283 0.394102
0.0690728333333 0.411361666667
0.559868666667 0.203400333333
0.609521666667 0.166101333333
0.487263666667 0.0514807666667
0.514426333333 0.0324288666667
0.578289 0.0700803666667
0.548107666667 0.1298274
0.544184 0.0548967333333
0.583576 0.132602066667
0.598354333333 0.107257266667
0.518539666667 0.103676733333
0.517021333333 0.0739486333333
0.484704 0.408697333333
0.516918666667 0.381681333333
0.1053424 0.371974666667
0.1163519 0.311064333333
0.145082666667 0.368122
0.145208666667 0.335317333333
0.0852849666667 0.317645
0.0744014666667 0.345750666667
0.45511 0.973271
0.816056333333 0.970104666667
0.90622 0.966765
0.863134666667 0.981560666667
0.851555666667 0.938813
0.885164333333 0.939034666667
0.916867666667 0.915042333333
0.1286785 0.574992
0.115435166667 0.603258
0.167976 0.567451333333
0.189193 0.594310333333
0.790630666667 0.619964666667
0.535096333333 0.604319
0.488509333333 0.573499666667
0.50771 0.606067666667
0.548407 0.259938
0.567390333333 0.237899
0.929414 0.580478666667
0.899584 0.599319
0.925825666667 0.535756666667
0.925401 0.165123333333
0.877206666667 0.0653407666667
0.891010666667 0.0955156666667
0.937146333333 0.448867666667
0.905626666667 0.448302
0.223105166667 0.0162955
0.296434333333 0.0205883
0.142877833333 0.0230697
0.177692333333 0.0468452
0.117342433333 0.165962
0.155418 0.170254
0.187358666667 0.144572666667
0.174803666667 0.117486433333
0.0716104333333 0.115978266667
0.1052104 0.127109933333
0.130730966667 0.1043157
0.0541955666667 0.0522509
0.0512494333333 0.0862043
0.223408333333 0.549992
0.220811333333 0.586894666667
0.402581333333 0.658004666667
0.273508 0.567799666667
0.250264 0.504850333333
0.249057333333 0.539440333333
0.0670252333333 0.558730333333
0.0465073666667 0.527635
0.0524818666667 0.589233333333
0.0254174566667 0.611158666667
0.01660099 0.567025333333
0.0603328666667 0.499027
0.0730902 0.446099
0.0438415 0.464052666667
0.1042481 0.468209666667
0.0983592333333 0.499793666667
0.466168666667 0.164108333333
0.490252666667 0.147494666667
0.529883 0.159378666667
0.531662 0.191735
0.699839 0.0437263
0.530091666667 0.322154666667
0.513681666667 0.353438666667
0.203475333333 0.333101
0.209100333333 0.365298666667
0.336215666667 0.413804333333
0.485029333333 0.951779666667
0.515510666667 0.968560333333
0.460388666667 0.924971333333
0.395064 0.967332333333
0.430824 0.935813333333
0.634037666667 0.979565666667
0.665557666667 0.900893
0.713023333333 0.952792
0.668768 0.965036
0.645254666667 0.938308
0.649474333333 0.876606666667
0.368576 0.651777333333
0.828783333333 0.677299333333
0.791433 0.922251333333
0.850463333333 0.830914666667
0.873725333333 0.856280333333
0.822932666667 0.858674666667
0.849581 0.901241
0.820172 0.900314666667
0.671771666667 0.838355666667
0.625933666667 0.506184333333
0.594951666667 0.479798666667
0.637571666667 0.549833666667
0.604223333333 0.618062666667
0.562557 0.63087
0.665508666667 0.563622666667
0.683639666667 0.534857666667
0.807858333333 0.402629666667
0.556482333333 0.316527666667
0.568217 0.287753666667
0.623601666667 0.221612
0.611273666667 0.246697666667
0.837456333333 0.583672666667
0.865125333333 0.571711666667
0.947351 0.139783333333
0.955209666667 0.0834857666667
0.934289333333 0.1048572
0.978672666667 0.0682570666667
0.982040333333 0.152254833333
0.838019666667 0.0590066666667
0.817191333333 0.0244221433333
0.858291333333 0.03048541
0.663429 0.213532333333
0.696321 0.25934
0.69703 0.229218666667
0.82635 0.371147333333
0.954103333333 0.330882666667
0.969053333333 0.377925
0.950238666667 0.409965666667
0.203267 0.0590572
0.204281666667 0.0905529666667
0.243730333333 0.0953758666667
0.264114666667 0.0655246
0.241781666667 0.0395745
0.142665666667 0.0494386333333
0.116980633333 0.0644723666667
0.107851166667 0.0256631333333
0.0821661333333 0.0406968666667
0.441189 0.520098
0.440504333333 0.615277333333
0.408749 0.623528666667
0.450829333333 0.578613666667
0.4284 0.552828666667
0.650128666667 0.484007666667
0.679897666667 0.498892
0.472503333333 0.349819333333
0.286539 0.412849333333
0.312412333333 0.397106
0.255994 0.395710666667
0.246020666667 0.369787666667
0.438448 0.447269
0.450790666667 0.410829
0.441827 0.380193666667
0.556196 0.952277666667
0.591227666667 0.953553
0.608717333333 0.932586
0.525714666667 0.935497
0.609921666667 0.897005333333
0.421837 0.860182
0.449574666667 0.839228666667
0.368006666667 0.950634666667
0.401828333333 0.888462666667
0.403766666667 0.919115666667
0.589609 0.876289
0.219198 0.731474333333
0.184160333333 0.629847
0.1497 0.631254
0.205207666667 0.69864
0.0769419333333 0.715895666667
0.0571121666667 0.744491666667
0.967667666667 0.787186666667
0.983190666667 0.720122666667
0.969872 0.680103333333
0.903510666667 0.852611
0.919056 0.821261666667
0.924716666667 0.884789666667
0.9576 0.856367
0.953817666667 0.821525333333
0.849231666667 0.799794
0.757172333333 0.678459
0.797869333333 0.691085333333
0.775470333333 0.820620333333
0.793548 0.852898
0.714177 0.833979
0.733732 0.814096666667
0.773720666667 0.890113
0.641380666667 0.793632333333
0.643779 0.825053
0.601169 0.842587666667
0.649006333333 0.741211
0.665281 0.77194
0.679751 0.712762
0.425285333333 0.681597666667
0.549157666667 0.578081666667
0.594232333333 0.589306333333
0.607579666667 0.562702333333
0.632610333333 0.634775666667
0.631200333333 0.669869333333
0.670885333333 0.680898
0.610100333333 0.684748333333
0.619040666667 0.724226
0.585743 0.732848
0.569844 0.662462
0.790281333333 0.351348333333
0.739722333333 0.650989333333
0.755957333333 0.625933
0.684214 0.595568333333
0.693387666667 0.651451333333
0.671316666667 0.625096333333
0.773321666667 0.400326666667
0.759659 0.367065333333
0.592886666667 0.364335333333
0.590569 0.336089333333
0.602303666667 0.307315333333
0.626377 0.288298333333
0.853059666667 0.437405
0.821089666667 0.435586333333
0.704261666667 0.479832
0.700494333333 0.443728
0.72261 0.419840666667
0.751513333333 0.428625333333
0.639661333333 0.120125866667
0.644732666667 0.154883666667
0.670786 0.17196
0.648758666667 0.0898594
0.678047666667 0.0798061333333
0.883483666667 0.222700666667
0.957024666667 0.285305
0.931022666667 0.262498333333
0.974203333333 0.225266333333
0.966340666667 0.174874333333
0.944390666667 0.200214333333
0.926251333333 0.227799666667
0.861298333333 0.366892333333
0.927532333333 0.347138
0.926989666667 0.385753333333
0.874776666667 0.400193333333
0.900367666667 0.407613
0.410864666667 0.504224
0.4098 0.467080333333
0.382801 0.445813666667
0.347968666667 0.454936666667
0.355872666667 0.609681
0.378315333333 0.592894666667
0.325109333333 0.597859333333
0.305783666667 0.563278666667
0.387641333333 0.558858333333
0.379204666667 0.529334333333
0.319753333333 0.354460666667
0.433314 0.150779
0.423295333333 0.1124189
0.41413 0.378518666667
0.355201333333 0.354310666667
0.36513 0.388086666667
0.388672333333 0.404492
0.416055666667 0.333114333333
0.401963333333 0.829897333333
0.429701 0.808944
0.575793 0.817488
0.575326333333 0.761562666667
0.594864666667 0.788934666667
0.475174 0.854969666667
0.478939333333 0.895734
0.519362 0.906801333333
0.547020333333 0.881898666667
0.345415 0.674373666667
0.1131878 0.671587666667
0.143907333333 0.668329
0.169663666667 0.699108
0.105075266667 0.714600666667
0.191172 0.753199333333
0.161074 0.733462333333
0.127205133333 0.745696333333
0.0593639666667 0.777415333333
0.03098287 0.825305333333
0.03498827 0.860926333333
0.0753041666667 0.89611
0.0880688333333 0.928934333333
0.0532163333333 0.949605
0.0257719366667 0.926971666667
0.0374622033333 0.897242666667
0.908344666667 0.786187
0.877217333333 0.776328333333
0.943527333333 0.729685333333
0.939508 0.766778
0.861998666667 0.746284
0.786702666667 0.789901
0.818607333333 0.781897
0.824772333333 0.748532
0.799031666667 0.725144666667
0.722295 0.866815333333
0.746247333333 0.891986333333
0.695973 0.895478333333
0.719925333333 0.920649333333
0.737838333333 0.709264666667
0.708027 0.725543333333
0.756965666667 0.765429666667
0.763129666667 0.734038333333
0.724468 0.780123666667
0.700820666667 0.765011
0.531296333333 0.755613333333
0.539272666667 0.676229333333
0.546231333333 0.707137666667
0.466022333333 0.682326
0.514762333333 0.723582
0.484510666667 0.714277666667
0.504599333333 0.646386
0.475073666667 0.650481666667
0.538313666667 0.549008333333
0.505246 0.508955
0.505051666667 0.542677666667
0.568214 0.534447333333
0.537518 0.476031333333
0.567224 0.495193
0.733801333333 0.267883
0.736070666667 0.299172666667
0.808036 0.303131
0.780940666667 0.318168666667
0.620740666667 0.379324333333
0.671268666667 0.421613666667
0.616229 0.422678666667
0.645267 0.442833333333
0.706018 0.374898666667
0.721258666667 0.350422
0.672407 0.379275333333
0.650917 0.357140666667
0.707011 0.315709
0.679145 0.289674666667
0.65513 0.309233666667
0.843830666667 0.513412333333
0.896345 0.524716
0.865474666667 0.541830666667
0.888147333333 0.482732666667
0.861171333333 0.479255333333
0.717421 0.545054666667
0.780599 0.586793666667
0.800189333333 0.565386333333
0.745925666667 0.592762
0.720382333333 0.579466666667
0.707120666667 0.0944627333333
0.728912 0.0583829
0.760927666667 0.0536957333333
0.737233333333 0.201789666667
0.899775666667 0.321860333333
0.869727666667 0.335036
0.842919666667 0.308565
0.900344666667 0.282798333333
0.843173666667 0.269329666667
0.870550666667 0.256738666667
0.316227 0.534185333333
0.349558666667 0.522455666667
0.33695 0.484948
0.295446666667 0.476782666667
0.285158 0.504116333333
0.263947333333 0.338056
0.295845 0.331118666667
0.304707333333 0.295402666667
0.234311 0.314287333333
0.289388333333 0.262401666667
0.458008666667 0.198609333333
0.483871666667 0.214352
0.469892666667 0.316029333333
0.441142 0.300999333333
0.500186666667 0.295545333333
0.438743 0.263963
0.506767333333 0.262102666667
0.474074333333 0.245550333333
0.376113333333 0.0739159666667
0.387235 0.1050209
0.365547 0.135928666667
0.342679666667 0.0723578
0.313366 0.0898480666667
0.209863666667 0.195729666667
0.219451666667 0.158869333333
0.359050666667 0.768719
0.355214333333 0.709751666667
0.335252 0.738696666667
0.443060333333 0.98274
0.547717 0.821453333333
0.499080666667 0.836301
0.530504333333 0.852162666667
0.495241 0.793321333333
0.522758666667 0.786950666667
0.307941333333 0.739191333333
0.281057666667 0.716693666667
0.250667666667 0.738296666667
0.269587 0.776789333333
0.301916666667 0.779082
0.274791333333 0.683633
0.29776 0.625078
0.305362333333 0.659496
0.242008333333 0.613735666667
0.269056 0.605192333333
0.220705 0.645129
0.230411 0.672401666667
0.0796141 0.80598
0.0845202666667 0.872897
0.0659127333333 0.843679
0.864622666667 0.691777
0.879755 0.721327
0.916416666667 0.711615666667
0.894209666667 0.660294333333
0.924183 0.670233666667
0.761295 0.249405
0.764018 0.213433
0.798695666667 0.207266333333
0.813453666667 0.245692
0.790659666667 0.265657
0.798750333333 0.466932333333
0.763710666667 0.462274333333
0.813379666667 0.502908
0.787757333333 0.527507
0.738574666667 0.489593666667
0.747992 0.518850666667
0.813282666667 0.0774677
0.777290666667 0.0782200333333
0.703088666667 0.156188
0.715205666667 0.1235018
0.735935 0.170331333333
0.75336 0.111946266667
0.765587 0.138507466667
0.873557666667 0.130843466667
0.894886333333 0.165525
0.871108333333 0.195517
0.263277 0.255900333333
0.222466666667 0.221656333333
0.254887 0.219579
0.207305 0.257511666667
0.235085 0.282210333333
0.404138333333 0.264754666667
0.336721666667 0.287232
0.363307333333 0.322798
0.392724333333 0.310916
0.275692666667 0.192624
0.307615 0.123709
0.331626666667 0.143549
0.264376666667 0.127057666667
0.252860333333 0.157841
0.390062 0.757888666667
0.454822666667 0.731664
0.418604 0.711174666667
0.388165333333 0.722817
0.426291 0.779330666667
0.460613 0.764748333333
0.255848666667 0.806754666667
0.266718333333 0.844782666667
0.232822 0.864047
0.288981333333 0.868403666667
0.338791 0.931667333333
0.312795666667 0.952073
0.130117466667 0.789131666667
0.108407966667 0.815196666667
0.152627333333 0.871921
0.117868833333 0.861954
0.796505 0.136944466667
0.811268 0.178650333333
0.841027666667 0.177301333333
0.82027 0.109630933333
0.844721666667 0.1339808
0.387916666667 0.240301666667
0.373655333333 0.170726333333
0.349917 0.250897
0.405362 0.178178666667
0.414747 0.20866
0.322543 0.232291666667
0.339735 0.178346666667
0.317237333333 0.198835333333
0.314970333333 0.860953
0.372071 0.839399
0.364624666667 0.880336
0.337347333333 0.892021666667
0.350093 0.808260333333
0.320269666667 0.818128666667
0.238357333333 0.898222333333
0.221472666667 0.923835
0.251750666667 0.956045
0.274918666667 0.905787333333
0.284796 0.937521333333
0.215077 0.968798333333
0.378387 0.980941666667
0.115203433333 0.946561
0.165285333333 0.807592666667
0.192471 0.783894333333
0.219818333333 0.803870333333
0.210287333333 0.841422333333
0.178334333333 0.843624666667
0.19178 0.920354666667
0.17494 0.951227333333
0.160423 0.900413666667
0.143583 0.931286333333
