0.840706666667 0.0258779
0.0558476666667 0.918941333333
0.00886923333333 0.230997366667
0.421279733333 0.0180438666667
0.799055666667 0.0417680333333
0.0986353 0.970299333333
0.0796869666667 0.945571
0.0242187466667 0.594665333333
0.0212012133333 0.671987
0.0719696333333 0.889909666667
0.0365356466667 0.449705333333
0.02661478 0.544834333333
0.0310216133333 0.500605333333
0.0643144 0.626952333333
0.139639 0.547140666667
0.01479322 0.1586317
0.0245476866667 0.114744033333
0.235666066667 0.0240043333333
0.612139333333 0.0199438
0.971844 0.734593333333
0.977121666667 0.935277666667
0.945594333333 0.938967666667
0.108398 0.864341333333
0.110962833333 0.895246333333
0.1332041 0.951029666667
0.114255766667 0.926301333333
0.811073333333 0.102302966667
0.828380333333 0.0682476666667
0.672452 0.172598333333
0.444878333333 0.986677666667
0.400868666667 0.529185666667
0.0914318 0.801036333333
0.0709353333333 0.773028666667
0.0391188 0.808341333333
0.0801616333333 0.831923666667
0.0569006 0.850802666667
0.0416804666667 0.693633
0.0694547666667 0.659202333333
0.116911933333 0.737843333333
0.0843153 0.740654666667
0.0627997333333 0.711499666667
0.0905740333333 0.677069
0.135135266667 0.702480333333
0.130312933333 0.670861
0.0848262666667 0.497085
0.0659270333333 0.474936666667
0.0933148666667 0.443462333333
0.0369994466667 0.402043666667
0.0226923133333 0.344613333333
0.0547069333333 0.557902666667
0.0791202 0.529151
0.102915366667 0.547723333333
0.103880366667 0.591875333333
0.0778214333333 0.598136
0.447280666667 0.48517
0.451073 0.514104666667
0.320944666667 0.437868666667
0.377822333333 0.509779333333
0.338917333333 0.465924333333
0.406221 0.482217333333
0.381679333333 0.463213666667
0.350729 0.417447333333
0.387955666667 0.435974666667
0.129603 0.605813333333
0.152312333333 0.58041
0.148423333333 0.638116
0.234969333333 0.545171
0.0845082666667 0.287699333333
0.0409403666667 0.303849666667
0.0665975666667 0.323698
0.0385763333333 0.173247666667
0.0705773 0.248574333333
0.0288218666667 0.217135333333
0.0411459333333 0.248737333333
0.127511766667 0.483247666667
0.1327501 0.455692
0.327135333333 0.0302321333333
0.110821966667 0.0245278666667
0.119968166667 0.298529666667
0.135152833333 0.331189333333
0.925244666667 0.855862333333
0.905945 0.778348
0.774365666667 0.699510333333
0.914259 0.886979
0.918648666667 0.916179
0.771504 0.670203
0.738341333333 0.652133
0.893682 0.529267666667
0.966137333333 0.523583
0.781529 0.103838366667
0.935516333333 0.191078333333
0.9904 0.207308666667
0.973963333333 0.140143666667
0.953810333333 0.160077
0.834184 0.125047366667
0.865266333333 0.362471333333
0.832421666667 0.378877333333
0.858196333333 0.332466666667
0.809953 0.290688333333
0.817102 0.323904
0.944635666667 0.311595666667
0.956895666667 0.346346
0.711429333333 0.672349666667
0.717616333333 0.761511333333
0.740445333333 0.74479
0.734787333333 0.712249333333
0.603958666667 0.628188
0.585577666667 0.820235666667
0.607574 0.802121333333
0.0938877 0.411355333333
0.0669636666667 0.395168
0.1241966 0.386421666667
0.1114091 0.354247
0.0783137333333 0.357586
0.521196 0.504910333333
0.647574333333 0.373468333333
0.612806666667 0.339076666667
0.605754333333 0.301942
0.633007333333 0.285339
0.602040666667 0.409337
0.607319333333 0.436427
0.643460333333 0.402799333333
0.648739 0.429889333333
0.573222 0.547433
0.552635333333 0.509166333333
0.590648 0.466845333333
0.559363666667 0.473634
0.705936 0.457335333333
0.665376666667 0.456085666667
0.581533 0.346746333333
0.574881 0.387675666667
0.526183333333 0.446294
0.504175 0.467267
0.468144333333 0.459668
0.406221333333 0.375902666667
0.468024 0.391869
0.417277 0.415261666667
0.450319333333 0.422369333333
0.373271666667 0.290472333333
0.274101 0.494716
0.267982 0.527528
0.301696333333 0.538017333333
0.331323333333 0.512023
0.31696 0.487171666667
0.160941666667 0.71474
0.142718333333 0.750103
0.0697386333333 0.178997666667
0.0894155333333 0.222722333333
0.165130666667 0.527930333333
0.161992333333 0.499263
0.207002666667 0.528966
0.203864333333 0.500298666667
0.156951 0.3993
0.166077333333 0.436463333333
0.371237333333 0.0399445
0.403753 0.0323029
0.151495233333 0.0413682
0.218558666667 0.174675666667
0.173586666667 0.3283
0.848167333333 0.537910333333
0.827995333333 0.514478
0.853888 0.489605333333
0.893031666667 0.499732
0.782841333333 0.3541
0.791091 0.379068666667
0.726035333333 0.423792666667
0.789986666667 0.464998333333
0.766905666667 0.434195
0.787006666667 0.410603666667
0.831368333333 0.466610666667
0.828337333333 0.410412333333
0.849618 0.435616
0.736310666667 0.223381
0.772317666667 0.236809333333
0.777721 0.276208666667
0.710430666667 0.173168333333
0.732632666667 0.191783333333
0.772112333333 0.172489333333
0.763461 0.137413433333
0.729069333333 0.134999433333
0.625483666667 0.249003333333
0.657532 0.229611333333
0.646838333333 0.197764666667
0.427591333333 0.343306666667
0.456351666667 0.352165333333
0.549243666667 0.0277427666667
0.588758333333 0.0416115333333
0.608412 0.0635571666667
0.844195 0.572316
0.846262666667 0.664939333333
0.885483666667 0.661560333333
0.955753333333 0.559918333333
0.918992333333 0.560438666667
0.953742333333 0.656292
0.994656 0.834199
0.973491666667 0.77134
0.950594 0.789589333333
0.893719666667 0.830496
0.882812333333 0.801377333333
0.856396 0.845858666667
0.774358666667 0.774571333333
0.809402333333 0.772572666667
0.838474333333 0.798220666667
0.823083666667 0.826581666667
0.816264666667 0.946590333333
0.876556333333 0.894674
0.850218333333 0.87892
0.880946 0.923874
0.791371 0.966467666667
0.583096333333 0.991653666667
0.915107 0.973051
0.873563666667 0.954007666667
0.846951 0.967974333333
0.753853333333 0.0439040333333
0.753633666667 0.0719190666667
0.933369666667 0.122497133333
0.905367333333 0.126746133333
0.899855 0.0509589666667
0.870347333333 0.0752145333333
0.872711 0.1032385
0.933677666667 0.0476313666667
0.956979333333 0.0754612333333
0.953522666667 0.1025638
0.844501666667 0.155545333333
0.895569666667 0.185395
0.885861333333 0.158642666667
0.827378666667 0.263555333333
0.864849333333 0.210765
0.800787 0.228879666667
0.804259666667 0.196157333333
0.835470333333 0.190044
0.983887666667 0.260053333333
0.965328 0.283341333333
0.949157 0.223889666667
0.930597333333 0.247177666667
0.884783 0.316435333333
0.910789 0.304617666667
0.861114333333 0.280739666667
0.90586 0.261175666667
0.876091333333 0.250584
0.897165333333 0.381729666667
0.928361333333 0.374657666667
0.885601333333 0.423339333333
0.732034 0.811046666667
0.759002666667 0.815016
0.662394333333 0.661428666667
0.687423 0.65147
0.631304 0.621970666667
0.672861 0.777363333333
0.689646333333 0.752818333333
0.536381666667 0.979644
0.484605 0.956074666667
0.515387 0.941276
0.581695333333 0.970214333333
0.553397333333 0.955081
0.204867666667 0.977960333333
0.573059666667 0.618326333333
0.558573333333 0.653046
0.721758666667 0.487582333333
0.764939 0.484843
0.780428 0.511328
0.519592 0.367666333333
0.4969 0.392406
0.545701333333 0.389674666667
0.523009333333 0.414414333333
0.362765 0.317881333333
0.333912333333 0.318410333333
0.323545333333 0.357865666667
0.350476 0.378985
0.376647 0.358153333333
0.154626 0.781012666667
0.127943833333 0.809329
0.1351205 0.849978333333
0.228719333333 0.580580333333
0.186288666667 0.594364
0.264593 0.603658333333
0.244298333333 0.635397666667
0.183080333333 0.630409
0.205216333333 0.648364666667
0.215665 0.472414
0.199777 0.439415
0.256352 0.469006333333
0.281238333333 0.433406333333
0.251406333333 0.0422174
0.200610333333 0.0528299333333
0.203531 0.140694666667
0.221481333333 0.102534433333
0.199582333333 0.0830497333333
0.1159923 0.0585769666667
0.0753190333333 0.0417366333333
0.04634702 0.0448246333333
0.0441173866667 0.0832176666667
0.145890333333 0.275464333333
0.18055 0.292586333333
0.201838333333 0.265619666667
0.293310333333 0.270329333333
0.305883666667 0.303593666667
0.254446666667 0.249483
0.233828 0.274994666667
0.668559666667 0.290215
0.681561666667 0.250421
0.712524666667 0.250742
0.679008666667 0.372121
0.711631666667 0.394105666667
0.506743333333 0.0386752333333
0.460643 0.0389075
0.454857333333 0.068292
0.609677 0.194624
0.597635666667 0.229080666667
0.556943 0.232860666667
0.583203 0.0953816
0.563549333333 0.0734359666667
0.532864333333 0.0715107333333
0.596391333333 0.128575333333
0.583613666667 0.161874
0.804581333333 0.710702
0.835151333333 0.698079333333
0.821321333333 0.743380666667
0.851891333333 0.730758
0.903923666667 0.692424
0.946078666667 0.718217666667
0.942899666667 0.690390333333
0.903077333333 0.743723
0.881442666667 0.728481666667
0.788285666667 0.646908
0.818317333333 0.634574
0.753008 0.602525333333
0.755123 0.628838
0.782248 0.576555666667
0.814394666667 0.590534333333
0.975510666667 0.587664
0.975870666667 0.634734333333
0.990793333333 0.685208333333
0.896786333333 0.632316666667
0.926069 0.629082
0.880185666667 0.596319
0.909468333333 0.593084333333
0.955498 0.852297333333
0.966094666667 0.823373333333
0.980389333333 0.893927666667
0.990986 0.865003666667
0.682339666667 0.0350962
0.715304 0.044999
0.639097666667 0.0648408
0.708588 0.102519333333
0.715084333333 0.0730140333333
0.986284 0.383379
0.987467666667 0.502776333333
0.991785 0.537221333333
0.997954333333 0.571562
0.996189333333 0.71679
0.993974333333 0.604546
0.914532 0.476829666667
0.907741333333 0.440023333333
0.949594 0.486360333333
0.970924333333 0.465553666667
0.937665333333 0.40806
0.965786333333 0.424059666667
0.799175666667 0.910281333333
0.810906333333 0.885777666667
0.792151666667 0.847759
0.765641666667 0.848993666667
0.754052 0.946853333333
0.754191333333 0.915092
0.739412 0.891823
0.603515 0.541231666667
0.614212666667 0.496176333333
0.647521666667 0.491954333333
0.611643333333 0.66831
0.584679666667 0.684422
0.647378333333 0.693574666667
0.659296 0.727670333333
0.642510666667 0.752215333333
0.521882 0.913130666667
0.559892333333 0.926935666667
0.361584 0.982194666667
0.315631333333 0.978390333333
0.548584 0.569867666667
0.549694 0.597439
0.513772333333 0.536483
0.480479 0.538377333333
0.761308 0.556313
0.749859666667 0.532736
0.732068 0.582282666667
0.713050333333 0.516706
0.275122666667 0.973249333333
0.238302333333 0.964946333333
0.315650666667 0.563862666667
0.299612333333 0.594164333333
0.217406666667 0.405544
0.189878333333 0.383066
0.194779 0.352409666667
0.284523333333 0.0528596
0.262564666667 0.219739333333
0.252411333333 0.182336333333
0.163958333333 0.104789633333
0.1294834 0.0917786
0.146253 0.163249
0.169135333333 0.138983666667
0.127828333333 0.223430666667
0.145849666667 0.245216666667
0.156231333333 0.192347333333
0.194141333333 0.202063
0.187886333333 0.230092333333
0.686252333333 0.311874666667
0.689186666667 0.342786
0.750093333333 0.301222
0.720904 0.289183666667
0.748064666667 0.345897666667
0.721809666667 0.364770666667
0.565513666667 0.289699333333
0.540861666667 0.263552666667
0.553286333333 0.317771
0.520525 0.336692
0.486160666667 0.321728
0.475627 0.194159
0.458349666667 0.154178
0.428159 0.149302
0.397533333333 0.161958333333
0.412848666667 0.1164678
0.382223 0.129124133333
0.390116 0.0565988666667
0.416846 0.0783417666667
0.359483333333 0.0579633333333
0.523963 0.159752333333
0.550746 0.171762333333
0.509333666667 0.196282333333
0.536116666667 0.208292333333
0.481947666667 0.0936420333333
0.513854333333 0.0970930333333
0.481883666667 0.128675
0.513790333333 0.132126
0.678504 0.1136329
0.649032333333 0.0989015666667
0.661006666667 0.145543
0.631535 0.130811666667
0.720463333333 0.963412333333
0.757782333333 0.983026666667
0.725634 0.986859666667
0.789891333333 0.989537666667
0.701134 0.835055333333
0.669931 0.810065
0.638936 0.826812333333
0.583691333333 0.716688666667
0.594901 0.766564
0.612482666667 0.745972
0.552283666667 0.822099333333
0.529005666667 0.804117666667
0.54434 0.859821666667
0.512090333333 0.88314
0.474477333333 0.572492
0.508880666667 0.598169
0.655501666667 0.526562
0.687289 0.536906666667
0.637504333333 0.592915333333
0.625565 0.559912666667
0.675010333333 0.601564333333
0.694858333333 0.578906333333
0.165387333333 0.876509
0.162892666667 0.932051666667
0.184058333333 0.947637333333
0.388206333333 0.558822666667
0.351070333333 0.572876
0.253111666667 0.661407666667
0.220364 0.733207333333
0.199589666667 0.701423666667
0.214029666667 0.674374666667
0.27283 0.401350333333
0.244237333333 0.392125
0.297968666667 0.371087333333
0.281573 0.332231
0.248381 0.324478333333
0.236184 0.354109333333
0.273702 0.159302333333
0.314248 0.165907
0.332358 0.188222333333
0.385315333333 0.218160333333
0.378313333333 0.185243666667
0.358004666667 0.250283666667
0.32061 0.248165333333
0.301965333333 0.219020666667
0.0717438666667 0.1131733
0.1021501 0.1093943
0.0833364666667 0.150449666667
0.1137427 0.146670666667
0.485067 0.289291
0.502488666667 0.264029666667
0.646982666667 0.957178333333
0.618353333333 0.947597666667
0.636953333333 0.866774333333
0.588677 0.917029
0.607797 0.863486666667
0.582916333333 0.879905666667
0.248463333333 0.936465333333
0.285283666667 0.944768333333
0.444994 0.585454
0.415728666667 0.583394333333
0.183067 0.787861333333
0.206612333333 0.767757666667
0.282999 0.668156333333
0.48791 0.866788666667
0.496881666667 0.825488666667
0.451289666667 0.8849
0.422632666667 0.859161
0.318275333333 0.136410333333
0.347848666667 0.115333133333
0.277729333333 0.129805666667
0.304453 0.0691838333333
0.336199666667 0.0786312333333
0.260755333333 0.0987204333333
0.276784333333 0.0758301666667
0.452188333333 0.222854333333
0.468348333333 0.250023
0.411287333333 0.228446333333
0.450926666667 0.275284333333
0.399780666667 0.279193333333
0.42326 0.298862666667
0.657518666667 0.886751666667
0.708013333333 0.898443666667
0.690704333333 0.87178
0.689204 0.938271666667
0.662752333333 0.930168
0.264356 0.787078666667
0.235595666667 0.796628666667
0.287676333333 0.860919666667
0.286376 0.699339333333
0.277928333333 0.752943333333
0.262919666667 0.727943
0.441071333333 0.623509666667
0.324175 0.623926
0.318230333333 0.654948666667
0.355150666667 0.610598333333
0.387618 0.619744
0.400949 0.642198333333
0.456136333333 0.942272666667
0.440506333333 0.915594666667
0.424618666667 0.961359
0.408988666667 0.934681
0.348209 0.956047
0.378531666667 0.933173333333
0.313989666667 0.936659333333
0.253136666667 0.870813333333
0.203398666667 0.908218
0.234369 0.91006
0.190508666667 0.868507333333
0.197238333333 0.832391666667
0.228896 0.832855666667
0.345183666667 0.826346666667
0.292895666667 0.798511
0.302532 0.823966333333
0.528886666667 0.666188333333
0.502559666667 0.632198666667
0.464233666667 0.644577333333
0.514780333333 0.699465
0.522731666667 0.762259333333
0.543478666667 0.718589333333
0.548068 0.744583666667
0.32563 0.709110333333
0.342371666667 0.685348
0.320377333333 0.738592
0.327232333333 0.763592
0.363935 0.905416666667
0.378598333333 0.873841333333
0.349950666667 0.854931
0.312870666667 0.880368666667
0.321131333333 0.908558666667
0.395531 0.673350333333
0.375365666667 0.694623
0.458306 0.689843333333
0.429725666667 0.699927666667
0.482525666667 0.710741333333
0.485887666667 0.747541333333
0.467868333333 0.814666666667
0.463148333333 0.778577666667
0.430239666667 0.830227666667
0.424595666667 0.738667
0.43224 0.774306
0.394423666667 0.735068333333
0.410383 0.808006666667
0.374828 0.803128666667
0.366513 0.765829333333
