0.0735391 0.00145388
0.0961665 0.000702401
0.141421 0.000115651
0.152735 0.000416883
0.19799 0.00039752
0.209304 0.000586083
0.220617 0.0015631
0.254558 0.00268724
0.277186 0.00168787
0.2885 0.00186021
0.299813 0.00537246
0.311127 0.0218727
0.356382 0.029435
0.379009 0.0106533
0.401637 0.00319425
0.41295 0.00729828
0.424264 0.051243
0.435578 0.0414058
0.446891 0.0437931
0.458205 0.0342239
0.469519 0.0319584
0.492146 0.0151939
0.50346 0.0353379
0.514774 0.0620758
0.537401 0.0298059
0.548715 0.0831604
0.560029 0.127429
0.571342 0.165176
0.582656 0.184706
0.605283 0.327279
0.627911 0.483219
0.639225 0.423894
0.650538 0.43337
0.661852 0.304929
0.673166 0.626207
0.695793 0.291313
0.707107 0.339814
0.71842 0.234522
0.729734 0.190339
0.741048 0.431906
0.752362 0.645121
0.763675 0.713597
0.774989 0.0335605
0.786303 0.643733
0.797616 2.17756
0.80893 0.861399
0.820244 1.00755
0.831558 1.09628
0.854185 1.4302
0.865499 1.0481
0.876812 1.05589
0.888126 1.70729
0.89944 2.16988
0.910754 1.53438
0.922067 0.675292
0.933381 0.820492
0.944695 0.936169
0.956008 1.43373
0.967322 0.706372
0.978636 0.537028
0.989949 0.955419
1.00126 0.622818
1.01258 0.296215
1.02389 1.08828
1.0352 0.538162
1.04652 0.688936
1.05783 0.738006
1.06915 1.37781
1.08046 0.780038
1.10309 1.16813
1.1144 2.18765
1.13703 0.943401
1.14834 0.697601
1.15966 2.56689
1.17097 1.8746
1.18228 2.35696
1.20491 1.30172
1.21622 2.72144
1.23885 1.65344
1.25016 0.885408
1.26148 0.727238
1.27279 1.05344
1.28411 0.612674
1.29542 1.72716
1.30673 0.868738
1.31805 2.06416
1.32936 1.23356
1.34067 0.684393
1.35199 1.12414
1.3633 1.61816
1.37462 2.55703
1.38593 1.36922
1.39724 1.7403
1.40856 2.52693
1.41987 1.55879
1.43118 1.73028
1.4425 1.59833
1.45381 0.900563
1.47644 0.905802
1.48775 1.15611
1.49907 0.835331
1.51038 0.770179
1.52169 0.63772
1.53301 0.656591
1.54432 0.671693
1.55563 0.608862
1.56695 0.864101
1.57826 0.584848
1.58958 0.528585
1.60089 0.785951
1.6122 0.651714
1.62352 0.388816
1.63483 0.621154
1.64614 0.595374
1.65746 0.637061
1.66877 0.87747
1.68009 0.625494
1.6914 0.325255
1.70271 1.10702
1.71403 1.17116
1.72534 0.910025
1.73665 0.773354
1.74797 0.60062
1.75928 0.541304
1.7706 0.550994
1.78191 0.467746
1.79322 0.585068
1.80454 0.747035
1.81585 0.439253
1.82716 0.378234
1.83848 0.53488
1.84979 0.999717
1.86111 0.545332
1.87242 0.53215
1.88373 0.983809
1.89505 1.30888
1.90636 1.08182
1.91767 0.935654
1.92899 0.834983
1.9403 1.02562
1.95161 0.822006
1.96293 1.47441
1.97424 0.871487
1.98556 0.670907
1.99687 0.88872
2.00818 0.9919
2.0195 1.01716
2.03081 0.883423
2.04212 1.4095
2.05344 0.884816
2.06475 1.2558
2.07607 1.07815
2.08738 1.14869
2.09869 0.975968
2.11001 0.754426
2.12132 1.0743
2.13263 0.937979
2.14395 1.29177
2.15526 1.00225
2.16658 1.16632
2.17789 0.939387
2.1892 0.951671
2.20052 1.31264
2.21183 1.07185
2.22314 1.19836
2.23446 0.787174
2.24577 1.56427
2.25708 1.1447
2.2684 1.40585
2.27971 1.33399
2.29103 1.20047
2.30234 1.16114
2.31365 0.842145
2.32497 0.416103
2.33628 1.11017
2.34759 1.23449
2.35891 0.55744
2.37022 0.997581
2.38154 1.29262
2.39285 0.653699
2.40416 0.924922
2.41548 0.817722
2.42679 0.441632
2.4381 1.03556
2.44942 0.978325
2.46073 2.41604
2.47205 1.06143
2.48336 0.713171
2.49467 1.18473
2.50599 1.05376
2.5173 1.86234
2.52861 1.18455
2.53993 0.628308
2.55124 0.920346
2.56255 1.1149
2.57387 0.676254
2.58518 1.38859
2.5965 0.803117
2.60781 0.644941
2.61912 0.701272
2.63044 0.995609
2.64175 0.931213
2.65306 0.739087
2.66438 1.32274
2.67569 0.925456
2.68701 1.02524
2.69832 1.14032
2.70963 1.53539
2.72095 1.00099
2.73226 1.35358
2.74357 1.34993
2.75489 1.24208
2.7662 1.39742
2.77752 1.36076
2.78883 1.29227
2.80014 0.707942
2.81146 1.38649
2.82277 0.7705
2.83408 0.910383
2.8454 1.25641
2.85671 0.475381
2.86803 0.58153
2.87934 0.728189
2.89065 1.49922
2.90197 0.910892
2.91328 0.819589
2.92459 1.01276
2.93591 0.81024
2.94722 1.03435
2.95853 0.929203
2.96985 1.03392
2.98116 0.687833
2.99248 0.577665
3.00379 1.06462
3.0151 1.20123
3.02642 0.837716
3.03773 1.19315
3.04904 1.20632
3.06036 1.13888
3.07167 0.987826
3.08299 0.79182
3.0943 0.798532
3.10561 0.769938
3.11693 0.7369
3.12824 0.94552
3.13955 0.769646
3.15087 0.594688
3.16218 1.17572
3.1735 0.622185
3.18481 1.03983
3.19612 0.838921
3.20744 1.13527
3.21875 0.813791
3.23006 0.84672
3.24138 0.950664
3.25269 1.05353
3.264 0.795846
3.27532 1.19126
3.28663 0.929975
3.29795 0.713435
3.30926 0.980086
3.32057 0.673164
3.33189 0.748727
3.3432 0.891485
3.35451 1.08002
3.36583 1.08654
3.37714 1.06269
3.38846 1.07051
3.39977 1.28345
3.41108 0.905037
3.4224 0.979464
3.43371 1.13207
3.44502 1.25242
3.45634 0.911744
3.46765 0.801611
3.47897 1.10846
3.49028 1.06525
3.50159 0.802076
3.51291 0.890869
3.52422 1.08949
3.53553 1.76813
3.54685 1.278
3.55816 1.23891
3.56948 1.10629
3.58079 1.2347
3.5921 0.915751
3.60342 1.26361
3.61473 1.09069
3.62604 1.17155
3.63736 0.804641
3.64867 1.04643
3.65998 0.973184
3.6713 1.10889
3.68261 0.93787
3.69393 0.680227
3.70524 1.09845
3.71655 1.03045
3.72787 0.796274
3.73918 0.677644
3.75049 0.737598
3.76181 1.0261
3.77312 0.912721
3.78444 1.10579
3.79575 0.803425
3.80706 0.757221
3.81838 1.22072
3.82969 0.829515
3.841 1.03175
3.85232 1.56204
3.86363 0.826218
3.87495 0.916945
3.88626 0.974754
3.89757 0.951816
3.90889 0.931324
3.9202 0.885434
3.93151 0.973089
3.94283 0.795971
3.95414 1.026
3.96545 0.821885
3.97677 1.15036
3.98808 0.767937
3.9994 1.03385
4.01071 0.824015
4.02202 1.12168
4.03334 1.03872
4.04465 1.39611
4.05596 1.36746
4.06728 0.932113
4.07859 0.84415
4.08991 0.83797
4.10122 1.28586
4.11253 1.00474
4.12385 1.05204
4.13516 0.93003
4.14647 0.937875
4.15779 1.00467
4.1691 1.01036
4.18042 0.942381
4.19173 1.21201
4.20304 1.22411
4.21436 1.09286
4.22567 0.726222
4.23698 0.895987
4.2483 1.03449
4.25961 0.899553
4.27092 1.47551
4.28224 0.839319
4.29355 0.810907
4.30487 1.09506
4.31618 1.18184
4.32749 1.03392
4.33881 1.01204
4.35012 0.946502
4.36143 1.14917
4.37275 0.991259
4.38406 1.1098
4.39538 1.1259
4.40669 0.77332
4.418 1.08738
4.42932 0.60635
4.44063 0.770397
4.45194 0.901028
4.46326 1.19557
4.47457 0.9981
4.48589 0.772861
4.4972 0.827125
4.50851 1.0768
4.51983 0.696869
4.53114 0.801402
4.54245 0.715769
4.55377 0.922864
4.56508 0.955261
4.5764 1.06074
4.58771 0.932749
4.59902 1.07389
4.61034 0.99994
4.62165 0.744914
4.63296 0.781868
4.64428 1.10244
4.65559 1.12017
4.6669 0.778754
4.67822 1.13804
4.68953 1.02115
4.70085 0.997312
4.71216 1.01215
4.72347 0.78564
4.73479 0.997287
4.7461 1.04167
4.75741 1.13188
4.76873 1.02191
4.78004 0.843125
4.79136 0.823082
4.80267 1.17526
4.81398 1.01995
4.8253 0.884796
4.83661 1.13466
4.84792 0.907411
4.85924 1.00239
4.87055 0.780311
4.88187 1.05404
4.89318 0.740694
4.90449 1.41502
4.91581 1.08216
4.92712 1.50736
4.93843 1.28983
4.94975 1.03093
4.96106 1.27537
4.97237 1.21673
4.98369 1.03628
4.995 0.896825
5.00632 0.864749
5.01763 1.32195
5.02894 0.836061
5.04026 0.965271
5.05157 1.06528
5.06288 0.820797
5.0742 0.928772
5.08551 0.798315
5.09683 1.08828
5.10814 1.02941
5.11945 0.968304
5.13077 1.10385
5.14208 0.92561
5.15339 1.07621
5.16471 0.845387
5.17602 0.78111
5.18734 1.01617
5.19865 0.874555
5.20996 0.979574
5.22128 1.15847
5.23259 0.962799
5.2439 1.32375
5.25522 0.896059
5.26653 0.745989
5.27785 1.41477
5.28916 0.966058
5.30047 1.00638
5.31179 1.04533
5.3231 0.879288
5.33441 1.01539
5.34573 1.03657
5.35704 1.07468
5.36835 0.949283
5.37967 0.81058
5.39098 1.088
5.4023 1.07714
5.41361 0.825433
5.42492 1.23383
5.43624 0.935453
5.44755 1.1272
5.45886 0.756974
5.47018 1.15016
5.48149 1.51088
5.49281 1.30989
5.50412 0.862316
5.51543 1.03912
5.52675 0.955011
5.53806 0.936527
5.54937 1.21128
5.56069 0.687771
5.572 0.92882
5.58332 1.25047
5.59463 0.918496
5.60594 0.885884
5.61726 1.2694
5.62857 0.776862
5.63988 1.03526
5.6512 1.04343
