0.0618216 0.000105733
0.0808436 6.80298e-05
0.118888 0.000214471
0.128399 0.000192224
0.166443 0.000534284
0.175954 0.000982646
0.185465 0.000587054
0.213998 0.00204783
0.23302 0.00372495
0.242531 0.00175709
0.252042 0.00221823
0.261553 0.00242549
0.299597 0.00359186
0.318619 0.00706083
0.337641 0.00389604
0.347152 0.0167352
0.356663 0.0112968
0.366174 0.0220488
0.375685 0.0130258
0.385196 0.0801686
0.394707 0.0201273
0.413729 0.0435323
0.42324 0.0307789
0.432751 0.0534589
0.451773 0.0322457
0.461284 0.0101352
0.470795 0.0523163
0.480306 0.0646129
0.489817 0.149001
0.508839 0.433075
0.527861 0.775155
0.537372 0.632423
0.546883 0.554842
0.556394 0.394447
0.565905 0.476506
0.584927 0.236024
0.594438 0.191314
0.603949 0.362251
0.61346 0.157441
0.622971 0.333776
0.632482 0.0325003
0.641993 0.390272
0.651504 0.783197
0.661015 1.33404
0.670526 0.463289
0.680037 0.669856
0.689548 0.973925
0.699059 1.89394
0.718081 2.09273
0.727592 1.77273
0.737103 1.77076
0.746615 1.80414
0.756126 1.17717
0.765637 0.983161
0.775148 0.68782
0.784659 0.285899
0.79417 0.367066
0.803681 0.481712
0.813192 0.746988
0.822703 0.232837
0.832214 0.542683
0.841725 0.533026
0.851236 0.553539
0.860747 0.536558
0.870258 0.813162
0.879769 1.77189
0.88928 0.975783
0.898791 4.15662
0.908302 1.55529
0.927324 3.05565
0.936835 1.95392
0.955857 1.35084
0.965368 0.737081
0.974879 0.972603
0.98439 0.723819
0.993901 0.800784
1.01292 0.480293
1.02243 0.351078
1.04146 0.525707
1.05097 0.390593
1.06048 0.686709
1.06999 0.369235
1.0795 0.657138
1.08901 0.51766
1.09852 0.902552
1.10803 0.812123
1.11754 0.333338
1.12706 0.427242
1.13657 0.317223
1.14608 0.805621
1.15559 0.867785
1.1651 0.502797
1.17461 1.51993
1.18412 0.610788
1.19363 1.1979
1.20314 0.683715
1.21265 0.615125
1.22217 0.532833
1.24119 0.663667
1.2507 0.656728
1.26021 0.723192
1.26972 0.567349
1.27923 0.496221
1.28874 0.649826
1.29825 0.894866
1.30776 0.892563
1.31728 0.729324
1.32679 0.616996
1.3363 0.941622
1.34581 0.388546
1.35532 1.04857
1.36483 1.88102
1.37434 1.47076
1.38385 0.699773
1.39336 1.28534
1.40287 1.21122
1.41239 0.722858
1.4219 0.541987
1.43141 0.869415
1.44092 0.825635
1.45043 0.657826
1.45994 1.00135
1.46945 0.639247
1.47896 1.19826
1.48847 0.70301
1.49798 0.690466
1.5075 0.820529
1.51701 0.933818
1.52652 0.877621
1.53603 0.317028
1.54554 1.22085
1.55505 1.0875
1.56456 1.16996
1.57407 1.60729
1.58358 1.06507
1.59309 1.62913
1.60261 1.38442
1.61212 0.948225
1.62163 0.838517
1.63114 1.06525
1.64065 0.684273
1.65016 0.903531
1.65967 0.993849
1.66918 0.851072
1.67869 0.845715
1.6882 0.93588
1.69772 0.560057
1.70723 2.05093
1.71674 0.502223
1.72625 1.49775
1.73576 1.43413
1.74527 1.93322
1.75478 0.778489
1.76429 1.18177
1.7738 1.44672
1.78331 1.73981
1.79283 1.88944
1.80234 2.2113
1.81185 1.75123
1.82136 1.0393
1.83087 1.73487
1.84038 0.883925
1.84989 0.939383
1.8594 1.15238
1.86891 1.00427
1.87843 1.52408
1.88794 0.97495
1.89745 1.17217
1.90696 1.00019
1.91647 1.1647
1.92598 0.570624
1.93549 1.07078
1.945 1.01866
1.95451 0.88809
1.96402 1.43847
1.97354 0.96771
1.98305 1.04344
1.99256 1.16003
2.00207 1.23933
2.01158 0.741681
2.02109 1.06125
2.0306 0.917639
2.04011 0.448805
2.04962 0.860335
2.05913 1.05498
2.06865 0.814191
2.07816 0.990077
2.08767 1.40535
2.09718 1.1535
2.10669 0.841403
2.1162 0.821688
2.12571 0.885823
2.13522 0.624253
2.14473 0.871944
2.15424 1.1582
2.16376 0.690838
2.17327 0.988173
2.18278 1.29383
2.19229 0.465013
2.2018 0.934552
2.21131 1.09756
2.22082 1.45219
2.23033 1.24868
2.23984 1.4717
2.24935 1.31143
2.25887 0.816966
2.26838 1.07171
2.27789 0.986917
2.2874 1.13315
2.29691 1.22307
2.30642 0.815205
2.31593 0.737197
2.32544 0.704522
2.33495 0.702278
2.34446 1.00593
2.35398 1.05754
2.36349 0.931679
2.373 1.08488
2.38251 1.05951
2.39202 1.34824
2.40153 1.1407
2.41104 1.20054
2.42055 0.992119
2.43006 1.0331
2.43957 0.902212
2.44909 0.934508
2.4586 0.502317
2.46811 1.21997
2.47762 1.0138
2.48713 0.819491
2.49664 1.31918
2.50615 0.871314
2.51566 1.04713
2.52517 1.03178
2.53468 0.729857
2.5442 1.26895
2.55371 0.633964
2.56322 0.757175
2.57273 1.43698
2.58224 1.38472
2.59175 1.49031
2.60126 0.973191
2.61077 0.970088
2.62028 1.28849
2.6298 1.08676
2.63931 0.964912
2.64882 0.774577
2.65833 0.92701
2.66784 1.14824
2.67735 1.02549
2.68686 0.969046
2.69637 0.680254
2.70588 0.886581
2.71539 0.708371
2.72491 0.96771
2.73442 0.71287
2.74393 1.2393
2.75344 0.753736
2.76295 0.885449
2.77246 1.39563
2.78197 1.10173
2.79148 0.910672
2.80099 0.717254
2.8105 0.718302
2.82002 1.01837
2.82953 0.738616
2.83904 0.556965
2.84855 0.90344
2.85806 0.849181
2.86757 1.41222
2.87708 0.987774
2.88659 1.67239
2.8961 0.466235
2.90561 0.721319
2.91513 0.918433
2.92464 0.794019
2.93415 1.0997
2.94366 1.0608
2.95317 0.836364
2.96268 0.997704
2.97219 0.827281
2.9817 1.09902
2.99121 0.751541
3.00072 1.01375
3.01024 0.786172
3.01975 0.920273
3.02926 0.745181
3.03877 1.08199
3.04828 0.688703
3.05779 1.06636
3.0673 0.894996
3.07681 0.985897
3.08632 0.684434
3.09583 0.903647
3.10535 0.890187
3.11486 0.87733
3.12437 0.568421
3.13388 0.802759
3.14339 1.3107
3.1529 0.907835
3.16241 0.753604
3.17192 0.669149
3.18143 1.23303
3.19094 0.887307
3.20046 0.780057
3.20997 1.22738
3.21948 1.05801
3.22899 0.883468
3.2385 0.885923
3.24801 1.13006
3.25752 0.923722
3.26703 0.771229
3.27654 0.792241
3.28605 0.813509
3.29557 1.15067
3.30508 0.658025
3.31459 0.708218
3.3241 0.718605
3.33361 1.04782
3.34312 0.843039
3.35263 1.14381
3.36214 1.11799
3.37165 0.629793
3.38117 1.10891
3.39068 0.844521
3.40019 0.996938
3.4097 0.81679
3.41921 0.974781
3.42872 1.20819
3.43823 0.882759
3.44774 1.30533
3.45725 0.792142
3.46676 1.17286
3.47628 1.09876
3.48579 1.07981
3.4953 0.913292
3.50481 1.09447
3.51432 1.11804
3.52383 1.13408
3.53334 0.939087
3.54285 0.794417
3.55236 1.13523
3.56187 0.962425
3.57139 1.12362
3.5809 1.51998
3.59041 1.09058
3.59992 1.33232
3.60943 1.01882
3.61894 0.956343
3.62845 0.825558
3.63796 1.00271
3.64747 1.09795
3.65698 1.04345
3.6665 1.05365
3.67601 1.12108
3.68552 1.01108
3.69503 1.34448
3.70454 0.983623
3.71405 1.26463
3.72356 1.02653
3.73307 1.17596
3.74258 1.07074
3.75209 1.42403
3.76161 1.07527
3.77112 0.682316
3.78063 1.35676
3.79014 1.39745
3.79965 0.825778
3.80916 0.744836
3.81867 1.28917
3.82818 1.12649
3.83769 1.64111
3.8472 0.644121
3.85672 1.04878
3.86623 1.06059
3.87574 1.01652
3.88525 1.04511
3.89476 0.969969
3.90427 1.59884
3.91378 1.15152
3.92329 0.886869
3.9328 1.15907
3.94231 0.840976
3.95183 1.15716
3.96134 1.22951
3.97085 1.55933
3.98036 0.933217
3.98987 0.966716
3.99938 0.851279
4.00889 1.02004
4.0184 1.02367
4.02791 0.990142
4.03742 1.05411
4.04694 0.982762
4.05645 1.07997
4.06596 0.941874
4.07547 1.05617
4.08498 1.08812
4.09449 0.792213
4.104 1.10909
4.11351 0.808015
4.12302 0.8386
4.13254 0.894983
4.14205 1.13921
4.15156 1.15113
4.16107 0.846527
4.17058 0.958553
4.18009 0.916384
4.1896 1.1148
4.19911 0.907996
4.20862 0.922181
4.21813 1.29308
4.22765 1.08481
4.23716 1.07706
4.24667 0.984547
4.25618 0.783777
4.26569 1.21664
4.2752 1.0231
4.28471 0.885075
4.29422 1.14459
4.30373 1.03121
4.31324 1.14913
4.32276 1.48777
4.33227 1.06121
4.34178 1.0743
4.35129 1.2957
4.3608 1.22741
4.37031 0.788879
4.37982 1.19253
4.38933 0.940886
4.39884 1.1987
4.40835 0.581499
4.41787 0.764958
4.42738 1.12449
4.43689 1.24412
4.4464 0.899499
4.45591 0.760328
4.46542 1.24535
4.47493 0.816685
4.48444 1.16029
4.49395 1.11804
4.50346 0.758069
4.51298 1.04703
4.52249 1.365
4.532 0.819413
4.54151 0.879757
4.55102 1.0311
4.56053 0.826317
4.57004 0.903124
4.57955 0.931058
4.58906 0.991655
4.59857 0.886962
4.60809 0.917327
4.6176 0.908142
4.62711 0.914992
4.63662 0.547406
4.64613 0.930663
4.65564 0.909788
4.66515 1.13256
4.67466 1.18011
4.68417 1.1617
4.69368 1.00357
4.7032 0.844889
4.71271 1.08521
4.72222 0.769602
4.73173 1.14906
4.74124 0.96386
4.75075 1.37292
