0.104 0.00510547
0.136 0.00453979
0.2 0.00167432
0.216 0.00319436
0.28 0.0174166
0.296 0.0136152
0.312 0.0707064
0.36 0.0484378
0.392 0.174731
0.408 0.0393317
0.424 0.0560268
0.44 0.0448317
0.504 0.053369
0.536 0.15127
0.568 0.0954709
0.584 0.154188
0.6 0.114722
0.616 0.0229996
0.632 0.198939
0.648 0.228685
0.664 0.193464
0.696 0.236565
0.712 0.271756
0.728 0.349442
0.76 0.403824
0.776 0.514334
0.792 0.690647
0.808 0.69041
0.824 0.33192
0.856 0.919722
0.888 0.831978
0.904 0.971901
0.92 1.89572
0.936 0.931407
0.952 2.66601
0.984 0.383924
1 1.11664
1.016 1.75463
1.032 0.78118
1.048 2.01449
1.064 1.46063
1.08 1.35754
1.096 0.36615
1.112 1.70928
1.128 4.72765
1.144 3.01293
1.16 1.32244
1.176 1.06501
1.208 1.75274
1.224 1.46219
1.24 0.705583
1.256 1.87281
1.272 2.46589
1.288 0.776848
1.304 0.775467
1.32 0.52597
1.336 0.802596
1.352 1.61121
1.368 0.408628
1.384 0.984301
1.4 0.702715
1.416 0.609495
1.432 0.356223
1.448 1.29423
1.464 0.753164
1.48 0.80246
1.496 0.730096
1.512 1.09674
1.528 0.5263
1.56 0.953937
1.576 0.894719
1.608 0.498298
1.624 0.760897
1.64 0.397171
1.656 0.748785
1.672 0.593671
1.704 0.559706
1.72 0.885862
1.752 1.09657
1.768 0.850028
1.784 0.938166
1.8 0.692417
1.816 0.683168
1.832 0.951885
1.848 0.825828
1.864 1.13279
1.88 1.71441
1.896 0.860908
1.912 1.08814
1.928 1.13662
1.944 1.51392
1.96 1.35265
1.976 1.12426
1.992 1.50073
2.008 0.956763
2.024 1.29952
2.04 1.27628
2.056 1.40166
2.088 0.926668
2.104 1.45773
2.12 0.922216
2.136 0.745919
2.152 0.644659
2.168 0.704778
2.184 2.16857
2.2 0.965259
2.216 1.67136
2.232 1.04777
2.248 0.857073
2.264 0.929394
2.28 1.21828
2.296 0.992338
2.312 0.81281
2.328 0.868342
2.344 0.754071
2.36 1.79512
2.376 0.82979
2.392 0.81296
2.408 1.11382
2.424 0.863655
2.44 0.476477
2.456 0.782181
2.472 1.3887
2.488 0.940387
2.504 0.827837
2.52 0.684896
2.536 0.661233
2.552 0.59113
2.568 0.491707
2.584 1.41998
2.6 0.698787
2.616 0.481781
2.632 1.52305
2.648 0.734581
2.664 0.655995
2.68 1.36333
2.696 0.927529
2.712 1.04597
2.728 1.12713
2.744 0.631677
2.76 0.948366
2.776 1.43785
2.792 0.720091
2.808 0.945036
2.824 0.948247
2.84 0.794029
2.856 0.815776
2.872 1.11392
2.888 0.975728
2.904 0.819662
2.92 1.00945
2.936 0.815571
2.952 1.61918
2.968 1.40838
2.984 0.524194
3 1.27979
3.016 1.24626
3.032 1.35515
3.048 0.931162
3.064 0.893227
3.08 1.56325
3.096 1.07988
3.112 0.929839
3.128 1.27864
3.144 1.10768
3.16 0.64981
3.176 1.57582
3.192 1.20736
3.208 1.11256
3.224 0.788932
3.24 1.04512
3.256 0.835123
3.272 1.10159
3.288 1.04708
3.304 0.87602
3.32 1.35487
3.336 0.755163
3.352 1.30339
3.368 0.643918
3.384 1.3397
3.4 0.852912
3.416 1.06373
3.432 0.931324
3.448 0.793959
3.464 1.33995
3.48 1.43185
3.496 0.824187
3.512 1.25122
3.528 0.973666
3.544 1.14047
3.56 0.962289
3.576 0.639326
3.592 0.723153
3.608 1.1802
3.624 1.13216
3.64 0.725672
3.656 0.918952
3.672 0.775611
3.688 0.813582
3.704 0.531475
3.72 0.995809
3.736 0.788958
3.752 0.996638
3.768 1.11912
3.784 0.972466
3.8 0.810154
3.816 0.56852
3.832 1.20102
3.848 1.28321
3.864 1.13794
3.88 0.942798
3.896 1.07736
3.912 1.06828
3.928 0.774055
3.944 0.996148
3.96 1.10652
3.976 1.07584
3.992 0.457572
4.008 1.30913
4.024 1.1974
4.04 0.734143
4.056 1.14736
4.072 1.54775
4.088 1.19594
4.104 1.32467
4.12 1.22793
4.136 1.19864
4.152 1.03131
4.168 1.3795
4.184 1.08917
4.2 0.918959
4.216 0.749452
4.232 1.6075
4.248 0.766298
4.264 1.0461
4.28 0.746114
4.296 1.28192
4.312 1.01033
4.328 0.692744
4.344 0.88353
4.36 0.98433
4.376 0.848857
4.392 0.851932
4.408 0.92774
4.424 0.884595
4.44 0.671563
4.456 1.43143
4.472 0.91647
4.488 0.79567
4.504 0.985695
4.52 0.913892
4.536 0.954064
4.552 1.22517
4.568 0.905618
4.584 0.970412
4.6 0.841774
4.616 1.09278
4.632 0.91128
4.648 0.998231
4.664 0.832646
4.68 0.965791
4.696 1.15283
4.712 0.744977
4.728 1.22684
4.744 0.934668
4.76 0.988046
4.776 1.05419
4.792 1.17206
4.808 0.877092
4.824 0.968865
4.84 1.24111
4.856 1.19187
4.872 0.964701
4.888 0.924925
4.904 0.988448
4.92 0.840338
4.936 1.72772
4.952 0.863799
4.968 1.10562
4.984 0.96482
5 1.27435
5.016 0.99728
5.032 1.17714
5.048 1.38802
5.064 0.771801
5.08 1.07593
5.096 0.826802
5.112 1.01796
5.128 1.43358
5.144 1.11091
5.16 0.854415
5.176 0.807751
5.192 0.924265
5.208 1.02611
5.224 1.17564
5.24 1.00054
5.256 1.38814
5.272 0.73849
5.288 0.975317
5.304 0.645058
5.32 0.844029
5.336 1.0364
5.352 0.982638
5.368 1.10386
5.384 1.1133
5.4 0.982971
5.416 0.891974
5.432 0.861195
5.448 0.951411
5.464 0.957877
5.48 0.950977
5.496 1.16112
5.512 0.727568
5.528 1.16069
5.544 1.09068
5.56 0.896457
5.576 0.790545
5.592 1.23276
5.608 1.06386
5.624 0.724627
5.64 1.14366
5.656 0.805138
5.672 1.02843
5.688 0.573215
5.704 1.02852
5.72 1.07028
5.736 1.40622
5.752 1.10266
5.768 0.87291
5.784 0.956661
5.8 0.86286
5.816 1.12983
5.832 0.95936
5.848 1.22566
5.864 0.639814
5.88 0.84575
5.896 1.06523
5.912 1.1725
5.928 1.58665
5.944 0.953938
5.96 0.920185
5.976 1.60215
5.992 0.938168
6.008 1.03429
6.024 0.81707
6.04 0.868543
6.056 0.995241
6.072 1.38614
6.088 1.1065
6.104 0.763691
6.12 1.05191
6.136 1.09962
6.152 0.940759
6.168 0.738497
6.184 0.805893
6.2 0.748925
6.216 1.21977
6.232 1.15345
6.248 1.11203
6.264 0.756689
6.28 0.888777
6.296 0.9573
6.312 0.841428
6.328 1.24429
6.344 1.10034
6.36 1.04096
6.376 0.745557
6.392 0.815005
6.408 0.921914
6.424 0.77341
6.44 1.13971
6.456 1.14532
6.472 0.895182
6.488 0.819567
6.504 1.03651
6.52 0.828314
6.536 0.767565
6.552 1.08085
6.568 1.21876
6.584 0.864452
6.6 1.32043
6.616 1.22743
6.632 1.15043
6.648 1.28606
6.664 1.09783
6.68 0.845026
6.696 0.835021
6.712 0.909731
6.728 1.10302
6.744 0.992888
6.76 0.698958
6.776 0.857843
6.792 1.19733
6.808 0.9362
6.824 1.14065
6.84 1.16821
6.856 0.956613
6.872 0.900245
6.888 1.11883
6.904 0.988821
6.92 1.34337
6.936 1.02978
6.952 1.08281
6.968 0.878714
6.984 1.44401
7 1.07209
7.016 1.00632
7.032 1.10953
7.048 0.74031
7.064 1.11465
7.08 0.997737
7.096 1.04981
7.112 0.902116
7.128 1.02786
7.144 0.983856
7.16 1.10551
7.176 1.36532
7.192 0.834428
7.208 0.882897
7.224 0.987972
7.24 0.800533
7.256 1.22628
7.272 0.989959
7.288 0.944986
7.304 0.923719
7.32 0.921112
7.336 1.04187
7.352 0.936226
7.368 0.699487
7.384 0.783723
7.4 0.947841
7.416 0.638343
7.432 1.10143
7.448 0.902562
7.464 0.738324
7.48 0.996174
7.496 1.05798
7.512 0.817268
7.528 1.1137
7.544 1.11512
7.56 1.09507
7.576 1.06962
7.592 1.50912
7.608 1.10856
7.624 0.919633
7.64 0.854639
7.656 0.780609
7.672 1.20619
7.688 0.747191
7.704 0.823958
7.72 1.06048
7.736 1.26704
7.752 0.702224
7.768 1.04478
7.784 0.990582
7.8 0.950269
7.816 1.20415
7.832 0.803061
7.848 1.03392
7.864 1.02739
7.88 1.11253
7.896 0.639424
7.912 1.23204
7.928 0.816593
7.944 1.12666
7.96 0.86408
7.976 0.947066
7.992 1.11197
