0.101494 0.0832244
0.132722 0.104318
0.19518 0.0192443
0.210794 0.0288056
0.273252 0.0477326
0.288866 0.00829691
0.304481 0.0332549
0.351324 0.0254943
0.382553 0.0319805
0.398167 0.00997935
0.413782 0.00705402
0.429396 0.0179898
0.491854 0.0148831
0.523082 0.0162941
0.554311 0.00745509
0.569926 0.0154893
0.58554 0.0569681
0.601154 0.0814068
0.616769 0.0251806
0.632383 0.0591834
0.647998 0.054951
0.679226 0.0460126
0.694841 0.0556425
0.710455 0.0715841
0.741684 0.11095
0.757298 0.0478649
0.772913 0.0581523
0.788527 0.252427
0.804142 0.17611
0.83537 0.99601
0.866599 0.598037
0.882214 2.35647
0.897828 2.09215
0.913442 1.52939
0.929057 1.05575
0.960286 0.479666
0.9759 0.417803
0.991514 0.665938
1.00713 0.96073
1.02274 0.724521
1.03836 1.49665
1.05397 1.76734
1.06959 0.719633
1.0852 2.75433
1.10082 7.54149
1.11643 3.34464
1.13204 2.57467
1.14766 5.11695
1.17889 1.21841
1.1945 1.71163
1.21012 0.419819
1.22573 1.43612
1.24134 0.528736
1.25696 0.884213
1.27257 1.23493
1.28819 1.14098
1.3038 1.12918
1.31942 0.494791
1.33503 0.619142
1.35065 1.26775
1.36626 0.609286
1.38187 0.604827
1.39749 1.07826
1.4131 1.00907
1.42872 0.840976
1.44433 0.856588
1.45995 0.523695
1.47556 0.681715
1.49118 0.567769
1.5224 0.539974
1.53802 1.46111
1.56925 0.506137
1.58486 0.636322
1.60048 0.482634
1.61609 0.979767
1.6317 0.812859
1.66293 0.738477
1.67855 0.353878
1.70978 0.553387
1.72539 0.638855
1.74101 0.606218
1.75662 0.687536
1.77223 0.343037
1.78785 0.922858
1.80346 0.32627
1.81908 0.783129
1.83469 0.983965
1.85031 0.7607
1.86592 0.349662
1.88154 0.912568
1.89715 1.67014
1.91276 0.902335
1.92838 1.8307
1.94399 0.859225
1.95961 1.89074
1.97522 1.02169
1.99084 0.953429
2.00645 1.00114
2.03768 0.773043
2.05329 1.09898
2.06891 1.29233
2.08452 0.848186
2.10014 1.72597
2.11575 0.614926
2.13137 0.567087
2.14698 0.75932
2.16259 1.24485
2.17821 0.63669
2.19382 1.05386
2.20944 1.6516
2.22505 1.78503
2.24067 0.671493
2.25628 1.09114
2.2719 1.12036
2.28751 0.994067
2.30312 0.794313
2.31874 1.18098
2.33435 0.833308
2.34997 1.29879
2.36558 1.33777
2.3812 0.700744
2.39681 1.54305
2.41242 1.16345
2.42804 1.08009
2.44365 1.51227
2.45927 0.750475
2.47488 0.694309
2.4905 0.941207
2.50611 0.863528
2.52173 1.44283
2.53734 0.891791
2.55295 1.08031
2.56857 0.726451
2.58418 1.40589
2.5998 0.659326
2.61541 0.550269
2.63103 1.0456
2.64664 0.82483
2.66226 1.17952
2.67787 1.04383
2.69348 0.442729
2.7091 0.655812
2.72471 1.59064
2.74033 0.83042
2.75594 0.798406
2.77156 0.883809
2.78717 0.661518
2.80279 0.567326
2.8184 0.356124
2.83401 0.909078
2.84963 0.732078
2.86524 0.584923
2.88086 0.938048
2.89647 0.805492
2.91209 1.48483
2.9277 1.05594
2.94331 1.28528
2.95893 1.25123
2.97454 0.812997
2.99016 1.11127
3.00577 0.854801
3.02139 1.19196
3.037 1.17159
3.05262 1.05781
3.06823 0.712686
3.08384 0.668647
3.09946 0.704333
3.11507 1.15684
3.13069 1.08321
3.1463 0.817826
3.16192 0.953425
3.17753 0.978957
3.19315 0.960811
3.20876 1.04647
3.22437 1.16891
3.23999 0.901026
3.2556 0.922413
3.27122 1.82409
3.28683 1.43041
3.30245 0.855076
3.31806 0.992031
3.33367 1.01149
3.34929 0.72454
3.3649 0.894934
3.38052 1.31853
3.39613 1.24514
3.41175 1.057
3.42736 0.856966
3.44298 1.28543
3.45859 0.783478
3.4742 2.72269
3.48982 1.02669
3.50543 0.882857
3.52105 0.926804
3.53666 0.97643
3.55228 0.936661
3.56789 1.15792
3.58351 1.065
3.59912 1.43688
3.61473 0.861372
3.63035 1.21331
3.64596 0.563665
3.66158 1.33975
3.67719 1.50739
3.69281 0.87048
3.70842 1.22031
3.72403 1.02554
3.73965 0.824375
3.75526 1.07296
3.77088 0.81764
3.78649 0.842233
3.80211 0.829384
3.81772 1.1205
3.83334 0.919574
3.84895 0.907747
3.86456 1.00224
3.88018 1.06717
3.89579 0.790557
3.91141 1.07605
3.92702 1.02822
3.94264 0.918935
3.95825 0.582449
3.97387 0.804635
3.98948 1.06122
4.00509 0.871568
4.02071 0.900418
4.03632 1.0353
4.05194 1.17086
4.06755 1.1318
4.08317 0.937134
4.09878 0.935004
4.11439 1.05593
4.13001 1.28114
4.14562 0.897802
4.16124 0.944433
4.17685 1.05569
4.19247 0.701858
4.20808 0.934361
4.2237 0.905102
4.23931 1.22849
4.25492 1.02444
4.27054 0.73597
4.28615 0.829161
4.30177 0.916413
4.31738 1.06564
4.333 0.718501
4.34861 1.18158
4.36423 1.01838
4.37984 0.983081
4.39545 0.853217
4.41107 0.864381
4.42668 1.25695
4.4423 0.884982
4.45791 0.759332
4.47353 0.968743
4.48914 1.17638
4.50475 1.1672
4.52037 1.23589
4.53598 0.901166
4.5516 1.07846
4.56721 0.853085
4.58283 0.971481
4.59844 1.14015
4.61406 1.16499
4.62967 1.4978
4.64528 1.05377
4.6609 0.729416
4.67651 0.805966
4.69213 0.885037
4.70774 1.00813
4.72336 1.23482
4.73897 1.08716
4.75459 1.24516
4.7702 0.945073
4.78581 1.07395
4.80143 1.12322
4.81704 0.845925
4.83266 1.25375
4.84827 0.870994
4.86389 1.18718
4.8795 1.21105
4.89511 0.905383
4.91073 1.21719
4.92634 0.916906
4.94196 1.41199
4.95757 0.643543
4.97319 0.846268
4.9888 1.31549
5.00442 0.864115
5.02003 1.19062
5.03564 0.929487
5.05126 0.910061
5.06687 0.886009
5.08249 0.664981
5.0981 1.1142
5.11372 0.761593
5.12933 1.26721
5.14495 1.2748
5.16056 0.913244
5.17617 0.854639
5.19179 1.23424
5.2074 0.705103
5.22302 0.729851
5.23863 0.701023
5.25425 0.873448
5.26986 1.08292
5.28547 1.02703
5.30109 0.738277
5.3167 1.07327
5.33232 0.969048
5.34793 1.05439
5.36355 0.911256
5.37916 0.881568
5.39478 1.24242
5.41039 0.716849
5.426 1.06201
5.44162 0.787939
5.45723 0.918807
5.47285 1.31982
5.48846 0.811221
5.50408 0.808207
5.51969 0.915228
5.53531 0.886262
5.55092 0.983901
5.56653 1.2184
5.58215 0.809263
5.59776 0.989732
5.61338 0.822507
5.62899 0.755006
5.64461 0.834176
5.66022 1.42526
5.67583 1.19729
5.69145 0.729301
5.70706 1.28393
5.72268 0.753788
5.73829 1.04127
5.75391 0.857477
5.76952 1.00606
5.78514 0.915387
5.80075 1.11564
5.81636 1.12857
5.83198 0.929995
5.84759 0.878628
5.86321 0.809774
5.87882 1.09489
5.89444 1.32779
5.91005 0.810259
5.92567 1.0483
5.94128 0.969709
5.95689 1.0098
5.97251 1.25473
5.98812 1.00476
6.00374 1.0925
6.01935 0.922504
6.03497 1.43606
6.05058 1.34008
6.06619 1.27632
6.08181 1.27894
6.09742 0.572846
6.11304 1.02801
6.12865 0.965102
6.14427 1.14006
6.15988 0.989835
6.1755 0.843365
6.19111 1.13521
6.20672 0.911604
6.22234 0.943045
6.23795 1.26525
6.25357 1.00036
6.26918 0.85577
6.2848 0.914213
6.30041 0.951717
6.31603 1.27828
6.33164 0.771111
6.34725 0.857931
6.36287 1.0796
6.37848 1.10372
6.3941 0.889685
6.40971 0.70171
6.42533 0.698144
6.44094 0.99999
6.45655 0.852475
6.47217 1.14766
6.48778 0.77796
6.5034 0.945234
6.51901 1.11273
6.53463 1.30426
6.55024 0.796513
6.56586 1.31989
6.58147 0.885175
6.59708 0.983591
6.6127 0.889824
6.62831 0.810223
6.64393 0.89946
6.65954 0.818488
6.67516 0.852809
6.69077 0.929386
6.70639 0.743467
6.722 0.930367
6.73761 1.13824
6.75323 0.943088
6.76884 1.03901
6.78446 0.862122
6.80007 0.772092
6.81569 1.08482
6.8313 0.882997
6.84691 0.811911
6.86253 0.945018
6.87814 1.06407
6.89376 0.831222
6.90937 0.965591
6.92499 1.31675
6.9406 1.06019
6.95622 1.15111
6.97183 0.890534
6.98744 1.07933
7.00306 1.28503
7.01867 1.25658
7.03429 1.20517
7.0499 1.07582
7.06552 1.25204
7.08113 1.24588
7.09675 1.20309
7.11236 1.19178
7.12797 1.01924
7.14359 1.03665
7.1592 1.22689
7.17482 1.09493
7.19043 1.06754
7.20605 0.978278
7.22166 0.906957
7.23727 1.13545
7.25289 0.964565
7.2685 1.00366
7.28412 1.10697
7.29973 1.05003
7.31535 0.992771
7.33096 1.19957
7.34658 1.01454
7.36219 1.15269
7.3778 1.08163
7.39342 0.733394
7.40903 1.25863
7.42465 0.781318
7.44026 0.849867
7.45588 1.0595
7.47149 0.822058
7.48711 1.13624
7.50272 0.748891
7.51833 0.877761
7.53395 1.2366
7.54956 0.924364
7.56518 0.716159
7.58079 1.0002
7.59641 0.991971
7.61202 0.645405
7.62763 1.21297
7.64325 0.637448
7.65886 0.913163
7.67448 0.729175
7.69009 1.01363
7.70571 0.612647
7.72132 1.04027
7.73694 0.734665
7.75255 0.991609
7.76816 0.969449
7.78378 0.909147
7.79939 1.10432
