0.105056 0.000307095
0.137381 0.000172499
0.202031 0.000203561
0.218193 0.00070162
0.282843 0.00621009
0.299005 0.00764019
0.315168 0.0105876
0.363655 0.0278123
0.39598 0.0198316
0.412142 0.0155675
0.428305 0.0198807
0.444467 0.0178558
0.509117 0.0381395
0.541442 0.0702623
0.573767 0.016378
0.589929 0.047098
0.606092 0.153878
0.622254 0.177568
0.638416 0.0582064
0.654579 0.124412
0.670741 0.140243
0.703066 0.0356364
0.719229 0.0885154
0.735391 0.117269
0.767716 0.288571
0.783878 0.231848
0.800041 0.131438
0.816203 0.237214
0.832366 0.234397
0.864691 1.16442
0.897015 0.925989
0.913178 2.69115
0.92934 2.66713
0.945503 1.88123
0.961665 1.13804
0.99399 0.622125
1.01015 0.44805
1.02631 0.627803
1.04248 0.860604
1.05864 1.09323
1.0748 1.61728
1.09096 1.54909
1.10713 0.918658
1.12329 2.70262
1.13945 5.90714
1.15561 3.27533
1.17178 2.39859
1.18794 5.13208
1.22026 1.07188
1.23643 1.42609
1.25259 0.544087
1.26875 1.10268
1.28491 0.526595
1.30108 0.93636
1.31724 1.01371
1.3334 0.883365
1.34956 0.927506
1.36573 0.535031
1.38189 0.568517
1.39805 0.91089
1.41421 0.673324
1.43038 0.53893
1.44654 0.981704
1.4627 0.827171
1.47886 0.611618
1.49503 0.791301
1.51119 0.428352
1.52735 0.746465
1.54351 0.428407
1.57584 0.427019
1.592 1.60341
1.62433 0.526389
1.64049 0.706974
1.65665 0.384845
1.67281 1.04102
1.68898 0.710576
1.7213 0.701005
1.73746 0.483234
1.76979 0.624625
1.78595 0.833162
1.80211 0.698212
1.81827 0.653003
1.83444 0.255465
1.8506 0.914485
1.86676 0.424838
1.88292 0.798493
1.89909 1.19318
1.91525 0.824531
1.93141 0.308958
1.94757 1.11274
1.96374 1.93004
1.9799 0.979882
1.99606 2.23223
2.01222 0.983051
2.02839 1.94866
2.04455 1.21362
2.06071 1.08495
2.07687 1.10575
2.1092 0.790773
2.12536 1.15204
2.14152 1.36227
2.15769 0.723957
2.17385 1.87281
2.19001 0.766185
2.20617 0.566547
2.22234 0.883437
2.2385 1.28281
2.25466 0.860047
2.27082 0.871553
2.28699 1.65428
2.30315 1.73308
2.31931 0.759726
2.33547 0.77458
2.35164 0.960143
2.3678 1.01613
2.38396 0.615526
2.40012 1.01394
2.41628 0.728576
2.43245 1.18837
2.44861 1.07376
2.46477 0.606186
2.48093 1.56176
2.4971 1.23294
2.51326 1.06273
2.52942 1.25116
2.54558 0.870896
2.56175 0.719099
2.57791 0.877134
2.59407 0.611535
2.61023 1.35348
2.6264 0.85546
2.64256 1.05872
2.65872 0.696541
2.67488 1.22192
2.69105 0.571795
2.70721 0.541565
2.72337 0.993507
2.73953 0.737978
2.7557 1.32996
2.77186 1.00864
2.78802 0.427098
2.80418 0.704417
2.82035 1.25597
2.83651 0.819623
2.85267 0.747445
2.86883 0.913949
2.885 0.707743
2.90116 0.485
2.91732 0.447129
2.93348 0.979897
2.94965 0.714449
2.96581 0.661689
2.98197 0.869108
2.99813 0.963784
3.0143 1.57313
3.03046 1.20643
3.04662 1.47662
3.06278 1.35973
3.07894 0.989027
3.09511 1.03241
3.11127 0.816905
3.12743 1.43682
3.14359 1.15135
3.15976 1.10129
3.17592 0.667469
3.19208 0.794639
3.20824 0.710421
3.22441 1.31358
3.24057 1.18478
3.25673 1.03695
3.27289 1.01018
3.28906 0.941241
3.30522 1.06862
3.32138 1.25506
3.33754 1.10657
3.35371 1.00658
3.36987 0.984329
3.38603 1.69581
3.40219 1.43802
3.41836 0.927627
3.43452 0.932208
3.45068 1.11942
3.46684 0.921812
3.48301 0.782549
3.49917 1.34057
3.51533 1.29105
3.53149 0.913173
3.54766 0.798541
3.56382 1.16409
3.57998 0.852347
3.59614 2.63934
3.61231 1.07865
3.62847 0.713175
3.64463 0.932124
3.66079 0.91717
3.67696 0.717858
3.69312 0.979667
3.70928 0.941128
3.72544 1.29763
3.74161 0.776943
3.75777 1.06984
3.77393 0.668937
3.79009 1.23372
3.80625 1.25425
3.82242 0.79073
3.83858 1.19051
3.85474 0.870984
3.8709 0.80852
3.88707 0.92253
3.90323 0.974734
3.91939 0.813631
3.93555 0.783424
3.95172 1.12342
3.96788 0.934576
3.98404 0.814689
4.0002 0.938849
4.01637 1.08965
4.03253 0.922248
4.04869 1.13874
4.06485 1.11433
4.08102 0.834847
4.09718 0.574464
4.11334 0.9515
4.1295 1.11713
4.14567 0.854187
4.16183 0.965626
4.17799 0.997302
4.19415 1.35641
4.21032 1.11417
4.22648 1.02174
4.24264 0.963486
4.2588 1.10876
4.27497 1.41628
4.29113 0.889145
4.30729 0.817162
4.32345 1.11848
4.33962 0.829695
4.35578 1.16855
4.37194 1.01349
4.3881 1.2206
4.40427 1.10925
4.42043 0.982085
4.43659 0.779296
4.45275 0.983125
4.46891 1.09817
4.48508 0.810173
4.50124 1.27926
4.5174 0.995037
4.53356 0.892688
4.54973 0.903709
4.56589 0.87385
4.58205 1.31867
4.59821 1.08195
4.61438 0.842046
4.63054 0.907851
4.6467 1.23271
4.66286 1.05062
4.67903 1.19604
4.69519 0.842901
4.71135 1.01024
4.72751 0.790549
4.74368 0.900365
4.75984 1.14946
4.776 1.0216
4.79216 1.43887
4.80833 0.975929
4.82449 0.73515
4.84065 0.798541
4.85681 0.893753
4.87298 0.976513
4.88914 1.11247
4.9053 1.22233
4.92146 1.29388
4.93763 0.882782
4.95379 0.902073
4.96995 1.03315
4.98611 0.83252
5.00228 1.0876
5.01844 0.730388
5.0346 0.937294
5.05076 1.05732
5.06693 0.853866
5.08309 1.21068
5.09925 0.97355
5.11541 1.19773
5.13157 0.686085
5.14774 0.893165
5.1639 1.37798
5.18006 0.946698
5.19622 1.19829
5.21239 1.03286
5.22855 1.00239
5.24471 0.895478
5.26087 0.637017
5.27704 1.13938
5.2932 0.731331
5.30936 1.28121
5.32552 1.23301
5.34169 0.798357
5.35785 0.913463
5.37401 1.32167
5.39017 0.79679
5.40634 0.735416
5.4225 0.854827
5.43866 1.00226
5.45482 1.13243
5.47099 0.948687
5.48715 0.676917
5.50331 1.06622
5.51947 1.092
5.53564 1.05763
5.5518 1.02607
5.56796 0.909453
5.58412 1.33941
5.60029 0.779046
5.61645 1.18528
5.63261 0.782102
5.64877 0.95872
5.66494 1.36993
5.6811 0.947653
5.69726 0.913056
5.71342 0.927766
5.72959 0.9633
5.74575 0.966378
5.76191 1.12711
5.77807 0.8399
5.79423 1.02558
5.8104 0.764693
5.82656 0.793426
5.84272 0.794445
5.85888 1.43132
5.87505 1.18071
5.89121 0.687386
5.90737 1.28723
5.92353 0.693613
5.9397 1.06724
5.95586 0.850335
5.97202 1.04771
5.98818 0.960193
6.00435 1.00154
6.02051 1.18038
6.03667 0.883217
6.05283 0.797099
6.069 0.727847
6.08516 0.944004
6.10132 1.19926
6.11748 0.838321
6.13365 1.14606
6.14981 0.887032
6.16597 1.00754
6.18213 1.19666
6.1983 0.849454
6.21446 1.03603
6.23062 0.852666
6.24678 1.46167
6.26295 1.26148
6.27911 1.12446
6.29527 1.23147
6.31143 0.581004
6.3276 1.0628
6.34376 0.936692
6.35992 0.99921
6.37608 0.982688
6.39225 0.91038
6.40841 1.13406
6.42457 0.981117
6.44073 0.901655
6.4569 1.40652
6.47306 1.00762
6.48922 0.828569
6.50538 0.998405
6.52154 1.10834
6.53771 1.27945
6.55387 0.79406
6.57003 0.860967
6.58619 1.05526
6.60236 1.10506
6.61852 0.844199
6.63468 0.755986
6.65084 0.776652
6.66701 1.07188
6.68317 0.899015
6.69933 1.19175
6.71549 0.834168
6.73166 1.06246
6.74782 1.14543
6.76398 1.3549
6.78014 0.895113
6.79631 1.383
6.81247 0.903045
6.82863 1.00812
6.84479 1.02235
6.86096 0.798458
6.87712 0.935804
6.89328 0.778638
6.90944 0.840727
6.92561 0.939968
6.94177 0.69327
6.95793 0.854962
6.97409 1.14492
6.99026 1.02264
7.00642 1.0404
7.02258 0.929031
7.03874 0.866163
7.05491 1.06042
7.07107 0.992269
7.08723 0.739901
7.10339 0.999586
7.11956 1.04625
7.13572 0.808003
7.15188 0.904606
7.16804 1.29279
7.1842 0.981067
7.20037 1.04813
7.21653 0.917366
7.23269 0.975319
7.24885 1.3164
7.26502 1.19251
7.28118 1.18808
7.29734 0.94877
7.3135 1.30388
7.32967 1.12582
7.34583 1.06144
7.36199 1.18282
7.37815 0.986462
7.39432 1.09254
7.41048 1.03251
7.42664 1.08706
7.4428 1.07495
7.45897 0.835648
7.47513 0.977401
7.49129 1.13277
7.50745 0.856099
7.52362 1.06313
7.53978 1.11549
7.55594 1.07548
7.5721 0.932804
7.58827 1.12161
7.60443 1.0322
7.62059 1.14555
7.63675 1.11928
7.65292 0.692236
7.66908 1.14304
7.68524 0.78961
7.7014 0.672405
7.71757 1.03546
7.73373 0.827984
7.74989 1.15148
7.76605 0.803809
7.78222 0.969384
7.79838 1.28525
7.81454 0.995101
7.8307 0.718204
7.84686 1.1186
7.86303 1.04756
7.87919 0.60802
7.89535 1.36619
7.91151 0.615468
7.92768 1.01133
7.94384 0.957835
7.96 0.923773
7.97616 0.772338
7.99233 1.00206
8.00849 0.77159
8.02465 1.07863
8.04081 1.11607
8.05698 0.970432
8.07314 1.24452
