0.0735391 2.2348e-05
0.0961665 3.46712e-05
0.141421 0.000156879
0.152735 0.00012825
0.19799 0.000182866
0.209304 2.06412e-05
0.220617 7.12188e-05
0.254558 0.000211682
0.277186 0.000487518
0.2885 0.000368106
0.299813 0.000123303
0.311127 0.000656182
0.356382 0.00116322
0.379009 0.00152287
0.401637 0.00433008
0.41295 0.00206638
0.424264 0.00364339
0.435578 0.000703694
0.446891 0.00129382
0.458205 0.00154319
0.469519 0.00152804
0.492146 0.00533069
0.50346 0.00181769
0.514774 0.00387664
0.537401 0.00583584
0.548715 0.00575516
0.560029 0.00954305
0.571342 0.0052664
0.582656 0.00452967
0.605283 0.0219177
0.627911 0.0434221
0.639225 0.0313123
0.650538 0.058779
0.661852 0.0200632
0.673166 0.0437228
0.695793 0.0449298
0.707107 0.023027
0.71842 0.00772181
0.729734 0.0437405
0.741048 0.029104
0.752362 0.0380746
0.763675 0.0401511
0.774989 0.0368866
0.786303 0.024201
0.797616 0.0301554
0.80893 0.0742135
0.820244 0.0989602
0.831558 0.0594103
0.854185 0.403352
0.865499 1.32894
0.876812 0.606022
0.888126 4.75466
0.89944 1.67798
0.910754 7.51129
0.922067 2.40126
0.933381 3.64415
0.944695 1.15266
0.956008 1.3897
0.967322 0.515515
0.978636 0.911206
0.989949 0.61368
1.00126 0.430332
1.01258 0.315029
1.02389 0.789798
1.0352 0.19441
1.04652 0.328419
1.05783 0.283423
1.06915 0.617572
1.08046 1.12246
1.10309 1.49257
1.1144 0.477245
1.13703 9.52029
1.14834 2.23475
1.15966 1.08814
1.17097 5.4255
1.18228 3.28152
1.20491 0.810756
1.21622 0.444733
1.23885 0.646934
1.25016 0.210565
1.26148 0.171291
1.27279 0.223853
1.28411 0.171021
1.29542 0.239556
1.30673 0.209294
1.31805 0.159435
1.32936 0.300764
1.34067 0.51691
1.35199 0.443969
1.3633 0.281915
1.37462 1.05353
1.38593 0.211419
1.39724 0.316184
1.40856 1.30104
1.41987 0.697904
1.43118 1.34453
1.4425 0.709267
1.45381 0.879533
1.47644 0.34476
1.48775 0.374493
1.49907 0.224842
1.51038 0.21914
1.52169 0.424342
1.53301 0.204304
1.54432 0.362406
1.55563 0.388631
1.56695 0.370924
1.57826 0.657043
1.58958 0.425187
1.60089 0.144381
1.6122 0.3694
1.62352 0.419947
1.63483 0.395264
1.64614 1.26547
1.65746 0.460996
1.66877 0.424316
1.68009 0.683445
1.6914 0.219432
1.70271 1.9429
1.71403 1.82665
1.72534 0.484127
1.73665 0.861515
1.74797 0.696329
1.75928 1.82781
1.7706 0.851186
1.78191 1.11725
1.79322 0.282924
1.80454 0.511912
1.81585 0.220476
1.82716 1.23351
1.83848 0.830013
1.84979 0.860748
1.86111 0.434892
1.87242 0.605458
1.88373 0.640738
1.89505 0.694243
1.90636 0.702323
1.91767 1.37543
1.92899 0.765582
1.9403 1.02561
1.95161 3.25283
1.96293 4.16968
1.97424 0.663586
1.98556 1.74305
1.99687 0.95639
2.00818 0.992972
2.0195 1.16205
2.03081 1.52324
2.04212 1.47436
2.05344 1.24918
2.06475 0.77574
2.07607 0.828928
2.08738 0.564045
2.09869 0.624857
2.11001 0.647555
2.12132 1.51925
2.13263 0.672161
2.14395 1.30663
2.15526 0.818959
2.16658 0.680156
2.17789 1.4729
2.1892 0.81473
2.20052 1.00311
2.21183 1.45155
2.22314 0.997547
2.23446 1.34126
2.24577 1.34319
2.25708 1.08764
2.2684 1.29231
2.27971 3.49779
2.29103 0.747455
2.30234 0.558257
2.31365 1.95408
2.32497 0.948304
2.33628 0.855948
2.34759 0.562234
2.35891 0.729568
2.37022 0.322518
2.38154 0.71958
2.39285 0.634365
2.40416 0.656554
2.41548 0.48765
2.42679 2.66997
2.4381 1.17535
2.44942 0.777267
2.46073 1.80431
2.47205 0.814065
2.48336 1.08806
2.49467 0.963305
2.50599 1.23352
2.5173 1.49316
2.52861 1.35739
2.53993 1.32494
2.55124 0.930347
2.56255 0.428514
2.57387 0.406644
2.58518 0.263654
2.5965 0.660262
2.60781 0.902112
2.61912 0.76451
2.63044 0.4455
2.64175 0.895171
2.65306 0.610781
2.66438 0.783766
2.67569 0.840784
2.68701 0.463676
2.69832 0.972681
2.70963 0.830552
2.72095 1.49296
2.73226 1.01365
2.74357 2.3518
2.75489 1.01852
2.7662 1.25927
2.77752 0.920799
2.78883 0.801934
2.80014 1.13998
2.81146 0.886318
2.82277 0.889668
2.83408 0.762068
2.8454 1.04621
2.85671 0.807734
2.86803 0.937609
2.87934 1.20146
2.89065 0.841807
2.90197 0.767296
2.91328 0.832414
2.92459 0.695661
2.93591 1.29729
2.94722 0.588075
2.95853 0.811509
2.96985 0.888811
2.98116 0.618691
2.99248 1.37222
3.00379 1.47797
3.0151 0.939223
3.02642 1.44135
3.03773 0.965254
3.04904 1.33319
3.06036 0.820072
3.07167 0.991402
3.08299 0.940639
3.0943 0.860838
3.10561 1.2237
3.11693 1.26533
3.12824 0.834553
3.13955 0.864527
3.15087 0.703198
3.16218 0.76597
3.1735 0.847402
3.18481 1.58409
3.19612 1.0022
3.20744 0.779903
3.21875 0.563714
3.23006 1.06364
3.24138 1.33264
3.25269 1.23495
3.264 0.862022
3.27532 1.03503
3.28663 0.978018
3.29795 1.55058
3.30926 1.08055
3.32057 1.61213
3.33189 0.984694
3.3432 0.898535
3.35451 1.12863
3.36583 0.81052
3.37714 1.2985
3.38846 1.24727
3.39977 1.2272
3.41108 1.31262
3.4224 1.57108
3.43371 0.760711
3.44502 1.33056
3.45634 1.84642
3.46765 0.87963
3.47897 0.925731
3.49028 0.718307
3.50159 0.922702
3.51291 0.734172
3.52422 0.831429
3.53553 0.954673
3.54685 0.749688
3.55816 0.979349
3.56948 0.919949
3.58079 0.974114
3.5921 0.573518
3.60342 1.12553
3.61473 0.811606
3.62604 1.56139
3.63736 0.732976
3.64867 1.04123
3.65998 0.634376
3.6713 1.14846
3.68261 1.01402
3.69393 0.895674
3.70524 0.798971
3.71655 0.9325
3.72787 0.853629
3.73918 0.719619
3.75049 1.08641
3.76181 0.732168
3.77312 0.606261
3.78444 0.721866
3.79575 0.839108
3.80706 0.986982
3.81838 1.59491
3.82969 1.04826
3.841 1.43667
3.85232 1.10433
3.86363 0.851454
3.87495 0.978557
3.88626 0.784047
3.89757 0.839466
3.90889 1.04704
3.9202 0.832443
3.93151 0.940404
3.94283 0.902338
3.95414 0.915906
3.96545 0.97115
3.97677 0.941884
3.98808 0.896642
3.9994 0.864701
4.01071 0.810871
4.02202 0.99441
4.03334 0.788809
4.04465 0.854821
4.05596 0.946357
4.06728 0.933153
4.07859 1.55485
4.08991 1.11339
4.10122 1.2343
4.11253 0.728957
4.12385 1.29795
4.13516 1.17029
4.14647 0.957827
4.15779 1.20837
4.1691 1.01242
4.18042 0.903997
4.19173 1.31027
4.20304 0.76385
4.21436 0.740107
4.22567 0.835939
4.23698 1.11745
4.2483 0.795682
4.25961 0.826588
4.27092 1.08445
4.28224 0.748144
4.29355 1.42689
4.30487 1.05866
4.31618 0.919167
4.32749 0.728044
4.33881 1.2726
4.35012 1.04848
4.36143 1.12621
4.37275 1.22254
4.38406 1.04497
4.39538 1.19179
4.40669 0.966864
4.418 1.16608
4.42932 0.935801
4.44063 1.17839
4.45194 1.13651
4.46326 0.890462
4.47457 0.98112
4.48589 0.859497
4.4972 1.17494
4.50851 0.972418
4.51983 1.04227
4.53114 1.0155
4.54245 0.773816
4.55377 1.18905
4.56508 1.30401
4.5764 1.29332
4.58771 1.05111
4.59902 1.26002
4.61034 1.23589
4.62165 0.84825
4.63296 1.02654
4.64428 0.900982
4.65559 1.21651
4.6669 0.741893
4.67822 0.939509
4.68953 0.729771
4.70085 1.27095
4.71216 1.19837
4.72347 1.35319
4.73479 1.21786
4.7461 1.05354
4.75741 0.739992
4.76873 0.659388
4.78004 0.771996
4.79136 0.835073
4.80267 0.973634
4.81398 0.981741
4.8253 0.895312
4.83661 1.08318
4.84792 0.86965
4.85924 1.11556
4.87055 0.922028
4.88187 1.20048
4.89318 1.10429
4.90449 1.07875
4.91581 0.978034
4.92712 0.925378
4.93843 0.917941
4.94975 0.992434
4.96106 0.983395
4.97237 0.77969
4.98369 0.867666
4.995 0.721483
5.00632 0.686394
5.01763 0.670583
5.02894 1.19462
5.04026 0.767311
5.05157 0.924466
5.06288 0.983158
5.0742 0.856831
5.08551 0.892252
5.09683 0.816727
5.10814 1.0783
5.11945 1.02963
5.13077 0.751769
5.14208 1.18465
5.15339 0.883486
5.16471 0.986963
5.17602 0.966693
5.18734 1.03899
5.19865 1.11076
5.20996 1.20459
5.22128 1.17606
5.23259 0.854153
5.2439 1.06591
5.25522 1.04621
5.26653 1.171
5.27785 1.34019
5.28916 1.22889
5.30047 0.708707
5.31179 0.884919
5.3231 1.3758
5.33441 1.2271
5.34573 1.1388
5.35704 0.888495
5.36835 0.810927
5.37967 1.01655
5.39098 1.05539
5.4023 0.828446
5.41361 0.939018
5.42492 0.73803
5.43624 0.879551
5.44755 0.739276
5.45886 0.986872
5.47018 0.96814
5.48149 0.883821
5.49281 1.40537
5.50412 1.07534
5.51543 1.27847
5.52675 1.16526
5.53806 0.688573
5.54937 0.732805
5.56069 0.915736
5.572 0.674181
5.58332 1.24407
5.59463 0.542621
5.60594 0.870287
5.61726 1.21861
5.62857 0.981895
5.63988 1.06907
5.6512 1.33381
