0.0758498 0.67238
0.0991882 0.433892
0.145865 0.224281
0.157534 0.112527
0.204211 0.0123842
0.21588 0.328334
0.227549 0.126223
0.262557 0.0315074
0.285895 0.260142
0.297565 0.10019
0.309234 0.0265505
0.320903 0.0287312
0.36758 0.122643
0.390918 0.113873
0.414257 0.0231453
0.425926 0.0686933
0.437595 0.456876
0.449264 0.216924
0.460933 0.0864674
0.472603 0.167997
0.484272 0.0483162
0.50761 0.375033
0.519279 0.184919
0.530949 0.0762256
0.554287 0.028155
0.565956 0.133559
0.577625 0.331486
0.589295 0.26853
0.600964 0.167151
0.624302 0.0876282
0.647641 0.394415
0.65931 2.39191
0.670979 0.507932
0.682648 0.437127
0.694317 0.138072
0.717656 0.281649
0.729325 0.443765
0.740994 0.348221
0.752663 0.403917
0.764333 0.55516
0.776002 0.236462
0.787671 0.479484
0.79934 2.57269
0.811009 0.825078
0.822679 0.26327
0.834348 2.69517
0.846017 6.77111
0.857686 0.578835
0.881025 0.555679
0.892694 0.566905
0.904363 0.147433
0.916032 0.415086
0.927701 0.325795
0.939371 0.73187
0.95104 0.470193
0.962709 0.241588
0.974378 0.454942
0.986047 0.843108
0.997717 0.148625
1.00939 0.705099
1.02105 0.173951
1.03272 0.492026
1.04439 0.617416
1.05606 0.764878
1.06773 0.411807
1.0794 0.431118
1.09107 0.642563
1.10274 0.132841
1.11441 0.541845
1.13775 0.380579
1.14942 0.452448
1.17275 0.941744
1.18442 1.38546
1.19609 0.464146
1.20776 0.408873
1.21943 1.05694
1.24277 2.8812
1.25444 0.841785
1.27778 5.4276
1.28945 2.02711
1.30112 3.487
1.31278 1.08678
1.32445 1.46792
1.33612 0.800016
1.34779 1.00319
1.35946 1.82042
1.37113 1.14934
1.3828 1.80848
1.39447 0.948191
1.40614 0.912444
1.41781 1.30396
1.42948 0.297842
1.44115 3.0285
1.45282 0.787249
1.46448 2.00234
1.47615 1.06366
1.48782 0.40503
1.49949 0.386341
1.52283 0.585545
1.5345 1.05332
1.54617 5.83337
1.55784 0.521321
1.56951 0.497114
1.58118 1.08921
1.59285 0.952484
1.60451 0.410735
1.61618 0.945931
1.62785 0.668822
1.63952 0.560516
1.65119 0.554716
1.66286 1.86387
1.67453 0.29332
1.6862 0.768238
1.69787 1.37896
1.70954 0.622889
1.72121 0.477774
1.73288 0.361329
1.74455 0.387616
1.75621 0.355789
1.76788 0.395433
1.77955 0.853739
1.79122 0.203765
1.80289 0.984824
1.81456 0.150713
1.82623 0.502251
1.8379 0.404473
1.84957 2.1189
1.86124 0.43734
1.87291 0.598023
1.88458 0.352263
1.89624 0.627173
1.90791 0.80011
1.91958 0.32124
1.93125 0.468472
1.94292 1.72208
1.95459 0.482401
1.96626 0.563595
1.97793 5.55891
1.9896 0.72192
2.00127 0.87713
2.01294 0.964677
2.02461 0.476585
2.03628 0.373967
2.04794 1.00308
2.05961 1.24997
2.07128 0.381764
2.08295 0.411021
2.09462 0.356836
2.10629 0.361763
2.11796 1.77732
2.12963 0.337475
2.1413 0.612697
2.15297 1.26371
2.16464 0.68908
2.17631 1.37465
2.18797 0.800528
2.19964 0.594062
2.21131 0.647017
2.22298 0.816178
2.23465 0.303555
2.24632 0.266311
2.25799 1.14997
2.26966 0.946786
2.28133 0.453114
2.293 0.393832
2.30467 0.794217
2.31634 0.681361
2.32801 1.06612
2.33967 0.730219
2.35134 0.991358
2.36301 0.540759
2.37468 0.372936
2.38635 0.535796
2.39802 0.925824
2.40969 0.845744
2.42136 0.83935
2.43303 0.530524
2.4447 0.769005
2.45637 1.69101
2.46804 2.4387
2.4797 1.54999
2.49137 2.42919
2.50304 0.322105
2.51471 0.770918
2.52638 2.06196
2.53805 0.295616
2.54972 4.98733
2.56139 1.29038
2.57306 1.20938
2.58473 2.22458
2.5964 0.945167
2.60807 0.677896
2.61974 1.81886
2.6314 1.07349
2.64307 0.675165
2.65474 1.7321
2.66641 1.04369
2.67808 1.04511
2.68975 1.79776
2.70142 0.719158
2.71309 1.56582
2.72476 0.315115
2.73643 0.637327
2.7481 0.872395
2.75977 1.03713
2.77143 0.656683
2.7831 1.58505
2.79477 0.822652
2.80644 0.57025
2.81811 1.00926
2.82978 0.580669
2.84145 0.726439
2.85312 0.659793
2.86479 0.577634
2.87646 0.541182
2.88813 0.658184
2.8998 0.409047
2.91147 0.404626
2.92313 0.898701
2.9348 0.639334
2.94647 0.779885
2.95814 0.424935
2.96981 0.604811
2.98148 0.639097
2.99315 1.04471
3.00482 0.78938
3.01649 1.24593
3.02816 0.562068
3.03983 0.913009
3.0515 1.87552
3.06316 0.991366
3.07483 0.851456
3.0865 1.60509
3.09817 2.03525
3.10984 1.29672
3.12151 0.909727
3.13318 0.605703
3.14485 1.09526
3.15652 1.33325
3.16819 0.918975
3.17986 1.82412
3.19153 0.630366
3.2032 0.925813
3.21486 0.599465
3.22653 0.753839
3.2382 1.4147
3.24987 2.18788
3.26154 0.985958
3.27321 1.35409
3.28488 0.547382
3.29655 0.806476
3.30822 0.602453
3.31989 0.994922
3.33156 0.555403
3.34323 0.691389
3.35489 0.823323
3.36656 0.80815
3.37823 0.582421
3.3899 0.899215
3.40157 1.31405
3.41324 0.999323
3.42491 1.23622
3.43658 0.919936
3.44825 1.44035
3.45992 0.805848
3.47159 0.602612
3.48326 0.742238
3.49493 0.575129
3.50659 0.967805
3.51826 1.02819
3.52993 0.709363
3.5416 0.510651
3.55327 0.687068
3.56494 0.916258
3.57661 0.634285
3.58828 0.878889
3.59995 0.709753
3.61162 0.696878
3.62329 1.29574
3.63496 0.641152
3.64662 0.750706
3.65829 0.949882
3.66996 1.03654
3.68163 0.636183
3.6933 0.914229
3.70497 0.340936
3.71664 1.44641
3.72831 1.82885
3.73998 1.19285
3.75165 0.932569
3.76332 1.05107
3.77499 1.28558
3.78666 1.17955
3.79832 0.717015
3.80999 1.20483
3.82166 1.71555
3.83333 1.7968
3.845 0.913256
3.85667 0.924308
3.86834 0.916061
3.88001 1.71141
3.89168 1.53406
3.90335 0.538079
3.91502 1.23988
3.92669 1.14378
3.93835 0.681156
3.95002 1.01138
3.96169 3.59868
3.97336 0.650185
3.98503 0.957995
3.9967 0.941245
4.00837 1.10964
4.02004 2.01468
4.03171 1.09543
4.04338 0.607919
4.05505 1.09509
4.06672 0.821149
4.07839 0.781355
4.09005 1.19803
4.10172 1.33707
4.11339 1.14069
4.12506 0.794723
4.13673 0.54953
4.1484 0.962433
4.16007 0.59557
4.17174 1.05117
4.18341 1.06173
4.19508 0.725707
4.20675 1.12786
4.21842 0.85053
4.23008 0.814978
4.24175 1.42409
4.25342 1.16981
4.26509 0.767983
4.27676 0.838685
4.28843 0.631076
4.3001 0.920439
4.31177 0.551476
4.32344 1.4168
4.33511 1.00761
4.34678 0.956215
4.35845 0.777617
4.37012 0.736457
4.38178 0.930979
4.39345 1.13222
4.40512 1.02435
4.41679 1.0155
4.42846 0.806939
4.44013 0.809338
4.4518 0.73526
4.46347 0.961176
4.47514 0.910774
4.48681 0.786744
4.49848 0.683432
4.51015 0.708718
4.52181 0.67462
4.53348 0.770243
4.54515 0.938472
4.55682 0.998451
4.56849 0.84855
4.58016 0.937684
4.59183 0.83641
4.6035 1.00584
4.61517 1.43562
4.62684 0.961639
4.63851 0.831341
4.65018 1.13586
4.66185 1.25246
4.67351 0.990728
4.68518 0.87816
4.69685 0.898939
4.70852 0.986235
4.72019 1.21119
4.73186 0.907073
4.74353 0.647232
4.7552 1.08723
4.76687 0.728244
4.77854 1.20835
4.79021 1.32413
4.80188 1.21964
4.81354 0.710613
4.82521 0.8041
4.83688 1.06723
4.84855 1.10722
4.86022 0.961905
4.87189 0.880176
4.88356 1.32454
4.89523 0.901129
4.9069 1.21425
4.91857 0.999971
4.93024 1.18382
4.94191 1.06118
4.95358 1.72727
4.96524 0.870521
4.97691 0.827832
4.98858 1.39164
5.00025 1.66558
5.01192 1.00301
5.02359 0.930363
5.03526 1.34552
5.04693 0.85075
5.0586 1.29881
5.07027 1.40007
5.08194 0.688371
5.09361 0.767022
5.10527 1.63985
5.11694 1.11924
5.12861 1.0076
5.14028 1.16414
5.15195 0.808913
5.16362 1.1579
5.17529 0.922379
5.18696 0.949646
5.19863 1.70179
5.2103 1.177
5.22197 0.815269
5.23364 1.13432
5.24531 1.09259
5.25697 0.843776
5.26864 1.15068
5.28031 0.697296
5.29198 0.904728
5.30365 0.600014
5.31532 0.789512
5.32699 0.679974
5.33866 0.904537
5.35033 0.616956
5.362 1.19824
5.37367 0.964101
5.38534 0.71131
5.397 0.965602
5.40867 1.27355
5.42034 0.899182
5.43201 1.19175
5.44368 1.29371
5.45535 0.846628
5.46702 1.09198
5.47869 0.738698
5.49036 1.18978
5.50203 0.942559
5.5137 0.951103
5.52537 0.747521
5.53704 1.09289
5.5487 0.828102
5.56037 1.10472
5.57204 0.774884
5.58371 0.761538
5.59538 0.841558
5.60705 0.93792
5.61872 0.712584
5.63039 1.17332
5.64206 0.945052
5.65373 1.93227
5.6654 0.677938
5.67707 1.00889
5.68873 0.744107
5.7004 1.15005
5.71207 0.986635
5.72374 0.875702
5.73541 0.680684
5.74708 0.918404
5.75875 0.913512
5.77042 1.40575
5.78209 1.05092
5.79376 0.973862
5.80543 1.00276
5.8171 1.06551
5.82877 0.563936
