0.104 0.000278629
0.136 2.30454e-05
0.2 8.16963e-06
0.216 0.000114883
0.28 1.36494e-05
0.296 0.000176028
0.312 0.000111605
0.36 0.0014183
0.392 0.00082995
0.408 0.000989761
0.424 0.000356566
0.44 0.00142235
0.504 0.00196007
0.536 0.00362357
0.568 0.000454349
0.584 0.000580734
0.6 0.00172339
0.616 0.0134749
0.632 0.0512665
0.648 0.00224318
0.664 0.00260503
0.696 0.00414037
0.712 0.0103967
0.728 0.0175802
0.76 0.0180241
0.776 0.0115804
0.792 0.0886238
0.808 0.0538455
0.824 0.256314
0.856 0.188087
0.888 0.451998
0.904 5.5622
0.92 3.9269
0.936 0.710623
0.952 1.18109
0.984 0.261199
1 0.239058
1.016 0.241991
1.032 0.3345
1.048 0.705454
1.064 0.435381
1.08 0.414223
1.096 0.172167
1.112 1.97312
1.128 8.15842
1.144 13.0196
1.16 2.8121
1.176 0.467648
1.208 0.118902
1.224 0.224968
1.24 0.812284
1.256 5.92338
1.272 0.0307384
1.288 0.0421204
1.304 0.400882
1.32 0.0210688
1.336 0.374585
1.352 0.115885
1.368 0.285476
1.384 0.324862
1.4 0.186936
1.416 0.196234
1.432 0.495418
1.448 1.94375
1.464 0.205747
1.48 0.280864
1.496 0.284378
1.512 0.0286138
1.528 0.275426
1.56 0.142595
1.576 0.0778387
1.608 0.350516
1.624 0.819278
1.64 0.130714
1.656 0.0904482
1.672 3.48352
1.704 1.72128
1.72 0.364953
1.752 2.48162
1.768 0.1744
1.784 0.410732
1.8 0.394492
1.816 0.29367
1.832 0.423656
1.848 0.545694
1.864 0.547834
1.88 0.753316
1.896 0.24489
1.912 0.62714
1.928 0.480006
1.944 0.33688
1.96 7.027
1.976 2.14951
1.992 4.17349
2.008 0.606219
2.024 0.918387
2.04 1.73871
2.056 1.85863
2.088 0.253666
2.104 0.319969
2.12 0.676064
2.136 3.63646
2.152 0.583818
2.168 0.417644
2.184 1.87769
2.2 0.535133
2.216 1.81369
2.232 0.385401
2.248 0.560448
2.264 1.1187
2.28 4.83954
2.296 0.342177
2.312 0.673572
2.328 0.351932
2.344 0.485277
2.36 1.33016
2.376 1.0664
2.392 0.273535
2.408 0.445101
2.424 1.22856
2.44 0.67116
2.456 0.370911
2.472 0.310882
2.488 0.287691
2.504 0.807036
2.52 1.21918
2.536 0.611524
2.552 1.64175
2.568 0.306254
2.584 0.802007
2.6 1.08533
2.616 0.0818179
2.632 0.164625
2.648 0.328733
2.664 0.486334
2.68 0.121491
2.696 0.506646
2.712 1.82453
2.728 1.16215
2.744 2.87968
2.76 0.184161
2.776 3.6703
2.792 0.224242
2.808 1.84938
2.824 0.400662
2.84 0.616255
2.856 0.696771
2.872 1.18719
2.888 1.36096
2.904 0.501667
2.92 0.531795
2.936 0.740695
2.952 0.229183
2.968 2.47103
2.984 1.09359
3 1.59418
3.016 1.68241
3.032 0.548715
3.048 0.806286
3.064 1.02873
3.08 1.099
3.096 1.17007
3.112 0.770681
3.128 1.07585
3.144 0.839301
3.16 0.656883
3.176 0.851994
3.192 0.890258
3.208 0.747706
3.224 0.799324
3.24 0.510385
3.256 0.751963
3.272 1.68344
3.288 0.862119
3.304 1.90118
3.32 0.824975
3.336 0.768478
3.352 0.852949
3.368 0.762055
3.384 1.57079
3.4 1.14996
3.416 2.19012
3.432 0.190145
3.448 0.874449
3.464 0.562526
3.48 0.618147
3.496 1.31727
3.512 1.2924
3.528 0.960188
3.544 0.805148
3.56 0.378452
3.576 0.952833
3.592 0.795821
3.608 1.06884
3.624 0.378178
3.64 1.10242
3.656 0.157321
3.672 1.22334
3.688 0.822227
3.704 0.959592
3.72 0.698176
3.736 0.456296
3.752 1.36432
3.768 0.284101
3.784 0.341634
3.8 0.971249
3.816 0.594694
3.832 0.752246
3.848 1.94004
3.864 0.961197
3.88 1.46407
3.896 0.681803
3.912 1.03331
3.928 0.814048
3.944 0.650802
3.96 1.4583
3.976 0.92299
3.992 1.25402
4.008 1.2024
4.024 1.13915
4.04 0.656511
4.056 1.08262
4.072 0.621345
4.088 1.3792
4.104 1.152
4.12 1.71412
4.136 0.943242
4.152 1.63368
4.168 0.603139
4.184 1.13386
4.2 1.21902
4.216 0.733705
4.232 2.01568
4.248 0.895525
4.264 0.588339
4.28 0.934537
4.296 0.471832
4.312 0.860336
4.328 0.823794
4.344 0.749051
4.36 0.908496
4.376 1.24871
4.392 1.11348
4.408 0.961044
4.424 1.88739
4.44 0.53161
4.456 0.573755
4.472 1.26396
4.488 0.67161
4.504 0.859275
4.52 0.757252
4.536 1.14814
4.552 0.713092
4.568 1.97113
4.584 0.364858
4.6 0.830847
4.616 1.15637
4.632 0.581388
4.648 1.03474
4.664 1.2425
4.68 0.523544
4.696 1.83417
4.712 0.740997
4.728 0.844351
4.744 1.03791
4.76 0.951877
4.776 1.19648
4.792 0.77847
4.808 0.77416
4.824 0.76632
4.84 0.957251
4.856 0.984348
4.872 0.984859
4.888 1.05787
4.904 0.894391
4.92 0.976653
4.936 1.99501
4.952 1.18039
4.968 1.32007
4.984 0.410952
5 0.52143
5.016 1.25765
5.032 1.17521
5.048 1.11787
5.064 0.850101
5.08 0.955325
5.096 1.04795
5.112 1.56724
5.128 1.08436
5.144 1.32635
5.16 0.721649
5.176 0.383528
5.192 1.34012
5.208 0.926509
5.224 1.17257
5.24 1.17193
5.256 0.751039
5.272 1.09991
5.288 0.686069
5.304 1.0726
5.32 1.40787
5.336 0.794307
5.352 0.92184
5.368 0.737994
5.384 0.674451
5.4 1.12897
5.416 0.68694
5.432 0.928139
5.448 0.603777
5.464 0.991871
5.48 0.434474
5.496 0.84228
5.512 1.19155
5.528 1.13845
5.544 0.985596
5.56 0.958258
5.576 0.476347
5.592 0.792776
5.608 0.724929
5.624 0.786078
5.64 0.92862
5.656 0.795668
5.672 1.0557
5.688 2.12749
5.704 1.09708
5.72 0.566554
5.736 1.56552
5.752 1.13017
5.768 1.00535
5.784 0.931047
5.8 0.904441
5.816 1.60747
5.832 1.15844
5.848 0.893463
5.864 0.69997
5.88 1.33693
5.896 1.01185
5.912 0.929263
5.928 1.37774
5.944 0.997742
5.96 1.00099
5.976 0.962179
5.992 1.29219
6.008 0.908282
6.024 0.995227
6.04 0.99982
6.056 1.06684
6.072 1.48728
6.088 1.03155
6.104 0.964528
6.12 0.903044
6.136 1.16517
6.152 1.17453
6.168 1.20384
6.184 0.936987
6.2 1.54539
6.216 0.616481
6.232 0.905168
6.248 0.520948
6.264 0.994606
6.28 0.749922
6.296 0.754979
6.312 0.954774
6.328 0.762155
6.344 0.874025
6.36 0.962039
6.376 1.04682
6.392 0.790445
6.408 1.13465
6.424 0.843152
6.44 1.37359
6.456 1.22395
6.472 0.863644
6.488 0.797351
6.504 0.694764
6.52 1.10454
6.536 1.02176
6.552 0.628541
6.568 1.17785
6.584 1.05378
6.6 0.866017
6.616 0.719901
6.632 1.08023
6.648 0.912963
6.664 0.805333
6.68 1.20635
6.696 0.936746
6.712 0.784349
6.728 0.809715
6.744 0.982445
6.76 1.27057
6.776 0.73232
6.792 1.183
6.808 1.2861
6.824 0.828384
6.84 0.744265
6.856 1.24273
6.872 1.1299
6.888 0.874269
6.904 0.895165
6.92 0.863375
6.936 1.32717
6.952 1.30563
6.968 1.31617
6.984 1.29408
7 1.1765
7.016 0.840828
7.032 1.06425
7.048 0.924328
7.064 1.61826
7.08 0.933039
7.096 1.11069
7.112 0.862925
7.128 1.14884
7.144 0.944572
7.16 1.03938
7.176 0.980988
7.192 0.659766
7.208 0.933189
7.224 1.02763
7.24 1.08796
7.256 0.902203
7.272 1.25311
7.288 1.09098
7.304 1.06944
7.32 0.804362
7.336 0.840106
7.352 0.865606
7.368 1.09667
7.384 0.623358
7.4 1.19896
7.416 1.01623
7.432 0.774595
7.448 0.987873
7.464 0.98456
7.48 0.833855
7.496 0.936263
7.512 1.19454
7.528 0.867976
7.544 0.853698
7.56 1.1404
7.576 1.02794
7.592 0.690686
7.608 1.00786
7.624 0.654755
7.64 1.12611
7.656 0.748165
7.672 1.29777
7.688 1.0526
7.704 1.03011
7.72 0.894725
7.736 0.866978
7.752 0.479393
7.768 1.31952
7.784 1.20297
7.8 1.08299
7.816 1.1483
7.832 1.1505
7.848 0.565293
7.864 0.574476
7.88 1.24774
7.896 0.824954
7.912 1.2488
7.928 0.765131
7.944 1.63804
7.96 1.17657
7.976 0.873039
7.992 0.936375
