0.0432209 0.379358
0.0565197 0.129538
0.0831172 0.387467
0.0897665 0.116028
0.116364 0.120971
0.123013 0.193303
0.129663 0.0608407
0.149611 0.0881945
0.16291 0.276248
0.169559 0.0645465
0.176208 0.0242511
0.182858 0.0344289
0.209455 0.118717
0.222754 0.0766312
0.236053 0.0618676
0.242702 0.124405
0.249351 0.252319
0.256001 0.0789591
0.26265 0.0765943
0.2693 0.078656
0.275949 0.0997928
0.289248 0.368844
0.295897 0.048889
0.302546 0.107383
0.315845 0.0688137
0.322495 0.0581519
0.329144 0.356765
0.335793 0.0599197
0.342443 0.0403749
0.355741 0.0599977
0.36904 0.0802986
0.37569 0.229705
0.382339 0.0655845
0.388988 0.0644919
0.395638 0.0695157
0.408936 0.0998969
0.415586 0.192271
0.422235 0.0547745
0.428885 0.0317455
0.435534 0.0626417
0.442183 0.0330418
0.448833 0.0417978
0.455482 0.508231
0.462131 0.0800947
0.468781 0.0448745
0.47543 0.0746675
0.48208 0.123435
0.488729 0.124515
0.502028 0.152785
0.508677 0.1072
0.515326 0.0460339
0.521976 0.18075
0.528625 0.38061
0.535275 0.509288
0.541924 0.392303
0.548573 0.198344
0.555223 0.101191
0.561872 0.383854
0.568521 0.412927
0.575171 0.163905
0.58182 0.297196
0.58847 0.18644
0.595119 0.330005
0.601768 0.169965
0.608418 0.268116
0.615067 0.285532
0.621716 0.51059
0.628366 0.531358
0.635015 0.275714
0.648314 0.513796
0.654963 1.14075
0.668262 1.47974
0.674911 0.578474
0.681561 1.8573
0.68821 0.908955
0.694859 1.01375
0.708158 0.858936
0.714808 1.34736
0.728106 1.06807
0.734756 0.465446
0.741405 0.595934
0.748054 0.930561
0.754704 1.54049
0.761353 0.47932
0.768003 1.26603
0.774652 0.609447
0.781301 0.743256
0.787951 0.862024
0.7946 0.86718
0.801249 1.10587
0.807899 0.8813
0.814548 0.933705
0.821198 1.17021
0.827847 1.04453
0.834496 1.13888
0.841146 0.468662
0.847795 0.785027
0.854444 0.800246
0.867743 0.508284
0.874393 0.641824
0.881042 0.62027
0.887691 0.61713
0.894341 0.561593
0.90099 0.482774
0.907639 0.353113
0.914289 0.632335
0.920938 0.629695
0.927588 0.158365
0.934237 0.399273
0.940886 0.589393
0.947536 0.399414
0.954185 0.313461
0.960834 0.491499
0.967484 0.563724
0.974133 0.385502
0.980783 0.366005
0.987432 0.281333
0.994081 0.390992
1.00073 0.332078
1.00738 0.52741
1.01403 0.628107
1.02068 0.582899
1.02733 0.533319
1.03398 0.56494
1.04063 0.52119
1.04728 0.432209
1.05393 0.571106
1.06058 0.610322
1.06722 0.65232
1.07387 0.409785
1.08052 0.511565
1.08717 0.634659
1.09382 0.98024
1.10047 0.412698
1.10712 0.567087
1.11377 0.779692
1.12042 0.972559
1.12707 0.877536
1.13372 1.24663
1.14037 1.21594
1.14702 0.717049
1.15367 1.11844
1.16032 0.983195
1.16696 1.01065
1.17361 0.818179
1.18026 0.948839
1.18691 1.15908
1.19356 1.55441
1.20021 1.24244
1.20686 1.32457
1.21351 1.39333
1.22016 1.12399
1.22681 1.7414
1.23346 1.29651
1.24011 0.810091
1.24676 1.49256
1.25341 0.968448
1.26006 1.28149
1.26671 1.58219
1.27335 1.49025
1.28 1.70365
1.28665 1.60372
1.2933 1.42931
1.29995 2.6241
1.3066 1.1944
1.31325 1.13004
1.3199 1.03815
1.32655 1.90722
1.3332 1.13618
1.33985 2.57644
1.3465 1.50725
1.35315 0.912332
1.3598 1.02881
1.36645 1.45904
1.3731 2.03347
1.37974 1.85493
1.38639 2.35336
1.39304 2.2141
1.39969 1.30991
1.40634 1.46998
1.41299 1.96502
1.41964 1.72183
1.42629 1.08442
1.43294 1.4801
1.43959 1.30484
1.44624 2.06469
1.45289 1.96688
1.45954 1.47986
1.46619 1.29569
1.47284 2.102
1.47949 3.19896
1.48613 2.30301
1.49278 1.20108
1.49943 1.39252
1.50608 1.31662
1.51273 1.203
1.51938 1.82612
1.52603 1.05835
1.53268 1.62526
1.53933 1.51804
1.54598 2.09028
1.55263 1.02626
1.55928 1.59293
1.56593 1.42087
1.57258 1.21611
1.57923 0.948478
1.58588 1.13012
1.59252 0.939423
1.59917 1.07931
1.60582 1.04114
1.61247 1.23911
1.61912 1.11911
1.62577 0.87867
1.63242 0.961217
1.63907 0.871969
1.64572 1.13866
1.65237 1.01609
1.65902 0.677178
1.66567 0.966731
1.67232 0.665711
1.67897 0.581034
1.68562 0.686356
1.69227 1.19659
1.69891 1.07033
1.70556 0.876113
1.71221 0.876665
1.71886 0.81115
1.72551 1.17913
1.73216 0.763603
1.73881 0.63612
1.74546 0.624608
1.75211 0.520142
1.75876 0.648246
1.76541 0.641231
1.77206 0.648418
1.77871 0.89034
1.78536 0.639065
1.79201 0.588608
1.79866 0.647373
1.8053 0.596471
1.81195 0.615913
1.8186 0.472156
1.82525 0.531553
1.8319 0.80253
1.83855 0.464629
1.8452 0.496189
1.85185 0.632574
1.8585 0.444473
1.86515 0.646419
1.8718 0.701546
1.87845 0.719494
1.8851 0.605296
1.89175 0.744309
1.8984 0.769448
1.90505 0.651844
1.91169 0.599283
1.91834 0.853793
1.92499 0.696262
1.93164 0.618078
1.93829 0.580004
1.94494 1.03361
1.95159 0.621073
1.95824 0.563828
1.96489 0.902964
1.97154 0.736058
1.97819 0.512824
1.98484 0.588375
1.99149 0.560937
1.99814 0.977811
2.00479 0.650855
2.01144 0.741838
2.01808 0.634157
2.02473 0.73981
2.03138 0.911554
2.03803 0.927616
2.04468 0.905481
2.05133 0.474868
2.05798 0.887753
2.06463 0.859741
2.07128 0.61809
2.07793 1.2684
2.08458 0.746624
2.09123 0.826885
2.09788 0.702072
2.10453 0.890476
2.11118 1.03215
2.11783 1.02087
2.12447 1.00893
2.13112 1.09415
2.13777 1.00324
2.14442 1.04816
2.15107 0.94556
2.15772 0.832784
2.16437 1.0245
2.17102 0.636913
2.17767 1.06918
2.18432 1.13515
2.19097 0.748783
2.19762 0.757374
2.20427 1.03535
2.21092 1.14191
2.21757 1.26377
2.22422 0.822513
2.23086 0.753545
2.23751 0.597256
2.24416 1.14735
2.25081 0.887588
2.25746 1.01471
2.26411 0.960073
2.27076 0.979812
2.27741 0.782402
2.28406 0.997954
2.29071 0.919471
2.29736 1.26193
2.30401 1.3336
2.31066 1.02211
2.31731 1.02062
2.32396 1.2152
2.33061 1.25018
2.33725 0.581753
2.3439 1.45965
2.35055 1.17463
2.3572 1.09981
2.36385 1.05277
2.3705 0.816896
2.37715 1.14872
2.3838 1.19167
2.39045 1.05341
2.3971 1.3201
2.40375 0.834533
2.4104 0.963474
2.41705 0.778307
2.4237 0.985195
2.43035 1.01025
2.437 1.06443
2.44364 1.09937
2.45029 1.05524
2.45694 1.53276
2.46359 0.967737
2.47024 0.992382
2.47689 1.16064
2.48354 1.07614
2.49019 1.33507
2.49684 0.837423
2.50349 1.15226
2.51014 1.04404
2.51679 0.856553
2.52344 1.02654
2.53009 1.03947
2.53674 1.01472
2.54339 1.05842
2.55003 0.997318
2.55668 1.23999
2.56333 1.06219
2.56998 0.779789
2.57663 1.71803
2.58328 1.13484
2.58993 0.785088
2.59658 1.27296
2.60323 1.02563
2.60988 0.848947
2.61653 1.24205
2.62318 1.4053
2.62983 0.832741
2.63648 1.26208
2.64313 0.82645
2.64978 0.826716
2.65642 1.09649
2.66307 1.11621
2.66972 1.7303
2.67637 0.913399
2.68302 1.32446
2.68967 1.2271
2.69632 1.04088
2.70297 1.42312
2.70962 1.26207
2.71627 1.10883
2.72292 1.14624
2.72957 1.5139
2.73622 0.802177
2.74287 1.03115
2.74952 1.24264
2.75617 0.846388
2.76281 0.972099
2.76946 1.09342
2.77611 1.015
2.78276 1.67315
2.78941 0.883164
2.79606 1.10886
2.80271 1.103
2.80936 1.14233
2.81601 0.764655
2.82266 0.910995
2.82931 0.921018
2.83596 0.9319
2.84261 0.975442
2.84926 0.956696
2.85591 0.829286
2.86256 1.21987
2.8692 1.09774
2.87585 0.796797
2.8825 0.988472
2.88915 1.16802
2.8958 1.11313
2.90245 0.943944
2.9091 1.2051
2.91575 1.05925
2.9224 1.00866
2.92905 1.02761
2.9357 0.85923
2.94235 1.0928
2.949 1.18449
2.95565 1.03403
2.9623 0.995643
2.96895 1.02214
2.97559 1.01674
2.98224 1.01275
2.98889 0.64617
2.99554 0.875042
3.00219 1.05978
3.00884 0.984535
3.01549 1.23201
3.02214 1.46456
3.02879 0.798782
3.03544 0.989809
3.04209 0.961816
3.04874 1.25734
3.05539 1.3084
3.06204 1.0188
3.06869 0.841901
3.07534 1.00688
3.08198 1.00371
3.08863 0.804524
3.09528 1.23162
3.10193 1.18454
3.10858 0.788193
3.11523 1.13084
3.12188 1.32513
3.12853 0.760412
3.13518 0.799329
3.14183 1.18203
3.14848 0.948262
3.15513 0.599674
3.16178 1.01472
3.16843 0.78536
3.17508 1.09297
3.18173 1.11609
3.18837 0.950166
3.19502 1.27032
3.20167 0.925553
3.20832 0.970788
3.21497 1.36671
3.22162 0.772094
3.22827 0.990639
3.23492 0.896762
3.24157 0.43454
3.24822 0.562779
3.25487 0.854925
3.26152 0.749385
3.26817 0.775685
3.27482 0.812954
3.28147 0.74636
3.28811 0.732222
3.29476 0.960957
3.30141 1.56463
3.30806 1.03272
3.31471 0.956794
3.32136 0.992404
