0.104524 0.00286489
0.136685 0.00120213
0.201008 0.000493182
0.217088 0.00125625
0.281411 0.0152392
0.297491 0.0173133
0.313572 0.0272384
0.361814 0.0334409
0.393975 0.00426966
0.410055 0.0471381
0.426136 0.00556748
0.442217 0.00418109
0.506539 0.0373686
0.5387 0.0786064
0.570861 0.101311
0.586942 0.0942623
0.603023 0.103337
0.619103 0.209326
0.635184 0.141563
0.651265 0.121658
0.667345 0.198572
0.699506 0.417271
0.715587 0.0699008
0.731668 0.375614
0.763829 0.341013
0.779909 0.174369
0.79599 0.865302
0.812071 0.348095
0.828151 0.541049
0.860312 0.766882
0.892474 0.799259
0.908554 1.13478
0.924635 1.24508
0.940715 1.36199
0.956796 2.32361
0.988957 1.12975
1.00504 1.71175
1.02112 1.6928
1.0372 2.97992
1.05328 1.22558
1.06936 2.16733
1.08544 2.0756
1.10152 0.606111
1.1176 2.45872
1.13368 1.4347
1.14976 1.57613
1.16584 1.80826
1.18192 1.59037
1.21409 2.23827
1.23017 0.800591
1.24625 0.729742
1.26233 0.793556
1.27841 0.458565
1.29449 0.722227
1.31057 1.10331
1.32665 1.33621
1.34273 1.07365
1.35881 0.747427
1.37489 0.684625
1.39097 1.1146
1.40705 0.765154
1.42313 0.860624
1.43921 0.856718
1.45529 0.953981
1.47138 0.426052
1.48746 0.53627
1.50354 0.271207
1.51962 0.172823
1.5357 0.872188
1.56786 0.528798
1.58394 0.616096
1.6161 0.893273
1.63218 0.861267
1.64826 0.141485
1.66434 1.141
1.68042 0.622235
1.71258 1.05137
1.72867 0.593841
1.76083 0.657319
1.77691 0.909533
1.79299 1.00519
1.80907 1.12121
1.82515 0.374336
1.84123 1.05976
1.85731 0.883877
1.87339 1.21279
1.88947 1.58925
1.90555 1.18531
1.92163 0.7801
1.93771 1.00633
1.95379 0.936074
1.96987 0.435155
1.98595 0.953309
2.00204 1.20572
2.01812 1.4763
2.0342 0.835199
2.05028 3.25278
2.06636 0.879687
2.09852 1.03844
2.1146 0.717489
2.13068 1.09922
2.14676 0.596599
2.16284 0.848726
2.17892 0.937392
2.195 1.64811
2.21108 1.27392
2.22716 1.30618
2.24324 1.42172
2.25933 0.948828
2.27541 1.33401
2.29149 1.04191
2.30757 0.840915
2.32365 0.961385
2.33973 1.29939
2.35581 1.21657
2.37189 0.476853
2.38797 1.07152
2.40405 0.797486
2.42013 1.07513
2.43621 0.978047
2.45229 0.869665
2.46837 1.03901
2.48445 0.851084
2.50053 1.85946
2.51661 0.944186
2.5327 0.85988
2.54878 1.38659
2.56486 0.684805
2.58094 0.898013
2.59702 0.52547
2.6131 0.649191
2.62918 1.00257
2.64526 0.731969
2.66134 1.24965
2.67742 1.56233
2.6935 0.461109
2.70958 1.10056
2.72566 0.807202
2.74174 1.12742
2.75782 1.12087
2.7739 0.778287
2.78998 0.759157
2.80607 0.794538
2.82215 0.665365
2.83823 0.821979
2.85431 1.12416
2.87039 1.21119
2.88647 1.17893
2.90255 0.935599
2.91863 1.09397
2.93471 1.50101
2.95079 0.666948
2.96687 1.09621
2.98295 0.906479
2.99903 0.977763
3.01511 1.14968
3.03119 1.19827
3.04727 1.88817
3.06336 1.18204
3.07944 0.764696
3.09552 0.776419
3.1116 0.659196
3.12768 1.04909
3.14376 1.07941
3.15984 1.20675
3.17592 0.945473
3.192 0.596359
3.20808 1.33577
3.22416 1.2658
3.24024 0.807337
3.25632 1.03136
3.2724 1.01531
3.28848 0.914696
3.30456 1.18784
3.32064 0.804058
3.33673 0.894449
3.35281 1.40893
3.36889 1.02603
3.38497 0.822292
3.40105 0.911489
3.41713 0.775484
3.43321 0.726157
3.44929 0.739601
3.46537 0.88474
3.48145 1.13542
3.49753 0.835602
3.51361 0.947071
3.52969 1.0016
3.54577 1.0334
3.56185 1.18124
3.57793 0.514441
3.59402 1.21222
3.6101 0.997853
3.62618 0.670385
3.64226 1.28444
3.65834 0.574493
3.67442 0.456574
3.6905 1.12984
3.70658 1.06691
3.72266 0.788023
3.73874 0.956046
3.75482 0.947421
3.7709 1.21944
3.78698 1.09464
3.80306 1.39404
3.81914 1.09769
3.83522 0.77538
3.8513 1.33088
3.86739 0.902434
3.88347 0.996747
3.89955 0.673797
3.91563 0.872462
3.93171 1.52333
3.94779 1.34636
3.96387 0.872608
3.97995 1.15626
3.99603 0.946296
4.01211 1.25089
4.02819 1.25609
4.04427 1.00142
4.06035 1.26696
4.07643 1.18334
4.09251 1.06809
4.10859 0.832114
4.12468 0.82737
4.14076 1.28337
4.15684 1.05953
4.17292 1.22094
4.189 0.910891
4.20508 1.05293
4.22116 0.847697
4.23724 1.14289
4.25332 1.7657
4.2694 1.01256
4.28548 1.22863
4.30156 0.643972
4.31764 0.775741
4.33372 0.408177
4.3498 1.32314
4.36588 1.09683
4.38196 1.01664
4.39805 0.596482
4.41413 0.990912
4.43021 1.08033
4.44629 0.929979
4.46237 1.56426
4.47845 0.815662
4.49453 0.963116
4.51061 0.899957
4.52669 0.618985
4.54277 0.941696
4.55885 0.693834
4.57493 1.11473
4.59101 0.874672
4.60709 0.989314
4.62317 0.964019
4.63925 1.00418
4.65534 0.786878
4.67142 0.927722
4.6875 0.850433
4.70358 0.827843
4.71966 1.45635
4.73574 1.07523
4.75182 0.591655
4.7679 0.973229
4.78398 0.986344
4.80006 0.867829
4.81614 1.15714
4.83222 1.23102
4.8483 1.02504
4.86438 0.510076
4.88046 1.02751
4.89654 1.5756
4.91262 1.18475
4.92871 1.24908
4.94479 1.08695
4.96087 1.01735
4.97695 1.10459
4.99303 0.989001
5.00911 1.12262
5.02519 0.996852
5.04127 0.800333
5.05735 1.27668
5.07343 0.739471
5.08951 1.0148
5.10559 1.47303
5.12167 0.881107
5.13775 1.11146
5.15383 1.05522
5.16991 0.718236
5.186 0.801568
5.20208 0.957841
5.21816 1.10968
5.23424 1.10044
5.25032 0.733419
5.2664 0.924497
5.28248 0.744525
5.29856 0.857678
5.31464 1.0449
5.33072 1.00623
5.3468 0.71415
5.36288 0.78761
5.37896 1.13462
5.39504 0.926276
5.41112 1.59996
5.4272 0.726038
5.44328 1.37849
5.45937 1.21819
5.47545 0.773235
5.49153 1.2822
5.50761 1.00103
5.52369 0.856562
5.53977 1.25841
5.55585 0.83004
5.57193 0.904296
5.58801 1.11523
5.60409 0.864685
5.62017 0.955315
5.63625 0.944687
5.65233 1.01618
5.66841 0.942253
5.68449 1.31335
5.70057 0.960633
5.71666 0.781477
5.73274 0.945615
5.74882 0.959178
5.7649 0.85377
5.78098 1.23465
5.79706 1.37966
5.81314 0.747758
5.82922 1.05757
5.8453 0.747481
5.86138 1.2299
5.87746 1.1904
5.89354 0.773319
5.90962 1.14944
5.9257 0.976597
5.94178 0.894932
5.95786 0.816337
5.97394 1.12355
5.99003 1.28101
6.00611 0.569391
6.02219 1.03602
6.03827 0.912221
6.05435 1.08424
6.07043 1.04509
6.08651 0.891444
6.10259 0.884431
6.11867 0.794698
6.13475 0.985014
6.15083 1.28233
6.16691 0.874189
6.18299 1.24409
6.19907 0.934999
6.21515 0.945376
6.23123 1.0084
6.24732 0.822645
6.2634 0.88832
6.27948 1.15595
6.29556 0.809287
6.31164 0.747802
6.32772 0.915945
6.3438 0.9609
6.35988 1.04426
6.37596 0.880889
6.39204 1.063
6.40812 1.19505
6.4242 1.45654
6.44028 0.832266
6.45636 1.07574
6.47244 0.723997
6.48852 1.09858
6.5046 1.18246
6.52069 1.22008
6.53677 1.13272
6.55285 1.20212
6.56893 1.11992
6.58501 1.04151
6.60109 1.10459
6.61717 1.03093
6.63325 0.999638
6.64933 1.00691
6.66541 0.863881
6.68149 0.832534
6.69757 0.986273
6.71365 1.11031
6.72973 1.18646
6.74581 0.913998
6.76189 1.01153
6.77798 1.48258
6.79406 0.894814
6.81014 0.998782
6.82622 1.23109
6.8423 0.913003
6.85838 1.0437
6.87446 0.907471
6.89054 0.917506
6.90662 1.06588
6.9227 0.780234
6.93878 1.18886
6.95486 1.34734
6.97094 0.846323
6.98702 1.05342
7.0031 0.922333
7.01918 0.551161
7.03526 1.35554
7.05135 1.20545
7.06743 1.0882
7.08351 0.591126
7.09959 0.864431
7.11567 1.005
7.13175 1.04764
7.14783 1.09953
7.16391 0.707957
7.17999 1.11315
7.19607 0.784605
7.21215 0.995556
7.22823 0.708315
7.24431 0.962334
7.26039 0.765151
7.27647 0.979205
7.29255 0.632942
7.30863 1.4501
7.32472 1.01301
7.3408 0.909492
7.35688 1.00834
7.37296 0.892957
7.38904 1.34025
7.40512 1.10526
7.4212 1.15362
7.43728 0.958334
7.45336 0.693245
7.46944 0.769271
7.48552 0.892356
7.5016 0.90321
7.51768 1.09351
7.53376 0.835757
7.54984 1.14488
7.56592 0.980193
7.58201 1.00741
7.59809 1.25008
7.61417 1.08525
7.63025 1.03352
7.64633 0.992748
7.66241 0.92274
7.67849 0.967485
7.69457 1.29259
7.71065 0.941944
7.72673 1.04735
7.74281 1.40987
7.75889 0.794174
7.77497 0.940629
7.79105 1.15371
7.80713 0.66497
7.82321 1.31932
7.83929 0.920105
7.85538 1.38072
7.87146 0.820356
7.88754 1.09908
7.90362 0.924355
7.9197 1.0637
7.93578 0.768557
7.95186 0.725558
7.96794 1.00905
7.98402 1.33831
8.0001 0.73498
8.01618 0.706019
8.03226 0.969155
