0.114155 0.00355562
0.149279 0.00115332
0.219529 0.00103048
0.237091 0.00351202
0.30734 0.0112854
0.324902 0.0226834
0.342464 0.038844
0.395151 0.0172613
0.430276 0.0185878
0.447838 0.0165114
0.4654 0.00059191
0.482963 0.0135105
0.553212 0.0347182
0.588336 0.0448897
0.623461 0.226269
0.641023 0.288313
0.658586 0.248639
0.676148 0.120623
0.69371 0.235821
0.711272 0.0951657
0.728835 0.169313
0.763959 0.27057
0.781522 0.10933
0.799084 0.409003
0.834208 0.564736
0.851771 0.361583
0.869333 1.13826
0.886895 1.67129
0.904458 1.20012
0.939582 1.90684
0.974707 1.6618
0.992269 1.20288
1.00983 1.2624
1.02739 1.20702
1.04496 0.777488
1.08008 2.92542
1.09764 1.66365
1.1152 0.47495
1.13277 2.71392
1.15033 2.29866
1.16789 2.49019
1.18545 1.63741
1.20302 0.703739
1.22058 1.54667
1.23814 2.16234
1.2557 1.32435
1.27327 0.632081
1.29083 0.95324
1.32595 1.61902
1.34351 0.738418
1.36108 0.238378
1.37864 1.12861
1.3962 0.645992
1.41376 0.383334
1.43133 0.837337
1.44889 0.664832
1.46645 0.929949
1.48401 0.935854
1.50158 0.758491
1.51914 0.261135
1.5367 0.749624
1.55426 0.363111
1.57182 0.760159
1.58939 0.407787
1.60695 0.574667
1.62451 0.735441
1.64207 1.14673
1.65964 0.585759
1.6772 0.831007
1.71232 0.753022
1.72988 0.702325
1.76501 0.685872
1.78257 1.01
1.80013 0.775396
1.8177 0.802292
1.83526 0.810852
1.87038 0.78814
1.88795 0.896324
1.92307 1.45271
1.94063 1.20436
1.95819 0.628896
1.97576 1.35844
1.99332 0.398398
2.01088 1.015
2.02844 2.00468
2.04601 0.499538
2.06357 0.719534
2.08113 0.968924
2.09869 0.429708
2.11625 1.08385
2.13382 0.972666
2.15138 1.60416
2.16894 0.766976
2.1865 1.16825
2.20407 1.56442
2.22163 1.09187
2.23919 1.34225
2.25675 1.23254
2.29188 1.30079
2.30944 1.18416
2.327 1.24492
2.34456 0.991068
2.36213 0.712476
2.37969 1.36934
2.39725 0.501008
2.41481 1.19505
2.43238 1.23204
2.44994 0.864706
2.4675 1.2927
2.48506 0.972539
2.50263 1.44314
2.52019 0.866115
2.53775 1.42611
2.55531 0.637761
2.57287 1.1594
2.59044 0.480486
2.608 1.23074
2.62556 1.24653
2.64312 0.771102
2.66069 0.908799
2.67825 1.44134
2.69581 1.21424
2.71337 1.41057
2.73093 0.645851
2.7485 0.852859
2.76606 0.875672
2.78362 0.21128
2.80118 0.872082
2.81875 1.37109
2.83631 0.209403
2.85387 0.727876
2.87143 0.63142
2.889 0.87989
2.90656 0.809964
2.92412 0.954605
2.94168 1.18022
2.95924 0.949963
2.97681 0.544488
2.99437 0.888074
3.01193 0.765275
3.02949 0.785224
3.04706 0.807713
3.06462 1.15777
3.08218 0.84374
3.09974 1.17676
3.1173 0.76668
3.13487 0.796022
3.15243 1.12141
3.16999 1.20815
3.18755 0.998252
3.20512 0.96429
3.22268 1.26783
3.24024 1.02651
3.2578 0.83299
3.27537 1.14831
3.29293 0.946525
3.31049 0.883518
3.32805 1.06513
3.34561 1.26863
3.36318 0.841104
3.38074 1.43946
3.3983 0.914311
3.41586 0.927442
3.43343 1.39661
3.45099 0.893728
3.46855 0.774154
3.48611 0.968407
3.50368 0.855912
3.52124 1.54724
3.5388 1.01448
3.55636 1.31806
3.57392 1.0792
3.59149 1.03662
3.60905 0.917055
3.62661 0.709775
3.64417 0.640742
3.66174 1.24931
3.6793 1.25235
3.69686 1.32947
3.71442 1.33661
3.73198 1.09367
3.74955 1.15184
3.76711 0.527671
3.78467 0.772703
3.80223 1.39552
3.8198 1.68068
3.83736 0.951637
3.85492 1.19016
3.87248 1.04718
3.89005 0.959387
3.90761 0.461505
3.92517 1.09071
3.94273 1.14825
3.96029 0.840268
3.97786 0.780089
3.99542 1.0548
4.01298 0.388025
4.03054 0.784354
4.04811 1.20594
4.06567 0.670527
4.08323 0.874375
4.10079 1.12067
4.11836 0.909559
4.13592 1.00742
4.15348 1.15712
4.17104 1.04257
4.1886 0.868806
4.20617 0.916281
4.22373 0.863537
4.24129 0.86138
4.25885 1.10335
4.27642 1.00632
4.29398 1.26314
4.31154 0.915171
4.3291 1.23764
4.34666 0.895445
4.36423 0.616211
4.38179 0.490672
4.39935 0.898765
4.41691 0.815886
4.43448 0.899293
4.45204 1.06515
4.4696 1.41009
4.48716 1.60501
4.50473 0.946057
4.52229 1.31801
4.53985 1.29722
4.55741 0.905707
4.57497 1.0075
4.59254 0.959226
4.6101 1.03293
4.62766 1.06108
4.64522 0.692428
4.66279 0.983502
4.68035 0.515206
4.69791 1.19032
4.71547 0.937017
4.73303 0.977049
4.7506 1.33083
4.76816 0.873417
4.78572 0.822426
4.80328 0.919646
4.82085 1.04143
4.83841 1.23299
4.85597 0.859656
4.87353 1.56471
4.8911 1.94027
4.90866 1.10378
4.92622 0.827912
4.94378 0.917284
4.96134 1.06354
4.97891 0.78726
4.99647 0.730362
5.01403 0.862791
5.03159 1.03795
5.04916 1.3039
5.06672 0.970653
5.08428 1.07547
5.10184 0.870341
5.11941 0.925826
5.13697 0.860879
5.15453 1.15052
5.17209 1.17197
5.18965 0.67842
5.20722 0.970471
5.22478 0.747961
5.24234 1.33394
5.2599 0.777105
5.27747 0.764957
5.29503 0.907546
5.31259 0.998263
5.33015 0.896328
5.34771 0.922154
5.36528 0.862781
5.38284 1.15755
5.4004 0.840089
5.41796 0.627386
5.43553 0.639214
5.45309 0.965763
5.47065 1.33836
5.48821 1.01573
5.50578 1.01425
5.52334 0.870438
5.5409 0.835583
5.55846 0.867147
5.57602 0.803282
5.59359 1.2496
5.61115 1.54721
5.62871 0.795266
5.64627 1.17815
5.66384 1.16449
5.6814 0.722968
5.69896 0.976036
5.71652 0.761744
5.73408 1.11785
5.75165 1.02198
5.76921 0.762365
5.78677 1.09467
5.80433 1.11307
5.8219 1.13918
5.83946 1.07398
5.85702 1.21668
5.87458 1.04061
5.89215 1.0825
5.90971 1.26524
5.92727 0.875446
5.94483 0.951721
5.96239 1.36045
5.97996 1.06085
5.99752 0.902326
6.01508 0.881964
6.03264 0.96197
6.05021 1.06296
6.06777 0.960689
6.08533 0.740889
6.10289 0.834163
6.12046 0.951272
6.13802 1.07531
6.15558 0.812873
6.17314 1.13376
6.1907 1.21496
6.20827 0.985434
6.22583 0.899465
6.24339 0.736654
6.26095 1.12612
6.27852 1.02311
6.29608 0.892584
6.31364 1.36134
6.3312 0.955412
6.34876 1.05687
6.36633 1.07105
6.38389 0.998966
6.40145 1.16619
6.41901 0.958872
6.43658 1.25577
6.45414 1.16916
6.4717 0.823965
6.48926 0.832366
6.50683 0.73577
6.52439 0.980753
6.54195 1.13821
6.55951 1.04766
6.57707 1.06512
6.59464 0.906552
6.6122 0.716508
6.62976 0.953573
6.64732 0.710147
6.66489 1.55989
6.68245 1.2236
6.70001 1.23939
6.71757 0.858757
6.73513 0.931855
6.7527 0.732748
6.77026 0.779163
6.78782 0.891162
6.80538 1.29882
6.82295 0.916213
6.84051 0.86759
6.85807 0.725621
6.87563 0.801884
6.8932 1.27295
6.91076 1.10073
6.92832 1.07053
6.94588 0.860204
6.96344 0.873206
6.98101 0.959006
6.99857 1.12791
7.01613 0.937425
7.03369 1.00805
7.05126 1.07543
7.06882 0.818359
7.08638 1.10503
7.10394 0.888327
7.12151 1.14059
7.13907 0.904388
7.15663 0.990978
7.17419 0.886402
7.19175 1.35191
7.20932 0.715805
7.22688 1.20463
7.24444 1.0347
7.262 0.994803
7.27957 1.38306
7.29713 0.952092
7.31469 1.04324
7.33225 0.917747
7.34981 1.00935
7.36738 1.09711
7.38494 0.898259
7.4025 1.29383
7.42006 1.11807
7.43763 0.992252
7.45519 0.936269
7.47275 1.06438
7.49031 0.94578
7.50788 1.25481
7.52544 0.687756
7.543 1.22184
7.56056 1.02943
7.57812 0.882881
7.59569 0.92587
7.61325 1.04797
7.63081 0.622027
7.64837 0.718478
7.66594 0.88859
7.6835 1.1233
7.70106 1.09825
7.71862 0.950623
7.73619 1.12193
7.75375 1.00246
7.77131 0.751826
7.78887 0.924546
7.80643 1.30122
7.824 0.832192
7.84156 0.829016
7.85912 0.780424
7.87668 0.974271
7.89425 1.1115
7.91181 0.855361
7.92937 1.00218
7.94693 0.919365
7.96449 0.950205
7.98206 0.930392
7.99962 0.903079
8.01718 1.0364
8.03474 1.14581
8.05231 0.922433
8.06987 1.10267
8.08743 1.01026
8.10499 1.12826
8.12256 1.19846
8.14012 1.13137
8.15768 1.05044
8.17524 0.631009
8.1928 0.839379
8.21037 0.915517
8.22793 1.13885
8.24549 1.23519
8.26305 1.01947
8.28062 1.08309
8.29818 0.9959
8.31574 0.861544
8.3333 0.810485
8.35086 1.0923
8.36843 0.945103
8.38599 1.06206
8.40355 0.866396
8.42111 1.09669
8.43868 1.23263
8.45624 1.37233
8.4738 0.806366
8.49136 1.2208
8.50893 0.892991
8.52649 0.817185
8.54405 0.982505
8.56161 1.22648
8.57917 0.920188
8.59674 0.853203
8.6143 1.02244
8.63186 0.796905
8.64942 0.756455
8.66699 0.848974
8.68455 0.939037
8.70211 1.09946
8.71967 0.630568
8.73724 1.22249
8.7548 0.734345
8.77236 1.05497
