0.0430355 0.277258
0.0562772 0.202966
0.0827606 0.174571
0.0893814 0.12964
0.115865 0.093079
0.122486 0.18371
0.129107 0.0856054
0.148969 0.0789943
0.162211 0.11405
0.168832 0.0547903
0.175452 0.0411145
0.182073 0.0681073
0.208557 0.116177
0.221798 0.0867147
0.23504 0.0102027
0.241661 0.0534932
0.248282 0.187839
0.254903 0.0409484
0.261523 0.0511553
0.268144 0.093405
0.274765 0.0791735
0.288007 0.256975
0.294628 0.0390271
0.301249 0.0838303
0.31449 0.0834591
0.321111 0.0166765
0.327732 0.253487
0.334353 0.0511394
0.340974 0.0200137
0.354215 0.0589066
0.367457 0.074491
0.374078 0.178106
0.380699 0.0866
0.38732 0.0408876
0.39394 0.130447
0.407182 0.132515
0.413803 0.0880805
0.420424 0.0866614
0.427045 0.13528
0.433665 0.0424047
0.440286 0.0174928
0.446907 0.103677
0.453528 0.329609
0.460149 0.0791344
0.46677 0.0274342
0.473391 0.113589
0.480011 0.0726677
0.486632 0.0217089
0.499874 0.107583
0.506495 0.172973
0.513116 0.17773
0.519736 0.10662
0.526357 0.0798771
0.532978 0.186865
0.539599 0.153612
0.54622 0.27218
0.552841 0.163225
0.559462 0.25438
0.566082 0.164067
0.572703 0.234701
0.579324 0.311588
0.585945 0.147346
0.592566 0.202383
0.599187 0.186171
0.605808 0.309905
0.612428 0.196002
0.619049 0.407236
0.62567 0.12285
0.632291 0.45626
0.645533 0.631028
0.652153 0.288677
0.665395 0.368169
0.672016 0.898496
0.678637 1.55886
0.685258 0.835582
0.691879 0.7943
0.70512 1.32149
0.711741 0.969275
0.724983 1.04215
0.731604 1.14015
0.738224 0.843513
0.744845 0.820175
0.751466 1.54952
0.758087 0.894714
0.764708 1.05652
0.771329 1.42971
0.77795 1.34194
0.78457 0.888198
0.791191 1.36987
0.797812 1.12177
0.804433 0.713694
0.811054 0.618407
0.817675 1.2291
0.824295 1.35143
0.830916 1.37259
0.837537 1.2434
0.844158 0.536008
0.850779 0.781633
0.864021 0.356998
0.870641 0.733993
0.877262 0.696641
0.883883 0.322772
0.890504 0.789219
0.897125 0.704082
0.903746 0.42255
0.910366 0.272212
0.916987 0.369293
0.923608 0.581488
0.930229 0.269639
0.93685 0.440533
0.943471 0.242607
0.950092 0.360503
0.956712 0.373804
0.963333 0.463057
0.969954 0.729597
0.976575 0.332947
0.983196 0.372081
0.989817 0.253655
0.996437 0.357958
1.00306 0.502879
1.00968 0.311292
1.0163 0.560285
1.02292 0.688071
1.02954 0.533557
1.03616 0.453571
1.04278 0.394386
1.0494 0.361695
1.05603 0.736408
1.06265 0.533943
1.06927 0.222203
1.07589 0.628258
1.08251 0.574019
1.08913 0.977617
1.09575 0.581939
1.10237 0.583456
1.10899 0.633913
1.11561 1.03833
1.12223 0.58482
1.12885 0.777749
1.13548 0.878227
1.1421 0.90418
1.14872 0.984237
1.15534 1.21573
1.16196 1.48321
1.16858 1.00153
1.1752 1.22258
1.18182 0.800354
1.18844 1.07598
1.19506 1.08354
1.20168 1.34488
1.2083 1.25734
1.21493 0.846872
1.22155 1.11168
1.22817 1.00902
1.23479 1.77898
1.24141 1.09481
1.24803 2.46862
1.25465 1.97592
1.26127 1.53342
1.26789 1.56933
1.27451 1.42711
1.28113 1.50545
1.28775 1.84503
1.29438 2.12881
1.301 1.50812
1.30762 1.26756
1.31424 2.35157
1.32086 2.27113
1.32748 1.47582
1.3341 1.51157
1.34072 1.32848
1.34734 1.90196
1.35396 1.518
1.36058 1.35202
1.3672 1.86446
1.37383 1.5256
1.38045 2.3972
1.38707 1.61872
1.39369 1.87028
1.40031 1.08012
1.40693 1.78459
1.41355 2.07965
1.42017 2.979
1.42679 1.62096
1.43341 1.55824
1.44003 0.76858
1.44666 1.69392
1.45328 1.47598
1.4599 2.58938
1.46652 1.48201
1.47314 2.51498
1.47976 1.37537
1.48638 1.86439
1.493 1.49127
1.49962 1.60296
1.50624 1.38132
1.51286 0.924054
1.51948 1.6214
1.52611 0.984712
1.53273 1.49363
1.53935 1.74119
1.54597 1.72429
1.55259 1.23309
1.55921 0.958762
1.56583 1.57862
1.57245 1.22584
1.57907 0.8205
1.58569 1.10121
1.59231 0.848789
1.59893 0.912791
1.60556 1.02049
1.61218 0.640563
1.6188 1.05713
1.62542 0.588653
1.63204 0.870757
1.63866 0.841999
1.64528 0.838598
1.6519 1.25608
1.65852 0.93421
1.66514 0.590164
1.67176 0.887298
1.67838 0.656314
1.68501 0.756665
1.69163 0.51863
1.69825 0.685369
1.70487 0.663728
1.71149 0.884546
1.71811 0.442828
1.72473 0.619775
1.73135 0.778859
1.73797 0.386134
1.74459 0.561683
1.75121 0.701652
1.75783 0.470966
1.76446 0.548686
1.77108 0.516412
1.7777 0.668693
1.78432 0.50028
1.79094 0.641739
1.79756 0.600489
1.80418 0.611936
1.8108 0.448133
1.81742 0.422905
1.82404 0.490387
1.83066 0.664633
1.83729 0.705619
1.84391 0.66947
1.85053 0.633316
1.85715 0.554437
1.86377 0.61545
1.87039 0.658295
1.87701 0.688995
1.88363 0.777754
1.89025 0.460559
1.89687 0.539857
1.90349 0.655128
1.91011 0.69543
1.91674 0.62983
1.92336 0.504842
1.92998 0.901726
1.9366 0.578287
1.94322 0.630391
1.94984 0.6722
1.95646 0.477004
1.96308 0.783416
1.9697 0.603958
1.97632 0.809984
1.98294 0.594885
1.98956 0.952312
1.99619 0.915687
2.00281 0.891994
2.00943 0.675487
2.01605 1.16449
2.02267 0.839406
2.02929 0.863717
2.03591 0.805172
2.04253 0.942182
2.04915 0.817119
2.05577 0.905595
2.06239 0.736532
2.06901 0.684042
2.07564 1.05324
2.08226 0.964261
2.08888 1.39671
2.0955 0.856282
2.10212 0.767894
2.10874 0.910924
2.11536 0.882001
2.12198 0.8597
2.1286 0.835326
2.13522 0.878982
2.14184 1.09618
2.14846 1.05275
2.15509 0.884319
2.16171 1.10504
2.16833 1.11553
2.17495 0.598115
2.18157 0.987305
2.18819 0.758929
2.19481 0.968765
2.20143 1.08858
2.20805 0.559111
2.21467 1.55973
2.22129 0.932748
2.22792 1.10471
2.23454 1.24228
2.24116 0.867234
2.24778 0.844367
2.2544 1.3518
2.26102 1.38012
2.26764 0.640398
2.27426 1.18971
2.28088 0.786044
2.2875 1.58282
2.29412 1.32942
2.30074 1.25482
2.30737 1.11963
2.31399 1.37337
2.32061 0.889762
2.32723 1.42213
2.33385 1.0551
2.34047 1.32877
2.34709 0.846502
2.35371 1.14099
2.36033 0.97566
2.36695 1.1933
2.37357 1.05501
2.38019 0.959284
2.38682 0.951953
2.39344 1.03928
2.40006 1.09938
2.40668 1.22534
2.4133 1.07051
2.41992 1.03384
2.42654 1.34672
2.43316 1.08471
2.43978 1.47281
2.4464 1.12078
2.45302 1.20255
2.45964 1.19415
2.46627 1.72913
2.47289 1.06001
2.47951 1.29867
2.48613 0.979167
2.49275 1.12766
2.49937 1.10001
2.50599 0.905068
2.51261 0.796218
2.51923 1.03723
2.52585 0.963132
2.53247 1.27309
2.53909 1.12018
2.54572 0.649465
2.55234 1.14232
2.55896 1.23356
2.56558 0.941079
2.5722 1.11777
2.57882 1.22038
2.58544 0.998633
2.59206 1.26273
2.59868 0.683082
2.6053 1.01202
2.61192 1.2499
2.61855 1.12456
2.62517 1.04323
2.63179 1.0224
2.63841 1.65926
2.64503 1.34996
2.65165 0.892716
2.65827 0.873088
2.66489 0.803501
2.67151 0.957638
2.67813 0.734645
2.68475 1.2015
2.69137 1.15343
2.698 0.978537
2.70462 1.14488
2.71124 1.11203
2.71786 1.26348
2.72448 0.836433
2.7311 0.84346
2.73772 1.00723
2.74434 0.83035
2.75096 1.17544
2.75758 1.14754
2.7642 0.886824
2.77082 0.771414
2.77745 1.15891
2.78407 0.912217
2.79069 0.640733
2.79731 0.924601
2.80393 1.08493
2.81055 0.973805
2.81717 1.1113
2.82379 0.687541
2.83041 1.2573
2.83703 1.38712
2.84365 0.89465
2.85027 0.990569
2.8569 1.0868
2.86352 1.07337
2.87014 0.941017
2.87676 0.801932
2.88338 1.03692
2.89 1.11967
2.89662 0.880177
2.90324 0.83348
2.90986 1.43112
2.91648 1.03119
2.9231 1.02663
2.92972 0.882948
2.93635 1.32744
2.94297 0.989876
2.94959 1.12721
2.95621 1.36104
2.96283 0.77491
2.96945 1.25076
2.97607 0.892422
2.98269 0.984243
2.98931 0.998867
2.99593 0.968669
3.00255 0.89745
3.00918 0.644101
3.0158 0.993521
3.02242 0.917008
3.02904 0.847885
3.03566 1.09828
3.04228 1.14696
3.0489 1.17664
3.05552 1.06811
3.06214 0.966823
3.06876 1.06218
3.07538 1.18389
3.082 0.86385
3.08863 1.02571
3.09525 0.922081
3.10187 0.863803
3.10849 1.0791
3.11511 0.858386
3.12173 0.973657
3.12835 0.921508
3.13497 0.757635
3.14159 0.985327
3.14821 1.23694
3.15483 1.03132
3.16145 1.02887
3.16808 0.925241
3.1747 0.917193
3.18132 0.912664
3.18794 0.788795
3.19456 1.0199
3.20118 0.894356
3.2078 1.14617
3.21442 0.712362
3.22104 1.06482
3.22766 0.782451
3.23428 0.773063
3.2409 0.736984
3.24753 1.07745
3.25415 1.04409
3.26077 0.840513
3.26739 0.951522
3.27401 0.659156
3.28063 1.09981
3.28725 0.929859
3.29387 0.918288
3.30049 0.680882
3.30711 1.00957
