0.0601448 0.000416662
0.0786508 0.000993221
0.115663 0.000337935
0.124916 0.000396758
0.161928 0.00528172
0.171181 0.00138992
0.180434 0.00541236
0.208193 0.0150531
0.226699 0.0055088
0.235952 0.00472966
0.245206 0.0112975
0.254459 0.00750469
0.291471 0.0191692
0.309977 0.0162362
0.328483 0.0137359
0.337736 0.0206652
0.346989 0.00970934
0.356242 0.0159609
0.365495 0.0403358
0.374748 0.0326242
0.384001 0.0994477
0.402507 0.0522205
0.41176 0.053095
0.421013 0.0490227
0.439519 0.0544609
0.448772 0.0531444
0.458025 0.22433
0.467278 0.0532417
0.476532 0.0326898
0.495038 0.104575
0.513544 0.279694
0.522797 0.0734741
0.53205 0.11835
0.541303 0.302403
0.550556 0.054886
0.569062 0.0972794
0.578315 0.0908729
0.587568 0.302563
0.596821 0.334425
0.606074 0.141864
0.615327 0.062983
0.62458 0.261986
0.633833 0.166761
0.643086 0.146445
0.652339 0.247505
0.661592 0.132981
0.670845 0.196352
0.680098 0.143588
0.698604 0.169422
0.707857 0.360555
0.717111 0.277297
0.726364 0.366074
0.735617 0.418466
0.74487 0.688854
0.754123 0.27708
0.763376 0.30598
0.772629 0.445866
0.781882 0.440335
0.791135 0.258376
0.800388 0.352517
0.809641 0.40681
0.818894 0.304896
0.828147 0.243008
0.8374 0.217848
0.846653 0.362146
0.855906 0.27024
0.865159 0.72122
0.874412 0.22798
0.883665 0.767272
0.902171 1.01959
0.911424 0.577935
0.92993 0.575795
0.939183 1.11928
0.948436 2.02441
0.95769 1.25476
0.966943 1.1574
0.985449 1.6465
0.994702 1.47629
1.01321 1.41937
1.02246 1.40345
1.03171 1.44146
1.04097 1.57215
1.05022 4.01096
1.05947 1.32665
1.06873 1.45248
1.07798 2.27897
1.08723 2.39308
1.09649 1.31015
1.10574 2.35046
1.11499 1.60475
1.12424 2.37699
1.1335 1.86924
1.14275 1.87732
1.152 2.74897
1.16126 3.86689
1.17051 2.16442
1.17976 0.855556
1.18902 2.38177
1.20752 0.783455
1.21677 1.72673
1.22603 1.66919
1.23528 1.1981
1.24453 2.09008
1.25379 1.12837
1.26304 1.75691
1.27229 1.01905
1.28155 0.852024
1.2908 0.981388
1.30005 1.59034
1.30931 1.34753
1.31856 1.07287
1.32781 0.623887
1.33706 1.24791
1.34632 1.0115
1.35557 1.06493
1.36482 1.49132
1.37408 0.688239
1.38333 0.610933
1.39258 1.40889
1.40184 0.808324
1.41109 1.26358
1.42034 1.48509
1.42959 0.430588
1.43885 1.71422
1.4481 0.860728
1.45735 0.751653
1.46661 0.763068
1.47586 0.60523
1.48511 0.656036
1.49437 0.751757
1.50362 0.581874
1.51287 0.882376
1.52212 0.894493
1.53138 0.475378
1.54063 0.759763
1.54988 0.658541
1.55914 0.677519
1.56839 0.881288
1.57764 0.553292
1.5869 0.733749
1.59615 0.48184
1.6054 0.530639
1.61466 0.81878
1.62391 1.22623
1.63316 0.772092
1.64241 0.54772
1.65167 0.680936
1.66092 0.683657
1.67017 0.611885
1.67943 0.634578
1.68868 0.706252
1.69793 0.218942
1.70719 0.474683
1.71644 0.512195
1.72569 0.59021
1.73494 0.587566
1.7442 0.568114
1.75345 0.926163
1.7627 0.693856
1.77196 0.620163
1.78121 0.714399
1.79046 0.497124
1.79972 0.723996
1.80897 0.595937
1.81822 0.474883
1.82748 0.339587
1.83673 0.775064
1.84598 0.405341
1.85523 0.533297
1.86449 0.662639
1.87374 0.967554
1.88299 0.660826
1.89225 0.706212
1.9015 1.09487
1.91075 0.524547
1.92001 0.820857
1.92926 0.75911
1.93851 0.586517
1.94776 0.706152
1.95702 0.885411
1.96627 0.887282
1.97552 0.823117
1.98478 1.08876
1.99403 0.951302
2.00328 1.12068
2.01254 0.973601
2.02179 1.13561
2.03104 0.894958
2.0403 1.16734
2.04955 0.976895
2.0588 1.76617
2.06805 1.2608
2.07731 0.867885
2.08656 1.16105
2.09581 0.715961
2.10507 1.03314
2.11432 1.56756
2.12357 1.17695
2.13283 0.980554
2.14208 1.52432
2.15133 0.740397
2.16058 1.19188
2.16984 1.61057
2.17909 1.05758
2.18834 1.22306
2.1976 1.10936
2.20685 1.51472
2.2161 1.76654
2.22536 1.45757
2.23461 1.32474
2.24386 2.05157
2.25311 1.17824
2.26237 1.36384
2.27162 1.62447
2.28087 1.88296
2.29013 1.83106
2.29938 1.34092
2.30863 1.80859
2.31789 1.10737
2.32714 1.29024
2.33639 1.45084
2.34565 1.82641
2.3549 1.11924
2.36415 1.5229
2.3734 1.06694
2.38266 1.51718
2.39191 0.993595
2.40116 1.30752
2.41042 1.13354
2.41967 2.07563
2.42892 1.29452
2.43818 1.04371
2.44743 3.22611
2.45668 1.33716
2.46593 1.73032
2.47519 1.58303
2.48444 1.33458
2.49369 0.923137
2.50295 1.19159
2.5122 1.18097
2.52145 1.2701
2.53071 1.14347
2.53996 1.03252
2.54921 0.83962
2.55847 0.993595
2.56772 0.558654
2.57697 1.09737
2.58622 0.786822
2.59548 0.942551
2.60473 0.60683
2.61398 0.806917
2.62324 0.972052
2.63249 0.815682
2.64174 0.965349
2.651 0.848942
2.66025 0.57021
2.6695 0.717872
2.67875 0.610688
2.68801 0.462796
2.69726 0.532504
2.70651 0.464655
2.71577 0.761078
2.72502 0.747618
2.73427 0.639131
2.74353 0.618938
2.75278 0.942659
2.76203 0.609834
2.77129 0.751029
2.78054 0.903406
2.78979 0.526006
2.79904 0.575131
2.8083 0.660408
2.81755 0.859187
2.8268 0.727362
2.83606 0.665755
2.84531 0.675508
2.85456 0.583789
2.86382 0.6685
2.87307 0.567161
2.88232 0.652953
2.89157 0.73858
2.90083 0.889781
2.91008 0.575699
2.91933 0.807096
2.92859 0.7972
2.93784 0.653482
2.94709 0.568668
2.95635 0.477957
2.9656 0.625321
2.97485 0.85227
2.98411 0.707864
2.99336 0.998752
3.00261 0.861087
3.01186 1.03787
3.02112 0.6164
3.03037 0.865628
3.03962 0.798934
3.04888 0.661538
3.05813 0.638896
3.06738 1.14405
3.07664 0.917188
3.08589 0.732667
3.09514 0.60674
3.10439 1.15644
3.11365 0.985554
3.1229 1.09218
3.13215 0.887839
3.14141 0.717494
3.15066 1.00714
3.15991 1.16689
3.16917 1.08479
3.17842 0.916746
3.18767 1.24239
3.19692 1.17479
3.20618 0.881199
3.21543 1.1911
3.22468 0.838436
3.23394 1.31469
3.24319 1.11616
3.25244 1.56828
3.2617 1.23466
3.27095 1.40634
3.2802 1.15637
3.28946 1.21685
3.29871 1.11918
3.30796 1.64123
3.31721 0.968372
3.32647 1.31213
3.33572 1.3519
3.34497 1.77116
3.35423 1.43467
3.36348 1.14493
3.37273 1.67566
3.38199 0.996898
3.39124 1.62471
3.40049 1.6236
3.40974 1.03054
3.419 1.24411
3.42825 1.4622
3.4375 1.27905
3.44676 1.6578
3.45601 1.22694
3.46526 1.32576
3.47452 1.21884
3.48377 1.21305
3.49302 1.06538
3.50228 1.33862
3.51153 1.72601
3.52078 1.20507
3.53003 1.87662
3.53929 1.28659
3.54854 1.0917
3.55779 1.45044
3.56705 1.22842
3.5763 0.855826
3.58555 0.967016
3.59481 1.2295
3.60406 1.16016
3.61331 1.19281
3.62256 1.07404
3.63182 1.10306
3.64107 0.867279
3.65032 1.01876
3.65958 1.40064
3.66883 0.979174
3.67808 0.847247
3.68734 0.70216
3.69659 0.965927
3.70584 0.771133
3.7151 0.928844
3.72435 0.830485
3.7336 0.828374
3.74285 1.12759
3.75211 0.943736
3.76136 0.704783
3.77061 0.917162
3.77987 0.927172
3.78912 0.582987
3.79837 0.742461
3.80763 0.841112
3.81688 0.779894
3.82613 0.817727
3.83538 0.766794
3.84464 0.758763
3.85389 0.897153
3.86314 0.588403
3.8724 0.594728
3.88165 0.618858
3.8909 0.894011
3.90016 0.640063
3.90941 0.726177
3.91866 0.914091
3.92792 0.808083
3.93717 0.698805
3.94642 0.482311
3.95567 0.875897
3.96493 0.79589
3.97418 0.684815
3.98343 0.640382
3.99269 0.587431
4.00194 0.675719
4.01119 0.749834
4.02045 0.657664
4.0297 0.850052
4.03895 0.987437
4.0482 0.851009
4.05746 0.760232
4.06671 0.495411
4.07596 0.693131
4.08522 0.736177
4.09447 0.704997
4.10372 0.633982
4.11298 0.684268
4.12223 0.820318
4.13148 1.19707
4.14073 1.09805
4.14999 1.01989
4.15924 0.741353
4.16849 0.720614
4.17775 0.533266
4.187 0.883035
4.19625 0.739264
4.20551 0.928805
4.21476 0.970845
4.22401 0.858449
4.23327 1.25423
4.24252 0.713027
4.25177 1.38773
4.26102 0.933274
4.27028 0.706116
4.27953 0.939469
4.28878 0.957959
4.29804 1.32083
4.30729 1.22735
4.31654 1.25793
4.3258 1.15367
4.33505 1.21159
4.3443 1.22691
4.35355 1.21378
4.36281 1.13277
4.37206 1.34675
4.38131 1.43863
4.39057 1.28064
4.39982 1.32759
4.40907 1.07812
4.41833 1.31333
4.42758 1.2309
4.43683 0.867234
4.44609 1.51969
4.45534 1.00812
4.46459 1.93366
4.47384 0.946208
4.4831 1.11749
4.49235 1.75408
4.5016 1.20142
4.51086 1.65443
4.52011 1.3668
4.52936 1.15453
4.53862 1.61719
4.54787 1.39211
4.55712 1.39328
4.56637 1.14794
4.57563 0.917064
4.58488 1.30467
4.59413 1.01935
4.60339 1.3186
4.61264 1.15575
4.62189 1.24471
