0.977879 0.888563333333
0.123726033333 0.02985638
0.43933 0.0102947133333
0.994427666667 0.599464
0.0524343333333 0.0521463666667
0.0851560666667 0.0528771666667
0.875034 0.399421333333
0.911834 0.413234333333
0.847595333333 0.417916666667
0.809469 0.418484
0.568300333333 0.0179542
0.636979333333 0.0326948
0.306583 0.362246
0.190036333333 0.445381333333
0.941487666667 0.952285
0.951467333333 0.917285
0.0707876333333 0.953407333333
0.0491684666667 0.929250666667
0.00937107673333 0.760553666667
0.1252438 0.272584
0.151014 0.267644
0.971409333333 0.407848333333
0.986023333333 0.343037
0.938117666667 0.360677333333
0.943272333333 0.391158666667
0.913514333333 0.450576
0.752134333333 0.513077666667
0.790168 0.454394333333
0.755015 0.469293
0.541376666667 0.0545235333333
0.506666333333 0.0341081666667
0.581283333333 0.0635165333333
0.615252 0.0578417666667
0.727410333333 0.451443333333
0.696892666667 0.478310666667
0.482309333333 0.344726
0.331541666667 0.389795
0.273164666667 0.366133
0.163274666667 0.0397193466667
0.206628 0.03903708
0.219464 0.0707623
0.150313 0.212165666667
0.169258 0.234453666667
0.914153666667 0.959742666667
0.886581 0.935224333333
0.751875 0.603312
0.74394 0.643417333333
0.78057 0.603507333333
0.803242333333 0.635396333333
0.772026333333 0.677764
0.802633666667 0.669547666667
0.860333666667 0.693149333333
0.838038 0.674844
0.991015 0.689486
0.889354 0.903069333333
0.858355 0.879688333333
0.862893666667 0.844125333333
0.926906333333 0.892587666667
0.571406333333 0.767173
0.595038666667 0.739941666667
0.763283666667 0.984677
0.639477 0.989447333333
0.0240519666667 0.825564
0.0182789434 0.685799
0.0387170666667 0.721482
0.0940397333333 0.175691
0.104364566667 0.209821333333
0.0682283 0.238961333333
0.0975393666667 0.237049333333
0.0652394666667 0.274869333333
0.0341607767333 0.575088333333
0.978855333333 0.602299
0.962457 0.635366666667
0.985463 0.481060666667
0.959006333333 0.501712666667
0.968999666667 0.447711
0.942543 0.468363
0.688393 0.590946
0.726496333333 0.575854333333
0.697646666667 0.519332
0.725283666667 0.536249333333
0.812523333333 0.476160333333
0.869868666667 0.508576
0.847282666667 0.454443
0.876401666667 0.473289333333
0.501679 0.144371
0.518320666667 0.0819382666667
0.533876666667 0.112846966667
0.891852666667 0.315813666667
0.871477333333 0.368051666667
0.903122666667 0.351383333333
0.922642 0.297324
0.974667666667 0.290632666667
0.954899 0.324962666667
0.982003333333 0.145458333333
0.971160666667 0.108645
0.955313 0.0623805
0.928574 0.0322779333333
0.933554333333 0.0835755666667
0.906815333333 0.053473
0.687609666667 0.0343302333333
0.544075666667 0.401982666667
0.606442333333 0.456874333333
0.634394 0.487383
0.667976666667 0.470452
0.365962333333 0.395738
0.368475666667 0.43146
0.264756333333 0.397777333333
0.230983 0.402807666667
0.224258333333 0.437946
0.204491666667 0.378522666667
0.150886666667 0.0715735666667
0.111949033333 0.0769607666667
0.104108866667 0.105390233333
0.185813666667 0.0865143666667
0.238369333333 0.230509333333
0.20369 0.237195333333
0.242573 0.201654666667
0.367718666667 0.327712666667
0.379304 0.370425666667
0.410875333333 0.372249
0.271597 0.257655666667
0.307936666667 0.324397666667
0.338827333333 0.310486333333
0.828159 0.563404333333
0.793685 0.572469666667
0.834620666667 0.526688
0.781158333333 0.535137333333
0.806394333333 0.513118666667
0.85427 0.723825333333
0.889548 0.740665
0.882033 0.772724666667
0.900680666667 0.683245666667
0.918126333333 0.654736666667
0.954129 0.669660666667
0.913944333333 0.715643333333
0.945159 0.713664
0.904117 0.628381666667
0.930777666667 0.599742
0.854771666667 0.579037666667
0.84297 0.619992
0.864375666667 0.638585333333
0.835458 0.819330666667
0.847984666667 0.786118666667
0.783331666667 0.809056666667
0.802111666667 0.832853333333
0.797390666667 0.762129
0.828697333333 0.752713666667
0.968030666667 0.849784
0.935861333333 0.861823
0.902847666667 0.836741666667
0.909460333333 0.798553
0.727095666667 0.707841
0.767093333333 0.705773333333
0.777838 0.739050333333
0.651550333333 0.703337
0.622869666667 0.635364
0.606933333333 0.708189
0.750744333333 0.822436666667
0.853016 0.952156
0.880588666667 0.976674333333
0.833188 0.980222666667
0.0340532333333 0.0777616333333
0.0285358100667 0.540336333333
0.0216197100667 0.490333666667
0.0346332233333 0.291201333333
0.03037769 0.332872333333
0.0194957566667 0.225111666667
0.0111654334 0.439967333333
0.00677630006667 0.350426
0.135251133333 0.465781
0.177706 0.473557666667
0.204798 0.505354
0.0319646100667 0.644910666667
0.0363466767333 0.609996666667
0.940321 0.524623
0.954023 0.550429333333
0.919714333333 0.574402
0.895983 0.52694
0.887347666667 0.560685333333
0.670726 0.541982666667
0.660259666667 0.573991666667
0.636389333333 0.517892333333
0.503695666667 0.177387333333
0.468929333333 0.201040666667
0.559344666667 0.372720666667
0.956246333333 0.252190666667
0.919472 0.267667666667
0.773611333333 0.0355061
0.741285333333 0.021976
0.825488 0.0191009666667
0.891315 0.0271844
0.875176333333 0.068497
0.845590333333 0.0476332333333
0.814134333333 0.113024833333
0.799099 0.0783439333333
0.812089333333 0.0530799
0.576001 0.458018
0.553053666667 0.436939666667
0.479040333333 0.374008333333
0.507389 0.394734333333
0.485496 0.424332
0.445516333333 0.420642
0.440642333333 0.392461333333
0.424153 0.532747666667
0.248024 0.338778333333
0.213124333333 0.346137666667
0.268315666667 0.309959333333
0.25281 0.283997333333
0.210423333333 0.274835333333
0.183866333333 0.291851666667
0.181944333333 0.323362666667
0.0582194666667 0.344412
0.137517333333 0.336518666667
0.113669133333 0.309947666667
0.0829758666667 0.310321
0.296142666667 0.0645253333333
0.318000333333 0.01920678
0.249158666667 0.0309441133333
0.248072666667 0.0918562666667
0.282220666667 0.0937122666667
0.245839666667 0.128985333333
0.21035 0.173089
0.169729333333 0.181466
0.185256 0.117525333333
0.216673333333 0.138902333333
0.1332855 0.160768
0.142488833333 0.131014
0.413347333333 0.272133666667
0.398595333333 0.311073666667
0.454847666667 0.327680666667
0.421811666667 0.336750666667
0.305575333333 0.247424666667
0.334764333333 0.264351
0.969599666667 0.818072333333
0.944043 0.791922666667
0.984238666667 0.776492
0.958682 0.750342333333
0.564759666667 0.637661333333
0.542441 0.696333666667
0.580880666667 0.687185
0.593563 0.654441333333
0.486252333333 0.715669
0.522412 0.723975666667
0.538142333333 0.760799
0.512997666667 0.784415333333
0.706345333333 0.680114666667
0.672 0.676441666667
0.655728666667 0.640616666667
0.718256666667 0.643700333333
0.688088333333 0.618686666667
0.732261333333 0.803521333333
0.745296 0.767062666667
0.720654333333 0.744597
0.697112666667 0.819212666667
0.584896 0.806597666667
0.681517 0.974363666667
0.824345 0.936337
0.798103333333 0.873984
0.826911 0.896024333333
0.788088 0.958100666667
0.129553266667 0.901467666667
0.0582434333333 0.903093
0.0930055666667 0.89459
0.0403465333333 0.867246
0.481067 0.993716666667
0.246711 0.994033333333
0.102707966667 0.968227666667
0.368014333333 0.964616
0.242897 0.940594333333
0.305485 0.928647
0.0683019666667 0.161974666667
0.0691677666667 0.1214279
0.0415368666667 0.1095999
0.0493157333333 0.198017
0.0311894333333 0.167835333333
0.0422458 0.419442333333
0.0656878666667 0.445754
0.0596333 0.380615666667
0.183475666667 0.530070666667
0.609769333333 0.593180333333
0.625482 0.567703333333
0.576789 0.597741
0.608645666667 0.529058333333
0.470101666667 0.230251333333
0.464198333333 0.293382
0.445914333333 0.263512
0.642862333333 0.0868368333333
0.786149 0.133165
0.837216666667 0.352393666667
0.955427666667 0.158688
0.966270333333 0.195501333333
0.945403 0.217693666667
0.468306 0.518684666667
0.466834666667 0.482105333333
0.491727 0.455480666667
0.522598 0.46084
0.382777666667 0.574187
0.413115333333 0.565347
0.343563666667 0.614314
0.381812333333 0.609470666667
0.401140333333 0.633227666667
0.421613666667 0.688781666667
0.360088 0.715508333333
0.365010666667 0.679529
0.393059666667 0.667140666667
0.404582333333 0.509891
0.372068 0.496439
0.433418 0.482176666667
0.418330666667 0.451862
0.384398666667 0.45758
0.331364666667 0.505732666667
0.243024666667 0.512251333333
0.128192133333 0.431373333333
0.134472666667 0.367122
0.0994803666667 0.419925
0.0980302333333 0.387394
0.162536333333 0.418071333333
0.170267 0.386351
0.333582333333 0.0688897
0.364483666667 0.0894067333333
0.482332666667 0.0963116333333
0.450218 0.0912950666667
0.472355333333 0.135833333333
0.432347333333 0.182311666667
0.43779 0.150120666667
0.418973 0.1238741
0.377130666667 0.118301766667
0.296643333333 0.137213333333
0.268688666667 0.156863333333
0.271745333333 0.195346
0.30152 0.213969666667
0.381050666667 0.791605333333
0.255202333333 0.548626
0.462333333333 0.735954
0.427874666667 0.722648333333
0.449312 0.788175666667
0.473348333333 0.767877
0.404820333333 0.770591
0.394398 0.736986666667
0.675539666667 0.798312
0.626722666667 0.755735
0.659065666667 0.738466666667
0.686046666667 0.760155
0.636956666667 0.816644
0.615120666667 0.795755333333
0.618778 0.955743333333
0.64603 0.968581333333
0.747332666667 0.861834333333
0.775911666667 0.889585
0.768462333333 0.933389
0.635246666667 0.851242
0.619054 0.881352333333
0.675014 0.848511333333
0.633183666667 0.919957333333
0.660435666667 0.932795333333
0.212135 0.948690666667
0.190415666667 0.918153666667
0.180827 0.980418
0.148665266667 0.925922333333
0.134962933333 0.960022666667
0.338653333333 0.919716333333
0.366060666667 0.933973666667
0.264824333333 0.968343333333
0.296245333333 0.956812333333
0.299946333333 0.990055
0.331367333333 0.978524
0.140813666667 0.524115
0.119681133333 0.491621666667
0.0679286333333 0.541486
0.0623036666667 0.506734
0.0788296333333 0.483043
0.0962241333333 0.565326666667
0.130569333333 0.556772333333
0.556157 0.568465666667
0.496686666667 0.530441333333
0.526086333333 0.499221333333
0.557191 0.499193666667
0.572301 0.52526
0.647460666667 0.202935
0.516543 0.321218666667
0.542931333333 0.331281666667
0.499126666667 0.288337
0.50539 0.255213
0.538761333333 0.249585666667
0.635440666667 0.137505666667
0.618821 0.109266633333
0.587054666667 0.0973922666667
0.562704 0.119307966667
0.677009666667 0.153664333333
0.68058 0.188760333333
0.706113333333 0.0604347666667
0.683093333333 0.0877944
0.757291333333 0.111058533333
0.700621 0.126382866667
0.734133666667 0.1367372
0.743884333333 0.055488
0.763752 0.0782083
0.598428 0.382684333333
0.620996666667 0.423616666667
0.655228333333 0.430558333333
0.669213333333 0.396543666667
0.656785 0.236234
0.841365333333 0.263936333333
0.808378 0.257121666667
0.857304333333 0.299266666667
0.834313666667 0.319178333333
0.794555 0.225575333333
0.750898666667 0.171868666667
0.786177333333 0.163014333333
0.808269333333 0.190124666667
0.788531 0.394742666667
0.802848 0.364372666667
0.919383333333 0.1156704
0.925409 0.144518333333
0.850212666667 0.124949166667
0.880668 0.103724566667
0.437807333333 0.632642
0.448817 0.600045
0.524030666667 0.639871666667
0.514394333333 0.665800333333
0.479195666667 0.679093333333
0.449015666667 0.665511666667
0.305934666667 0.484088666667
0.280354333333 0.429964666667
0.254691666667 0.456073666667
0.263278333333 0.487392
0.313721333333 0.425869333333
0.330715 0.448675
0.326704333333 0.587028666667
0.348572666667 0.558130333333
0.318636333333 0.535727333333
0.29116 0.587005333333
0.283061333333 0.553409
0.392152666667 0.0685799333333
0.452349 0.0392031
0.436044666667 0.0648959333333
0.392653333333 0.0319612
0.361251333333 0.0480629
0.405573 0.196737
0.395446 0.241512
0.360866333333 0.242022333333
0.250284 0.89918
0.281451 0.898763666667
0.150113333333 0.872857666667
0.184276 0.881064666667
0.590018333333 0.888003333333
0.458186333333 0.818983333333
0.407766 0.967730333333
0.442175 0.93735
0.727951666667 0.881438
0.692078666667 0.874818
0.683991 0.914377333333
0.717123333333 0.947798
0.737801 0.928556
0.526278 0.583477666667
0.497471333333 0.563227666667
0.506181 0.614963333333
0.477374333333 0.594713333333
0.591202666667 0.252317
0.567579 0.308144666667
0.566683333333 0.276754666667
0.632487 0.259743
0.615459333333 0.193427
0.607009666667 0.163093666667
0.566039333333 0.156770333333
0.583499333333 0.2193
0.539228666667 0.183325666667
0.548239 0.215522
0.764495333333 0.227738333333
0.742931 0.201142
0.703585333333 0.211028
0.695719333333 0.240647666667
0.725962 0.420869
0.750400666667 0.397610666667
0.697017 0.397677666667
0.721455666667 0.374419333333
0.755543333333 0.266194333333
0.726113 0.269217666667
0.77717 0.338067
0.733908 0.345245666667
0.786737333333 0.283323
0.796734 0.310049333333
0.901403333333 0.171032666667
0.910554666667 0.207394666667
0.841561 0.193589
0.864922333333 0.163409333333
0.893346666667 0.242036666667
0.860834 0.235854333333
0.354425333333 0.203220333333
0.376970333333 0.180727
0.324268 0.192094
0.358112 0.143578666667
0.322448 0.153820333333
0.300735666667 0.872904
0.338114666667 0.885375
0.356521666667 0.858183666667
0.285471 0.837126
0.319462666667 0.727769
0.261038 0.617772333333
0.0510611 0.754968
0.0453038666667 0.784295333333
0.249630666667 0.824063666667
0.233728333333 0.860258
0.201037333333 0.852667
0.560679666667 0.832196333333
0.560158666667 0.862603
0.522045333333 0.816388
0.491270333333 0.830657333333
0.520377666667 0.881380333333
0.490123666667 0.865243
0.43536 0.841326333333
0.402716 0.831533
0.385088333333 0.863132
0.454095 0.873187333333
0.430451333333 0.904842666667
0.394088666667 0.904580666667
0.519545666667 0.913089333333
0.48236 0.934513666667
0.653685 0.292320333333
0.704541666667 0.328263
0.708376666667 0.297381333333
0.341279 0.82234
0.307607333333 0.813753333333
0.348180333333 0.787360666667
0.314066 0.761246333333
0.288071 0.777739666667
0.299848666667 0.704852333333
0.267002333333 0.706314
0.331209 0.669907333333
0.318092333333 0.644955333333
0.271111 0.648437
0.251381333333 0.674850666667
0.209102333333 0.677751333333
0.231977333333 0.571926333333
0.229714333333 0.607476333333
0.198477333333 0.560268333333
0.165723 0.578115
0.185287 0.812518
0.488099333333 0.961925666667
0.491989 0.988494666667
0.440173333333 0.980784
0.630852666667 0.316172666667
0.608955 0.356105
0.594519333333 0.323004333333
0.645508666667 0.363022666667
0.659609333333 0.339108333333
0.0665851666667 0.701478333333
0.0637129666667 0.667063
0.16884 0.605635666667
0.199331333333 0.623339
0.184742333333 0.655983666667
0.200236666667 0.778404333333
0.248193333333 0.759407666667
0.231889333333 0.782359
0.238478333333 0.726963333333
0.203023 0.707981666667
0.153894 0.810654666667
0.135481666667 0.842596666667
0.0835144666667 0.802594
0.077034 0.834316
0.102518633333 0.854187333333
0.550144333333 0.983931666667
0.521801666667 0.967478333333
0.543292 0.938906666667
0.588613666667 0.961733
0.573983666667 0.932598
0.126870166667 0.706319
0.163209333333 0.722300333333
0.167454666667 0.754855
0.109535433333 0.776352333333
0.141458 0.777176
0.0878827 0.751580666667
0.0929757666667 0.721617
0.1217775 0.672428
0.146184666667 0.652958
0.135527666667 0.622773
0.0850109 0.653310666667
0.0980654666667 0.603806666667
0.0719558666667 0.614874333333
