0.012505456 0.1750721
0.00829021266667 0.560442333333
0.0863175666667 0.309893333333
0.986130333333 0.308817333333
0.713719 0.988495666667
0.4027597 0.994095333333
0.980647666667 0.390175333333
0.973959 0.538160333333
0.982359666667 0.475171
0.02553239 0.535475
0.0298604893333 0.318078
0.0569334666667 0.330643
0.0473777 0.372085333333
0.0128640793333 0.391808666667
0.0203047226667 0.359520333333
0.0137526893333 0.248806333333
0.0286711893333 0.279654666667
0.0665768333333 0.393603
0.04217619 0.427065666667
0.0224368333333 0.100761666667
0.128203033333 0.0172894133333
0.1110209 0.330009
0.100835933333 0.372276333333
0.288904666667 0.378251
0.277984666667 0.347221
0.827170333333 0.0439755666667
0.935915333333 0.256637666667
0.930743333333 0.224619
0.963611 0.840441333333
0.987126333333 0.785489666667
0.763452 0.893639
0.340868366667 0.988336666667
0.554986333333 0.987339333333
0.622035666667 0.851927666667
0.496594 0.742985333333
0.657671 0.852793333333
0.807182 0.741919666667
0.783304666667 0.756861
0.962745333333 0.669743333333
0.985165 0.624169666667
0.968292 0.584635
0.840852333333 0.739463666667
0.845937666667 0.697498333333
0.0707851333333 0.515720333333
0.0359040566667 0.494293666667
0.0502346566667 0.454563
0.0802434333333 0.544717666667
0.0499648 0.576566
0.0923970333333 0.491346
0.0841557333333 0.459148666667
0.181090333333 0.0182512466667
0.109521233333 0.0574535666667
0.0447315666667 0.0524370333333
0.0785099333333 0.0315391666667
0.123310033333 0.399286333333
0.116056366667 0.440602333333
0.398816 0.0187786133333
0.240260666667 0.337940666667
0.313427666667 0.01641018
0.363527 0.0287119
0.927380333333 0.02227309
0.961603 0.316807666667
0.948446 0.287012666667
0.915415333333 0.318946666667
0.905211666667 0.353947333333
0.936224333333 0.366197
0.975897333333 0.182255
0.952085666667 0.201799333333
0.700672 0.51152
0.938528 0.959343666667
0.865917 0.975195666667
0.892723333333 0.95808
0.951257 0.869670333333
0.971715333333 0.905652666667
0.940791 0.930403666667
0.775720666667 0.927622
0.814037666667 0.97013
0.807358 0.937862333333
0.761421 0.978399333333
0.739563333333 0.954288666667
0.508632666667 0.959957666667
0.658042333333 0.971982
0.599887333333 0.876787333333
0.625365 0.641857333333
0.646288666667 0.711885666667
0.501856 0.605288
0.532956333333 0.742607333333
0.661600333333 0.787960666667
0.680653333333 0.820083666667
0.710512333333 0.835792666667
0.744812666667 0.742362
0.723416 0.766361333333
0.672645 0.731205333333
0.684724333333 0.759063333333
0.841306333333 0.818520666667
0.879800333333 0.505732666667
0.945831333333 0.526824333333
0.820538 0.521420333333
0.842587 0.493629333333
0.834102333333 0.458983333333
0.733902666667 0.525578333333
0.764631333333 0.50435
0.786765666667 0.526769333333
0.773630666667 0.564967333333
0.741114333333 0.562186
0.789187333333 0.709026333333
0.814964 0.683990666667
0.754391 0.711014
0.839931 0.550990666667
0.875356666667 0.539084333333
0.930967666667 0.658806666667
0.899626 0.685912
0.872585666667 0.671794666667
0.977736333333 0.741203333333
0.962854 0.702368333333
0.870519666667 0.801033
0.901734333333 0.824731
0.936158333333 0.817563666667
0.970319 0.437590333333
0.943228333333 0.401984
0.950479 0.486610333333
0.200196333333 0.647507
0.176155 0.44838
0.135154 0.492777666667
0.147147666667 0.464898333333
0.0802633666667 0.650427333333
0.0590751 0.605368
0.0489070666667 0.637405333333
0.396186 0.774754333333
0.2869027 0.980738333333
0.388564333333 0.973302
0.326871 0.388662666667
0.485423 0.486219
0.536834666667 0.581829666667
0.529232 0.545161
0.0542244666667 0.951947
0.0928864333333 0.955146666667
0.0812246333333 0.684472
0.0374958666667 0.212626666667
0.0524143666667 0.243475
0.0976255666667 0.126412833333
0.0895794666667 0.0879765333333
0.0608231 0.0861699333333
0.0385283666667 0.134494566667
0.0523401666667 0.172625333333
0.082681 0.162737
0.129259666667 0.1218515
0.138403333333 0.0781982
0.173460666667 0.407981
0.151707 0.383183333333
0.202361666667 0.388344333333
0.209331 0.358232333333
0.483049 0.0375795
0.465031666667 0.0950221666667
0.447637333333 0.0682360666667
0.446768666667 0.270089
0.322249333333 0.187602333333
0.354458666667 0.164187
0.330276666667 0.0352861666667
0.218777 0.128082
0.795450666667 0.0286549333333
0.680496333333 0.0955373
0.894196333333 0.0469268
0.854302666667 0.0578442666667
0.860400333333 0.0941839
0.960797 0.141603
0.916966666667 0.0804617666667
0.895892666667 0.108362833333
0.909175666667 0.145322666667
0.936985333333 0.161147333333
0.892678333333 0.214220666667
0.886211 0.175576333333
0.617562666667 0.0752951666667
0.642291666667 0.103468633333
0.551248666667 0.452290666667
0.583421333333 0.462419
0.525277 0.482552
0.576587333333 0.509147
0.543794666667 0.515973333333
0.693593333333 0.480398333333
0.594993333333 0.383298666667
0.534375666667 0.427201666667
0.556498666667 0.391952
0.322296666667 0.233251333333
0.297691666667 0.249445
0.308497333333 0.314488
0.291053666667 0.283452666667
0.340172 0.315286666667
0.364712 0.292785
0.871540333333 0.365072666667
0.856583333333 0.392250666667
0.841136333333 0.343900333333
0.812877333333 0.390647333333
0.805082333333 0.359752333333
0.460238666667 0.966843666667
0.475776333333 0.945220666667
0.425336 0.960814
0.663278333333 0.917061666667
0.708968 0.874896
0.675654666667 0.884568
0.730410666667 0.899792666667
0.715419333333 0.936371333333
0.681600333333 0.943968333333
0.520816666667 0.924572333333
0.564614333333 0.873205666667
0.626384 0.926674333333
0.602207666667 0.910159
0.586987 0.971542
0.624264 0.961081666667
0.553834 0.933553
0.566934666667 0.906577333333
0.479449333333 0.586626666667
0.495290333333 0.546701666667
0.434370333333 0.534902666667
0.469999 0.521181
0.496941666667 0.638834666667
0.538853666667 0.642705333333
0.536397 0.671465333333
0.620066333333 0.705676333333
0.598642 0.728805333333
0.604477 0.670485333333
0.566546333333 0.681902666667
0.562127666667 0.715247333333
0.5546 0.770477
0.597896333333 0.761271333333
0.605970666667 0.817616666667
0.622553 0.786359333333
0.840021 0.915167
0.831306 0.881780666667
0.873507 0.930319
0.854481 0.859915666667
0.902292666667 0.912118333333
0.888542333333 0.858583333333
0.910612333333 0.880645
0.786221666667 0.786224333333
0.810948 0.8128
0.739949666667 0.824946666667
0.744133666667 0.793294
0.771446666667 0.857896333333
0.800357 0.852819333333
0.687805 0.585344
0.723376 0.582306666667
0.807959333333 0.652298666667
0.778943333333 0.635601
0.78793 0.595643
0.820458 0.587015333333
0.834551333333 0.617901333333
0.697550666667 0.698165666667
0.733723333333 0.686060666667
0.671194333333 0.678846
0.748284666667 0.641896666667
0.723541333333 0.616056333333
0.66586 0.644008666667
0.687970333333 0.619093666667
0.939732666667 0.599221
0.924828 0.627819
0.921829666667 0.560954333333
0.89257 0.564452
0.871237666667 0.607244333333
0.885592666667 0.632344666667
0.872109333333 0.746656
0.885497 0.773584333333
0.904235 0.718808
0.935685333333 0.724327666667
0.950567666667 0.763162666667
0.932505 0.784571333333
0.922596 0.423916
0.870523333333 0.443998666667
0.880379333333 0.416069
0.896653 0.478090333333
0.926116666667 0.467730333333
0.146420666667 0.662347666667
0.116256 0.691138333333
0.182290333333 0.673181333333
0.143643666667 0.627275666667
0.112517733333 0.622021666667
0.1009914 0.596815666667
0.114453 0.560480333333
0.174886666667 0.615099
0.614568 0.615008
0.573747333333 0.619472333333
0.566814 0.592143333333
0.229097333333 0.647613666667
0.350702666667 0.886225666667
0.358500666667 0.95367
0.395272333333 0.941182
0.394307666667 0.911302333333
0.385473333333 0.845657333333
0.352579333333 0.858709333333
0.187605666667 0.842894666667
0.170337 0.811177666667
0.0504714666667 0.710688333333
0.0326931666667 0.672156666667
0.01842879 0.599028333333
0.0161681233333 0.698983333333
0.123977266667 0.799727333333
0.0555894333333 0.747122333333
0.094547 0.273728
0.0787931 0.244558666667
0.126983 0.256214
0.0942154333333 0.203822
0.122052 0.211669333333
0.238457333333 0.295434666667
0.258737666667 0.273679666667
0.249044333333 0.207036
0.265375666667 0.239672
0.171927666667 0.0406101666667
0.166766 0.0688199
0.209308333333 0.0966078666667
0.204431 0.0315774133333
0.144538333333 0.182816
0.148360666667 0.141901666667
0.190313666667 0.143048666667
0.407719666667 0.146629333333
0.381570666667 0.178837666667
0.265680666667 0.177506333333
0.298075 0.169470666667
0.256656 0.145231333333
0.289050333333 0.137195666667
0.361016333333 0.123051366667
0.343263 0.0928795333333
0.360662 0.0593838666667
0.395707333333 0.115321033333
0.393912333333 0.0528096
0.411204333333 0.0785749333333
0.705052333333 0.0441679333333
0.682321 0.0578491333333
0.643304 0.0488033333333
0.602099666667 0.0330114666667
0.755465666667 0.0242669666667
0.837332 0.01517499
0.626151666667 0.00968923666667
0.480349666667 0.0166705466667
0.966221 0.1097187
0.952057333333 0.0811446333333
0.980875333333 0.0711271566667
0.966711666667 0.04255309
0.621943 0.212208
0.663934666667 0.206688
0.704604333333 0.171600333333
0.673647666667 0.174324666667
0.703053666667 0.113682666667
0.713695333333 0.145858333333
0.765955 0.206410333333
0.736917333333 0.208344333333
0.848422 0.312353666667
0.889029666667 0.298525333333
0.896754666667 0.267388333333
0.873864666667 0.242601333333
0.560797333333 0.108289633333
0.521466333333 0.0549929
0.558983333333 0.0525329333333
0.578742666667 0.0784405
0.522399333333 0.110691966667
0.502827666667 0.0833028
0.692602 0.335236
0.605086 0.239295666667
0.637845666667 0.262572333333
0.511104666667 0.273245666667
0.483660333333 0.254056333333
0.549378333333 0.268242
0.563832666667 0.241388
0.496797 0.303744666667
0.454390333333 0.299283666667
0.435148 0.446218666667
0.472202333333 0.459584
0.495183333333 0.430828
0.805490666667 0.446508
0.795477333333 0.413193666667
0.774060333333 0.470086666667
0.463785333333 0.905911333333
0.493163333333 0.890612333333
0.418223666667 0.856651333333
0.428934666667 0.89478
0.427334333333 0.573256
0.447122 0.599459333333
0.425243666667 0.626765
0.387763666667 0.584491666667
0.38671 0.616083
0.470319333333 0.663165333333
0.436251 0.658083333333
0.479210333333 0.715792333333
0.491306333333 0.688669
0.443167333333 0.732559666667
0.118274333333 0.723255333333
0.116470266667 0.770951
0.0883609333333 0.753023
0.188229 0.782851666667
0.160464 0.760253
0.159269666667 0.730313
0.223537 0.723911666667
0.193121 0.709029666667
0.15704 0.518472333333
0.145827666667 0.549669666667
0.178148333333 0.582363333333
0.248004333333 0.906940666667
0.321305333333 0.895575666667
0.328138666667 0.933140333333
0.209275 0.909726
0.142347333333 0.905293333333
0.179658333333 0.877056333333
0.146827666667 0.876054
0.193873666667 0.9417
0.127206366667 0.963450333333
0.159776666667 0.938269666667
0.626497 0.58053
0.660618 0.565565333333
0.661889333333 0.528278333333
0.628281333333 0.509254666667
0.597724333333 0.530804
0.597211333333 0.564792333333
0.362650333333 0.559503666667
0.327965333333 0.557927333333
0.258569666667 0.664297666667
0.256835 0.695851666667
0.281513 0.7121
0.306602666667 0.581108
0.307199333333 0.620231666667
0.276629333333 0.634576
0.247157 0.617892
0.36991 0.786686
0.36877 0.816281333333
0.335876 0.829333333333
0.332532666667 0.759331666667
0.112529633333 0.848879666667
0.0969839 0.817992666667
0.0210983666667 0.817768666667
0.0381389333333 0.774101
0.0564300666667 0.809587666667
0.209162 0.289939666667
0.188171666667 0.257624333333
0.151024 0.273181666667
0.143291333333 0.310811333333
0.161503333333 0.336975666667
0.190226333333 0.331661333333
0.26459 0.0294163466667
0.238012666667 0.0467332133333
0.248051666667 0.0835539333333
0.298109666667 0.0449249
0.313395333333 0.0856802333333
0.289914666667 0.1069924
0.200722 0.174879666667
0.175782666667 0.196955333333
0.219578 0.204765666667
0.194638666667 0.226841333333
0.387117333333 0.210238333333
0.419458333333 0.220237333333
0.418267 0.254792
0.360052666667 0.241236666667
0.377431333333 0.265964
0.624471666667 0.131466
0.642361333333 0.158434666667
0.581797333333 0.133141666667
0.611364333333 0.18653
0.740839666667 0.103117666667
0.768535333333 0.0571185666667
0.741013666667 0.0712911
0.800255 0.0724392
0.771428 0.159101333333
0.751481333333 0.135293333333
0.728544333333 0.238572
0.677286333333 0.262988
0.686518333333 0.234191333333
0.797435666667 0.272056333333
0.828534 0.281221333333
0.790678666667 0.229322333333
0.822872666667 0.217338333333
0.846251666667 0.242606
0.649417666667 0.38439
0.619116333333 0.404881
0.613424333333 0.444136333333
0.637147333333 0.469315
0.663676666667 0.457217
0.709154666667 0.379047
0.739997666667 0.387454
0.685926 0.432193
0.682877 0.400365
0.759208333333 0.414106333333
0.715842666667 0.455374333333
0.748875 0.449011
0.605827333333 0.347047
0.630735666667 0.288985666667
0.57552 0.322788333333
0.583521666667 0.292563
0.639357333333 0.348499
0.656264 0.320663
0.539320666667 0.216488666667
0.558318 0.162298666667
0.569995333333 0.188718333333
0.510130666667 0.327871
0.501943333333 0.360783
0.544519 0.336001666667
0.536331666667 0.368913666667
0.435150666667 0.414387333333
0.473150333333 0.373579
0.471575 0.407279
0.546055666667 0.848515
0.565263666667 0.817785666667
0.538549666667 0.795734
0.403842333333 0.680666666667
0.380443666667 0.736064666667
0.409627666667 0.717549666667
0.341456 0.727712333333
0.319942666667 0.699467
0.194909666667 0.527954333333
0.267337 0.563238333333
0.204380333333 0.568549333333
0.238461333333 0.585678
0.301563 0.947507666667
0.268840666667 0.936017666667
0.224674 0.957054333333
0.230263366667 0.975473666667
0.1747977 0.977549333333
0.330694666667 0.422458666667
0.309664 0.438432666667
0.363765 0.427809333333
0.363140666667 0.632696333333
0.330106 0.638652333333
0.369265666667 0.665961666667
0.336231 0.671917666667
0.239414666667 0.758853666667
0.225445 0.785189666667
0.272545 0.753368333333
0.302051333333 0.772354666667
0.306534666667 0.812761
0.0847115333333 0.867864
0.046666 0.917766666667
0.0335587666667 0.87143
0.0547137 0.8462
0.0853279666667 0.920966333333
0.102218566667 0.896293666667
0.801511666667 0.14928
0.858999333333 0.161274666667
0.828232666667 0.184605
0.846471666667 0.116842066667
0.813458666667 0.108966066667
0.715682333333 0.31819
0.712724 0.288116
0.747407 0.349762333333
0.774681333333 0.339788
0.773507 0.293587666667
0.743274333333 0.273488
0.50057 0.140608
0.515488666667 0.167362666667
0.464156666667 0.132485
0.439804666667 0.157212666667
0.445996666667 0.19942
0.481697 0.217942
0.507196666667 0.200142666667
0.384001 0.393683
0.413661666667 0.388392333333
0.361666 0.371703333333
0.365565 0.341014333333
0.390105 0.318512666667
0.427209666667 0.324079666667
0.438450666667 0.358377333333
0.487494333333 0.859988333333
0.509689666667 0.842282
0.500472 0.806446666667
0.447405333333 0.837158666667
0.48016 0.781567666667
0.450899 0.775571333333
0.433101666667 0.799251
0.227639 0.514281
0.265985333333 0.532436333333
0.304485333333 0.525756
0.301314 0.471175
0.319853333333 0.495107
0.358784 0.495236
0.410250333333 0.514096
0.378101 0.527461333333
0.409444666667 0.470054333333
0.37749 0.460223
0.223373333333 0.843420666667
0.243320666667 0.814041666667
0.278568333333 0.826814333333
0.254155333333 0.874797
0.287386333333 0.867130666667
0.230760666667 0.482328
0.265741 0.469099
0.205152666667 0.453788333333
0.223197333333 0.414173666667
0.257155333333 0.409971
0.274091 0.436356666667
