0.673831333333 0.00922542
0.993503333333 0.140904033333
0.979689666667 0.0425766333333
0.216124333333 0.659992333333
0.056929089 0.0666520666667
0.042341989 0.0967659333333
0.0792168 0.0841947
0.126955333333 0.0418601
0.0938039 0.0540808333333
0.186201 0.0161521766667
0.506136666667 0.410637666667
0.994559333333 0.3466051
0.0059260898 0.488704666667
0.0202558833333 0.789405333333
0.0969161 0.223141333333
0.0036450288 0.209896
0.0263104398 0.250213333333
0.0526194333333 0.220964
0.0336031556667 0.130310666667
0.0597504666667 0.153532
0.0171399223333 0.168781333333
0.0432872333333 0.192002666667
0.155283333333 0.0629517
0.181353333333 0.250903333333
0.371723333333 0.00821531
0.315876666667 0.02732181
0.955489 0.0721442
0.780965 0.265225333333
0.810644 0.292437666667
0.547217666667 0.450855666667
0.520851333333 0.442033666667
0.407411 0.479236666667
0.484096333333 0.51035
0.491516333333 0.473794666667
0.508203 0.0176529866667
0.475061666667 0.422116666667
0.429282 0.460900333333
0.464187 0.459428
0.752861333333 0.275143666667
0.719099666667 0.0120481533333
0.755736666667 0.0156704
0.641662333333 0.994758
0.855515666667 0.866980333333
0.951301 0.966674
0.913829666667 0.955702
0.929069666667 0.900311
0.906925333333 0.917381333333
0.138278333333 0.986893666667
0.185920666667 0.974465
0.0358703 0.524730333333
0.0118981731333 0.437325
0.370801333333 0.460689
0.119955666667 0.427080666667
0.0766601666667 0.368667333333
0.1142713 0.546122666667
0.145691 0.625081
0.0194175166667 0.593139
0.0423723 0.561739333333
0.1167404 0.718767666667
0.117911733333 0.684605333333
0.182086333333 0.674346333333
0.148252 0.663301
0.0817501666667 0.733024
0.02933245 0.736642333333
0.0565662333333 0.791987333333
0.0785434 0.766512666667
0.569064 0.427725666667
0.987522666667 0.487313666667
0.596414333333 0.457508333333
0.626808666667 0.453095
0.0650177333333 0.333136666667
0.0413226731333 0.273571333333
0.0317042398 0.309901333333
0.223742666667 0.0222024766667
0.190250666667 0.0469370333333
0.0875489 0.311897666667
0.106346933333 0.255328333333
0.0770625 0.276509
0.925157333333 0.0639752
0.983239666667 0.189764933333
0.961487666667 0.114514266667
0.822043333333 0.216523666667
0.769435666667 0.196348333333
0.786366333333 0.232275333333
0.509919 0.525947333333
0.449196666667 0.532180333333
0.417235666667 0.514117333333
0.239743 0.308129666667
0.540888333333 0.266996666667
0.559986333333 0.189252
0.632946 0.179562666667
0.664373 0.182582333333
0.736059 0.191570333333
0.670146 0.221007333333
0.718943 0.258527333333
0.706946666667 0.227743333333
0.607442666667 0.289520333333
0.641691666667 0.272978
0.642356 0.243604333333
0.575689666667 0.264593333333
0.584454666667 0.223919666667
0.616872 0.219473
0.631932666667 0.0290335666667
0.768022333333 0.105474566667
0.746535 0.0493906
0.775108 0.0717832666667
0.874775666667 0.969988333333
0.837738333333 0.990928
0.833633666667 0.839111333333
0.811079333333 0.771974333333
0.776315666667 0.864673
0.790545666667 0.801026666667
0.804396666667 0.835719
0.866945 0.914193
0.845167 0.895826
0.84605 0.947292666667
0.992545333333 0.871195666667
0.977097666667 0.919234666667
0.961770666667 0.891192333333
0.145973 0.945783666667
0.806726333333 0.713162
0.796899 0.746696
0.0553677666667 0.505692666667
0.102595866667 0.484473333333
0.0907945 0.515045666667
0.180338 0.392483666667
0.138361 0.396431
0.117630333333 0.370674
0.203035333333 0.363086666667
0.238165 0.375917666667
0.146285666667 0.452977666667
0.134657666667 0.480763666667
0.241717333333 0.471998333333
0.252579666667 0.438320666667
0.232388666667 0.413010666667
0.197124333333 0.422988666667
0.181477333333 0.452833
0.205879333333 0.476532666667
0.263570666667 0.497997666667
0.0571203 0.392341333333
0.0270538064667 0.351975
0.0208345731333 0.395223666667
0.0451692666667 0.465196666667
0.0796851333333 0.424997666667
0.0739533333333 0.454604333333
0.229910333333 0.627598
0.269303 0.632359666667
0.03167595 0.629661333333
0.0846349 0.670868333333
0.0335667833333 0.678753333333
0.0640073333333 0.700609666667
0.1149774 0.612434
0.0842615666667 0.636917
0.0617431666667 0.617566333333
0.1029397 0.576054333333
0.0686196333333 0.579438666667
0.109082633333 0.786414
0.337994333333 0.658342333333
0.506663 0.984991333333
0.560589666667 0.390265333333
0.524028666667 0.381999333333
0.811622333333 0.329484
0.634882666667 0.423453333333
0.667992666667 0.29245
0.698611333333 0.285826666667
0.660203333333 0.489093333333
0.670667666667 0.551917666667
0.647835333333 0.525532666667
0.723816 0.587013666667
0.707894 0.55345
0.726501333333 0.533545
0.762963666667 0.485793666667
0.710025333333 0.442662333333
0.696097666667 0.478987
0.721692 0.499518
0.841502333333 0.704963666667
0.156347333333 0.215693333333
0.117350166667 0.201918333333
0.146556 0.0993125
0.173333333333 0.117150066667
0.153804333333 0.149789
0.1036409 0.108334766667
0.0929134 0.144127333333
0.1162995 0.167744
0.334577666667 0.0545457
0.414784666667 0.0100199
0.496851666667 0.136740333333
0.933869 0.148697666667
0.782482 0.0348582333333
0.932642333333 0.0286505666667
0.899234666667 0.0384660666667
0.836760666667 0.0222308666667
0.741743333333 0.0257617666667
0.792793333333 0.13355
0.822304333333 0.184404
0.790954 0.170324666667
0.890939333333 0.0790103
0.820804 0.112217033333
0.865016666667 0.0535011666667
0.810698 0.0747184
0.827019 0.0528532666667
0.840291666667 0.275928666667
0.867223333333 0.291088333333
0.846289666667 0.232964666667
0.877155333333 0.206346666667
0.558799666667 0.489401333333
0.542486 0.516614666667
0.589895666667 0.493338333333
0.607922 0.525364333333
0.682719333333 0.0445460666667
0.653932666667 0.0543783333333
0.708793 0.0630657333333
0.581425333333 0.156453333333
0.621967666667 0.151210666667
0.645907666667 0.119152833333
0.63548 0.0919091
0.577694 0.0259768866667
0.602671 0.0428911666667
0.543213 0.0369064866667
0.603221666667 0.0829951
0.791535 0.967621333333
0.811198666667 0.945293666667
0.736897333333 0.914116
0.777726333333 0.8963
0.805868 0.91084
0.972146 0.768604
0.995171666667 0.482904433333
0.995527 0.5178111
0.846015333333 0.774959666667
0.866611 0.741483
0.898677333333 0.750123333333
0.854718666667 0.807404333333
0.973221333333 0.823893333333
0.952410666667 0.795987
0.957311333333 0.853061666667
0.924610333333 0.862180333333
0.895441 0.849017
0.890300333333 0.815956
0.913663333333 0.792151666667
0.0429401 0.875342666667
0.159349 0.920490666667
0.661094 0.584747666667
0.697683666667 0.604854333333
0.761743333333 0.661636333333
0.776614333333 0.695108
0.121338666667 0.315902
0.139777666667 0.339147666667
0.168261 0.275217666667
0.135733666667 0.276321666667
0.197294 0.311158
0.183205666667 0.335507666667
0.200381666667 0.504849
0.155766666667 0.543722
0.164351666667 0.508935333333
0.236803666667 0.521273333333
0.241987666667 0.551017333333
0.319936666667 0.484495333333
0.299336333333 0.512644333333
0.354119666667 0.493907
0.381419 0.528369666667
0.381205333333 0.557225333333
0.317196666667 0.617023333333
0.285549666667 0.60573
0.342209666667 0.592901
0.341144333333 0.566510333333
0.277177333333 0.564299
0.307759 0.549201666667
0.14352 0.835242333333
0.155769333333 0.868714666667
0.133033 0.886918333333
0.1082393 0.819125666667
0.0985637333333 0.884760666667
0.0751791333333 0.82912
0.0706295666667 0.859712333333
0.373577333333 0.665446666667
0.395884 0.704471666667
0.242192666667 0.689265333333
0.566416666667 0.926278333333
0.539114666667 0.945360666667
0.503522333333 0.886529666667
0.508174333333 0.925782333333
0.776008 0.457813333333
0.748664 0.435213
0.786611666667 0.345079666667
0.760892 0.402113333333
0.788509 0.386635
0.757529666667 0.317951666667
0.728065333333 0.322292666667
0.651148 0.325746666667
0.620861 0.391129
0.589763666667 0.373672666667
0.612445 0.321331666667
0.583432666667 0.33761
0.921178333333 0.729584
0.977260666667 0.717122
0.955899666667 0.744229333333
0.962972333333 0.683181333333
0.928434666667 0.685968
0.946012 0.593936333333
0.968287333333 0.626146666667
0.934662666667 0.439888
0.182274666667 0.201267333333
0.180782333333 0.169537333333
0.220708666667 0.0694525333333
0.28292 0.0519603766667
0.254200666667 0.0447179766667
0.377384 0.0888919
0.363233666667 0.0547620333333
0.387594 0.0293427333333
0.4724 0.0393990666667
0.444386333333 0.0296221666667
0.478474666667 0.0732600666667
0.417195666667 0.048945
0.410802333333 0.0830169
0.466186333333 0.109085733333
0.436492 0.113272066667
0.921174666667 0.295860666667
0.897048666667 0.271602
0.900982666667 0.229824333333
0.953354666667 0.306733333333
0.904264333333 0.137027333333
0.884478666667 0.106385366667
0.881324333333 0.164398
0.850719666667 0.158896333333
0.84738 0.123484033333
0.370648333333 0.426264333333
0.316382 0.318992666667
0.273654333333 0.327848666667
0.2683 0.361051333333
0.347983666667 0.349897
0.515040333333 0.353380333333
0.530313666667 0.296898333333
0.545270333333 0.325583666667
0.738551666667 0.120953233333
0.707895333333 0.100937066667
0.680589333333 0.122953166667
0.688076333333 0.158030666667
0.722961666667 0.160282666667
0.516762333333 0.085104
0.545697666667 0.0704965
0.528472 0.122526
0.568216333333 0.131591666667
0.580729333333 0.0996708333333
0.0451646 0.945931666667
0.0561973333333 0.914014
0.0836537333333 0.971835333333
0.1117804 0.943645666667
0.0906871333333 0.916195
0.492591666667 0.765180333333
0.529875666667 0.753617
0.714967666667 0.886879666667
0.741312666667 0.853804666667
0.617354 0.875122666667
0.685224666667 0.885454333333
0.662450333333 0.661736333333
0.696898333333 0.636045
0.723039333333 0.659678333333
0.211673666667 0.605142333333
0.215343 0.57079
0.175855 0.603756333333
0.179524333333 0.569404
0.374320666667 0.608824666667
0.384890666667 0.640051333333
0.399761666667 0.584096666667
0.428526 0.711594666667
0.441581666667 0.745808666667
0.475626 0.73872
0.326550333333 0.685969
0.289506 0.671279666667
0.276181666667 0.695791
0.227597666667 0.716620333333
0.190103666667 0.707260333333
0.504704333333 0.564177666667
0.596470666667 0.557021333333
0.562130666667 0.552208666667
0.541588333333 0.577739
0.549857333333 0.611118666667
0.635588333333 0.651926333333
0.581353 0.624591
0.633446666667 0.606128333333
0.607424 0.596024
0.471893333333 0.864095
0.437675666667 0.878314
0.483723333333 0.831164
0.468585666667 0.807077666667
0.216706333333 0.951442
0.194134 0.921190333333
0.256033333333 0.891282666667
0.197354666667 0.887225666667
0.22319 0.874167
0.249768 0.951943666667
0.2654 0.922174333333
0.370159666667 0.930709
0.300955666667 0.938045333333
0.285323666667 0.967814666667
0.664953666667 0.979594666667
0.598897333333 0.967118
0.753749666667 0.966054666667
0.72818 0.944564
0.600374333333 0.932986666667
0.628209666667 0.907170333333
0.661948 0.914160666667
0.682973666667 0.946034
0.642487 0.955048
0.581623333333 0.867689333333
0.558521333333 0.893028666667
0.526567333333 0.872858333333
0.518378666667 0.836049333333
0.474509333333 0.939491
0.384996333333 0.950673
0.404609666667 0.929374333333
0.435639666667 0.914457333333
0.39602 0.970523
0.337537 0.966788
0.653790666667 0.380724666667
0.668839 0.351651666667
0.697811 0.415297333333
0.667812333333 0.413049
0.730088 0.386142333333
0.715137666667 0.354821
0.846116 0.669077
0.760679666667 0.535771666667
0.785392666667 0.507058
0.959081666667 0.464111666667
0.980235666667 0.540473666667
0.974676333333 0.576948
0.930859333333 0.500877
0.941437333333 0.530736333333
0.890295 0.575008666667
0.926877666667 0.564233333333
0.897257 0.447247
0.896152666667 0.490966333333
0.850263333333 0.350074333333
0.876216666667 0.328187666667
0.909444 0.331683333333
0.218762666667 0.156289333333
0.249780333333 0.167858666667
0.207917 0.121045066667
0.229946333333 0.103884766667
0.253820666667 0.205003
0.224295333333 0.225163666667
0.218926666667 0.257768333333
0.248283333333 0.279054333333
0.357583 0.201361666667
0.289130666667 0.210533333333
0.388023 0.197493
0.427476333333 0.153563666667
0.397458333333 0.15768
0.500593333333 0.166101666667
0.526474333333 0.192249
0.460912333333 0.178738666667
0.461178333333 0.205900333333
0.516141333333 0.22932
0.490526333333 0.230334333333
0.944648 0.185199
0.931598333333 0.216754
0.972894 0.237849333333
0.959844333333 0.269404333333
0.422791666667 0.421929
0.400767666667 0.405840666667
0.452801333333 0.403583333333
0.346544666667 0.410532666667
0.335304333333 0.377546666667
0.298348333333 0.379845
0.312514666667 0.435545666667
0.288404333333 0.420021333333
0.477328333333 0.263365666667
0.492368666667 0.292253
0.551076 0.684369666667
0.554069333333 0.71618
0.609559333333 0.674808666667
0.581346666667 0.657577666667
0.612084 0.715619
0.586864666667 0.730198333333
0.640361666667 0.847966666667
0.674494 0.851308
0.626777 0.807769
0.370375 0.730385
0.336624333333 0.718986666667
0.303036 0.728011333333
0.182878666667 0.740561666667
0.147901666667 0.746238
0.143450666667 0.780395666667
0.172144 0.812715
0.491716333333 0.702356333333
0.521739666667 0.677691333333
0.520514666667 0.637427
0.912762333333 0.661011333333
0.878053333333 0.660100333333
0.925024666667 0.626014333333
0.891970666667 0.606795666667
0.865432333333 0.621586333333
0.831757333333 0.612567666667
0.759997 0.602167
0.780044333333 0.63778
0.815415333333 0.642847
0.778253333333 0.57083
0.814642666667 0.576163666667
0.832303 0.543300666667
0.864992333333 0.550912666667
0.820626666667 0.509253333333
0.844132666667 0.487459
0.869728666667 0.511022
0.869075 0.430544333333
0.852046 0.380793
0.878473333333 0.398715333333
0.815302333333 0.401758
0.815029333333 0.439836666667
0.842374666667 0.450700666667
0.949618 0.415666333333
0.921610666667 0.391196333333
0.935854 0.360839666667
0.981324 0.38673
0.968449333333 0.349419333333
0.312526 0.174584
0.342745333333 0.170992666667
0.356682 0.1170604
0.366749666667 0.14136
0.284821666667 0.153200333333
0.275833333333 0.1244707
0.324455 0.0981195666667
0.295315 0.0972808666667
0.284999 0.268954333333
0.299282 0.237902
0.337515 0.232321666667
0.348038333333 0.268301666667
0.319186333333 0.289173666667
0.376912 0.277197666667
0.442451 0.268670666667
0.396828666667 0.237349
0.428648666667 0.236228333333
0.597976666667 0.796206666667
0.582737 0.765422
0.549376 0.778926666667
0.575830666667 0.828971
0.54454 0.817501333333
0.754894666667 0.790563666667
0.733742666667 0.814387666667
0.759542 0.754029333333
0.749330666667 0.726356333333
0.237392 0.753751666667
0.212144666667 0.773253333333
0.227248 0.836958666667
0.205861 0.811249
0.377148666667 0.758315
0.415713333333 0.766615666667
0.425751666667 0.801424333333
0.441344 0.679059
0.47049 0.676909333333
0.420015333333 0.646540666667
0.486796333333 0.635582333333
0.479255 0.595712666667
0.44957 0.579312666667
0.423959666667 0.604319
0.393938 0.309128
0.386346 0.345214333333
0.410415 0.36859
0.427657 0.301721666667
0.445053666667 0.367649
0.471890666667 0.346240333333
0.464175666667 0.313798333333
0.674526 0.694564333333
0.709619333333 0.691772666667
0.721039666667 0.724979
0.64744 0.788447666667
0.696629666667 0.753813333333
0.679502 0.816763333333
0.699754333333 0.796115666667
0.639844 0.745204333333
0.668781333333 0.731217666667
0.295344 0.767981333333
0.263717666667 0.782806666667
0.259857333333 0.828018
0.276594 0.863438666667
0.408637333333 0.858382
0.406116333333 0.822175
0.351807333333 0.780226666667
0.31972 0.794017333333
0.370736666667 0.809278
0.374759 0.862896666667
0.355701 0.90175
0.321326666667 0.90539
0.356252 0.833820333333
0.306331666667 0.861675
0.322199 0.828958666667
