0.461312 0.416169
0.02034137 0.82049
0.0270644033333 0.775613333333
0.0317494033333 0.738001333333
0.676201 0.994708
0.765133 0.993928
0.992899 0.402698566667
0.987657666667 0.568372
0.0196744666667 0.389526333333
0.0419245 0.335667
0.524268 0.924295333333
0.677123333333 0.971578666667
0.959234333333 0.960638
0.965578666667 0.448292333333
0.976438666667 0.414987333333
0.0506437333333 0.489316
0.01822083 0.693576666667
0.0227724933333 0.549098333333
0.0129345266667 0.474887
0.466941666667 0.377789333333
0.0892486666667 0.367034
0.0592385666667 0.366839333333
0.0900019666667 0.411313
0.0530502 0.04893
0.414601666667 0.167784
0.03856166 0.581823
0.366537 0.982109333333
0.0397551666667 0.858792666667
0.1511795 0.979914333333
0.1020205 0.962446666667
0.544093666667 0.893265666667
0.575625 0.885082333333
0.536199 0.950975333333
0.54277 0.985170333333
0.503521666667 0.975669333333
0.638346333333 0.95619
0.592925 0.969001666667
0.573918333333 0.944699666667
0.593518666667 0.909836333333
0.984406 0.687569
0.742250333333 0.0174042366667
0.511011 0.01096551
0.343492466667 0.01195431
0.512924333333 0.0473563
0.477837666667 0.43451
0.0432076333333 0.460960333333
0.0599885333333 0.430594666667
0.0220763333333 0.435382
0.0388572333333 0.405016333333
0.1191232 0.422497333333
0.152375 0.387206666667
0.113357566667 0.349668
0.147362666667 0.358656333333
0.209767666667 0.415143333333
0.192812 0.388348333333
0.436647333333 0.369879666667
0.0529460666667 0.299464333333
0.0799944333333 0.281929666667
0.0305166333333 0.258702666667
0.182395466667 0.0189748
0.103785333333 0.0283695666667
0.136025533333 0.0414990333333
0.271418666667 0.0990978
0.170154666667 0.0627532333333
0.234245 0.108061766667
0.280076666667 0.205096
0.412020666667 0.215167666667
0.429243 0.0154137333333
0.370232 0.0168244
0.479690333333 0.0269713666667
0.433196333333 0.0613039
0.0684562 0.623185
0.0400269266667 0.616693666667
0.0627345666667 0.662799666667
0.0343052933333 0.656308333333
0.253658666667 0.610747
0.427282 0.834789333333
0.443994 0.65498
0.381442333333 0.871785
0.390424666667 0.837529666667
0.358656666667 0.929936666667
0.295122666667 0.905283333333
0.343854 0.868607333333
0.334068333333 0.899329333333
0.0642608333333 0.727166333333
0.0791615333333 0.689233
0.115749133333 0.684833666667
0.0518788666667 0.890572
0.0523614333333 0.9293
0.0810359333333 0.940206
0.240803 0.946909
0.569175666667 0.849757333333
0.537644333333 0.857940666667
0.506122333333 0.842866666667
0.957318333333 0.359722666667
0.801132333333 0.0299847266667
0.971141333333 0.897321666667
0.953023666667 0.929872
0.837365333333 0.986720333333
0.951834333333 0.483720333333
0.947917666667 0.517737666667
0.605933666667 0.0192247766667
0.557399666667 0.0440579333333
0.449026333333 0.0879174333333
0.485403666667 0.0752942666667
0.561817333333 0.188753666667
0.642558333333 0.50537
0.623521333333 0.528925666667
0.777569 0.359416
0.109700966667 0.287326333333
0.124075566667 0.318667333333
0.1331234 0.252309666667
0.158080666667 0.327655666667
0.183481333333 0.308047666667
0.252589666667 0.413689
0.297031666667 0.364681666667
0.266418666667 0.378255
0.295944333333 0.455714
0.265160666667 0.447508333333
0.242937 0.312953
0.212152333333 0.321592
0.248965666667 0.346470333333
0.218181 0.355109333333
0.222185666667 0.250133
0.167737 0.249044
0.188355 0.270580333333
0.355640666667 0.370235666667
0.317493666667 0.42398
0.316431333333 0.386454666667
0.0355069333333 0.1184276
0.0319245333333 0.156948
0.0300614333333 0.0783835333333
0.0166466 0.211975666667
0.0119580933333 0.356798666667
0.0716824 0.0769050666667
0.0644148333333 0.107881266667
0.0960346333333 0.126361
0.109818866667 0.0665662
0.143948 0.0878204
0.137431333333 0.116639
0.0902227 0.160667666667
0.1211504 0.188357333333
0.1126428 0.223946333333
0.0550205 0.180708333333
0.0531693333333 0.225912666667
0.0798639333333 0.241461
0.295072 0.152789
0.310369333333 0.179881333333
0.332992666667 0.114234366667
0.300562 0.121098366667
0.347692666667 0.186481333333
0.370001333333 0.12622
0.380531333333 0.154369333333
0.343425 0.0852827333333
0.380433666667 0.0972683666667
0.353920666667 0.0325202
0.329429 0.0534564333333
0.399282333333 0.0661046
0.386765333333 0.0331827333333
0.219993 0.0802928
0.196551 0.0602182
0.241032 0.0295692333333
0.280209 0.0480194333333
0.257166666667 0.0713288333333
0.149417666667 0.171664666667
0.159886666667 0.134253
0.367899666667 0.346535
0.1253702 0.452342666667
0.0980022666667 0.617514
0.128868233333 0.652729333333
0.161788333333 0.651745666667
0.175947333333 0.592013333333
0.180440666667 0.626480333333
0.242708666667 0.643173666667
0.211067333333 0.649696
0.192415 0.674961333333
0.372064666667 0.524932333333
0.31499 0.483770333333
0.398192666667 0.547938333333
0.366578333333 0.640005666667
0.394637333333 0.613191666667
0.379907 0.581751
0.325483333333 0.636073666667
0.398311666667 0.934097666667
0.411311666667 0.906668
0.428750666667 0.965544333333
0.469223 0.967012666667
0.485342 0.930616
0.468654333333 0.673319333333
0.416382 0.682908
0.363646 0.706306333333
0.383019333333 0.674540666667
0.384584 0.753049
0.441042333333 0.701247333333
0.311659 0.972359333333
0.334217666667 0.951633333333
0.270311 0.958228
0.292869666667 0.937502
0.264077666667 0.879039333333
0.232316666667 0.899939
0.0620769333333 0.793696
0.0675156666667 0.822184333333
0.0838914333333 0.757722
0.194356333333 0.981134666667
0.219713 0.965779666667
0.934443 0.412772666667
0.925376333333 0.384503
0.898569666667 0.368245
0.774684333333 0.300453666667
0.758317666667 0.334877666667
0.796062 0.0606860333333
0.715623 0.03616601
0.755477333333 0.0666164666667
0.739927333333 0.0936884
0.898917333333 0.0177346266667
0.846101666667 0.0247508933333
0.981558 0.774621
0.883006666667 0.823166
0.949709 0.864461666667
0.965048666667 0.823288666667
0.878628333333 0.746337
0.934426666667 0.695607333333
0.956288333333 0.736139333333
0.689046333333 0.889031
0.637006 0.851619666667
0.629236333333 0.891874
0.655057333333 0.913925666667
0.921573666667 0.96497
0.886708333333 0.973087
0.915363 0.934204
0.779316333333 0.967416666667
0.907307 0.522489333333
0.822246666667 0.543201
0.83201 0.500835
0.840122333333 0.805168666667
0.976712333333 0.600031666667
0.965187333333 0.548157
0.608624666667 0.161966333333
0.577086666667 0.153501666667
0.508348 0.125063166667
0.483617333333 0.1066506
0.438736666667 0.150722333333
0.44724 0.119273766667
0.655329333333 0.280266666667
0.643910666667 0.324593
0.437271333333 0.238106666667
0.485204 0.302408333333
0.533297333333 0.415934666667
0.509304333333 0.436247333333
0.51299 0.472066
0.549748666667 0.485565666667
0.557410333333 0.518789333333
0.592952666667 0.53638
0.799703333333 0.481660333333
0.665797333333 0.451163333333
0.634735666667 0.472116666667
0.613703 0.398042333333
0.665751666667 0.353880666667
0.695736666667 0.334836333333
0.720453 0.356762
0.708618 0.396289333333
0.672321333333 0.416077
0.654171333333 0.395594
0.348553666667 0.432738
0.372492666667 0.405753666667
0.412310333333 0.472604
0.422868333333 0.433236333333
0.408083 0.407733
0.349884 0.471895666667
0.377361333333 0.491376
0.189726333333 0.210741333333
0.178984333333 0.182059
0.220484666667 0.213205333333
0.247181 0.191982666667
0.252938 0.160148333333
0.221254333333 0.137421666667
0.189453333333 0.144647333333
0.292668333333 0.239426
0.308724333333 0.316086333333
0.340383 0.314158666667
0.272082666667 0.296142333333
0.261473666667 0.263240333333
0.429728666667 0.338918666667
0.400078666667 0.333212
0.399888 0.294184333333
0.452194333333 0.301751333333
0.431588666667 0.2756
0.0847562 0.500616
0.113580533333 0.482824
0.196185 0.443325333333
0.161103333333 0.456282666667
0.235173 0.462503666667
0.205995666667 0.705401333333
0.240414333333 0.777302333333
0.309027333333 0.66262
0.330749 0.698317666667
0.315279 0.740418
0.2111 0.568418666667
0.241004666667 0.579838
0.452758333333 0.626670333333
0.429417 0.607067333333
0.287359333333 0.596167666667
0.318652666667 0.606928333333
0.345017333333 0.579419666667
0.339601 0.543417666667
0.274705333333 0.565258666667
0.310003666667 0.521736
0.277702666667 0.532593666667
0.473550333333 0.901490666667
0.442394666667 0.899096333333
0.480538333333 0.863867333333
0.449382666667 0.861473
0.442103333333 0.731515666667
0.434347666667 0.799771333333
0.415002 0.764040333333
0.100038933333 0.835182333333
0.104359766667 0.901312333333
0.0878470333333 0.874018
0.184072666667 0.736690333333
0.199065333333 0.774339
0.134959333333 0.808445
0.899253666667 0.329907333333
0.899142333333 0.257364666667
0.857564 0.318594666667
0.953824333333 0.208536
0.978169666667 0.1363809
0.873495666667 0.442581666667
0.864020666667 0.482853
0.889708333333 0.495579
0.920265333333 0.463832333333
0.910651666667 0.435366333333
0.868506666667 0.374395333333
0.838832333333 0.343337666667
0.809187333333 0.357702666667
0.822787666667 0.404500333333
0.855881333333 0.413355333333
0.924602666667 0.196807666667
0.897438333333 0.22077
0.844965 0.172651
0.859095666667 0.207116666667
0.700942333333 0.298383333333
0.682376 0.273101333333
0.812660333333 0.243074666667
0.842383333333 0.231871
0.869378333333 0.265185333333
0.809297 0.283669
0.843280333333 0.291636666667
0.758220333333 0.1297168
0.798099333333 0.132789133333
0.807254666667 0.166404666667
0.974673 0.0951167666667
0.903582666667 0.771141
0.937558 0.769067666667
0.906456333333 0.806284333333
0.940431666667 0.804211
0.848959666667 0.943258333333
0.814116666667 0.938189
0.708655666667 0.915316
0.713443666667 0.955599333333
0.743404333333 0.958645
0.902920666667 0.552281333333
0.939279 0.570895333333
0.758871666667 0.491423
0.680894333333 0.503785333333
0.694854333333 0.468759666667
0.727135666667 0.463943333333
0.793575666667 0.551114666667
0.775564666667 0.584802
0.640177666667 0.565285
0.825397333333 0.683807666667
0.884875 0.628045666667
0.743887333333 0.647007666667
0.761512333333 0.673225333333
0.799567666667 0.661135
0.772886666667 0.616485333333
0.806560333333 0.625722333333
0.658023333333 0.828408666667
0.751383666667 0.70561
0.816128333333 0.822815333333
0.828241666667 0.862410333333
0.947409666667 0.662412666667
0.967867 0.639258333333
0.923946666667 0.626254
0.944404 0.603099666667
0.664840666667 0.190560666667
0.620538333333 0.0863223
0.697185666667 0.0953486
0.684948 0.128360666667
0.630559 0.132216333333
0.657544 0.145628666667
0.538045666667 0.112887166667
0.565654333333 0.126164666667
0.559563 0.0754578
0.587171666667 0.0887353
0.56211 0.260213666667
0.584402666667 0.221413666667
0.635769 0.26049
0.610928 0.20599
0.640159 0.221172
0.534256333333 0.379538333333
0.500056333333 0.361536666667
0.509949333333 0.33042
0.465627 0.219616666667
0.527502333333 0.193243
0.464511333333 0.179616
0.497745333333 0.16658
0.530320666667 0.258574
0.501679333333 0.271911666667
0.518298333333 0.224263333333
0.489657 0.237601
0.739832333333 0.411915666667
0.747716666667 0.444893666667
0.770918666667 0.396926666667
0.804510666667 0.424548
0.795822666667 0.454499666667
0.577149333333 0.465141666667
0.607557 0.457657666667
0.564383666667 0.431329333333
0.594791333333 0.423845333333
0.374663 0.273252
0.347337 0.279903333333
0.326123666667 0.244187
0.350855333333 0.216457
0.381113 0.231728666667
0.141668333333 0.577241666667
0.135464666667 0.546668666667
0.105469366667 0.588723666667
0.0744580333333 0.559524
0.0927813333333 0.538099333333
0.177642666667 0.48509
0.166877666667 0.528391666667
0.153018666667 0.502030333333
0.208234 0.53537
0.224403666667 0.490205666667
0.241136 0.514124333333
0.271186666667 0.849908666667
0.312017333333 0.845430666667
0.306777666667 0.817055
0.237226 0.827780666667
0.25631 0.806214666667
0.329812666667 0.770970666667
0.332083666667 0.802514666667
0.366220666667 0.775613
0.368491666667 0.807157
0.259587333333 0.676786666667
0.285374666667 0.681667
0.241526666667 0.713749
0.260952666667 0.748001333333
0.287620666667 0.731820666667
0.447267 0.565797666667
0.430773 0.538109333333
0.439594 0.496331333333
0.466677666667 0.475304666667
0.485872333333 0.493529666667
0.467983333333 0.745514333333
0.504535 0.728513333333
0.522551 0.750919666667
0.463078 0.787744333333
0.497277 0.801534333333
0.520198333333 0.781710666667
0.204754 0.895074333333
0.138139666667 0.898909666667
0.138724666667 0.939931666667
0.165871333333 0.952585666667
0.191228 0.937230666667
0.130495566667 0.713105333333
0.152318333333 0.735505666667
0.113538566667 0.748060333333
0.135361333333 0.770460666667
0.933755666667 0.267278666667
0.961273333333 0.242412333333
0.964997333333 0.319089666667
0.933739333333 0.305532333333
0.989359 0.2086809
0.985618666667 0.170257233333
0.711464333333 0.250391333333
0.759064666667 0.274994333333
0.730030666667 0.275673333333
0.785098666667 0.236735666667
0.779667666667 0.201862333333
0.947096666667 0.0316844
0.968868333333 0.0545690333333
0.912871 0.0586038333333
0.934642666667 0.0814884666667
0.861052333333 0.053258
0.879642333333 0.0731611666667
0.859002 0.108539266667
0.821384333333 0.106506066667
0.822652666667 0.0753432333333
0.879417333333 0.15653
0.882588666667 0.128228
0.920712333333 0.167033333333
0.946437333333 0.137497533333
0.925000666667 0.115734533333
0.898113666667 0.911180666667
0.866575666667 0.912118
0.857133333333 0.876068333333
0.887904333333 0.854470666667
0.914342 0.873988666667
0.844360666667 0.565815666667
0.875425333333 0.565967666667
0.837054333333 0.602082333333
0.868119 0.602234333333
0.747598 0.575136666667
0.679473666667 0.564257
0.707158666667 0.590398333333
0.701153333333 0.526313
0.746849333333 0.518767
0.765609 0.541449333333
0.617026333333 0.662901
0.633719333333 0.629768
0.618014 0.592137333333
0.587890666667 0.577304666667
0.565435 0.599968666667
0.857353333333 0.686141666667
0.878773666667 0.665640333333
0.883442 0.717544666667
0.904862333333 0.697043333333
0.693660666667 0.616849333333
0.666721 0.636647666667
0.717409333333 0.642031
0.690469666667 0.661829333333
0.635157333333 0.799608333333
0.558453666667 0.787983
0.560806333333 0.757192
0.584189666667 0.734902333333
0.61414 0.822819333333
0.582443333333 0.819223333333
0.775808 0.726298666667
0.777934666667 0.757867
0.811766333333 0.716586666667
0.838908666667 0.747713
0.823199666667 0.770259
0.691198666667 0.699858
0.717640666667 0.725011666667
0.705009333333 0.854414
0.689533 0.827686333333
0.755459 0.786094333333
0.696887333333 0.788573333333
0.719589333333 0.773927666667
0.77673 0.816133
0.790083 0.905685
0.799291666667 0.872769666667
0.735067 0.897740666667
0.754355 0.919321333333
0.736497 0.856966666667
0.764993666667 0.845632
0.646156333333 0.0332661433333
0.643269 0.0653768
0.684143666667 0.03973211
0.681256333333 0.0718427666667
0.571320333333 0.293033
0.604375333333 0.289629333333
0.549851666667 0.325610666667
0.615988 0.328864
0.597360666667 0.3606
0.564279333333 0.353943
0.487383 0.532343
0.473435333333 0.562767666667
0.522162333333 0.544103
0.535249 0.584357666667
0.510641 0.610777666667
0.483606666667 0.600947666667
0.194539 0.867555666667
0.16116 0.869598
0.204900666667 0.833816333333
0.182635666667 0.809287
0.158893666667 0.826647666667
0.752506666667 0.197729666667
0.740214666667 0.159199666667
0.709684 0.156183333333
0.696358666667 0.192555
0.720325666667 0.220233
0.586673333333 0.661709333333
0.566396 0.637262333333
0.573235333333 0.697577
0.531836 0.697460333333
0.512261 0.668614666667
0.533383 0.644284333333
0.636996 0.767262333333
0.667216333333 0.756949666667
0.615372333333 0.736943333333
0.634771 0.700809666667
0.663476333333 0.717150333333
