0.0432958 0.546643
0.0566175 0.247885
0.0832611 0.234259
0.089922 0.0486913
0.116566 0.00871539
0.123226 0.34182
0.129887 0.0931021
0.14987 0.0273745
0.163192 0.261847
0.169853 0.0788739
0.176514 0.0134904
0.183174 0.0559891
0.209818 0.141321
0.22314 0.0334999
0.236461 0.0788385
0.243122 0.0211205
0.249783 0.256311
0.256444 0.0802162
0.263105 0.13157
0.269766 0.134507
0.276427 0.0408189
0.289749 0.404637
0.296409 0.0635934
0.30307 0.106676
0.316392 0.105489
0.323053 0.0529826
0.329714 0.125441
0.336375 0.0725307
0.343036 0.161562
0.356357 0.0781382
0.369679 0.109981
0.37634 0.203697
0.383001 0.0908821
0.389662 0.056203
0.396323 0.0547304
0.409645 0.109503
0.416305 0.08061
0.422966 0.103754
0.429627 0.0521894
0.436288 0.182364
0.442949 0.0536856
0.44961 0.0503772
0.456271 0.458043
0.462932 0.0490447
0.469593 0.0138614
0.476253 0.0746357
0.482914 0.0631781
0.489575 0.0280361
0.502897 0.112148
0.509558 0.14632
0.516219 0.157154
0.52288 0.134534
0.529541 0.137739
0.536201 0.183586
0.542862 0.243955
0.549523 0.683111
0.556184 0.244014
0.562845 0.218389
0.569506 0.175448
0.576167 0.133169
0.582828 0.180823
0.589489 0.337359
0.596149 0.283908
0.60281 0.785478
0.609471 0.25333
0.616132 0.287288
0.622793 0.233931
0.629454 0.473876
0.636115 0.632669
0.649436 0.654473
0.656097 0.249991
0.669419 0.955146
0.67608 1.13423
0.682741 0.281487
0.689402 1.07124
0.696063 1.22559
0.709384 1.21587
0.716045 0.625431
0.729367 1.23995
0.736028 1.21687
0.742689 0.538056
0.74935 0.671304
0.756011 0.563889
0.762672 1.09178
0.769332 0.649267
0.775993 1.33643
0.782654 0.728523
0.789315 0.725687
0.795976 1.28821
0.802637 1.50905
0.809298 0.923235
0.815959 0.429115
0.82262 1.08711
0.82928 0.716289
0.835941 1.21019
0.842602 0.61742
0.849263 1.21578
0.855924 0.643777
0.869246 0.620107
0.875907 0.705945
0.882568 0.679831
0.889228 0.382156
0.895889 0.840464
0.90255 0.355722
0.909211 0.243515
0.915872 0.602006
0.922533 0.366825
0.929194 0.656219
0.935855 0.480263
0.942516 0.497654
0.949176 0.423922
0.955837 0.604207
0.962498 0.361491
0.969159 0.392288
0.97582 0.510193
0.982481 0.372596
0.989142 0.262013
0.995803 0.131849
1.00246 0.293426
1.00912 0.48387
1.01579 0.247241
1.02245 0.469494
1.02911 0.457395
1.03577 0.49098
1.04243 0.504714
1.04909 0.455555
1.05575 0.674072
1.06241 0.585373
1.06907 0.628148
1.07573 0.649086
1.08239 0.654481
1.08906 0.442101
1.09572 0.794224
1.10238 0.954572
1.10904 0.667978
1.1157 0.854163
1.12236 0.60806
1.12902 0.852841
1.13568 0.879877
1.14234 0.501453
1.149 1.38467
1.15566 0.873364
1.16232 0.832707
1.16899 0.831527
1.17565 1.05425
1.18231 0.92238
1.18897 1.18557
1.19563 1.93243
1.20229 1.06917
1.20895 1.35335
1.21561 1.06907
1.22227 1.71979
1.22893 1.75202
1.23559 1.29704
1.24226 2.12281
1.24892 1.29954
1.25558 1.87083
1.26224 0.720645
1.2689 1.86901
1.27556 0.900834
1.28222 1.25477
1.28888 1.72554
1.29554 1.27523
1.3022 1.40808
1.30886 2.56442
1.31553 1.66089
1.32219 2.7638
1.32885 1.3867
1.33551 2.16652
1.34217 2.03437
1.34883 1.22634
1.35549 2.2257
1.36215 1.71858
1.36881 1.40869
1.37547 1.28453
1.38213 1.63188
1.38879 1.88123
1.39546 2.02311
1.40212 2.11399
1.40878 3.09414
1.41544 1.81796
1.4221 1.70669
1.42876 1.68831
1.43542 1.18337
1.44208 2.07095
1.44874 0.787803
1.4554 1.49942
1.46206 1.36911
1.46873 1.96116
1.47539 1.55136
1.48205 2.48972
1.48871 1.38936
1.49537 1.12842
1.50203 1.66675
1.50869 0.896533
1.51535 1.00617
1.52201 1.7689
1.52867 1.35757
1.53533 0.71661
1.542 1.21201
1.54866 1.14426
1.55532 1.80029
1.56198 1.49297
1.56864 1.56731
1.5753 0.860958
1.58196 1.33595
1.58862 1.68853
1.59528 1.16559
1.60194 1.2055
1.6086 0.909641
1.61527 0.953321
1.62193 1.5866
1.62859 1.00873
1.63525 0.813432
1.64191 0.770632
1.64857 1.03709
1.65523 0.978939
1.66189 0.917093
1.66855 0.510488
1.67521 0.711294
1.68187 1.31658
1.68853 0.994677
1.6952 0.784059
1.70186 0.725304
1.70852 0.745241
1.71518 0.952286
1.72184 0.526343
1.7285 0.769168
1.73516 0.865784
1.74182 0.605464
1.74848 0.550893
1.75514 0.873817
1.7618 0.704416
1.76847 0.515681
1.77513 0.380458
1.78179 0.641394
1.78845 0.411644
1.79511 0.526448
1.80177 0.872129
1.80843 0.307991
1.81509 0.53698
1.82175 0.598422
1.82841 0.464076
1.83507 0.427222
1.84174 0.491771
1.8484 0.640732
1.85506 0.589212
1.86172 0.401558
1.86838 0.705892
1.87504 0.68818
1.8817 0.672464
1.88836 0.512688
1.89502 0.718303
1.90168 0.496341
1.90834 0.505315
1.91501 0.704527
1.92167 0.635529
1.92833 0.712867
1.93499 0.513707
1.94165 0.489389
1.94831 0.907016
1.95497 1.1571
1.96163 1.13563
1.96829 0.660645
1.97495 0.642684
1.98161 1.02971
1.98827 0.798196
1.99494 0.893158
2.0016 0.70674
2.00826 0.680684
2.01492 0.729696
2.02158 1.03411
2.02824 0.746287
2.0349 0.756259
2.04156 0.658697
2.04822 1.12721
2.05488 0.976904
2.06154 0.861772
2.06821 0.705084
2.07487 0.717725
2.08153 0.574532
2.08819 1.04995
2.09485 0.895353
2.10151 0.80054
2.10817 0.777985
2.11483 0.56135
2.12149 0.956225
2.12815 0.728877
2.13481 0.973988
2.14148 1.23395
2.14814 0.873917
2.1548 1.06426
2.16146 0.794879
2.16812 1.29272
2.17478 0.881392
2.18144 1.03755
2.1881 1.05255
2.19476 0.666628
2.20142 1.04924
2.20808 0.914795
2.21474 0.798331
2.22141 0.997856
2.22807 0.912679
2.23473 1.46299
2.24139 0.626365
2.24805 0.835535
2.25471 1.05763
2.26137 1.80728
2.26803 1.14428
2.27469 1.40076
2.28135 0.962896
2.28801 0.732877
2.29468 0.848161
2.30134 1.2242
2.308 0.807324
2.31466 1.39274
2.32132 0.867591
2.32798 0.911643
2.33464 1.26929
2.3413 1.21858
2.34796 1.08921
2.35462 0.670665
2.36128 0.818228
2.36795 1.05037
2.37461 1.21859
2.38127 1.00701
2.38793 0.89211
2.39459 1.01444
2.40125 0.88846
2.40791 1.11939
2.41457 0.662456
2.42123 1.63494
2.42789 1.01631
2.43455 1.24618
2.44122 0.838814
2.44788 1.20386
2.45454 1.05104
2.4612 1.55652
2.46786 1.32138
2.47452 1.11141
2.48118 0.915298
2.48784 1.34961
2.4945 1.10051
2.50116 0.890171
2.50782 1.33202
2.51448 1.65188
2.52115 1.21747
2.52781 1.20829
2.53447 1.18161
2.54113 1.11995
2.54779 1.03524
2.55445 1.31588
2.56111 1.04618
2.56777 1.09989
2.57443 1.04615
2.58109 0.998034
2.58775 1.33128
2.59442 1.05331
2.60108 0.923737
2.60774 1.08472
2.6144 1.15062
2.62106 1.00917
2.62772 0.898349
2.63438 0.944426
2.64104 1.43873
2.6477 1.18666
2.65436 0.821891
2.66102 1.11363
2.66769 1.11301
2.67435 1.35421
2.68101 1.18665
2.68767 0.870376
2.69433 0.567101
2.70099 0.997255
2.70765 0.835592
2.71431 0.97066
2.72097 1.33208
2.72763 1.15993
2.73429 0.903273
2.74096 1.62938
2.74762 0.953739
2.75428 1.00594
2.76094 1.5064
2.7676 1.07257
2.77426 1.06974
2.78092 1.07575
2.78758 1.4601
2.79424 0.783858
2.8009 1.17187
2.80756 1.12773
2.81422 1.08013
2.82089 1.05369
2.82755 1.32641
2.83421 1.05899
2.84087 0.996388
2.84753 1.18417
2.85419 1.16162
2.86085 1.04861
2.86751 1.08448
2.87417 0.992569
2.88083 1.01748
2.88749 0.984638
2.89416 0.937667
2.90082 0.718925
2.90748 0.880125
2.91414 1.0039
2.9208 1.05854
2.92746 1.10311
2.93412 0.899608
2.94078 1.09436
2.94744 1.12775
2.9541 1.13668
2.96076 1.07268
2.96743 0.93706
2.97409 0.959675
2.98075 1.04142
2.98741 0.697404
2.99407 0.713064
3.00073 1.23321
3.00739 1.09809
3.01405 0.845829
3.02071 1.01756
3.02737 1.13996
3.03403 0.988972
3.04069 0.920158
3.04736 0.905487
3.05402 1.06248
3.06068 1.23071
3.06734 0.794799
3.074 1.07871
3.08066 0.772016
3.08732 0.685681
3.09398 1.03506
3.10064 0.80778
3.1073 0.910021
3.11396 0.987691
3.12063 0.979677
3.12729 1.01324
3.13395 1.09719
3.14061 0.67191
3.14727 1.0478
3.15393 0.924873
3.16059 1.01425
3.16725 0.863428
3.17391 0.770586
3.18057 0.87069
3.18723 0.965042
3.1939 1.06262
3.20056 0.922688
3.20722 0.695954
3.21388 0.923212
3.22054 1.06062
3.2272 0.725804
3.23386 0.635724
3.24052 0.765478
3.24718 0.84456
3.25384 0.938931
3.2605 0.746203
3.26717 1.04332
3.27383 1.26963
3.28049 0.918379
3.28715 1.06202
3.29381 0.684234
3.30047 0.851634
3.30713 0.950473
3.31379 0.92905
3.32045 0.554755
3.32711 0.912831
