0.0969805 0.0130601
0.126821 0.0040751
0.186501 0.0167128
0.201421 0.00726275
0.261101 0.0276887
0.276021 0.0379994
0.290942 0.0239128
0.335702 0.0434862
0.365542 0.0770869
0.380462 0.0697843
0.395382 0.0988299
0.410302 0.125231
0.469982 0.152644
0.499823 0.121688
0.529663 0.113494
0.544583 0.167297
0.559503 0.447792
0.574423 0.378543
0.589343 0.155642
0.604263 0.286349
0.619183 0.419791
0.649023 0.233898
0.663943 0.306482
0.678864 0.6998
0.708704 0.232518
0.723624 0.864175
0.738544 0.23407
0.753464 0.28975
0.768384 0.387219
0.798224 0.652958
0.828064 0.931505
0.842984 2.74067
0.857904 1.97778
0.872825 1.25693
0.887745 0.82128
0.917585 1.59567
0.932505 1.04297
0.947425 0.680214
0.962345 1.64426
0.977265 1.00092
0.992185 0.744864
1.00711 1.36854
1.02203 1.86176
1.03695 0.943197
1.05187 1.5933
1.06679 0.871681
1.08171 0.334982
1.09663 0.593436
1.12647 0.725634
1.14139 0.986798
1.15631 2.25036
1.17123 1.1188
1.18615 0.316183
1.20107 1.46607
1.21599 0.956886
1.23091 0.158704
1.24583 0.47527
1.26075 0.231257
1.27567 0.914049
1.29059 2.09427
1.30551 0.693335
1.32043 1.30997
1.33535 1.24094
1.35027 0.895972
1.36519 0.465735
1.38011 1.10385
1.39503 1.0407
1.40995 0.961482
1.42487 0.690051
1.45471 1.56286
1.46963 1.47876
1.49947 1.26558
1.51439 0.975165
1.52931 1.13711
1.54423 1.13525
1.55915 0.827403
1.58899 1.06773
1.60391 1.83339
1.63375 0.429524
1.64867 0.930078
1.66359 1.56819
1.67851 0.759597
1.69343 1.43154
1.70835 1.60682
1.72327 1.66438
1.73819 0.776625
1.75311 0.67237
1.76803 1.47383
1.78295 0.668633
1.79787 1.03742
1.81279 0.960955
1.82771 0.607392
1.84263 0.78643
1.85755 1.08545
1.87247 1.31218
1.88739 1.03163
1.90231 0.790697
1.91723 0.877756
1.94707 1.6529
1.96199 0.942716
1.97691 0.71517
1.99183 1.45351
2.00675 0.922899
2.02167 1.25507
2.03659 0.844831
2.05151 1.00305
2.06643 0.771662
2.08135 0.585558
2.09627 0.966197
2.11119 1.11751
2.12611 0.683043
2.14103 0.743827
2.15595 1.02727
2.17087 1.27198
2.18579 0.580781
2.20071 1.12088
2.21563 0.986373
2.23055 1.62111
2.24547 0.928985
2.26039 0.82791
2.27531 1.09512
2.29023 1.03674
2.30515 1.04256
2.32007 1.06127
2.33499 0.595312
2.34991 1.64926
2.36483 0.812056
2.37975 0.939947
2.39467 1.22347
2.40959 1.48738
2.42451 1.12587
2.43943 0.854023
2.45435 1.4531
2.46927 1.08855
2.48419 0.954917
2.49911 1.11456
2.51403 1.12424
2.52895 1.30985
2.54387 0.995072
2.55879 0.949391
2.57371 1.2208
2.58863 1.00769
2.60355 1.06059
2.61847 1.15275
2.63339 0.813635
2.64831 0.883636
2.66323 1.10271
2.67815 0.815203
2.69307 0.817062
2.70799 0.576848
2.72291 0.873522
2.73783 0.846572
2.75275 1.24833
2.76767 0.782538
2.78259 1.02118
2.79751 0.97299
2.81243 0.953286
2.82735 0.640954
2.84227 0.708109
2.85719 1.23105
2.87211 0.46818
2.88703 1.14142
2.90195 0.9429
2.91688 0.891565
2.9318 0.715716
2.94672 0.763357
2.96164 1.09216
2.97656 1.20652
2.99148 0.919542
3.0064 0.910612
3.02132 1.60743
3.03624 1.05131
3.05116 1.08846
3.06608 0.949334
3.081 1.01566
3.09592 1.06409
3.11084 1.32448
3.12576 1.39591
3.14068 1.14044
3.1556 0.872464
3.17052 1.22193
3.18544 0.850939
3.20036 0.375944
3.21528 0.970027
3.2302 1.05552
3.24512 1.38655
3.26004 1.10795
3.27496 0.731833
3.28988 1.26385
3.3048 0.759627
3.31972 0.45126
3.33464 0.899658
3.34956 0.695781
3.36448 1.03076
3.3794 1.07773
3.39432 1.82188
3.40924 1.19985
3.42416 0.957347
3.43908 1.23144
3.454 1.1177
3.46892 1.22889
3.48384 1.08007
3.49876 1.05219
3.51368 1.46402
3.5286 1.11217
3.54352 0.911535
3.55844 0.768565
3.57336 0.950253
3.58828 0.754696
3.6032 1.18157
3.61812 1.39982
3.63304 0.895083
3.64796 0.927036
3.66288 1.12533
3.6778 0.83483
3.69272 0.564964
3.70764 0.653217
3.72256 1.06635
3.73748 0.992437
3.7524 0.927479
3.76732 1.27172
3.78224 0.82162
3.79716 0.831408
3.81208 0.558716
3.827 1.02955
3.84192 1.31224
3.85684 1.05141
3.87176 1.12764
3.88668 0.795388
3.9016 0.760534
3.91652 1.14027
3.93144 1.44031
3.94636 1.13552
3.96128 0.957442
3.9762 0.736667
3.99112 0.897224
4.00604 1.30808
4.02096 0.744183
4.03588 1.17603
4.0508 0.980859
4.06572 1.13939
4.08064 0.675255
4.09556 0.864933
4.11048 0.941699
4.1254 1.09018
4.14032 0.842989
4.15524 1.33133
4.17016 0.987909
4.18508 1.09026
4.2 1.58381
4.21492 1.09911
4.22984 1.03275
4.24476 0.974742
4.25968 1.07261
4.2746 0.747822
4.28952 0.75403
4.30444 1.10311
4.31936 0.533621
4.33428 1.07821
4.3492 1.08121
4.36412 0.732891
4.37904 1.04998
4.39396 0.916732
4.40888 1.03647
4.4238 1.16429
4.43872 0.943039
4.45364 0.602556
4.46856 1.19456
4.48348 0.844911
4.4984 0.789726
4.51332 0.777127
4.52824 0.583028
4.54316 0.854959
4.55808 1.08418
4.573 1.00633
4.58792 0.881827
4.60284 1.10412
4.61776 1.47292
4.63268 0.857786
4.6476 1.32154
4.66252 0.943275
4.67744 0.981806
4.69236 0.82758
4.70728 0.902549
4.7222 0.902247
4.73712 1.18235
4.75204 1.05769
4.76696 1.31286
4.78188 1.07006
4.7968 1.40696
4.81172 1.02581
4.82664 0.582994
4.84156 1.18304
4.85649 1.10521
4.87141 0.955507
4.88633 1.01891
4.90125 0.902074
4.91617 1.03671
4.93109 0.848427
4.94601 1.03113
4.96093 1.0725
4.97585 0.983097
4.99077 0.827637
5.00569 0.822919
5.02061 1.0611
5.03553 1.13902
5.05045 0.952921
5.06537 0.954026
5.08029 0.920704
5.09521 1.19401
5.11013 1.35358
5.12505 0.859926
5.13997 1.06204
5.15489 1.19719
5.16981 1.17816
5.18473 1.57258
5.19965 0.809982
5.21457 0.798955
5.22949 1.15224
5.24441 1.08939
5.25933 1.10864
5.27425 0.723411
5.28917 1.07963
5.30409 0.837476
5.31901 0.996372
5.33393 0.694562
5.34885 0.986302
5.36377 0.720739
5.37869 0.970432
5.39361 0.770995
5.40853 0.745354
5.42345 1.22005
5.43837 1.18904
5.45329 1.17061
5.46821 0.948335
5.48313 0.905141
5.49805 1.11574
5.51297 0.935896
5.52789 0.863705
5.54281 1.10121
5.55773 1.16054
5.57265 0.646494
5.58757 1.20622
5.60249 1.04276
5.61741 0.900143
5.63233 0.828109
5.64725 0.921571
5.66217 1.15877
5.67709 1.24342
5.69201 1.22244
5.70693 0.85603
5.72185 1.20008
5.73677 1.1081
5.75169 1.08835
5.76661 0.915245
5.78153 1.04567
5.79645 1.06103
5.81137 0.981593
5.82629 0.77706
5.84121 0.779388
5.85613 0.979977
5.87105 1.00124
5.88597 1.26452
5.90089 0.85506
5.91581 0.771777
5.93073 0.929876
5.94565 1.02919
5.96057 0.912236
5.97549 0.978423
5.99041 0.865526
6.00533 0.789267
6.02025 1.06977
6.03517 0.729377
6.05009 0.873202
6.06501 0.917251
6.07993 1.06567
6.09485 0.928117
6.10977 0.916144
6.12469 1.26987
6.13961 1.27567
6.15453 0.861912
6.16945 1.01018
6.18437 0.956556
6.19929 0.89767
6.21421 0.978608
6.22913 1.21106
6.24405 0.96805
6.25897 1.12733
6.27389 0.931808
6.28881 0.924406
6.30373 1.04415
6.31865 1.00904
6.33357 1.27349
6.34849 0.893731
6.36341 0.851995
6.37833 1.09602
6.39325 1.00868
6.40817 1.30584
6.42309 1.21323
6.43801 1.35191
6.45293 0.740389
6.46785 1.04211
6.48277 1.37902
6.49769 0.904815
6.51261 0.586127
6.52753 1.15209
6.54245 0.891955
6.55737 0.79415
6.57229 0.871845
6.58721 0.990983
6.60213 1.0019
6.61705 1.20488
6.63197 0.799578
6.64689 0.999736
6.66181 0.69207
6.67673 1.05945
6.69165 0.663398
6.70657 0.928709
6.72149 1.05468
6.73641 0.804038
6.75133 1.09952
6.76625 0.856262
6.78117 0.823756
6.7961 1.00271
6.81102 0.989489
6.82594 0.952261
6.84086 0.982103
6.85578 1.19413
6.8707 1.01774
6.88562 0.910236
6.90054 1.32496
6.91546 1.00794
6.93038 1.02041
6.9453 0.815608
6.96022 1.06724
6.97514 1.05525
6.99006 0.828332
7.00498 0.831636
7.0199 0.982064
7.03482 0.901853
7.04974 0.878648
7.06466 0.989284
7.07958 1.13466
7.0945 0.829599
7.10942 0.613881
7.12434 1.27267
7.13926 1.22191
7.15418 0.879009
7.1691 1.07887
7.18402 0.968425
7.19894 1.05
7.21386 1.09555
7.22878 1.4094
7.2437 1.01319
7.25862 1.03593
7.27354 1.2658
7.28846 0.982508
7.30338 1.30742
7.3183 1.23444
7.33322 0.988785
7.34814 1.26175
7.36306 0.832735
7.37798 1.30749
7.3929 1.09792
7.40782 0.91225
7.42274 1.2621
7.43766 1.44801
7.45258 1.13697
