0.104 0.00312264
0.136 0.00107894
0.2 0.002026
0.216 0.0022769
0.28 0.0208103
0.296 0.00594876
0.312 0.0152016
0.36 0.0228318
0.392 0.0228268
0.408 0.0335502
0.424 0.00873076
0.44 0.0303017
0.504 0.0321924
0.536 0.0905212
0.568 0.0269756
0.584 0.0672799
0.6 0.102393
0.616 0.16314
0.632 0.168555
0.648 0.211531
0.664 0.168101
0.696 0.025298
0.712 0.178576
0.728 0.118223
0.76 0.182609
0.776 0.595342
0.792 0.416052
0.808 0.343378
0.824 0.808089
0.856 0.60183
0.888 0.887697
0.904 1.75707
0.92 2.1498
0.936 1.50516
0.952 1.78221
0.984 1.67717
1 1.23247
1.016 1.32236
1.032 1.21976
1.048 2.40085
1.064 1.16131
1.08 1.48092
1.096 3.65366
1.112 1.90963
1.128 0.489601
1.144 2.24347
1.16 2.93388
1.176 1.84099
1.208 1.24975
1.224 1.36705
1.24 0.920647
1.256 0.699259
1.272 0.445474
1.288 1.47827
1.304 1.43797
1.32 1.40207
1.336 1.15601
1.352 0.49514
1.368 1.03297
1.384 1.15344
1.4 0.810218
1.416 0.899852
1.432 0.350143
1.448 0.703962
1.464 0.605347
1.48 0.911181
1.496 0.665239
1.512 0.291877
1.528 0.852754
1.56 0.671925
1.576 0.882198
1.608 0.518478
1.624 0.333426
1.64 0.376779
1.656 1.0275
1.672 0.781446
1.704 0.727792
1.72 0.341758
1.752 0.456717
1.768 0.65747
1.784 0.536211
1.8 0.738928
1.816 0.842267
1.832 0.92111
1.848 0.948886
1.864 1.93111
1.88 0.713899
1.896 1.21936
1.912 0.962279
1.928 1.33477
1.944 0.883822
1.96 0.899747
1.976 0.888564
1.992 1.13393
2.008 1.53554
2.024 1.17462
2.04 0.992561
2.056 1.58312
2.088 1.3157
2.104 1.30103
2.12 1.28673
2.136 0.696246
2.152 1.31355
2.168 1.22059
2.184 1.52981
2.2 1.26758
2.216 1.35127
2.232 1.32098
2.248 0.467868
2.264 0.983323
2.28 1.22496
2.296 0.62048
2.312 1.49143
2.328 1.34291
2.344 1.01118
2.36 0.56128
2.376 0.395818
2.392 1.0634
2.408 1.00212
2.424 1.00356
2.44 0.577437
2.456 1.94052
2.472 0.794966
2.488 0.783641
2.504 0.805192
2.52 0.70933
2.536 1.16427
2.552 0.893143
2.568 0.646623
2.584 0.988159
2.6 0.912007
2.616 0.874953
2.632 0.623702
2.648 0.817025
2.664 0.660283
2.68 0.355496
2.696 0.909157
2.712 0.424873
2.728 1.06614
2.744 0.836979
2.76 0.858593
2.776 1.06695
2.792 0.877789
2.808 1.11937
2.824 0.778108
2.84 0.64463
2.856 1.04241
2.872 1.12338
2.888 1.26925
2.904 0.896116
2.92 1.14779
2.936 0.932773
2.952 0.87467
2.968 1.23648
2.984 1.36257
3 1.26169
3.016 1.11757
3.032 1.61358
3.048 1.10658
3.064 1.27215
3.08 1.30503
3.096 1.2828
3.112 1.25932
3.128 0.935473
3.144 1.12975
3.16 1.66344
3.176 0.826541
3.192 0.532718
3.208 0.971461
3.224 1.21517
3.24 0.794555
3.256 0.993789
3.272 0.883883
3.288 1.17089
3.304 0.678967
3.32 1.04867
3.336 0.826661
3.352 1.23476
3.368 0.793873
3.384 0.60258
3.4 0.944196
3.416 1.0657
3.432 0.91811
3.448 1.02782
3.464 0.816671
3.48 1.3432
3.496 0.676643
3.512 0.95561
3.528 1.33318
3.544 1.26147
3.56 0.693157
3.576 0.983253
3.592 1.03517
3.608 0.708166
3.624 0.913251
3.64 1.37889
3.656 1.08544
3.672 1.109
3.688 1.02244
3.704 0.746393
3.72 0.805809
3.736 0.846731
3.752 0.816421
3.768 0.903873
3.784 1.30357
3.8 0.985832
3.816 0.849026
3.832 0.859754
3.848 0.864472
3.864 1.06099
3.88 0.519461
3.896 1.33296
3.912 0.807143
3.928 0.666796
3.944 0.955863
3.96 0.744424
3.976 1.33672
3.992 1.01649
4.008 1.77273
4.024 0.971323
4.04 1.13918
4.056 1.09803
4.072 0.978228
4.088 1.04558
4.104 1.49091
4.12 1.18201
4.136 1.02919
4.152 0.73727
4.168 0.980381
4.184 0.79264
4.2 1.04061
4.216 0.861174
4.232 0.696458
4.248 1.11029
4.264 1.39941
4.28 0.902709
4.296 1.15703
4.312 1.28528
4.328 0.890563
4.344 0.684397
4.36 0.767717
4.376 0.852496
4.392 0.848728
4.408 0.887226
4.424 0.850546
4.44 1.30484
4.456 1.33375
4.472 1.22344
4.488 1.26578
4.504 1.11466
4.52 0.834307
4.536 0.655605
4.552 0.485516
4.568 0.870381
4.584 1.17795
4.6 0.991718
4.616 1.03883
4.632 0.719901
4.648 0.824639
4.664 1.12877
4.68 0.685524
4.696 0.771344
4.712 1.14922
4.728 0.750322
4.744 0.851793
4.76 1.25199
4.776 0.813028
4.792 1.05858
4.808 0.928858
4.824 0.790758
4.84 0.961648
4.856 1.27394
4.872 1.01473
4.888 0.674822
4.904 1.23944
4.92 1.07745
4.936 0.949119
4.952 1.28387
4.968 0.746602
4.984 0.777688
5 0.917982
5.016 1.11613
5.032 1.19494
5.048 0.957029
5.064 1.09024
5.08 1.65191
5.096 1.24586
5.112 1.47439
5.128 1.24039
5.144 0.926688
5.16 1.19652
5.176 1.05596
5.192 1.14258
5.208 0.751228
5.224 0.657668
5.24 0.962002
5.256 1.12134
5.272 0.798928
5.288 1.48944
5.304 0.751028
5.32 0.779221
5.336 1.2059
5.352 0.65703
5.368 1.44031
5.384 0.973993
5.4 1.17091
5.416 0.934625
5.432 0.704315
5.448 1.01538
5.464 0.866561
5.48 0.589228
5.496 0.965519
5.512 0.974423
5.528 1.12951
5.544 0.868807
5.56 0.671631
5.576 0.958479
5.592 1.01766
5.608 0.685773
5.624 1.11126
5.64 0.580837
5.656 0.932658
5.672 0.971244
5.688 1.14603
5.704 1.14796
5.72 0.777125
5.736 0.851378
5.752 1.28757
5.768 1.01356
5.784 0.939756
5.8 1.12487
5.816 1.32164
5.832 0.71412
5.848 0.8543
5.864 1.36022
5.88 0.965505
5.896 0.961009
5.912 1.08773
5.928 1.08043
5.944 0.958782
5.96 1.08232
5.976 0.947087
5.992 1.11697
6.008 0.881837
6.024 1.00503
6.04 0.808732
6.056 0.404351
6.072 1.1876
6.088 1.2111
6.104 1.44943
6.12 0.789529
6.136 0.860794
6.152 1.2117
6.168 0.888462
6.184 0.765695
6.2 1.00582
6.216 0.857999
6.232 1.41319
6.248 1.63884
6.264 1.09745
6.28 1.51551
6.296 1.02288
6.312 1.02652
6.328 0.982634
6.344 1.0047
6.36 0.850883
6.376 1.16844
6.392 0.973303
6.408 0.721469
6.424 0.83553
6.44 0.857166
6.456 1.06754
6.472 1.08392
6.488 1.01104
6.504 1.16159
6.52 1.09864
6.536 0.804439
6.552 0.84915
6.568 0.648407
6.584 0.846721
6.6 0.756605
6.616 0.911503
6.632 0.955846
6.648 0.813103
6.664 0.967689
6.68 1.4082
6.696 0.791782
6.712 0.928373
6.728 1.19319
6.744 1.10258
6.76 1.28309
6.776 0.986347
6.792 1.16783
6.808 0.795583
6.824 1.40259
6.84 0.804733
6.856 0.954316
6.872 0.760394
6.888 1.05573
6.904 1.03648
6.92 1.00201
6.936 1.08874
6.952 1.17649
6.968 1.01876
6.984 0.795592
7 0.80702
7.016 1.23359
7.032 0.882454
7.048 1.51285
7.064 0.953057
7.08 1.26079
7.096 0.960953
7.112 1.16219
7.128 1.19003
7.144 1.25322
7.16 0.694056
7.176 0.776538
7.192 1.0081
7.208 1.02004
7.224 1.23295
7.24 0.784905
7.256 1.06861
7.272 1.14302
7.288 1.0366
7.304 1.02173
7.32 0.88006
7.336 1.10496
7.352 1.33641
7.368 1.07144
7.384 0.934732
7.4 0.838462
7.416 0.746222
7.432 0.909724
7.448 0.962871
7.464 1.24985
7.48 1.00921
7.496 0.765765
7.512 0.797334
7.528 1.00775
7.544 1.18837
7.56 0.815721
7.576 0.718646
7.592 0.74864
7.608 0.764292
7.624 0.897204
7.64 1.12875
7.656 0.976921
7.672 1.46114
7.688 0.87222
7.704 0.8823
7.72 0.6388
7.736 0.906816
7.752 0.738911
7.768 1.06035
7.784 1.1674
7.8 1.10195
7.816 0.984493
7.832 1.08265
7.848 1.31422
7.864 0.54596
7.88 1.48525
7.896 0.973204
7.912 0.979792
7.928 1.13302
7.944 1.33123
7.96 0.770238
7.976 0.996156
7.992 0.681792
