0.0600444 2.62318e-05
0.0785196 0.000269518
0.11547 9.362e-05
0.124708 0.000254536
0.161658 0.00167812
0.170896 0.00177845
0.180133 0.00341591
0.207846 0.00453314
0.226321 0.00396858
0.235559 0.00388509
0.244797 0.0017233
0.254034 0.00437822
0.290985 0.00864033
0.30946 0.0117687
0.327935 0.0286414
0.337173 0.0651585
0.34641 0.0513885
0.355648 0.0619634
0.364885 0.0734964
0.374123 0.051963
0.383361 0.0724005
0.401836 0.0348572
0.411073 0.0692793
0.420311 0.029614
0.438786 0.0742587
0.448024 0.0986163
0.457261 0.0224504
0.466499 0.0800778
0.475737 0.0922985
0.494212 0.127387
0.512687 0.130899
0.521925 0.155956
0.531162 0.140358
0.5404 0.349836
0.549637 0.102969
0.568113 0.111305
0.57735 0.185875
0.586588 0.16935
0.595825 0.0950374
0.605063 0.18384
0.614301 0.123621
0.623538 0.143258
0.632776 0.219605
0.642013 0.242625
0.651251 0.050827
0.660489 0.246246
0.669726 0.35557
0.678964 0.257708
0.697439 0.257238
0.706677 0.295705
0.715914 0.259664
0.725152 0.364866
0.73439 0.167344
0.743627 0.595747
0.752865 0.51452
0.762102 0.551946
0.77134 0.486342
0.780578 0.343854
0.789815 0.406662
0.799053 0.360516
0.80829 0.3194
0.817528 0.345461
0.826766 0.267305
0.836003 0.340343
0.845241 0.736825
0.854478 0.666452
0.863716 0.666346
0.872954 0.547517
0.882191 0.596563
0.900666 0.622704
0.909904 1.06971
0.928379 2.36584
0.937617 1.69545
0.946854 1.80511
0.956092 2.8067
0.96533 3.32697
0.983805 0.894487
0.993042 2.00031
1.01152 1.34379
1.02076 0.892245
1.02999 0.779515
1.03923 1.24699
1.04847 1.03135
1.05771 1.21974
1.06694 0.444076
1.07618 1.09359
1.08542 0.566198
1.09466 1.0085
1.10389 1.41587
1.11313 1.41264
1.12237 1.19391
1.13161 0.948523
1.14084 1.67134
1.15008 2.34555
1.15932 3.26031
1.16856 2.44306
1.17779 2.02723
1.18703 1.97467
1.20551 0.642858
1.21474 1.437
1.22398 0.862578
1.23322 1.20107
1.24246 1.18912
1.2517 1.37181
1.26093 2.90704
1.27017 1.60512
1.27941 0.967529
1.28865 0.554005
1.29788 0.917082
1.30712 1.80602
1.31636 1.57433
1.3256 1.33942
1.33483 0.913997
1.34407 1.2451
1.35331 1.9464
1.36255 1.28057
1.37178 1.05301
1.38102 1.19738
1.39026 1.16764
1.3995 1.76065
1.40873 1.37209
1.41797 1.14697
1.42721 0.833938
1.43645 1.38224
1.44569 1.03457
1.45492 0.45787
1.46416 1.20746
1.4734 1.11353
1.48264 0.730887
1.49187 1.09847
1.50111 0.75455
1.51035 0.681655
1.51959 0.890039
1.52882 0.771492
1.53806 0.51799
1.5473 0.924456
1.55654 0.86303
1.56577 1.39953
1.57501 0.649807
1.58425 0.779159
1.59349 1.28747
1.60272 1.01565
1.61196 0.729492
1.6212 0.612526
1.63044 0.831012
1.63967 0.524812
1.64891 0.529662
1.65815 0.456385
1.66739 0.915284
1.67663 0.804603
1.68586 0.710884
1.6951 0.739156
1.70434 1.01357
1.71358 0.793498
1.72281 0.76977
1.73205 0.74253
1.74129 1.06932
1.75053 0.360033
1.75976 0.882369
1.769 0.716156
1.77824 0.947973
1.78748 0.610417
1.79671 0.993367
1.80595 1.02145
1.81519 0.676664
1.82443 0.856108
1.83366 0.940686
1.8429 1.23301
1.85214 0.979302
1.86138 0.939991
1.87061 0.507419
1.87985 0.806297
1.88909 0.811468
1.89833 0.780443
1.90757 0.82691
1.9168 0.904537
1.92604 0.692858
1.93528 1.09522
1.94452 0.701778
1.95375 0.798393
1.96299 0.589284
1.97223 0.731921
1.98147 0.43058
1.9907 0.823173
1.99994 0.594194
2.00918 0.690685
2.01842 0.76565
2.02765 0.891205
2.03689 1.1193
2.04613 0.617883
2.05537 1.41113
2.0646 1.36245
2.07384 0.757389
2.08308 0.648495
2.09232 0.600582
2.10155 1.16474
2.11079 0.898234
2.12003 0.730278
2.12927 0.65762
2.13851 0.567421
2.14774 0.823727
2.15698 0.89836
2.16622 0.810477
2.17546 1.08481
2.18469 0.752479
2.19393 1.0442
2.20317 1.06921
2.21241 0.958654
2.22164 0.919888
2.23088 0.616458
2.24012 0.645063
2.24936 0.852543
2.25859 1.68353
2.26783 1.5103
2.27707 0.842724
2.28631 1.10099
2.29554 1.24453
2.30478 1.16422
2.31402 1.51521
2.32326 1.54409
2.3325 1.09754
2.34173 1.08233
2.35097 0.904323
2.36021 1.23021
2.36945 1.10263
2.37868 1.28919
2.38792 0.959032
2.39716 2.10931
2.4064 1.11457
2.41563 0.84278
2.42487 1.19775
2.43411 1.64017
2.44335 1.33381
2.45258 1.67028
2.46182 1.0528
2.47106 1.50581
2.4803 1.49393
2.48953 1.21162
2.49877 1.50131
2.50801 1.09399
2.51725 1.50283
2.52648 0.769545
2.53572 1.03946
2.54496 1.58944
2.5542 1.51995
2.56344 1.49696
2.57267 0.925432
2.58191 0.951877
2.59115 1.4544
2.60039 1.24374
2.60962 1.02628
2.61886 0.916227
2.6281 1.15103
2.63734 1.00629
2.64657 1.50762
2.65581 1.50789
2.66505 1.11226
2.67429 0.829847
2.68352 0.956245
2.69276 1.35154
2.702 0.989966
2.71124 1.01749
2.72047 1.39658
2.72971 0.90792
2.73895 0.902624
2.74819 1.535
2.75742 0.805084
2.76666 0.853993
2.7759 0.853611
2.78514 0.654903
2.79438 1.22461
2.80361 1.08733
2.81285 0.656711
2.82209 0.826098
2.83133 0.869894
2.84056 0.829904
2.8498 0.861005
2.85904 1.24468
2.86828 0.915121
2.87751 0.90647
2.88675 0.748166
2.89599 0.95924
2.90523 0.843614
2.91446 0.685798
2.9237 0.996758
2.93294 0.619629
2.94218 0.730257
2.95141 0.577259
2.96065 0.955537
2.96989 0.794086
2.97913 1.04102
2.98836 0.918514
2.9976 0.677012
3.00684 0.514268
3.01608 0.795658
3.02532 0.672666
3.03455 0.611033
3.04379 0.454261
3.05303 0.829177
3.06227 0.762739
3.0715 0.689755
3.08074 0.821978
3.08998 1.09001
3.09922 0.585058
3.10845 0.823648
3.11769 0.755901
3.12693 0.812384
3.13617 0.947473
3.1454 0.993761
3.15464 0.791025
3.16388 1.04004
3.17312 0.598823
3.18235 0.954889
3.19159 0.834931
3.20083 0.688424
3.21007 0.983639
3.21931 0.916675
3.22854 0.76887
3.23778 0.937085
3.24702 0.764827
3.25626 0.751727
3.26549 0.973248
3.27473 0.80124
3.28397 0.641855
3.29321 0.933204
3.30244 0.682758
3.31168 0.753921
3.32092 0.804229
3.33016 0.905669
3.33939 0.783862
3.34863 1.06277
3.35787 0.98691
3.36711 0.951505
3.37634 1.02242
3.38558 1.01333
3.39482 1.15914
3.40406 0.806613
3.41329 1.18021
3.42253 0.899892
3.43177 1.24764
3.44101 0.916667
3.45025 1.23713
3.45948 1.36023
3.46872 1.0698
3.47796 1.35912
3.4872 1.17314
3.49643 1.24151
3.50567 1.32646
3.51491 1.1761
3.52415 1.51612
3.53338 1.23895
3.54262 1.30964
3.55186 1.48812
3.5611 1.41523
3.57033 0.917342
3.57957 1.05561
3.58881 1.39673
3.59805 0.839862
3.60728 1.20841
3.61652 1.29121
3.62576 0.987722
3.635 1.59789
3.64423 0.887619
3.65347 1.21593
3.66271 1.38948
3.67195 1.24541
3.68119 1.55142
3.69042 1.57847
3.69966 1.1468
3.7089 2.05424
3.71814 1.2103
3.72737 1.13105
3.73661 0.961616
3.74585 0.992347
3.75509 1.23227
3.76432 1.18328
3.77356 1.02859
3.7828 1.16826
3.79204 1.66926
3.80127 1.10357
3.81051 1.28653
3.81975 1.09334
3.82899 0.868627
3.83822 1.0469
3.84746 0.94621
3.8567 1.00323
3.86594 1.18234
3.87518 0.951391
3.88441 1.29363
3.89365 1.41729
3.90289 1.06021
3.91213 0.902563
3.92136 0.868891
3.9306 0.996119
3.93984 0.945245
3.94908 1.15308
3.95831 0.870289
3.96755 0.842168
3.97679 0.818635
3.98603 0.787627
3.99526 0.899772
4.0045 0.821297
4.01374 1.18107
4.02298 0.955724
4.03221 0.930873
4.04145 0.597231
4.05069 0.825705
4.05993 0.869847
4.06916 0.813258
4.0784 0.734942
4.08764 0.712583
4.09688 0.923269
4.10612 0.889948
4.11535 0.910953
4.12459 0.696085
4.13383 0.93144
4.14307 0.77865
4.1523 0.90786
4.16154 0.876575
4.17078 0.763863
4.18002 0.757356
4.18925 0.859116
4.19849 1.02078
4.20773 0.916199
4.21697 0.914076
4.2262 0.551457
4.23544 0.631614
4.24468 1.09399
4.25392 0.628532
4.26315 0.640261
4.27239 0.865311
4.28163 0.988539
4.29087 0.750878
4.3001 0.849924
4.30934 0.96729
4.31858 0.850835
4.32782 0.853174
4.33706 0.668033
4.34629 0.90128
4.35553 0.975163
4.36477 0.766521
4.37401 0.758864
4.38324 0.753925
4.39248 0.877268
4.40172 0.945697
4.41096 0.826891
4.42019 0.951444
4.42943 0.828631
4.43867 1.08851
4.44791 0.901813
4.45714 0.883734
4.46638 0.625519
4.47562 0.681925
4.48486 0.773218
4.49409 0.822217
4.50333 0.949767
4.51257 0.935669
4.52181 0.918429
4.53104 0.943864
4.54028 1.06541
4.54952 1.13054
4.55876 1.23366
4.568 1.23813
4.57723 0.760035
4.58647 1.15779
4.59571 1.08263
4.60495 1.04043
4.61418 1.0589
