0.104 0.000293393
0.136 0.000517924
0.2 0.000390197
0.216 0.000753608
0.28 0.004577
0.296 0.00768841
0.312 0.0103515
0.36 0.0181914
0.392 0.0225702
0.408 0.01124
0.424 0.00328812
0.44 0.0230963
0.504 0.0265429
0.536 0.0330506
0.568 0.0634278
0.584 0.219996
0.6 0.123136
0.616 0.281152
0.632 0.224771
0.648 0.286343
0.664 0.219178
0.696 0.180545
0.712 0.163035
0.728 0.110163
0.76 0.295551
0.776 0.360692
0.792 0.0932965
0.808 0.45623
0.824 0.431562
0.856 1.07203
0.888 1.67722
0.904 1.35719
0.92 0.702301
0.936 3.96026
0.952 1.32371
0.984 0.626038
1 1.14726
1.016 1.48461
1.032 1.15419
1.048 1.0598
1.064 0.970083
1.08 0.988793
1.096 3.46687
1.112 2.28196
1.128 1.56069
1.144 1.75886
1.16 1.71204
1.176 4.14406
1.208 1.64717
1.224 1.08846
1.24 1.12363
1.256 0.595321
1.272 1.32081
1.288 1.86352
1.304 1.49695
1.32 1.62034
1.336 1.33952
1.352 0.641577
1.368 0.98291
1.384 0.792499
1.4 1.00792
1.416 1.34463
1.432 0.559353
1.448 1.42892
1.464 1.09686
1.48 0.866744
1.496 0.451244
1.512 0.117973
1.528 0.469358
1.56 0.72148
1.576 0.32808
1.608 0.615516
1.624 0.40604
1.64 1.23982
1.656 0.393657
1.672 0.706974
1.704 0.576415
1.72 1.10842
1.752 0.693266
1.768 0.325413
1.784 0.733854
1.8 0.721091
1.816 0.882248
1.832 1.0308
1.848 0.328375
1.864 1.0392
1.88 0.569363
1.896 0.987752
1.912 0.901528
1.928 0.749777
1.944 0.76695
1.96 1.37201
1.976 1.29986
1.992 1.41515
2.008 1.52595
2.024 1.52036
2.04 1.57173
2.056 1.21163
2.088 1.07083
2.104 0.896777
2.12 1.00564
2.136 0.972947
2.152 1.02504
2.168 1.52959
2.184 3.54349
2.2 1.39646
2.216 0.896545
2.232 0.797738
2.248 0.811937
2.264 1.91929
2.28 1.47649
2.296 1.1724
2.312 0.851177
2.328 0.861499
2.344 2.11319
2.36 0.687771
2.376 0.88038
2.392 1.0523
2.408 1.16987
2.424 1.29089
2.44 0.69925
2.456 0.998553
2.472 0.901007
2.488 1.09568
2.504 1.0715
2.52 0.509035
2.536 1.07289
2.552 1.24135
2.568 1.18179
2.584 1.10549
2.6 0.826148
2.616 1.13391
2.632 0.734643
2.648 0.534558
2.664 0.639127
2.68 0.611313
2.696 0.767801
2.712 1.23474
2.728 0.776883
2.744 0.928249
2.76 1.24417
2.776 1.0171
2.792 0.452741
2.808 0.330794
2.824 0.677759
2.84 0.813816
2.856 0.915962
2.872 0.907677
2.888 1.09246
2.904 0.987124
2.92 0.897955
2.936 0.91243
2.952 0.859147
2.968 1.02209
2.984 1.17891
3 1.28249
3.016 0.956955
3.032 1.22035
3.048 0.979512
3.064 1.44463
3.08 0.828381
3.096 0.846114
3.112 1.15475
3.128 1.38061
3.144 1.3003
3.16 0.742099
3.176 0.983642
3.192 0.983558
3.208 1.06985
3.224 1.16424
3.24 0.500662
3.256 0.692449
3.272 1.38775
3.288 0.708083
3.304 1.41075
3.32 1.32659
3.336 1.24783
3.352 1.41414
3.368 0.991368
3.384 1.97372
3.4 0.945912
3.416 0.960715
3.432 0.790708
3.448 0.818531
3.464 0.957117
3.48 0.451695
3.496 0.783665
3.512 1.03074
3.528 1.57023
3.544 1.17261
3.56 0.446981
3.576 1.04544
3.592 1.13502
3.608 0.766433
3.624 1.05064
3.64 0.789953
3.656 0.713375
3.672 0.656495
3.688 1.02071
3.704 0.776088
3.72 0.81839
3.736 1.09976
3.752 0.63304
3.768 1.25069
3.784 1.10257
3.8 0.846327
3.816 1.26621
3.832 0.826865
3.848 0.750654
3.864 0.625347
3.88 0.802352
3.896 0.854131
3.912 1.14315
3.928 1.43447
3.944 0.710122
3.96 0.800885
3.976 0.823082
3.992 1.4771
4.008 0.995176
4.024 0.975144
4.04 1.18075
4.056 1.3011
4.072 0.79261
4.088 1.12077
4.104 0.96829
4.12 1.02055
4.136 0.629311
4.152 1.75681
4.168 1.20765
4.184 0.928335
4.2 0.944609
4.216 1.36667
4.232 0.934842
4.248 1.03693
4.264 0.703724
4.28 1.13363
4.296 1.20892
4.312 1.08757
4.328 0.944552
4.344 0.893817
4.36 1.21386
4.376 0.700269
4.392 0.900865
4.408 1.25177
4.424 1.32022
4.44 1.22132
4.456 0.870803
4.472 0.769424
4.488 1.2095
4.504 1.29985
4.52 0.995565
4.536 1.10421
4.552 0.984643
4.568 0.898843
4.584 1.0167
4.6 0.757036
4.616 1.08451
4.632 1.00597
4.648 1.27205
4.664 1.15402
4.68 0.877809
4.696 0.834286
4.712 0.887857
4.728 0.325746
4.744 1.06254
4.76 1.21136
4.776 0.804204
4.792 0.492515
4.808 1.14154
4.824 0.612644
4.84 0.885062
4.856 0.680666
4.872 0.941858
4.888 0.935933
4.904 0.899489
4.92 1.08604
4.936 0.819076
4.952 1.02961
4.968 1.00254
4.984 0.72133
5 0.893633
5.016 1.18572
5.032 1.13442
5.048 0.929808
5.064 0.920116
5.08 0.998823
5.096 0.826041
5.112 1.08677
5.128 0.961066
5.144 0.690327
5.16 0.946314
5.176 1.80552
5.192 1.08935
5.208 1.35347
5.224 1.33981
5.24 1.00453
5.256 1.07801
5.272 0.677062
5.288 1.09279
5.304 1.0107
5.32 0.74195
5.336 1.80255
5.352 1.34024
5.368 0.904628
5.384 1.47682
5.4 1.12588
5.416 1.05712
5.432 1.17045
5.448 0.949269
5.464 1.00446
5.48 1.2767
5.496 0.95392
5.512 1.18886
5.528 1.34333
5.544 1.06252
5.56 0.65701
5.576 1.25392
5.592 0.602351
5.608 1.01413
5.624 1.27065
5.64 1.04365
5.656 0.906699
5.672 0.850265
5.688 0.634963
5.704 0.821406
5.72 0.915778
5.736 0.832481
5.752 0.624668
5.768 1.24808
5.784 0.720574
5.8 1.01297
5.816 0.839985
5.832 1.06532
5.848 1.01942
5.864 0.69207
5.88 0.892643
5.896 0.847281
5.912 1.18762
5.928 0.815404
5.944 1.28957
5.96 1.1774
5.976 0.707478
5.992 1.11739
6.008 0.946362
6.024 1.00893
6.04 0.84948
6.056 1.07514
6.072 1.00925
6.088 1.2347
6.104 1.14374
6.12 0.7947
6.136 1.43039
6.152 1.19781
6.168 1.02533
6.184 1.08431
6.2 1.0741
6.216 1.06946
6.232 0.8593
6.248 1.0153
6.264 0.935728
6.28 1.04984
6.296 1.0344
6.312 0.765662
6.328 0.848287
6.344 0.771298
6.36 1.0117
6.376 1.13245
6.392 0.930749
6.408 0.837253
6.424 1.45724
6.44 0.898616
6.456 1.26276
6.472 1.06206
6.488 1.13047
6.504 1.05119
6.52 0.885279
6.536 0.889957
6.552 0.94931
6.568 0.712202
6.584 0.959176
6.6 1.13572
6.616 1.07071
6.632 1.09405
6.648 0.92177
6.664 0.712413
6.68 0.96405
6.696 1.0028
6.712 0.869199
6.728 1.16596
6.744 1.23991
6.76 0.999551
6.776 1.18236
6.792 0.718671
6.808 1.03536
6.824 0.815165
6.84 1.12281
6.856 1.03391
6.872 0.979812
6.888 1.05458
6.904 1.09243
6.92 0.920199
6.936 1.05733
6.952 0.951187
6.968 0.890571
6.984 0.774449
7 0.969413
7.016 0.788778
7.032 1.20526
7.048 0.89477
7.064 0.901427
7.08 0.892567
7.096 0.738313
7.112 0.876973
7.128 0.791768
7.144 1.42538
7.16 1.18527
7.176 1.22505
7.192 1.60257
7.208 0.948955
7.224 0.954504
7.24 1.20501
7.256 0.838499
7.272 1.27049
7.288 1.18477
7.304 1.09819
7.32 0.850842
7.336 1.11242
7.352 1.14308
7.368 0.941846
7.384 0.950259
7.4 0.968711
7.416 1.35435
7.432 0.951618
7.448 1.00593
7.464 1.0592
7.48 0.880747
7.496 0.913703
7.512 0.983146
7.528 0.902063
7.544 0.97136
7.56 0.945474
7.576 1.04757
7.592 0.723726
7.608 1.05932
7.624 0.922803
7.64 0.844543
7.656 0.830459
7.672 1.19853
7.688 0.9025
7.704 0.994361
7.72 0.748829
7.736 0.706959
7.752 1.12966
7.768 1.08454
7.784 1.14589
7.8 1.22381
7.816 1.26249
7.832 0.995484
7.848 0.894916
7.864 0.722093
7.88 1.07724
7.896 0.65642
7.912 0.845984
7.928 0.827996
7.944 0.731508
7.96 0.956405
7.976 1.23451
7.992 0.849275
