0.0822192 1.42364e-05
0.107517 7.75681e-05
0.158114 0.000354145
0.170763 0.000326414
0.221359 0.00143136
0.234009 0.00149477
0.246658 0.00533789
0.284605 0.00481892
0.309903 0.00213201
0.322552 0.00505555
0.335201 0.00527026
0.347851 0.00455627
0.398447 0.0267955
0.423745 0.0521415
0.449043 0.0471045
0.461693 0.0441124
0.474342 0.0412302
0.486991 0.0633014
0.49964 0.127792
0.512289 0.128994
0.524938 0.146401
0.550236 0.030449
0.562885 0.133937
0.575535 0.301261
0.600833 1.02985
0.613482 0.506922
0.626131 1.52615
0.63878 0.618306
0.651429 2.57895
0.676727 1.33585
0.702026 0.270776
0.714675 0.722816
0.727324 0.830887
0.739973 0.855789
0.752622 0.782103
0.77792 2.00306
0.790569 0.892042
0.803219 0.95501
0.815868 1.04451
0.828517 0.784207
0.841166 2.29252
0.853815 1.68995
0.866464 0.849391
0.879113 1.38378
0.891762 0.814532
0.904411 0.49314
0.917061 1.37509
0.92971 0.396814
0.955008 0.551561
0.967657 0.531333
0.980306 0.495512
0.992955 0.683427
1.0056 0.490594
1.01825 0.367011
1.0309 0.438581
1.04355 0.383474
1.0562 0.626205
1.06885 0.303069
1.0815 0.385544
1.09415 0.894188
1.1068 0.633947
1.11945 0.315149
1.1321 0.414018
1.14474 0.914804
1.15739 0.751711
1.17004 0.644845
1.18269 0.546429
1.19534 0.523053
1.20799 0.839428
1.23329 0.759238
1.24594 0.672112
1.27124 1.18011
1.28388 0.701296
1.29653 0.756251
1.30918 0.592238
1.32183 1.11864
1.34713 1.01206
1.35978 0.716044
1.38508 1.15706
1.39773 1.45333
1.41038 1.87312
1.42302 1.53433
1.43567 1.05265
1.44832 2.38689
1.46097 0.915171
1.47362 1.00277
1.48627 0.945592
1.49892 1.03938
1.51157 1.68684
1.52422 1.51404
1.53687 1.0853
1.54952 2.52213
1.56217 1.14712
1.57481 1.30944
1.58746 1.7387
1.60011 1.2906
1.61276 0.6783
1.62541 1.51335
1.65071 1.17091
1.66336 1.64811
1.67601 1.31744
1.68866 1.38076
1.70131 1.11205
1.71395 0.755537
1.7266 1.5169
1.73925 1.18847
1.7519 0.704229
1.76455 1.4815
1.7772 0.601753
1.78985 1.42204
1.8025 0.946241
1.81515 0.8667
1.8278 0.861789
1.84045 1.16993
1.85309 1.84413
1.86574 0.888995
1.87839 1.59659
1.89104 1.18801
1.90369 0.652027
1.91634 0.894325
1.92899 0.659198
1.94164 0.550823
1.95429 1.0578
1.96694 0.496146
1.97959 0.668741
1.99223 0.333935
2.00488 1.17166
2.01753 1.44428
2.03018 0.506632
2.04283 1.7112
2.05548 0.616183
2.06813 0.894769
2.08078 1.06134
2.09343 1.16084
2.10608 1.27318
2.11873 0.78551
2.13138 0.772445
2.14402 1.93664
2.15667 0.779991
2.16932 0.967619
2.18197 1.51545
2.19462 0.957602
2.20727 1.04195
2.21992 0.937574
2.23257 0.88118
2.24522 0.666736
2.25787 0.740462
2.27052 0.789714
2.28316 1.1904
2.29581 0.634091
2.30846 0.912498
2.32111 0.748544
2.33376 0.34245
2.34641 0.901736
2.35906 0.464098
2.37171 0.726636
2.38436 0.96533
2.39701 1.002
2.40966 0.925921
2.4223 1.2366
2.43495 1.26548
2.4476 0.919957
2.46025 1.12831
2.4729 0.994553
2.48555 0.416718
2.4982 0.727126
2.51085 1.16957
2.5235 0.829157
2.53615 0.948638
2.5488 1.03702
2.56144 1.04428
2.57409 0.56318
2.58674 0.74673
2.59939 0.859085
2.61204 0.862189
2.62469 0.982278
2.63734 0.522239
2.64999 0.586582
2.66264 1.18542
2.67529 0.872742
2.68794 1.0051
2.70059 0.824432
2.71323 0.435458
2.72588 0.623149
2.73853 1.13286
2.75118 0.749395
2.76383 1.17756
2.77648 1.28716
2.78913 0.995
2.80178 0.918059
2.81443 0.727733
2.82708 0.529576
2.83973 0.816855
2.85237 1.20225
2.86502 1.29546
2.87767 0.989225
2.89032 0.837259
2.90297 1.46103
2.91562 1.07029
2.92827 0.941941
2.94092 0.935902
2.95357 1.10051
2.96622 0.909228
2.97887 1.12252
2.99151 1.30926
3.00416 1.2954
3.01681 1.01283
3.02946 0.658009
3.04211 1.05194
3.05476 0.920238
3.06741 0.447141
3.08006 1.02331
3.09271 1.37158
3.10536 1.15204
3.11801 1.68137
3.13065 1.36948
3.1433 1.05075
3.15595 0.786805
3.1686 1.08974
3.18125 1.00252
3.1939 1.37487
3.20655 1.48921
3.2192 1.14483
3.23185 0.941353
3.2445 0.91843
3.25715 1.77394
3.2698 0.702685
3.28244 0.914545
3.29509 1.35362
3.30774 1.09409
3.32039 1.15417
3.33304 1.06608
3.34569 1.25406
3.35834 1.11935
3.37099 1.33868
3.38364 1.29356
3.39629 0.769056
3.40894 1.08897
3.42158 1.02452
3.43423 1.85869
3.44688 1.00945
3.45953 0.950048
3.47218 1.08047
3.48483 0.692304
3.49748 1.08317
3.51013 0.747546
3.52278 0.740909
3.53543 0.903622
3.54808 0.922104
3.56072 0.83001
3.57337 1.06451
3.58602 0.969931
3.59867 0.658125
3.61132 0.893195
3.62397 1.23378
3.63662 1.11646
3.64927 1.2745
3.66192 0.853193
3.67457 0.743121
3.68722 1.02903
3.69986 0.973703
3.71251 1.07469
3.72516 0.691573
3.73781 0.927811
3.75046 1.06098
3.76311 1.13178
3.77576 0.952203
3.78841 0.989633
3.80106 0.948638
3.81371 1.33374
3.82636 0.863061
3.83901 0.42704
3.85165 0.831999
3.8643 0.612707
3.87695 0.867465
3.8896 0.872727
3.90225 0.85693
3.9149 0.723885
3.92755 1.03419
3.9402 0.781609
3.95285 1.04596
3.9655 0.92587
3.97815 0.851151
3.99079 0.853209
4.00344 0.924831
4.01609 0.940862
4.02874 0.869206
4.04139 0.908057
4.05404 0.914364
4.06669 1.05306
4.07934 0.878517
4.09199 0.57553
4.10464 0.938706
4.11729 0.963617
4.12993 0.684542
4.14258 0.892217
4.15523 0.898115
4.16788 1.11528
4.18053 0.853574
4.19318 1.00894
4.20583 1.11927
4.21848 0.701514
4.23113 1.11332
4.24378 0.812239
4.25643 1.61997
4.26907 1.10392
4.28172 0.864875
4.29437 0.651194
4.30702 0.880048
4.31967 0.954463
4.33232 1.54034
4.34497 0.744646
4.35762 0.884002
4.37027 0.737877
4.38292 1.14471
4.39557 0.692804
4.40822 0.966769
4.42086 0.899837
4.43351 1.06915
4.44616 1.33872
4.45881 0.887521
4.47146 0.898377
4.48411 1.45131
4.49676 0.932126
4.50941 1.12458
4.52206 1.08134
4.53471 1.05773
4.54736 1.24253
4.56 1.28167
4.57265 1.05955
4.5853 0.963414
4.59795 0.886937
4.6106 1.23551
4.62325 1.09001
4.6359 1.10072
4.64855 0.992749
4.6612 1.31279
4.67385 1.11155
4.6865 0.97124
4.69914 0.993943
4.71179 0.908709
4.72444 0.704865
4.73709 1.35531
4.74974 1.11225
4.76239 0.90853
4.77504 1.07644
4.78769 1.08802
4.80034 0.90527
4.81299 1.07479
4.82564 1.15962
4.83828 1.08874
4.85093 1.4267
4.86358 1.19541
4.87623 1.09195
4.88888 0.937206
4.90153 0.911358
4.91418 1.29146
4.92683 1.1678
4.93948 0.986769
4.95213 1.38554
4.96478 0.853204
4.97743 0.905638
4.99007 1.23898
5.00272 0.870666
5.01537 0.978849
5.02802 0.88846
5.04067 0.752946
5.05332 0.919213
5.06597 1.06053
5.07862 1.27329
5.09127 0.888402
5.10392 1.10233
5.11657 1.29969
5.12921 0.837334
5.14186 1.04091
5.15451 1.21994
5.16716 1.30662
5.17981 0.827493
5.19246 0.666808
5.20511 1.06992
5.21776 1.06659
5.23041 1.02122
5.24306 1.03659
5.25571 0.990945
5.26835 1.13519
5.281 1.20598
5.29365 0.924957
5.3063 1.01736
5.31895 0.768845
5.3316 0.983837
5.34425 0.772569
5.3569 0.796368
5.36955 0.884714
5.3822 1.0835
5.39485 0.844472
5.40749 1.08826
5.42014 1.08619
5.43279 0.860009
5.44544 0.919488
5.45809 0.913939
5.47074 0.758541
5.48339 0.859372
5.49604 0.770264
5.50869 0.759837
5.52134 0.91632
5.53399 1.02143
5.54664 0.997445
5.55928 0.791608
5.57193 0.957346
5.58458 0.805184
5.59723 0.991764
5.60988 0.764358
5.62253 0.777717
5.63518 0.695758
5.64783 0.918878
5.66048 0.857879
5.67313 0.86534
5.68578 0.71279
5.69842 0.806954
5.71107 0.765496
5.72372 1.02777
5.73637 1.03621
5.74902 1.40226
5.76167 1.01333
5.77432 0.865833
5.78697 1.22128
5.79962 0.955497
5.81227 0.618763
5.82492 1.31982
5.83756 1.27652
5.85021 1.00975
5.86286 1.19058
5.87551 0.794475
5.88816 1.03299
5.90081 1.03579
5.91346 1.02134
5.92611 0.878629
5.93876 1.11291
5.95141 0.668002
5.96406 0.942199
5.9767 1.19722
5.98935 1.18731
6.002 0.742632
6.01465 0.862777
6.0273 1.08315
6.03995 1.37844
6.0526 0.903487
6.06525 1.05884
6.0779 1.20385
6.09055 0.781719
6.1032 1.03058
6.11584 0.784388
6.12849 1.36559
6.14114 1.19559
6.15379 0.965456
6.16644 1.29481
6.17909 0.814278
6.19174 1.13406
6.20439 1.03143
6.21704 1.36388
6.22969 1.00337
6.24234 1.33292
6.25499 0.81417
6.26763 1.04608
6.28028 0.850777
6.29293 1.17537
6.30558 1.26703
6.31823 0.755969
