0.122565 5.30944e-06
0.160278 3.22367e-05
0.235702 0.000264904
0.254558 0.00049328
0.329983 0.00179472
0.348839 0.00547618
0.367696 0.00191015
0.424264 0.00263553
0.461976 0.0080879
0.480833 0.00489642
0.499689 0.00213051
0.518545 0.00954962
0.59397 0.0449338
0.631682 0.0922016
0.669394 0.14673
0.688251 0.0937767
0.707107 0.0980887
0.725963 0.0875245
0.744819 0.165329
0.763675 0.0607412
0.782532 0.163975
0.820244 0.134696
0.8391 0.347418
0.857956 0.501472
0.895669 2.11638
0.914525 1.5372
0.933381 1.17503
0.952237 2.32825
0.971093 3.073
1.00881 1.04536
1.04652 0.703067
1.06537 0.598384
1.08423 2.01174
1.10309 4.73662
1.12194 2.15296
1.15966 3.94584
1.17851 2.3583
1.19737 1.26001
1.21622 2.04128
1.23508 1.22471
1.25394 0.194424
1.27279 0.575474
1.29165 1.30906
1.3105 0.359668
1.32936 0.770939
1.34822 0.980726
1.36707 1.21426
1.38593 1.20033
1.42364 0.635943
1.4425 0.457986
1.46135 0.324983
1.48021 0.845086
1.49907 0.551157
1.51792 0.306129
1.53678 0.655163
1.55563 0.362702
1.57449 0.287177
1.59335 0.263861
1.6122 0.314091
1.63106 0.486672
1.64992 0.991597
1.66877 0.801792
1.68763 0.478186
1.70648 0.664875
1.72534 1.43565
1.7442 0.508769
1.76305 0.875006
1.78191 0.653953
1.80077 0.837479
1.83848 0.704084
1.85733 0.73231
1.89505 1.18179
1.9139 1.14853
1.93276 1.49817
1.95161 0.848845
1.97047 1.93188
2.00818 0.796736
2.02704 0.977265
2.06475 1.86866
2.08361 1.27301
2.10246 1.75606
2.12132 1.41478
2.14018 1.11783
2.15903 1.80148
2.17789 0.722819
2.19675 0.696281
2.2156 1.50695
2.23446 0.989312
2.25331 1.30786
2.27217 1.8101
2.29103 0.983872
2.30988 2.56051
2.32874 1.05114
2.34759 0.719418
2.36645 0.882491
2.38531 1.02784
2.40416 0.51364
2.42302 0.647582
2.46073 0.770701
2.47959 0.72025
2.49844 0.716828
2.5173 0.956718
2.53616 0.883999
2.55501 0.873386
2.57387 0.722303
2.59272 0.705805
2.61158 0.826259
2.63044 1.37967
2.64929 0.661895
2.66815 1.00173
2.68701 0.794648
2.70586 0.935114
2.72472 0.670302
2.74357 1.08275
2.76243 0.910692
2.78129 0.789747
2.80014 1.27364
2.819 0.918753
2.83786 0.884038
2.85671 0.85658
2.87557 0.655112
2.89442 0.61244
2.91328 0.893624
2.93214 0.762848
2.95099 0.73533
2.96985 0.864127
2.9887 1.94649
3.00756 1.37919
3.02642 0.899788
3.04527 2.60207
3.06413 1.05876
3.08299 1.30065
3.10184 1.01104
3.1207 1.06248
3.13955 0.807183
3.15841 0.954846
3.17727 1.0664
3.19612 1.06178
3.21498 1.0384
3.23384 1.6568
3.25269 1.55414
3.27155 0.778568
3.2904 1.32082
3.30926 0.853935
3.32812 1.0536
3.34697 0.583273
3.36583 0.794008
3.38468 0.473563
3.40354 1.51718
3.4224 0.977186
3.44125 0.805682
3.46011 0.426191
3.47897 0.838296
3.49782 0.948663
3.51668 1.09043
3.53553 1.30001
3.55439 1.01996
3.57325 1.08589
3.5921 0.938002
3.61096 1.17995
3.62981 0.860719
3.64867 1.31145
3.66753 1.20528
3.68638 0.904648
3.70524 1.26085
3.7241 0.7548
3.74295 0.759804
3.76181 1.27079
3.78066 1.08948
3.79952 0.918346
3.81838 0.860312
3.83723 1.01879
3.85609 1.01895
3.87495 0.622892
3.8938 1.1536
3.91266 0.85285
3.93151 0.612426
3.95037 0.841312
3.96923 0.668591
3.98808 1.31002
4.00694 0.952098
4.02579 0.853107
4.04465 0.291807
4.06351 0.717995
4.08236 1.06308
4.10122 0.802281
4.12008 1.11585
4.13893 1.14068
4.15779 0.930755
4.17664 1.1199
4.1955 1.54026
4.21436 0.599752
4.23321 1.23721
4.25207 1.23905
4.27092 1.29197
4.28978 0.876532
4.30864 0.663311
4.32749 1.16779
4.34635 0.957726
4.36521 1.17393
4.38406 1.06946
4.40292 1.03401
4.42177 1.09431
4.44063 1.00659
4.45949 1.16849
4.47834 1.06955
4.4972 0.573833
4.51606 0.74934
4.53491 0.691795
4.55377 0.594447
4.57262 0.621435
4.59148 1.06084
4.61034 1.12218
4.62919 1.19043
4.64805 1.85534
4.6669 1.40838
4.68576 1.10026
4.70462 0.694347
4.72347 1.26844
4.74233 1.08115
4.76119 0.712129
4.78004 0.900798
4.7989 1.17019
4.81775 0.665865
4.83661 1.10861
4.85547 1.313
4.87432 0.786023
4.89318 0.697644
4.91204 1.25344
4.93089 0.916096
4.94975 0.937505
4.9686 0.716709
4.98746 0.581977
5.00632 0.980329
5.02517 1.24156
5.04403 1.25545
5.06288 0.730822
5.08174 0.747912
5.1006 0.901084
5.11945 1.18515
5.13831 0.979901
5.15717 0.778986
5.17602 1.07404
5.19488 0.926844
5.21373 1.00346
5.23259 0.87505
5.25145 0.774917
5.2703 0.960393
5.28916 1.10957
5.30801 0.876041
5.32687 0.828465
5.34573 0.920915
5.36458 0.876151
5.38344 0.761986
5.4023 1.02945
5.42115 0.898298
5.44001 1.47967
5.45886 1.21249
5.47772 0.941058
5.49658 1.21582
5.51543 0.988844
5.53429 1.52003
5.55315 0.755464
5.572 1.57761
5.59086 1.09923
5.60971 1.44032
5.62857 1.27536
5.64743 1.04533
5.66628 0.822313
5.68514 1.09704
5.70399 0.962912
5.72285 1.19185
5.74171 0.642779
5.76056 1.03285
5.77942 1.06457
5.79828 1.03897
5.81713 0.908913
5.83599 1.37802
5.85484 0.862398
5.8737 0.818447
5.89256 1.22015
5.91141 0.70976
5.93027 0.970419
5.94913 0.912335
5.96798 0.91608
5.98684 0.657883
6.00569 1.07925
6.02455 0.881614
6.04341 0.649319
6.06226 1.19517
6.08112 0.861745
6.09997 0.806043
6.11883 0.922013
6.13769 0.923961
6.15654 0.93226
6.1754 1.09452
6.19426 0.7604
6.21311 0.671396
6.23197 1.07812
6.25082 1.07126
6.26968 1.2092
6.28854 0.932327
6.30739 1.3031
6.32625 1.01029
6.3451 1.45349
6.36396 0.943946
6.38282 0.941928
6.40167 0.812254
6.42053 0.927686
6.43939 0.833959
6.45824 1.60034
6.4771 0.881822
6.49595 1.01692
6.51481 1.06906
6.53367 0.983054
6.55252 0.983977
6.57138 1.1403
6.59024 0.94956
6.60909 0.895968
6.62795 1.17198
6.6468 1.17806
6.66566 0.997181
6.68452 1.06533
6.70337 0.732965
6.72223 0.94683
6.74108 1.04091
6.75994 1.08655
6.7788 0.892077
6.79765 1.05787
6.81651 0.985788
6.83537 0.83966
6.85422 1.32349
6.87308 1.17925
6.89193 0.886478
6.91079 0.950352
6.92965 1.03116
6.9485 0.900455
6.96736 0.82423
6.98621 1.1506
7.00507 1.05496
7.02393 1.12361
7.04278 0.827325
7.06164 1.15013
7.0805 1.1668
7.09935 0.886606
7.11821 0.770311
7.13706 0.949774
7.15592 1.06651
7.17478 0.896354
7.19363 1.1666
7.21249 0.879493
7.23135 1.13191
7.2502 1.18788
7.26906 0.901287
7.28791 1.01294
7.30677 0.815225
7.32563 1.18928
7.34448 1.01686
7.36334 1.08402
7.38219 1.22028
7.40105 0.773866
7.41991 0.75183
7.43876 0.930243
7.45762 0.839562
7.47648 0.936136
7.49533 0.910762
7.51419 0.806226
7.53304 0.910188
7.5519 0.870231
7.57076 1.12286
7.58961 1.07412
7.60847 1.0534
7.62733 1.23968
7.64618 0.916235
7.66504 1.18668
7.68389 1.39884
7.70275 1.14513
7.72161 0.876354
7.74046 0.997805
7.75932 1.0319
7.77817 1.10768
7.79703 1.15629
7.81589 0.917401
7.83474 0.682185
7.8536 1.02708
7.87246 1.12006
7.89131 0.747769
7.91017 1.11789
7.92902 1.04785
7.94788 1.02938
7.96674 0.925963
7.98559 0.879016
8.00445 1.04538
8.0233 0.939533
8.04216 1.02212
8.06102 0.824742
8.07987 0.789748
8.09873 1.19925
8.11759 1.23476
8.13644 0.866594
8.1553 1.20456
8.17415 0.79112
8.19301 0.917903
8.21187 0.882921
8.23072 1.14572
8.24958 0.961712
8.26844 1.2229
8.28729 0.715536
8.30615 1.22781
8.325 0.886434
8.34386 1.14166
8.36272 0.914554
8.38157 0.964451
8.40043 1.3198
8.41928 1.00513
8.43814 0.941403
8.457 1.00366
8.47585 0.731348
8.49471 0.997195
8.51357 0.665062
8.53242 1.15869
8.55128 1.0577
8.57013 1.24804
8.58899 1.06291
8.60785 0.951729
8.6267 1.04982
8.64556 0.946352
8.66442 0.840678
8.68327 1.0696
8.70213 1.17956
8.72098 1.16835
8.73984 1.09537
8.7587 0.860833
8.77755 1.12309
8.79641 1.08893
8.81526 1.23073
8.83412 0.947656
8.85298 0.937046
8.87183 0.829953
8.89069 0.962044
8.90955 0.815587
8.9284 1.17513
8.94726 0.813907
8.96611 0.900145
8.98497 1.27247
9.00383 1.22304
9.02268 0.941617
9.04154 1.08239
9.06039 1.102
9.07925 0.735012
9.09811 0.793795
9.11696 0.736654
9.13582 1.29345
9.15468 1.05006
9.17353 1.14515
9.19239 0.933559
9.21124 1.06038
9.2301 0.759794
9.24896 0.761676
9.26781 1.30359
9.28667 1.02549
9.30553 0.968297
9.32438 0.86335
9.34324 1.07041
9.36209 0.654517
9.38095 0.851996
9.39981 0.911252
9.41866 1.14905
