0.0266265 0.940255
0.00994571333333 0.804876333333
0.970038 0.1113576
0.988988 0.786799333333
0.966314666667 0.808095
0.0320407466667 0.646360333333
0.0525946 0.79344
0.0274801133333 0.708424
0.0177611133333 0.755293666667
0.898309666667 0.950716666667
0.749644 0.0377194333333
0.550677666667 0.0315641333333
0.978528666667 0.742361333333
0.955855333333 0.763657
0.940347333333 0.0759563
0.967139333333 0.152735
0.936454 0.304014
0.1002766 0.593492333333
0.121584233333 0.615833666667
0.1250879 0.655029666667
0.100630333333 0.67844
0.0538327333333 0.694527666667
0.0687142 0.663116333333
0.948767 0.829672666667
0.946782333333 0.864371333333
0.965432 0.925713333333
0.955048666667 0.894899666667
0.939865 0.973567333333
0.929481666667 0.942753666667
0.517754 0.499028666667
0.361415333333 0.657883333333
0.821261333333 0.0918192666667
0.755964666667 0.135404666667
0.786666666667 0.0186171733333
0.692971333333 0.00389994
0.319788333333 0.0708134333333
0.708696 0.0313072
0.642272666667 0.0121705666667
0.599390666667 0.0228422666667
0.701259666667 0.617152333333
0.684102333333 0.586947666667
0.924709 0.755478333333
0.936448333333 0.340635333333
0.957157666667 0.362108333333
0.933139666667 0.144886666667
0.890780666667 0.1081847
0.920755 0.112238366667
0.919944333333 0.177601
0.882541333333 0.190479
0.981204 0.251718666667
0.954460333333 0.281292
0.934418333333 0.242048333333
0.970972 0.197968666667
0.943856 0.209722
0.777274 0.169387
0.803802 0.182504
0.803317666667 0.333254333333
0.0584918666667 0.629244333333
0.0690743666667 0.600129666667
0.0274584133333 0.595928666667
0.0380409133333 0.566814
0.152822333333 0.600253
0.0471427333333 0.915698666667
0.0601130666667 0.971385666667
0.1215085 0.980962666667
0.23278 0.942109666667
0.1937855 0.984811
0.283515 0.0682087
0.251278 0.0495009666667
0.516934333333 0.534796666667
0.350692666667 0.601378333333
0.378641 0.620841666667
0.281334333333 0.615683
0.318132666667 0.625115666667
0.323752666667 0.654825333333
0.434003 0.678081333333
0.403026666667 0.692735666667
0.370424666667 0.683262666667
0.762474333333 0.0634348666667
0.787650666667 0.0861918666667
0.734519666667 0.0849976
0.759696 0.1077546
0.880156 0.0714920333333
0.844289666667 0.0634976
0.832378333333 0.0304336733333
0.909643666667 0.0523763
0.883528 0.0296990066667
0.344206666667 0.0510692333333
0.639721 0.049043
0.693103333333 0.0837274333333
0.68011 0.0557524666667
0.634833 0.369808
0.678912666667 0.366137666667
0.696915666667 0.562709
0.684005 0.529961666667
0.712071666667 0.497672
0.552974 0.484492666667
0.98179 0.707595666667
0.998147666667 0.528316333333
0.961353666667 0.684363333333
0.97054 0.649171
0.986722 0.595493666667
0.993893333333 0.451406666667
0.979423 0.443399
0.987285333333 0.335236333333
0.979900333333 0.403704
0.484889333333 0.306496333333
0.511955333333 0.323952666667
0.550039333333 0.364969
0.512713666667 0.354189333333
0.561151666667 0.284200333333
0.553634333333 0.314465666667
0.612881666667 0.345096666667
0.575493333333 0.343903666667
0.382200333333 0.0631652333333
0.886430666667 0.378049333333
0.854462666667 0.392737333333
0.829853666667 0.377012333333
0.896512333333 0.345642666667
0.831848333333 0.337652333333
0.799104666667 0.399869
0.782281333333 0.370592666667
0.750773666667 0.370655
0.824422 0.161158666667
0.858075 0.169529666667
0.835236 0.126019
0.868889 0.13439
0.740324 0.299349333333
0.734143333333 0.335693
0.7084 0.280064333333
0.683419 0.306765666667
0.696591 0.338183
0.90018 0.246657333333
0.872214666667 0.227209
0.899201666667 0.281898666667
0.878935333333 0.308329666667
0.850307 0.302857666667
0.802200666667 0.228050333333
0.830076666667 0.244782666667
0.828063 0.276180333333
0.768797666667 0.245320333333
0.765459333333 0.284777333333
0.796848666667 0.298905
0.0114558333333 0.162315233333
0.109750033333 0.549064333333
0.0447973466667 0.538143666667
0.0853042333333 0.527031333333
0.0946472 0.493682
0.0689357 0.832053666667
0.0502542 0.858634333333
0.0629550333333 0.883660666667
0.0793350333333 0.768933666667
0.0760125333333 0.732085
0.1061361 0.714212
0.851765 0.976103
0.159941666667 0.903170333333
0.127981866667 0.884995666667
0.0953789333333 0.897017
0.0795666333333 0.929055
0.0969865666667 0.953162
0.176152 0.975225
0.200685333333 0.954013
0.136932666667 0.955222333333
0.161466 0.934010333333
0.263568 0.962352666667
0.287043 0.983392666667
0.709555666667 0.975494333333
0.777256666667 0.985164666667
0.628129333333 0.990211
0.466541 0.988630333333
0.555849 0.853997333333
0.614059666667 0.848010333333
0.592336 0.875315666667
0.410014666667 0.609906666667
0.470288333333 0.629988
0.438820666667 0.641149
0.488118666667 0.596532333333
0.295068666667 0.938436
0.318543666667 0.959476
0.234246666667 0.907199666667
0.200627666667 0.888263
0.531728333333 0.137368666667
0.707826666667 0.462516666667
0.691862666667 0.397954333333
0.735458666667 0.435948333333
0.726171333333 0.404961666667
0.563180333333 0.455528
0.557728333333 0.396452
0.539007333333 0.423421666667
0.572635333333 0.511437
0.550022333333 0.541269666667
0.657481333333 0.520970333333
0.625440333333 0.536864
0.603212333333 0.510163
0.887853333333 0.918521333333
0.451031666667 0.495008333333
0.489266333333 0.479226666667
0.596313 0.278215333333
0.652738333333 0.294852666667
0.626184 0.309673666667
0.400245666667 0.1233644
0.401653666667 0.0921582666667
0.484856 0.128755666667
0.431144666667 0.155391333333
0.462711 0.154175666667
0.530772666667 0.252694
0.485007333333 0.190475
0.496189333333 0.265503
0.773020333333 0.447984
0.799308333333 0.434141333333
0.732170666667 0.563632
0.963811333333 0.557477
0.0155394 0.211503
0.371011666667 0.134168066667
0.338699666667 0.107964233333
0.316565 0.133089833333
0.266863333333 0.1036105
0.281002 0.131340833333
0.452381 0.312597
0.134742866667 0.851498666667
0.1047548 0.829915666667
0.108800933333 0.795662666667
0.142430333333 0.790159333333
0.137269 0.729013333333
0.149737333333 0.761672
0.168368 0.713190666667
0.180836333333 0.745849333333
0.479491 0.943419666667
0.446735666667 0.955659333333
0.526863666667 0.861556666667
0.526871333333 0.904475333333
0.491066 0.911756
0.464167 0.8835
0.468611333333 0.847962333333
0.495502666667 0.833299666667
0.548910333333 0.940830666667
0.517863 0.965280333333
0.543328 0.985389333333
0.485107666667 0.97752
0.751060666667 0.895842
0.736249666667 0.950221
0.762299333333 0.932590333333
0.400145 0.843053666667
0.439882333333 0.829683
0.213953666667 0.0626465
0.0308034333333 0.1037909
0.0601557333333 0.0505226
0.0363761333333 0.0702652
0.413305 0.543332666667
0.424277666667 0.575114666667
0.447334333333 0.525822666667
0.484749333333 0.545809
0.470914 0.572901333333
0.250758666667 0.636015
0.217860666667 0.622204
0.189751333333 0.685694666667
0.168362666667 0.657186666667
0.184358666667 0.628067666667
0.375741333333 0.974742333333
0.346093 0.950342
0.593734333333 0.820124333333
0.557566666667 0.823517333333
0.461968 0.699637666667
0.499124 0.659821333333
0.495621333333 0.692538666667
0.730790666667 0.159302
0.709962666667 0.243843333333
0.745225 0.223671333333
0.7521 0.193284333333
0.542296666667 0.0835719666667
0.557692666667 0.112607733333
0.569206666667 0.0599921666667
0.605502666667 0.0691660333333
0.598898666667 0.1028015
0.661668 0.41832
0.595786333333 0.445253666667
0.668344666667 0.451895666667
0.623438666667 0.399816
0.592714 0.412348666667
0.646066 0.478059666667
0.616157 0.472944333333
0.650440666667 0.594111666667
0.62172 0.570127666667
0.727344 0.842019666667
0.721664333333 0.875424
0.647895666667 0.847891333333
0.915646333333 0.859674333333
0.894999666667 0.875539666667
0.917631 0.824975666667
0.904032333333 0.795219333333
0.488775333333 0.378684
0.50738 0.416433333333
0.485366666667 0.441774666667
0.509094 0.0805000666667
0.477617666667 0.100922833333
0.440899666667 0.0881143666667
0.542307 0.165774333333
0.517731 0.193460666667
0.541454666667 0.221022666667
0.470124 0.247897333333
0.465398333333 0.215764333333
0.441782333333 0.276333
0.411995333333 0.266770666667
0.431542333333 0.19642
0.834265333333 0.484121
0.856273666667 0.432181
0.831868333333 0.450728333333
0.803480666667 0.498462666667
0.788245 0.528452
0.774795666667 0.478912666667
0.741479 0.502032333333
0.748667333333 0.535245
0.805400666667 0.550695
0.0355625666667 0.259346333333
0.0709028666667 0.472980333333
0.0703391333333 0.437291666667
0.03661798 0.503914
0.00775418 0.417655333333
0.0227193133333 0.474069333333
0.0404816666667 0.424005666667
0.261537666667 0.167017
0.267663666667 0.220393666667
0.285116 0.193789333333
0.227259 0.215411333333
0.228526666667 0.180785666667
0.334931 0.170264333333
0.322946333333 0.195287666667
0.371983666667 0.170143333333
0.350918666667 0.224759666667
0.401615333333 0.200368333333
0.392535 0.229961333333
0.346551666667 0.572436666667
0.228937 0.58909
0.271549333333 0.586495666667
0.304206666667 0.566986666667
0.855982333333 0.927131
0.826949 0.953835666667
0.798013 0.936104
0.60622 0.967990333333
0.598523333333 0.903936
0.579047 0.935671333333
0.694551666667 0.934811666667
0.631732333333 0.915862666667
0.659381 0.887123333333
0.691205 0.896763
0.667857666667 0.960085
0.636862333333 0.950775666667
0.404311666667 0.727259333333
0.428918 0.793867
0.439549666667 0.729714333333
0.451499666667 0.761327333333
0.158506 0.196477
0.111341066667 0.259231666667
0.183821333333 0.0403094666667
0.254543666667 0.0110046333333
0.353388333333 0.0150249666667
0.221145666667 0.0271639333333
0.277801 0.0261274666667
0.179282666667 0.162735
0.210401 0.158145666667
0.229273333333 0.116646666667
0.208600666667 0.0943904
0.0883758 0.0624173666667
0.119932 0.0309636666667
0.152760333333 0.0507754333333
0.209378 0.747762333333
0.227235666667 0.776499
0.217712333333 0.804954666667
0.208118 0.860085
0.174193 0.841495333333
0.177834333333 0.814409
0.323209333333 0.877317666667
0.2498 0.860354666667
0.255753 0.832310666667
0.296612333333 0.903546333333
0.266578333333 0.892553
0.377140333333 0.819962
0.395939 0.789782666667
0.359071333333 0.888587666667
0.366543 0.921905
0.394576 0.872492333333
0.429869 0.894659333333
0.424012666667 0.935155
0.396191333333 0.946305333333
0.626549 0.711995
0.645746 0.633898333333
0.675973333333 0.645777333333
0.611256333333 0.739992666667
0.625312 0.773451333333
0.597024 0.790952333333
0.510996333333 0.724591333333
0.533547333333 0.795201
0.544284 0.721860333333
0.500468666667 0.797424
0.489293 0.763303333333
0.566744333333 0.744884
0.560794 0.775168
0.687653 0.221798666667
0.552513 0.576646666667
0.584284 0.591840666667
0.521966 0.603318
0.524359333333 0.644947
0.749278666667 0.782496333333
0.766839666667 0.754894666667
0.810517 0.748732333333
0.856941 0.858814
0.780586666667 0.874020333333
0.837694 0.889097666667
0.806499 0.893992
0.767388 0.842136
0.781801 0.815155333333
0.419686666667 0.0415715666667
0.451908333333 0.0584711
0.457280333333 0.0183730666667
0.50821 0.0269433333333
0.493536333333 0.0522994666667
0.875813333333 0.497965666667
0.949949333333 0.525183333333
0.965774666667 0.486724666667
0.75742 0.602877
0.791072333333 0.596733
0.739322333333 0.632158666667
0.942808333333 0.627986666667
0.939620333333 0.595669666667
0.842177333333 0.552406
0.879972 0.532166666667
0.912915666667 0.547042
0.905751333333 0.581231666667
0.0882414666667 0.413321
0.121709 0.418032
0.0416962666667 0.293163333333
0.0214784 0.342174666667
0.0374433333333 0.380339
0.0676808 0.368774
0.131952666667 0.484544666667
0.142675666667 0.450304333333
0.147981 0.384688
0.339550333333 0.249772
0.258316333333 0.522012666667
0.294019 0.535504333333
0.171484333333 0.231131666667
0.207658 0.237282666667
0.162786 0.282798
0.149343333333 0.255546666667
0.0406498666667 0.17159
0.0542043666667 0.134135333333
0.121452666667 0.182706
0.0996198 0.0954980666667
0.116637 0.145244
0.0881128 0.130062333333
0.138589666667 0.0838341333333
0.153852 0.131957666667
0.164297666667 0.105112066667
0.293781 0.674612
0.257585333333 0.665234333333
0.230054 0.686953333333
0.237212333333 0.716362333333
0.31593 0.842968
0.286107333333 0.825662666667
0.341222333333 0.817951333333
0.604957666667 0.681759333333
0.617009666667 0.649119333333
0.584268333333 0.631045666667
0.567204666667 0.686733333333
0.554890666667 0.657480666667
0.604879333333 0.245564
0.5804 0.219877666667
0.640378666667 0.255247333333
0.655027 0.228611666667
0.675567666667 0.1060731
0.701663 0.145663333333
0.684753 0.172846666667
0.683525333333 0.764886333333
0.654378333333 0.785016
0.667721666667 0.818104666667
0.705544666667 0.819051333333
0.713066333333 0.786508666667
0.752282 0.726401
0.749464333333 0.66784
0.776624666667 0.695404666667
0.846891333333 0.829252333333
0.816145 0.812583666667
0.874486666667 0.799038
0.860207 0.765165
0.8273 0.773762333333
0.451003666667 0.420606
0.456792 0.383686333333
0.943845333333 0.471016666667
0.907504666667 0.414127333333
0.889055 0.443380666667
0.906197666667 0.475772666667
0.957493666667 0.427691
0.938295666667 0.403193666667
0.814115 0.617913333333
0.843723333333 0.587249
0.874353666667 0.601199333333
0.104810733333 0.293694333333
0.0767147333333 0.308168666667
0.0867343333333 0.345615
0.136954333333 0.306491333333
0.155691 0.332168666667
0.133567 0.356818
0.146927333333 0.542124333333
0.159787 0.510954
0.195986333333 0.507959
0.168692 0.570971666667
0.211304666667 0.565672333333
0.225739333333 0.53383
0.176782333333 0.432750666667
0.181707666667 0.391985333333
0.379704333333 0.295587666667
0.348875666667 0.283790666667
0.198663666667 0.339542333333
0.243469 0.383488333333
0.210266333333 0.371489
0.0588138 0.23688
0.0610764 0.20197
0.0945695 0.238492333333
0.0968321 0.203582333333
0.274795 0.763003
0.295626 0.784810666667
0.304914666667 0.709082666667
0.275877333333 0.729114
0.332207 0.784661
0.343895666667 0.714675333333
0.367509 0.738952666667
0.364026666667 0.767099333333
0.584802666667 0.164949333333
0.599172 0.191490666667
0.638299666667 0.190541333333
0.653387666667 0.159419666667
0.61543 0.126737433333
0.644887333333 0.1221571
0.720211333333 0.681785
0.721134666667 0.715875
0.684783 0.674728666667
0.664841333333 0.708272666667
0.687616666667 0.732780666667
0.418652 0.474609
0.422523666667 0.437658666667
0.390439333333 0.416431
0.428204 0.336176
0.429487333333 0.365314333333
0.391614666667 0.381006333333
0.385314333333 0.328729
0.364483333333 0.356978666667
0.818783333333 0.652428
0.824138 0.712928
0.804803333333 0.688094
0.316073 0.296235
0.277557 0.252958666667
0.306747666667 0.262216333333
0.235838666667 0.265430333333
0.213107666667 0.286530666667
0.230248666667 0.317597666667
0.241357666667 0.417721666667
0.267949 0.431346333333
0.211544333333 0.480867666667
0.203229666667 0.446487666667
0.250609 0.488038333333
0.268885666667 0.467283
0.362405333333 0.432234
0.326785666667 0.410056333333
0.303060333333 0.427423666667
0.303997 0.463360333333
0.878687333333 0.638695333333
0.852725333333 0.659259666667
0.913273 0.651044666667
0.856185666667 0.695288666667
0.925113 0.684341
0.910428 0.716627666667
0.875471666667 0.722495666667
0.304351333333 0.319043666667
0.310986 0.376126666667
0.330917666667 0.353036
0.272066333333 0.362507666667
0.270448666667 0.328563666667
0.325930333333 0.515662333333
0.32631 0.480739666667
0.360993 0.466980666667
0.385155333333 0.488128
0.383505666667 0.526037333333
0.358963666667 0.539812666667
