0.977560333333 0.798010666667
0.970545333333 0.705121333333
0.198867026667 0.00283823033333
0.00676967666667 0.272041522333
0.00716726 0.385587666667
0.0458490433333 0.367055666667
0.0859087666667 0.390158666667
0.0957004333333 0.515106333333
0.924432 0.0449959666667
0.983339 0.387214333333
0.01252498 0.0746321556667
0.01281413 0.245965666667
0.962484 0.918614
0.950627333333 0.961383666667
0.471736666667 0.982625
0.344649 0.988123666667
0.00820050666667 0.508733666667
0.114085 0.441877333333
0.0873558333333 0.418719333333
0.0916640666667 0.477243666667
0.0663298666667 0.554463666667
0.0180389966667 0.593039
0.0371240333333 0.538772333333
0.967030666667 0.628329333333
0.933129666667 0.705100333333
0.935994666667 0.669941
0.921785 0.643933666667
0.842567333333 0.878205333333
0.619757 0.421687
0.758135666667 0.340968666667
0.976288666667 0.480824666667
0.965662 0.590567333333
0.937451 0.609304
0.874688 0.401437
0.939790333333 0.203150666667
0.969983666667 0.1343607
0.951381666667 0.172363333333
0.949205 0.0865194666667
0.0680058266667 0.015659469
0.0241544933333 0.041932789
0.534903 0.152609333333
0.557388666667 0.00971760466667
0.923244333333 0.95851
0.905133333333 0.929861
0.857752333333 0.97449
0.834968666667 0.907580333333
0.804040333333 0.911728333333
0.866044 0.937078666667
0.788916666667 0.943050333333
0.825123666667 0.955348
0.69552 0.691015666667
0.645018 0.715140333333
0.661344666667 0.686579333333
0.451593 0.247903
0.1149536 0.374079666667
0.0562903333333 0.435538333333
0.0305259433333 0.402617
0.0186409766667 0.435919666667
0.0362797666667 0.494389
0.0614492333333 0.472217666667
0.225485333333 0.988708333333
0.171654333333 0.981134
0.152943 0.386894
0.167972666667 0.358815666667
0.821259666667 0.848436333333
0.879700333333 0.877421333333
0.941158666667 0.885458
0.911191 0.899578666667
0.473255333333 0.363976
0.493226333333 0.339960666667
0.516766333333 0.278826333333
0.472005333333 0.310800333333
0.480724 0.281652333333
0.542566666667 0.316219666667
0.527745333333 0.348206
0.578334666667 0.423003666667
0.562818333333 0.393306
0.534260666667 0.384294333333
0.500670333333 0.393117666667
0.735955 0.314376
0.624914 0.389962333333
0.590595666667 0.370382666667
0.644328333333 0.652195666667
0.700712333333 0.651000666667
0.673164333333 0.630304
0.706239666667 0.567242666667
0.759331666667 0.474298
0.741467666667 0.500917
0.746662 0.442314333333
0.748846333333 0.372058333333
0.705963 0.430213333333
0.710332 0.493555666667
0.663856 0.522629666667
0.697043 0.526235333333
0.687497 0.454835666667
0.637353333333 0.485574333333
0.647705333333 0.45046
0.819473666667 0.382707333333
0.816290666667 0.435052
0.839724 0.410704
0.775325333333 0.425134666667
0.779086666667 0.392406
0.949355666667 0.380633666667
0.830773333333 0.356143333333
0.799675666667 0.334752333333
0.914030666667 0.582451333333
0.930712333333 0.498963
0.905280333333 0.524364
0.922081333333 0.553828333333
0.962883333333 0.521445333333
0.958696666667 0.553279666667
0.894305 0.453752666667
0.900093333333 0.41831
0.929410666667 0.467503333333
0.939627333333 0.406406
0.954826666667 0.439478666667
0.866332333333 0.473779333333
0.876006 0.512931
0.851379333333 0.529773
0.828202666667 0.462390666667
0.799907 0.484457
0.81341 0.512687666667
0.923947 0.283787
0.886248666667 0.275695333333
0.860493 0.307890666667
0.936504666667 0.324086
0.922761 0.350545333333
0.887627333333 0.359444666667
0.863963 0.342147666667
0.949206333333 0.262984
0.957712333333 0.228905666667
0.975248666667 0.285816
0.961764 0.303283
0.967648 0.337160333333
0.205177 0.0225039133333
0.283153 0.012843908
0.335853 0.0237356946667
0.287118 0.0530231
0.0495021333333 0.0655532
0.0933534666667 0.03927988
0.243069 0.1094108
0.220324666667 0.0525236
0.249565666667 0.072151
0.755854333333 0.932968666667
0.770978 0.901646666667
0.783253333333 0.983254333333
0.566971 0.992517
0.453673 0.988542666667
0.664916333333 0.750191
0.704987666667 0.765508
0.466986666667 0.100667
0.441237666667 0.0820491333333
0.503693666667 0.0871818333333
0.509544 0.0550946333333
0.477840333333 0.0294351946667
0.446241 0.042904528
0.464631333333 0.139709333333
0.499566333333 0.156867
0.460572 0.213354333333
0.394632 0.232694666667
0.424744333333 0.250510666667
0.405087 0.282723
0.378296333333 0.0231373946667
0.416294 0.0314400946667
0.395641666667 0.203541
0.397583666667 0.138048666667
0.431458666667 0.155112333333
0.434733 0.186808333333
0.106142933333 0.339294666667
0.136915 0.329958666667
0.138406666667 0.299922
0.201803666667 0.298038
0.167315 0.284775
0.158901 0.248239333333
0.135674 0.967489
0.184780333333 0.512950666667
0.1239887 0.520961
0.149898666667 0.500279666667
0.218505333333 0.332587333333
0.203307 0.360825
0.261919666667 0.330978
0.536147666667 0.973759333333
0.510432333333 0.946382333333
0.787226 0.789875
0.942185 0.850422666667
0.956495333333 0.790689333333
0.950115666667 0.749056666667
0.561594666667 0.242270666667
0.522696 0.249389333333
0.54568 0.187322666667
0.569868 0.206290333333
0.510343333333 0.191580333333
0.495632666667 0.217666666667
0.650751 0.379474333333
0.688141333333 0.398532666667
0.707554 0.375499
0.614260333333 0.257466333333
0.584537333333 0.264195333333
0.571439 0.308707333333
0.594199333333 0.334797666667
0.649545 0.551942333333
0.674373 0.579909333333
0.658939666667 0.601448666667
0.699218666667 0.0328875433333
0.749121333333 0.0213657733333
0.612226 0.0219382766667
0.655970666667 0.02712581
0.550155 0.0464157
0.925367666667 0.146533666667
0.926468333333 0.1073831
0.274506 0.1233628
0.316432 0.0699759
0.349446333333 0.0501236666667
0.337047666667 0.116646666667
0.310316666667 0.1030558
0.387444 0.0584263666667
0.398161333333 0.0881358
0.379351666667 0.109192333333
0.125452 0.04578438
0.119056 0.0797424
0.164578333333 0.03179618
0.179726 0.0618158666667
0.157414 0.0887411333333
0.756081 0.87523
0.782353333333 0.846035666667
0.765736 0.818922333333
0.71281 0.880111666667
0.629316666667 0.967206666667
0.694261666667 0.910819333333
0.660282666667 0.91759
0.66013 0.950971
0.722409 0.937259666667
0.700768666667 0.963044333333
0.648476 0.778809666667
0.612549 0.776007333333
0.333344333333 0.301268
0.322396666667 0.246025333333
0.359431333333 0.252896666667
0.365265333333 0.279275
0.290183333333 0.300726333333
0.02628841 0.302551666667
0.04640511 0.333798333333
0.0776541666667 0.322116333333
0.259416666667 0.161474666667
0.275415 0.192306333333
0.0654674666667 0.963417333333
0.1000849 0.962869333333
0.284333 0.979435666667
0.206737 0.954863333333
0.240457333333 0.955906
0.258305 0.926963333333
0.0184865433333 0.715075666667
0.0137996466667 0.850352
0.02934383 0.639663666667
0.0311908966667 0.679556666667
0.213227 0.401177333333
0.203862666667 0.484003666667
0.176427666667 0.41656
0.15333 0.444333
0.168981 0.471332666667
0.469415 0.698953666667
0.518257666667 0.777214666667
0.522865 0.748101
0.481249 0.731387333333
0.550633333333 0.702488
0.554892 0.735406
0.592093 0.744463
0.608121666667 0.712214666667
0.584608 0.687715
0.408738666667 0.974498333333
0.373826666667 0.804299
0.844436 0.680774
0.768487666667 0.760927333333
0.730755 0.751053666667
0.721632666667 0.716343
0.79128 0.732896333333
0.837745 0.819228
0.820328666667 0.78778
0.438583666667 0.630817
0.403962666667 0.588746333333
0.436627666667 0.595186333333
0.348618333333 0.583496
0.307855 0.593855333333
0.303705666667 0.62141
0.346082 0.631322333333
0.371463666667 0.607864666667
0.474840666667 0.633463333333
0.486565333333 0.674066666667
0.523391666667 0.677938
0.470355 0.560035333333
0.277421666667 0.356297333333
0.435798333333 0.358798666667
0.431259333333 0.324684
0.403370666667 0.316200333333
0.40678 0.551758666667
0.366253 0.555563
0.492466 0.442342666667
0.481227333333 0.415131
0.654383666667 0.338986666667
0.632150333333 0.313889666667
0.639113 0.281070333333
0.706553 0.307526333333
0.687441333333 0.337559666667
0.619549333333 0.596562
0.587306333333 0.645739
0.614221 0.630148333333
0.61693 0.562963666667
0.736727666667 0.566971
0.757486333333 0.591601
0.797212333333 0.568851333333
0.758666666667 0.533325
0.790033666667 0.534936666667
0.856182666667 0.575133666667
0.825392 0.591963
0.884769333333 0.599510666667
0.822704333333 0.630464666667
0.859074333333 0.654698333333
0.890348666667 0.640573666667
0.729761666667 0.650438
0.75354 0.624378666667
0.790578333333 0.640130666667
0.798714666667 0.672869666667
0.746591333333 0.692926
0.778506 0.699605666667
0.835693 0.0254421966667
0.643434 0.0874083333333
0.706271666667 0.0871064666667
0.683252 0.0656384666667
0.700742333333 0.121661333333
0.611169333333 0.0544019666667
0.614599333333 0.0819335666667
0.570723333333 0.0665214666667
0.589657333333 0.1240779
0.553944666667 0.124765233333
0.538440666667 0.0947404
0.896996666667 0.166022666667
0.902852333333 0.202897666667
0.878527333333 0.237575
0.847437666667 0.235978333333
0.80134 0.202002
0.838483 0.202627333333
0.846430333333 0.136550666667
0.863717 0.167349
0.790861333333 0.232791666667
0.757771333333 0.288344333333
0.818738 0.259656666667
0.796444333333 0.306314666667
0.824072 0.293448666667
0.729261 0.194040666667
0.742767666667 0.257948333333
0.753273666667 0.231799666667
0.676209333333 0.259320333333
0.705171333333 0.266526
0.750843333333 0.165909666667
0.785334666667 0.172879
0.805191 0.142706
0.737887333333 0.134925
0.332961666667 0.145905666667
0.364434666667 0.188945666667
0.369651 0.155149333333
0.326390333333 0.211228
0.306303333333 0.181152333333
0.667888666667 0.809903666667
0.703983 0.802308666667
0.723971 0.824302333333
0.697317333333 0.856297333333
0.664634333333 0.845995
0.634405 0.893740333333
0.637455666667 0.854973333333
0.130200333333 0.188702
0.161315666667 0.122409
0.101217866667 0.106293933333
0.1234592 0.135639333333
0.108976533333 0.162516333333
0.0383741533333 0.120481633333
0.0637625333333 0.0986092333333
0.125416266667 0.242282333333
0.1096816 0.216496333333
0.109989933333 0.272111333333
0.0529610666667 0.269765666667
0.0800095 0.284969666667
0.258016 0.230790333333
0.224783333333 0.239410333333
0.224060333333 0.274522333333
0.269025666667 0.27882
0.284910666667 0.254433666667
0.179631333333 0.216869666667
0.211184 0.212206
0.166665333333 0.183118333333
0.228418333333 0.172754333333
0.213498333333 0.138002
0.183298 0.143702333333
0.0256184666667 0.899388333333
0.0449406333333 0.932084333333
0.146059 0.934661666667
0.17427 0.924308666667
0.1104699 0.930042
0.0830714 0.914626666667
0.244129 0.895396
0.341619333333 0.663652333333
0.282772333333 0.575516
0.275263333333 0.639677333333
0.282018666667 0.696178
0.298359666667 0.672865
0.1263767 0.559390666667
0.26362 0.523157
0.292964666667 0.539931333333
0.426204333333 0.763951666667
0.456663666667 0.755779666667
0.475726333333 0.784131666667
0.407547333333 0.802152333333
0.474587666667 0.819746666667
0.480004666667 0.901931666667
0.482019666667 0.939770333333
0.444737 0.959020666667
0.371069 0.954650666667
0.407067333333 0.939173
0.870679333333 0.805757333333
0.891327 0.834181666667
0.923844 0.821303666667
0.936095666667 0.779387
0.831408333333 0.735328666667
0.841718666667 0.761264666667
0.864355666667 0.709942333333
0.877680666667 0.769341
0.907565333333 0.722386
0.91058 0.755848666667
0.455628666667 0.462869666667
0.421244666667 0.520899666667
0.468914333333 0.494390333333
0.452154666667 0.522736333333
0.315678666667 0.364150333333
0.343337666667 0.339372666667
0.373542333333 0.350857
0.506929333333 0.620646666667
0.532341333333 0.645807333333
0.562281333333 0.628381333333
0.504771 0.501568333333
0.520732666667 0.465061666667
0.864542333333 0.102143
0.837915333333 0.0787371333333
0.897988333333 0.0853531
0.890662333333 0.0499172666667
0.8588 0.0485229666667
0.641232333333 0.126442
0.675521 0.139227
0.606484333333 0.183711
0.610632 0.148193333333
0.757018 0.112285933333
0.789830333333 0.1130976
0.740150333333 0.0830717333333
0.804442666667 0.0835364
0.767033333333 0.0500819633333
0.798513333333 0.0497349633333
0.541720333333 0.931364333333
0.604645666667 0.908926666667
0.567435666667 0.958741333333
0.59971 0.949012
0.504902 0.840178
0.508293333333 0.872902
0.541596333333 0.895722666667
0.572247333333 0.883014333333
0.0444055866667 0.150614
0.0721256333333 0.168555666667
0.02315462 0.191424666667
0.0502656 0.226692
0.0733467 0.203466333333
0.0159473466667 0.801247666667
0.0404867466667 0.741340333333
0.03474418 0.770273666667
0.270643 0.873132666667
0.293963333333 0.805744333333
0.172537666667 0.884990333333
0.206824333333 0.876977666667
0.369435 0.77008
0.404071 0.744302666667
0.0602209666667 0.684071333333
0.0688751666667 0.721354666667
0.244781666667 0.413897666667
0.272779333333 0.392777333333
0.308062333333 0.456888666667
0.329081666667 0.419197
0.311036333333 0.400630333333
0.345201 0.946617
0.314630666667 0.962690666667
0.296372 0.934216333333
0.452254 0.893927
0.416599333333 0.911918
0.396832 0.877027
0.450228333333 0.844466
0.420345 0.834693666667
0.394571666667 0.499246333333
0.331490333333 0.475929
0.358874666667 0.526008333333
0.323873333333 0.517499
0.425709666667 0.445218666667
0.366023333333 0.413893666667
0.368196666667 0.447256
0.396276666667 0.462064
0.383679333333 0.38597
0.418046666667 0.385428
0.436060666667 0.412618666667
0.560516666667 0.589212333333
0.525029 0.530247333333
0.507372666667 0.560368333333
0.525371666667 0.590160333333
0.589549666667 0.556711333333
0.698137666667 0.197786333333
0.674715 0.175032333333
0.674239 0.230184666667
0.634988 0.230127
0.636278666667 0.197765
0.549483666667 0.798796
0.537266666667 0.826144333333
0.571309 0.84616
0.595269 0.801651333333
0.606758 0.833305333333
0.29747 0.772731333333
0.338786333333 0.759313333333
0.335035666667 0.729278
0.295642 0.724262
0.269663666667 0.745919666667
0.255750666667 0.846278
0.260560333333 0.813207333333
0.217549 0.845178333333
0.367198 0.868110333333
0.356990333333 0.827923666667
0.323397666667 0.832499333333
0.304887 0.866817
0.31644 0.896333333333
0.345158333333 0.902202333333
0.143518666667 0.861611
0.229548333333 0.744429666667
0.431505333333 0.688770333333
0.407925666667 0.712827666667
0.412398666667 0.661237
0.373481 0.677054666667
0.369539 0.708569666667
0.0764299666667 0.654869
0.0586846333333 0.621923666667
0.134535166667 0.612198666667
0.0765856333333 0.590990333333
0.1083442 0.590062666667
0.24175 0.644987333333
0.214720666667 0.629932666667
0.240790666667 0.681398666667
0.214298666667 0.707992666667
0.245111666667 0.579633
0.214722666667 0.601185
0.235298 0.548402333333
0.194844333333 0.541358333333
0.162350666667 0.567117
0.172415333333 0.595713
0.249051 0.447735
0.278138333333 0.465623
0.229280333333 0.475458666667
0.258367666667 0.493346666667
0.589292 0.524689333333
0.557241 0.518596666667
0.606902 0.489673
0.575831666667 0.455875333333
0.552230666667 0.474779
0.0561342 0.797410333333
0.0373373666667 0.828384333333
0.0424086 0.861525333333
0.0825775333333 0.876329
0.109168033333 0.858012
0.0970343333333 0.726960333333
0.203697333333 0.819320333333
0.229783666667 0.795043333333
0.208964333333 0.770076333333
0.108731233333 0.760455666667
0.0894719333333 0.795024666667
0.1065227 0.823979666667
0.140873333333 0.827578666667
0.165629666667 0.810530666667
0.144706333333 0.756023666667
0.167222666667 0.777127333333
0.178123333333 0.696459333333
0.152195333333 0.719005333333
0.1232501 0.701687333333
0.177586 0.654810666667
0.111299933333 0.666879333333
0.139707833333 0.642548666667
