0.104 0.00117164
0.136 0.00109719
0.2 0.0012225
0.216 0.000969705
0.28 0.00638833
0.296 0.00779095
0.312 0.0139337
0.36 0.025824
0.392 0.0492747
0.408 0.023198
0.424 0.0128065
0.44 0.00887533
0.504 0.0490501
0.536 0.0669879
0.568 0.0609405
0.584 0.0752153
0.6 0.0461467
0.616 0.0587863
0.632 0.0845789
0.648 0.130413
0.664 0.101178
0.696 0.408853
0.712 0.117449
0.728 0.0974258
0.76 0.354933
0.776 0.444492
0.792 1.07381
0.808 0.381081
0.824 0.909348
0.856 0.909147
0.888 1.84978
0.904 1.27455
0.92 1.66083
0.936 0.434617
0.952 0.896286
0.984 1.63303
1 1.70645
1.016 0.98501
1.032 0.992983
1.048 0.627939
1.064 2.50298
1.08 1.04205
1.096 1.37903
1.112 2.38233
1.128 2.40374
1.144 1.07133
1.16 1.73426
1.176 3.18359
1.208 2.78451
1.224 1.44297
1.24 2.13935
1.256 0.894948
1.272 0.567702
1.288 1.63137
1.304 0.978513
1.32 0.581028
1.336 0.621305
1.352 1.80061
1.368 0.786887
1.384 1.63789
1.4 0.758287
1.416 1.08683
1.432 0.669638
1.448 0.503664
1.464 0.251884
1.48 0.501641
1.496 0.727033
1.512 0.953886
1.528 0.497361
1.56 0.594113
1.576 0.523832
1.608 0.32831
1.624 0.559787
1.64 0.402279
1.656 0.950174
1.672 0.487088
1.704 0.80666
1.72 1.28822
1.752 0.816253
1.768 0.70774
1.784 0.650713
1.8 0.751039
1.816 0.784135
1.832 0.448013
1.848 1.37233
1.864 0.479693
1.88 1.4119
1.896 0.540639
1.912 1.40586
1.928 1.22001
1.944 0.687798
1.96 0.619318
1.976 1.28231
1.992 0.893158
2.008 0.559637
2.024 1.47828
2.04 1.03205
2.056 1.25329
2.088 1.39924
2.104 1.44257
2.12 0.504442
2.136 1.73111
2.152 1.80881
2.168 0.79569
2.184 1.40311
2.2 1.21653
2.216 1.7668
2.232 1.3643
2.248 1.17507
2.264 1.85612
2.28 0.900902
2.296 1.00916
2.312 1.24179
2.328 1.23615
2.344 0.861676
2.36 0.621312
2.376 0.882526
2.392 1.02471
2.408 0.779706
2.424 1.1576
2.44 0.717313
2.456 0.485486
2.472 0.800822
2.488 0.932471
2.504 0.826792
2.52 0.925902
2.536 0.632012
2.552 0.950092
2.568 0.673937
2.584 0.966141
2.6 0.77858
2.616 1.20248
2.632 0.631885
2.648 0.898185
2.664 0.582559
2.68 1.43296
2.696 0.936009
2.712 0.71695
2.728 0.891594
2.744 1.41178
2.76 1.27665
2.776 0.982901
2.792 0.788391
2.808 0.843203
2.824 0.898596
2.84 0.836366
2.856 1.09025
2.872 0.902308
2.888 0.601231
2.904 0.779444
2.92 1.06764
2.936 0.696877
2.952 1.13656
2.968 1.34974
2.984 0.788183
3 1.03917
3.016 1.29456
3.032 1.00902
3.048 1.16723
3.064 0.897231
3.08 1.28637
3.096 1.16787
3.112 1.46606
3.128 1.31871
3.144 1.17593
3.16 1.0814
3.176 1.12832
3.192 0.663824
3.208 1.46613
3.224 1.24785
3.24 0.78007
3.256 0.798989
3.272 0.989033
3.288 0.821508
3.304 1.05018
3.32 0.937844
3.336 0.902034
3.352 1.14133
3.368 1.066
3.384 1.22021
3.4 0.960256
3.416 0.596016
3.432 1.30759
3.448 0.686751
3.464 1.19074
3.48 0.729919
3.496 0.818929
3.512 0.455422
3.528 1.12743
3.544 0.903307
3.56 0.676601
3.576 0.688264
3.592 1.14931
3.608 1.28056
3.624 0.817589
3.64 0.658672
3.656 0.804146
3.672 0.979637
3.688 1.40306
3.704 0.838517
3.72 0.822166
3.736 0.719776
3.752 0.90455
3.768 1.01843
3.784 1.017
3.8 1.19242
3.816 0.875003
3.832 0.90396
3.848 1.03187
3.864 1.54832
3.88 0.73718
3.896 1.07114
3.912 0.723873
3.928 0.924884
3.944 0.858614
3.96 0.816399
3.976 0.967779
3.992 0.994073
4.008 1.13059
4.024 1.14904
4.04 0.790246
4.056 1.04215
4.072 1.39263
4.088 1.72917
4.104 1.41409
4.12 1.01539
4.136 1.09401
4.152 1.32353
4.168 0.985097
4.184 1.08166
4.2 0.953623
4.216 1.1943
4.232 0.704137
4.248 1.08766
4.264 0.620772
4.28 0.893231
4.296 1.24455
4.312 1.05273
4.328 0.749363
4.344 0.905798
4.36 1.21829
4.376 0.946109
4.392 0.846957
4.408 0.794147
4.424 0.835391
4.44 0.97032
4.456 1.09126
4.472 1.31542
4.488 1.09299
4.504 1.18849
4.52 0.644643
4.536 0.956381
4.552 1.00394
4.568 0.746607
4.584 0.859748
4.6 0.727119
4.616 0.752641
4.632 0.698948
4.648 0.731996
4.664 0.677497
4.68 0.68175
4.696 1.13191
4.712 0.823398
4.728 0.65093
4.744 1.10509
4.76 0.709305
4.776 0.95351
4.792 1.20922
4.808 1.09038
4.824 1.29138
4.84 1.05222
4.856 1.66864
4.872 1.16394
4.888 1.19237
4.904 0.702608
4.92 0.953811
4.936 1.22795
4.952 1.57396
4.968 1.01931
4.984 1.08195
5 0.990957
5.016 1.31487
5.032 1.0125
5.048 1.03893
5.064 1.17385
5.08 0.998208
5.096 1.13795
5.112 0.87709
5.128 1.21472
5.144 1.07736
5.16 1.1603
5.176 0.399603
5.192 0.99605
5.208 0.906735
5.224 0.797548
5.24 1.04329
5.256 1.27246
5.272 0.564153
5.288 1.09934
5.304 1.19152
5.32 0.96205
5.336 0.946913
5.352 0.738934
5.368 0.93422
5.384 1.01305
5.4 0.465111
5.416 0.888337
5.432 1.08668
5.448 0.69445
5.464 0.776109
5.48 1.50543
5.496 1.07318
5.512 1.05892
5.528 0.826906
5.544 1.17786
5.56 0.99039
5.576 0.948911
5.592 0.729436
5.608 1.11565
5.624 1.04986
5.64 1.15074
5.656 1.03683
5.672 0.844467
5.688 0.866485
5.704 1.23252
5.72 0.880851
5.736 0.696737
5.752 0.966024
5.768 0.998233
5.784 1.18466
5.8 1.11256
5.816 0.987294
5.832 0.62937
5.848 0.843919
5.864 0.972102
5.88 0.938343
5.896 0.956018
5.912 1.03153
5.928 1.22338
5.944 0.958263
5.96 1.09327
5.976 1.00439
5.992 1.04254
6.008 0.895259
6.024 0.820774
6.04 1.27628
6.056 1.41654
6.072 1.09978
6.088 1.47531
6.104 0.880264
6.12 0.978506
6.136 1.36095
6.152 0.832626
6.168 1.08447
6.184 0.813491
6.2 1.36088
6.216 0.77888
6.232 0.66115
6.248 1.0453
6.264 1.13284
6.28 1.34099
6.296 1.15035
6.312 1.18183
6.328 0.850358
6.344 0.798923
6.36 0.828943
6.376 0.846777
6.392 1.16507
6.408 0.787187
6.424 0.853533
6.44 0.767217
6.456 0.93265
6.472 1.11234
6.488 0.991424
6.504 0.970459
6.52 1.05861
6.536 1.29418
6.552 0.87609
6.568 0.840017
6.584 1.20261
6.6 0.786595
6.616 0.989078
6.632 0.876366
6.648 0.971178
6.664 0.789875
6.68 0.925142
6.696 1.04807
6.712 0.880769
6.728 0.849309
6.744 0.839467
6.76 1.31071
6.776 0.921351
6.792 1.22229
6.808 1.3251
6.824 0.640928
6.84 0.774184
6.856 1.43136
6.872 1.03964
6.888 0.86532
6.904 1.05824
6.92 1.11315
6.936 1.03517
6.952 0.629872
6.968 1.01926
6.984 1.06293
7 0.998186
7.016 1.34468
7.032 0.957825
7.048 1.09624
7.064 0.977283
7.08 1.01169
7.096 0.728432
7.112 0.946933
7.128 1.02964
7.144 1.10106
7.16 1.20162
7.176 1.06392
7.192 1.44985
7.208 0.992951
7.224 1.00713
7.24 0.964735
7.256 0.963726
7.272 1.03562
7.288 1.03923
7.304 0.909234
7.32 0.959666
7.336 0.937546
7.352 1.70502
7.368 0.820084
7.384 0.778116
7.4 0.785514
7.416 0.646209
7.432 1.34904
7.448 0.868308
7.464 0.70686
7.48 1.00462
7.496 0.946139
7.512 0.705564
7.528 0.950125
7.544 0.59988
7.56 1.03693
7.576 0.977954
7.592 0.831389
7.608 0.763733
7.624 1.01201
7.64 0.697625
7.656 0.979034
7.672 0.787108
7.688 0.778743
7.704 1.06252
7.72 1.25357
7.736 1.0244
7.752 1.58886
7.768 0.757082
7.784 1.01776
7.8 1.20935
7.816 1.21176
7.832 1.2678
7.848 1.06823
7.864 0.848356
7.88 1.06758
7.896 1.23723
7.912 1.40913
7.928 1.01759
7.944 1.46754
7.96 1.09355
7.976 1.19248
7.992 1.37765
