0.101014 5.01327e-05
0.132095 0.000289283
0.194257 8.72105e-05
0.209798 0.000145694
0.27196 0.000753533
0.287501 0.00110324
0.303041 0.00171031
0.349663 0.00947245
0.380744 0.00419266
0.396285 0.0121509
0.411825 0.00770871
0.427366 0.014207
0.489528 0.012113
0.520609 0.0346827
0.55169 0.00527582
0.567231 0.0371689
0.582772 0.0594202
0.598312 0.113988
0.613853 0.0534553
0.629393 0.0355714
0.644934 0.157085
0.676015 0.0904308
0.691556 0.153754
0.707096 0.106805
0.738177 0.163803
0.753718 0.113038
0.769258 0.254016
0.784799 0.165068
0.80034 0.0688824
0.831421 0.494866
0.862502 2.1744
0.878042 1.122
0.893583 1.32958
0.909124 3.27838
0.924664 3.11428
0.955745 0.831872
0.971286 1.00661
0.986826 0.694973
1.00237 0.993632
1.01791 0.436011
1.03345 0.8193
1.04899 1.17373
1.06453 0.973413
1.08007 1.12758
1.09561 1.69582
1.11115 2.55062
1.12669 5.11342
1.14223 1.82529
1.17331 4.79087
1.18885 1.24747
1.20439 0.813616
1.21994 0.837091
1.23548 1.18998
1.25102 1.74557
1.26656 0.613783
1.2821 0.796842
1.29764 0.888892
1.31318 0.52886
1.32872 0.36739
1.34426 0.511207
1.3598 0.797529
1.37534 1.30263
1.39088 1.22276
1.40642 1.60821
1.42196 0.183008
1.4375 0.726329
1.45304 0.69725
1.46858 0.992674
1.48412 0.405725
1.51521 0.41
1.53075 0.322604
1.56183 0.514781
1.57737 0.291241
1.59291 1.05718
1.60845 0.210404
1.62399 0.785291
1.65507 0.542341
1.67061 1.01616
1.70169 0.778879
1.71723 0.811866
1.73277 0.678834
1.74831 0.783361
1.76386 0.622438
1.7794 1.0718
1.79494 0.396001
1.81048 0.739952
1.82602 0.803806
1.84156 0.838658
1.8571 0.77897
1.87264 0.824732
1.88818 0.475592
1.90372 0.696222
1.91926 1.05059
1.9348 0.923542
1.95034 1.73078
1.96588 0.544118
1.98142 1.65204
1.99696 1.22437
2.02804 1.41631
2.04359 1.45088
2.05913 1.49676
2.07467 0.826339
2.09021 1.62463
2.10575 0.631083
2.12129 1.78872
2.13683 1.03931
2.15237 1.17148
2.16791 1.9781
2.18345 1.64096
2.19899 1.36438
2.21453 1.34359
2.23007 1.50107
2.24561 1.59793
2.26115 0.857137
2.27669 1.38781
2.29223 1.46388
2.30778 0.492594
2.32332 2.39935
2.33886 0.866973
2.3544 0.62562
2.36994 1.59427
2.38548 0.674362
2.40102 0.575835
2.41656 0.270959
2.4321 0.771566
2.44764 1.64451
2.46318 0.702295
2.47872 1.21695
2.49426 0.863038
2.5098 1.46941
2.52534 0.873727
2.54088 0.536212
2.55642 0.452083
2.57196 1.36985
2.58751 1.29245
2.60305 0.530308
2.61859 1.11465
2.63413 0.698352
2.64967 0.872993
2.66521 0.407773
2.68075 0.895939
2.69629 0.971931
2.71183 0.736311
2.72737 0.801504
2.74291 0.827998
2.75845 0.974869
2.77399 1.0941
2.78953 0.568442
2.80507 0.623213
2.82061 1.19409
2.83615 1.26728
2.8517 0.767967
2.86724 0.395825
2.88278 0.654952
2.89832 0.768162
2.91386 0.941851
2.9294 0.790313
2.94494 1.81081
2.96048 0.790561
2.97602 0.902384
2.99156 0.931458
3.0071 0.761556
3.02264 1.03504
3.03818 1.84932
3.05372 0.944314
3.06926 0.822368
3.0848 1.38755
3.10034 1.16651
3.11589 0.87742
3.13143 0.647007
3.14697 1.1132
3.16251 1.12278
3.17805 0.657458
3.19359 0.883871
3.20913 1.38078
3.22467 1.15607
3.24021 0.77071
3.25575 1.52292
3.27129 1.37025
3.28683 0.5217
3.30237 1.32159
3.31791 1.33469
3.33345 0.920505
3.34899 1.21612
3.36453 1.31329
3.38007 0.449429
3.39562 0.926867
3.41116 1.094
3.4267 0.827523
3.44224 1.31045
3.45778 0.844898
3.47332 0.99444
3.48886 0.606953
3.5044 1.02416
3.51994 1.05989
3.53548 1.02861
3.55102 1.15474
3.56656 1.1053
3.5821 0.830685
3.59764 0.829252
3.61318 1.00172
3.62872 0.757028
3.64426 0.962765
3.65981 0.69726
3.67535 1.07113
3.69089 0.690107
3.70643 1.5597
3.72197 0.871718
3.73751 1.12645
3.75305 0.860895
3.76859 0.728432
3.78413 0.8335
3.79967 0.554706
3.81521 1.11005
3.83075 0.989462
3.84629 1.0699
3.86183 0.993913
3.87737 0.892668
3.89291 1.23599
3.90845 1.15232
3.92399 0.584766
3.93954 1.14343
3.95508 1.44518
3.97062 1.35857
3.98616 1.03893
4.0017 0.925707
4.01724 1.00565
4.03278 0.921322
4.04832 1.37293
4.06386 0.943951
4.0794 1.01781
4.09494 0.709109
4.11048 0.88487
4.12602 0.948616
4.14156 1.02389
4.1571 1.15189
4.17264 0.999425
4.18818 1.14109
4.20373 1.04512
4.21927 0.571791
4.23481 0.814261
4.25035 0.832815
4.26589 1.17944
4.28143 0.976976
4.29697 0.908808
4.31251 0.759213
4.32805 1.36987
4.34359 1.11107
4.35913 1.1985
4.37467 0.926103
4.39021 0.896877
4.40575 1.06466
4.42129 1.15287
4.43683 1.09543
4.45237 0.723468
4.46791 0.803239
4.48346 1.09837
4.499 0.747507
4.51454 0.640715
4.53008 1.03295
4.54562 1.23972
4.56116 0.883024
4.5767 1.16446
4.59224 1.49421
4.60778 1.07201
4.62332 0.797284
4.63886 1.17486
4.6544 1.40603
4.66994 1.05036
4.68548 1.32721
4.70102 1.10606
4.71656 0.808774
4.7321 0.99537
4.74765 0.937558
4.76319 1.10394
4.77873 0.898411
4.79427 0.860058
4.80981 1.18308
4.82535 0.988303
4.84089 0.790632
4.85643 0.710875
4.87197 1.09941
4.88751 0.696405
4.90305 1.31195
4.91859 0.822055
4.93413 0.649512
4.94967 0.979203
4.96521 0.935023
4.98075 1.00499
4.99629 0.799233
5.01184 0.901186
5.02738 1.35936
5.04292 0.801009
5.05846 0.787747
5.074 0.75353
5.08954 0.980039
5.10508 1.37388
5.12062 0.994367
5.13616 1.39056
5.1517 0.991125
5.16724 1.26175
5.18278 1.3556
5.19832 1.10705
5.21386 0.899063
5.2294 0.778044
5.24494 0.818471
5.26048 0.860257
5.27602 1.77277
5.29157 1.13867
5.30711 0.995293
5.32265 0.937789
5.33819 0.663992
5.35373 1.68511
5.36927 1.19899
5.38481 1.057
5.40035 1.31324
5.41589 0.893839
5.43143 0.863179
5.44697 0.869796
5.46251 0.560738
5.47805 1.21492
5.49359 0.863518
5.50913 1.03506
5.52467 0.830172
5.54021 0.944892
5.55576 0.836956
5.5713 1.1655
5.58684 0.848367
5.60238 0.889944
5.61792 1.61806
5.63346 1.17447
5.649 0.785403
5.66454 0.883035
5.68008 0.656314
5.69562 1.06737
5.71116 0.779065
5.7267 0.745601
5.74224 0.868923
5.75778 1.01512
5.77332 1.03049
5.78886 1.1833
5.8044 0.64757
5.81994 0.922965
5.83549 0.943233
5.85103 1.30982
5.86657 1.20567
5.88211 0.646485
5.89765 0.969967
5.91319 1.02737
5.92873 1.10175
5.94427 0.954176
5.95981 1.30617
5.97535 0.78657
5.99089 0.93951
6.00643 0.971243
6.02197 1.05925
6.03751 1.12743
6.05305 0.965552
6.06859 1.39372
6.08413 0.71669
6.09968 1.12626
6.11522 1.03089
6.13076 1.18812
6.1463 0.924246
6.16184 0.712511
6.17738 1.11973
6.19292 0.727949
6.20846 1.12529
6.224 0.995712
6.23954 1.04458
6.25508 1.00832
6.27062 1.28548
6.28616 0.577443
6.3017 0.941413
6.31724 0.979986
6.33278 0.771104
6.34832 1.05114
6.36386 0.824783
6.37941 1.04961
6.39495 0.901828
6.41049 0.93452
6.42603 1.25972
6.44157 0.791743
6.45711 1.23874
6.47265 0.842448
6.48819 1.12514
6.50373 1.32294
6.51927 1.23495
6.53481 0.91334
6.55035 1.04377
6.56589 0.961449
6.58143 0.96478
6.59697 1.26451
6.61251 0.881369
6.62805 0.688544
6.6436 0.893983
6.65914 1.5239
6.67468 1.00016
6.69022 0.99185
6.70576 0.971944
6.7213 0.618836
6.73684 1.02156
6.75238 1.25061
6.76792 0.941439
6.78346 0.849388
6.799 1.07309
6.81454 0.883956
6.83008 0.865154
6.84562 0.888585
6.86116 0.901515
6.8767 0.974551
6.89224 0.8619
6.90779 0.814029
6.92333 1.07679
6.93887 1.08202
6.95441 1.03499
6.96995 1.09111
6.98549 0.971001
7.00103 0.978887
7.01657 1.1006
7.03211 0.859845
7.04765 1.34892
7.06319 1.32805
7.07873 0.776375
7.09427 1.09102
7.10981 1.01547
7.12535 1.05329
7.14089 0.749531
7.15643 1.2099
7.17197 0.841308
7.18752 1.19167
7.20306 0.798126
7.2186 1.08169
7.23414 0.960627
7.24968 1.26496
7.26522 1.04548
7.28076 0.889848
7.2963 1.04517
7.31184 1.35665
7.32738 1.00372
7.34292 0.800926
7.35846 1.05399
7.374 0.832894
7.38954 0.719826
7.40508 0.908057
7.42062 0.950714
7.43616 0.865216
7.45171 1.15377
7.46725 0.778633
7.48279 1.11769
7.49833 1.09103
7.51387 1.07448
7.52941 0.926973
7.54495 1.30323
7.56049 1.1716
7.57603 1.85375
7.59157 1.09626
7.60711 0.890365
7.62265 0.888445
7.63819 0.951569
7.65373 0.871071
7.66927 0.660264
7.68481 0.788695
7.70035 1.32573
7.71589 0.854931
7.73144 0.830005
7.74698 0.975621
7.76252 1.23885
