0.0941572 0.00540305
0.123129 0.0137508
0.181071 0.0676963
0.195557 0.0694115
0.2535 0.0724423
0.267986 0.0859209
0.282472 0.0806718
0.325929 0.129102
0.3549 0.0540729
0.369386 0.0549219
0.383872 0.0765005
0.398357 0.122017
0.4563 0.0638224
0.485272 0.0480804
0.514243 0.0683192
0.528729 0.124583
0.543214 0.0341567
0.5577 0.0173131
0.572186 0.0564264
0.586672 0.0163737
0.601157 0.0460909
0.630129 0.0626807
0.644615 0.0356681
0.6591 0.103165
0.688072 0.0208691
0.702557 0.0484487
0.717043 0.169901
0.731529 0.0676638
0.746015 0.0853717
0.774986 0.219115
0.803957 1.15581
0.818443 0.653205
0.832929 0.759259
0.847415 1.85301
0.8619 1.7318
0.890872 0.635274
0.905357 0.693458
0.919843 0.255112
0.934329 0.908372
0.948815 0.271658
0.9633 0.52076
0.977786 0.928256
0.992272 1.39364
1.00676 1.08459
1.02124 1.30006
1.03573 2.68183
1.05021 5.0497
1.0647 1.91557
1.09367 4.71254
1.10816 1.36558
1.12264 1.17575
1.13713 1.11445
1.15161 1.65149
1.1661 1.29991
1.18059 0.727986
1.19507 1.49754
1.20956 1.03856
1.22404 1.1242
1.23853 0.483373
1.25301 0.634179
1.2675 1.12121
1.28199 1.54961
1.29647 1.51494
1.31096 3.18295
1.32544 0.47521
1.33993 1.11211
1.35441 1.06186
1.3689 1.02485
1.38339 0.454588
1.41236 0.586114
1.42684 0.547233
1.45581 0.589244
1.4703 0.479531
1.48479 1.33497
1.49927 0.337848
1.51376 1.0318
1.54273 0.742227
1.55721 0.786356
1.58619 0.818103
1.60067 0.866387
1.61516 0.876334
1.62964 0.983165
1.64413 0.650091
1.65861 1.09714
1.6731 0.522331
1.68759 0.733463
1.70207 0.8534
1.71656 0.697389
1.73104 0.856942
1.74553 0.619067
1.76001 0.553438
1.7745 0.923638
1.78899 0.921914
1.80347 0.826749
1.81796 1.36075
1.83244 0.668694
1.84693 1.37654
1.86141 0.873613
1.89039 1.01074
1.90487 1.22962
1.91936 0.98644
1.93384 0.794928
1.94833 1.14688
1.96281 0.854327
1.9773 0.812702
1.99179 0.872663
2.00627 1.05669
2.02076 1.4046
2.03524 1.21895
2.04973 0.827311
2.06422 1.20319
2.0787 1.51818
2.09319 1.25545
2.10767 0.772074
2.12216 1.54115
2.13664 1.23163
2.15113 0.707654
2.16562 2.4143
2.1801 0.753498
2.19459 0.653916
2.20907 1.5821
2.22356 0.741002
2.23804 0.540511
2.25253 0.170111
2.26702 0.772345
2.2815 1.92382
2.29599 0.99101
2.31047 1.41161
2.32496 0.909761
2.33944 1.55316
2.35393 0.937433
2.36842 0.538258
2.3829 0.80971
2.39739 1.48548
2.41187 1.23668
2.42636 0.670693
2.44084 1.41836
2.45533 0.780146
2.46982 1.05928
2.4843 0.455109
2.49879 0.95329
2.51327 1.23597
2.52776 0.905841
2.54224 1.34612
2.55673 0.97185
2.57122 0.993059
2.5857 1.2653
2.60019 0.868373
2.61467 0.762678
2.62916 1.44688
2.64364 1.43849
2.65813 1.18371
2.67262 0.675475
2.6871 0.591831
2.70159 0.713609
2.71607 1.05556
2.73056 0.857496
2.74504 1.88878
2.75953 0.761888
2.77402 0.876247
2.7885 0.910161
2.80299 0.706654
2.81747 1.0051
2.83196 1.58515
2.84644 1.08442
2.86093 0.959364
2.87542 1.61104
2.8899 1.07362
2.90439 0.876648
2.91887 0.75294
2.93336 1.09114
2.94784 1.01641
2.96233 0.629945
2.97682 0.581949
2.9913 1.28798
3.00579 0.922349
3.02027 0.724471
3.03476 1.3907
3.04924 1.26234
3.06373 0.455463
3.07822 1.14556
3.0927 0.887334
3.10719 0.854447
3.12167 1.09832
3.13616 1.14839
3.15064 0.359977
3.16513 0.703278
3.17962 0.880658
3.1941 0.735184
3.20859 1.10399
3.22307 0.73541
3.23756 0.806982
3.25204 0.537768
3.26653 0.856005
3.28102 0.878478
3.2955 0.969874
3.30999 0.759285
3.32447 0.975159
3.33896 0.755283
3.35344 0.979974
3.36793 0.912982
3.38242 0.786487
3.3969 0.816256
3.41139 0.662099
3.42587 1.43586
3.44036 0.730196
3.45484 1.77981
3.46933 0.852716
3.48382 1.17545
3.4983 0.944322
3.51279 0.809782
3.52727 0.910542
3.54176 0.556113
3.55624 1.00412
3.57073 1.24614
3.58522 1.2538
3.5997 1.0413
3.61419 0.959666
3.62867 1.34264
3.64316 1.25149
3.65764 0.745443
3.67213 1.34135
3.68662 1.6472
3.7011 1.52592
3.71559 1.16104
3.73007 1.05569
3.74456 1.03361
3.75904 1.11262
3.77353 1.2677
3.78802 1.23173
3.8025 1.17255
3.81699 0.897446
3.83147 0.851015
3.84596 1.03678
3.86044 1.02258
3.87493 1.20979
3.88942 1.15393
3.9039 1.25601
3.91839 1.27282
3.93287 0.745435
3.94736 0.783888
3.96184 0.951666
3.97633 1.14116
3.99082 1.19692
4.0053 0.925431
4.01979 0.993321
4.03427 1.39884
4.04876 1.03012
4.06324 1.24468
4.07773 0.993965
4.09222 0.990224
4.1067 1.04425
4.12119 1.07461
4.13567 0.814514
4.15016 0.6091
4.16464 0.73619
4.17913 0.987253
4.19362 0.76133
4.2081 0.654311
4.22259 0.834903
4.23707 1.00778
4.25156 0.704489
4.26604 1.14697
4.28053 1.29447
4.29502 0.872259
4.3095 0.574835
4.32399 1.02999
4.33847 0.963354
4.35296 0.799641
4.36744 1.15506
4.38193 0.92382
4.39642 0.953932
4.4109 0.790962
4.42539 0.852306
4.43987 0.895319
4.45436 0.928037
4.46884 0.870521
4.48333 0.895262
4.49782 0.819985
4.5123 0.635979
4.52679 0.691032
4.54127 1.04516
4.55576 0.681422
4.57024 1.22229
4.58473 0.72007
4.59922 0.902342
4.6137 1.00592
4.62819 0.886816
4.64267 0.964326
4.65716 0.919513
4.67164 0.866678
4.68613 1.1372
4.70062 0.953581
4.7151 0.862964
4.72959 0.771806
4.74407 1.08091
4.75856 1.39306
4.77304 0.999148
4.78753 1.54698
4.80202 1.19308
4.8165 1.24441
4.83099 1.30892
4.84547 1.31302
4.85996 1.03418
4.87444 0.846516
4.88893 0.88866
4.90342 1.0747
4.9179 1.82656
4.93239 1.37177
4.94687 1.04911
4.96136 1.21929
4.97584 0.832347
4.99033 1.75999
5.00482 1.40577
5.0193 1.37171
5.03379 1.5136
5.04827 0.924762
5.06276 0.93424
5.07724 1.02486
5.09173 0.680223
5.10622 1.44921
5.1207 0.879908
5.13519 1.01969
5.14967 0.813941
5.16416 0.946347
5.17864 0.845566
5.19313 1.08526
5.20762 0.854595
5.2221 0.959503
5.23659 1.35818
5.25107 1.1006
5.26556 0.745853
5.28004 0.887531
5.29453 0.665621
5.30902 1.09879
5.3235 0.635663
5.33799 0.60668
5.35247 0.883925
5.36696 0.971626
5.38144 1.00301
5.39593 1.0387
5.41042 0.647575
5.4249 0.819959
5.43939 0.92617
5.45387 1.14661
5.46836 1.09684
5.48284 0.535237
5.49733 0.915031
5.51182 0.989333
5.5263 0.923675
5.54079 0.835592
5.55527 1.11247
5.56976 0.661131
5.58424 0.818522
5.59873 0.827675
5.61322 0.907195
5.6277 0.952954
5.64219 0.835976
5.65667 1.21772
5.67116 0.711976
5.68564 0.974986
5.70013 1.03498
5.71462 1.08264
5.7291 0.797567
5.74359 0.626424
5.75807 1.16816
5.77256 0.616286
5.78704 1.11437
5.80153 0.991716
5.81602 1.0594
5.8305 0.863854
5.84499 1.38503
5.85947 0.633782
5.87396 0.934151
5.88844 0.97349
5.90293 0.725142
5.91742 1.15087
5.9319 0.94325
5.94639 1.16477
5.96087 1.027
5.97536 1.05279
5.98984 1.25776
6.00433 0.910702
6.01882 1.30377
6.0333 0.8144
6.04779 1.31539
6.06227 1.32295
6.07676 1.34848
6.09124 1.22456
6.10573 0.987969
6.12022 1.12471
6.1347 1.10767
6.14919 1.34069
6.16367 1.11679
6.17816 0.719059
6.19265 0.973927
6.20713 1.77546
6.22162 1.00747
6.2361 1.14854
6.25059 1.10417
6.26507 0.743917
6.27956 1.10543
6.29405 1.39394
6.30853 1.02364
6.32302 0.905982
6.3375 1.11686
6.35199 0.895541
6.36647 0.728921
6.38096 0.918063
6.39545 0.84637
6.40993 1.04094
6.42442 0.865656
6.4389 0.902466
6.45339 0.927784
6.46787 0.98645
6.48236 0.907428
6.49685 0.988823
6.51133 0.942619
6.52582 1.08586
6.5403 1.11596
6.55479 0.82538
6.56927 1.10282
6.58376 1.23354
6.59825 0.702613
6.61273 0.928065
6.62722 1.11383
6.6417 0.985463
6.65619 0.764197
6.67067 1.02712
6.68516 0.810951
6.69965 1.01467
6.71413 0.661813
6.72862 0.909626
6.7431 0.785838
6.75759 0.971788
6.77207 1.12447
6.78656 0.749061
6.80105 0.904873
6.81553 1.23264
6.83002 0.888099
6.8445 0.782439
6.85899 0.81151
6.87347 0.837611
6.88796 0.545135
6.90245 1.02628
6.91693 1.08657
6.93142 0.799418
6.9459 1.11015
6.96039 0.784023
6.97487 1.2321
6.98936 1.00344
7.00385 1.0575
7.01833 0.934054
7.03282 1.2448
7.0473 1.11117
7.06179 1.68731
7.07627 1.30396
7.09076 0.875719
7.10525 0.870807
7.11973 0.893244
7.13422 0.91449
7.1487 0.999889
7.16319 0.809007
7.17767 1.29029
7.19216 0.930301
7.20665 0.983623
7.22113 1.14009
7.23562 1.53432
