0.104524 0.00424831
0.136685 0.158945
0.201008 0.060686
0.217088 0.0532512
0.281411 0.0653281
0.297491 0.0893177
0.313572 0.0981872
0.361814 0.0540575
0.393975 0.0822774
0.410055 0.259442
0.426136 0.153768
0.442217 0.0963088
0.506539 0.160243
0.5387 0.177089
0.570861 0.254157
0.586942 0.13073
0.603023 0.13363
0.619103 0.19166
0.635184 0.109412
0.651265 0.312962
0.667345 0.308317
0.699506 0.181516
0.715587 0.669994
0.731668 0.55209
0.763829 0.393645
0.779909 0.665447
0.79599 0.803553
0.812071 0.515889
0.828151 0.904564
0.860312 0.690484
0.892474 2.43858
0.908554 0.191604
0.924635 0.777275
0.940715 1.68635
0.956796 0.865721
0.988957 0.83625
1.00504 1.38803
1.02112 1.20961
1.0372 0.731156
1.05328 0.764298
1.06936 1.26734
1.08544 1.31713
1.10152 2.50868
1.1176 1.60812
1.13368 1.33152
1.14976 1.24967
1.16584 1.5217
1.18192 1.6803
1.21409 0.943764
1.23017 2.44485
1.24625 0.472897
1.26233 1.80567
1.27841 1.27423
1.29449 1.26722
1.31057 1.58761
1.32665 0.941118
1.34273 0.74872
1.35881 0.666681
1.37489 0.759634
1.39097 1.00182
1.40705 1.2276
1.42313 1.3639
1.43921 1.24862
1.45529 1.7156
1.47138 1.15057
1.48746 0.8513
1.50354 1.04794
1.51962 1.08817
1.5357 0.967481
1.56786 0.908885
1.58394 0.884017
1.6161 0.717959
1.63218 1.37818
1.64826 0.715569
1.66434 0.973082
1.68042 1.27077
1.71258 1.07204
1.72867 0.6231
1.76083 0.611817
1.77691 0.739448
1.79299 0.683973
1.80907 1.13194
1.82515 1.44605
1.84123 0.931781
1.85731 1.33504
1.87339 0.541308
1.88947 0.409599
1.90555 1.15023
1.92163 0.907511
1.93771 0.906872
1.95379 1.0411
1.96987 0.638497
1.98595 0.258963
2.00204 1.13795
2.01812 0.6698
2.0342 0.614469
2.05028 1.16231
2.06636 0.77625
2.09852 0.797846
2.1146 0.8945
2.13068 0.606005
2.14676 0.735796
2.16284 1.63125
2.17892 1.07567
2.195 0.664812
2.21108 1.06025
2.22716 1.05814
2.24324 0.935674
2.25933 1.33666
2.27541 1.72014
2.29149 1.09663
2.30757 1.14334
2.32365 0.759597
2.33973 1.14728
2.35581 0.750227
2.37189 0.875441
2.38797 1.20473
2.40405 0.252395
2.42013 1.15812
2.43621 1.35371
2.45229 1.39701
2.46837 1.80245
2.48445 1.13024
2.50053 0.16783
2.51661 0.767932
2.5327 1.48782
2.54878 0.751873
2.56486 0.647486
2.58094 0.996367
2.59702 1.97419
2.6131 1.16638
2.62918 0.520225
2.64526 1.07971
2.66134 0.972319
2.67742 0.812104
2.6935 1.39037
2.70958 1.44707
2.72566 0.983677
2.74174 0.908078
2.75782 1.24409
2.7739 1.2206
2.78998 0.789262
2.80607 1.40577
2.82215 0.618403
2.83823 0.778444
2.85431 0.73868
2.87039 1.09524
2.88647 1.18409
2.90255 1.26872
2.91863 0.660101
2.93471 0.843776
2.95079 0.758097
2.96687 0.845676
2.98295 1.07298
2.99903 1.0218
3.01511 1.0143
3.03119 1.49807
3.04727 0.654444
3.06336 1.05449
3.07944 1.12076
3.09552 0.722393
3.1116 0.969806
3.12768 0.84977
3.14376 0.738931
3.15984 0.920781
3.17592 1.2344
3.192 0.995738
3.20808 0.684522
3.22416 0.872421
3.24024 1.09652
3.25632 1.08595
3.2724 0.941446
3.28848 1.84039
3.30456 0.497685
3.32064 1.11254
3.33673 1.41065
3.35281 1.0465
3.36889 0.726525
3.38497 0.783376
3.40105 0.454028
3.41713 0.954043
3.43321 1.02847
3.44929 1.35667
3.46537 0.945558
3.48145 1.01949
3.49753 0.913453
3.51361 1.26938
3.52969 1.10457
3.54577 1.41165
3.56185 0.800912
3.57793 0.35825
3.59402 0.889014
3.6101 0.980629
3.62618 0.806514
3.64226 0.813473
3.65834 1.00096
3.67442 0.894886
3.6905 0.922155
3.70658 1.29803
3.72266 0.933071
3.73874 0.618592
3.75482 0.944141
3.7709 0.740525
3.78698 1.01261
3.80306 1.17954
3.81914 1.2
3.83522 0.614351
3.8513 0.775951
3.86739 0.997386
3.88347 0.995737
3.89955 0.946085
3.91563 1.09979
3.93171 0.818742
3.94779 0.9842
3.96387 0.810881
3.97995 1.25692
3.99603 1.06325
4.01211 1.04885
4.02819 0.789441
4.04427 1.31159
4.06035 1.45301
4.07643 0.900953
4.09251 1.31087
4.10859 0.894973
4.12468 1.10251
4.14076 0.867402
4.15684 1.09992
4.17292 0.846722
4.189 1.00314
4.20508 1.23507
4.22116 1.08704
4.23724 1.03058
4.25332 0.760311
4.2694 1.03112
4.28548 0.904467
4.30156 0.971531
4.31764 0.909752
4.33372 1.14139
4.3498 0.952991
4.36588 0.979072
4.38196 1.0733
4.39805 0.889265
4.41413 1.0786
4.43021 0.862057
4.44629 0.812533
4.46237 1.31841
4.47845 0.947027
4.49453 1.07662
4.51061 0.950947
4.52669 1.13988
4.54277 0.746436
4.55885 0.914186
4.57493 1.07042
4.59101 0.694712
4.60709 1.02048
4.62317 0.870247
4.63925 1.03319
4.65534 0.97625
4.67142 0.747159
4.6875 1.27406
4.70358 0.695051
4.71966 1.46516
4.73574 1.2716
4.75182 1.24163
4.7679 1.06284
4.78398 0.68992
4.80006 1.10362
4.81614 1.3183
4.83222 0.920833
4.8483 0.713089
4.86438 1.12443
4.88046 0.781107
4.89654 0.821371
4.91262 0.992128
4.92871 0.838326
4.94479 1.26764
4.96087 0.80685
4.97695 0.862871
4.99303 0.900945
5.00911 1.41556
5.02519 0.770279
5.04127 0.908824
5.05735 0.963998
5.07343 0.752699
5.08951 1.03321
5.10559 1.49718
5.12167 1.34204
5.13775 1.10564
5.15383 1.11745
5.16991 1.14119
5.186 1.41058
5.20208 0.937542
5.21816 0.727947
5.23424 0.716759
5.25032 0.951026
5.2664 1.07275
5.28248 0.982261
5.29856 0.571048
5.31464 0.681778
5.33072 1.09472
5.3468 0.894535
5.36288 1.17781
5.37896 0.810737
5.39504 1.08712
5.41112 1.11807
5.4272 1.04377
5.44328 0.923742
5.45937 1.21373
5.47545 1.12062
5.49153 1.10969
5.50761 0.881406
5.52369 1.22644
5.53977 0.988859
5.55585 0.751834
5.57193 0.781779
5.58801 1.03855
5.60409 2.18367
5.62017 0.891081
5.63625 1.31111
5.65233 1.22909
5.66841 0.671883
5.68449 0.953496
5.70057 1.11128
5.71666 0.751641
5.73274 0.622303
5.74882 1.16415
5.7649 0.951025
5.78098 0.765821
5.79706 0.661449
5.81314 1.1432
5.82922 1.13344
5.8453 1.01778
5.86138 0.919054
5.87746 0.904094
5.89354 1.02366
5.90962 0.673528
5.9257 0.894268
5.94178 1.18448
5.95786 0.857346
5.97394 0.88881
5.99003 0.856182
6.00611 1.20346
6.02219 0.885672
6.03827 0.919806
6.05435 0.990746
6.07043 0.661088
6.08651 0.817616
6.10259 0.762269
6.11867 1.39553
6.13475 1.02306
6.15083 1.25966
6.16691 1.01777
6.18299 1.20373
6.19907 1.05218
6.21515 0.990956
6.23123 0.960553
6.24732 0.966464
6.2634 1.36267
6.27948 0.804131
6.29556 1.05188
6.31164 1.20896
6.32772 1.05108
6.3438 1.12216
6.35988 0.710696
6.37596 0.888323
6.39204 1.1818
6.40812 0.817659
6.4242 1.28777
6.44028 0.921852
6.45636 0.768309
6.47244 1.02705
6.48852 1.03017
6.5046 1.34522
6.52069 0.80973
6.53677 1.20987
6.55285 1.40048
6.56893 0.888162
6.58501 1.13378
6.60109 0.946716
6.61717 0.744465
6.63325 0.871755
6.64933 1.30615
6.66541 1.01148
6.68149 0.836185
6.69757 0.937421
6.71365 0.816944
6.72973 1.14481
6.74581 0.97578
6.76189 1.00974
6.77798 0.949019
6.79406 0.878812
6.81014 1.04847
6.82622 1.0361
6.8423 1.02542
6.85838 1.00127
6.87446 0.7756
6.89054 0.754734
6.90662 0.851188
6.9227 0.936222
6.93878 0.825346
6.95486 1.35552
6.97094 0.899376
6.98702 0.722531
7.0031 1.07311
7.01918 1.02322
7.03526 1.10198
7.05135 0.902287
7.06743 1.32213
7.08351 1.161
7.09959 1.06981
7.11567 0.956833
7.13175 1.02246
7.14783 1.00195
7.16391 0.983591
7.17999 0.735267
7.19607 1.09587
7.21215 1.16062
7.22823 1.63278
7.24431 1.09249
7.26039 0.969426
7.27647 0.626596
7.29255 0.888779
7.30863 0.863382
7.32472 0.9453
7.3408 0.937859
7.35688 1.10413
7.37296 0.991178
7.38904 1.09074
7.40512 0.87809
7.4212 1.07305
7.43728 1.08196
7.45336 0.940378
7.46944 1.0775
7.48552 1.06234
7.5016 0.934904
7.51768 0.905962
7.53376 1.0204
7.54984 0.823468
7.56592 1.06398
7.58201 1.01114
7.59809 1.07035
7.61417 0.908618
7.63025 0.801316
7.64633 1.26802
7.66241 0.735519
7.67849 1.25406
7.69457 1.09121
7.71065 1.02696
7.72673 1.28433
7.74281 0.78426
7.75889 0.927476
7.77497 0.812521
7.79105 0.882043
7.80713 1.0455
7.82321 1.26205
7.83929 1.01626
7.85538 0.938151
7.87146 1.00774
7.88754 1.01207
7.90362 0.680945
7.9197 0.725374
7.93578 0.670891
7.95186 1.19227
7.96794 0.869601
7.98402 0.802356
8.0001 0.935728
8.01618 1.07005
8.03226 0.845855
