0.0431094 0.33917
0.0563738 0.140471
0.0829027 0.212624
0.0895349 0.0753393
0.116064 0.0440435
0.122696 0.328422
0.129328 0.127229
0.149225 0.075338
0.162489 0.203293
0.169121 0.0148437
0.175754 0.075731
0.182386 0.0531484
0.208915 0.0471989
0.222179 0.0421218
0.235444 0.0878873
0.242076 0.0664954
0.248708 0.2937
0.25534 0.0857823
0.261972 0.0898541
0.268605 0.108006
0.275237 0.0706965
0.288501 0.276709
0.295133 0.0810434
0.301766 0.0431207
0.31503 0.0577644
0.321662 0.226023
0.328295 0.332559
0.334927 0.0575249
0.341559 0.0388395
0.354823 0.115693
0.368088 0.185498
0.37472 0.314807
0.381352 0.129925
0.387984 0.0817331
0.394617 0.141803
0.407881 0.0792055
0.414513 0.188492
0.421146 0.0903223
0.427778 0.0484103
0.43441 0.119642
0.441042 0.0872137
0.447674 0.0848526
0.454307 0.220022
0.460939 0.0925729
0.467571 0.048992
0.474203 0.112829
0.480835 0.0295751
0.487468 0.0805986
0.500732 0.158705
0.507364 0.0881263
0.513997 0.187375
0.520629 0.216687
0.527261 0.21619
0.533893 0.927529
0.540525 0.533177
0.547158 0.378444
0.55379 0.561134
0.560422 0.208349
0.567054 0.21576
0.573686 0.11893
0.580319 0.409129
0.586951 0.159226
0.593583 0.34094
0.600215 0.399607
0.606848 0.0999773
0.61348 0.320099
0.620112 0.66715
0.626744 0.26853
0.633376 0.401981
0.646641 0.766741
0.653273 1.1971
0.666537 2.44842
0.67317 0.823243
0.679802 1.92
0.686434 1.71443
0.693066 1.67195
0.706331 0.989511
0.712963 0.715679
0.726227 0.427071
0.73286 0.317902
0.739492 0.630461
0.746124 0.75651
0.752756 0.354889
0.759388 0.501568
0.766021 0.479479
0.772653 0.634604
0.779285 0.868301
0.785917 0.737685
0.792549 0.683746
0.799182 0.345082
0.805814 0.834913
0.812446 1.00584
0.819078 0.653037
0.825711 0.777378
0.832343 0.275415
0.838975 0.589054
0.845607 0.189748
0.852239 0.660726
0.865504 0.696843
0.872136 0.454766
0.878768 0.695341
0.8854 0.831925
0.892033 0.766046
0.898665 0.669271
0.905297 0.787003
0.911929 0.482918
0.918562 0.320113
0.925194 0.519503
0.931826 0.696507
0.938458 0.353174
0.94509 0.647908
0.951723 0.262617
0.958355 0.366636
0.964987 0.523283
0.971619 0.524409
0.978251 0.635036
0.984884 0.453289
0.991516 0.759229
0.998148 0.572743
1.00478 0.286471
1.01141 0.702254
1.01804 0.527434
1.02468 0.829375
1.03131 0.178222
1.03794 0.768684
1.04457 0.777889
1.05121 0.861186
1.05784 1.05237
1.06447 0.570674
1.0711 1.07242
1.07773 1.10288
1.08437 0.481754
1.091 1.15191
1.09763 0.95344
1.10426 1.26802
1.1109 1.14511
1.11753 1.13478
1.12416 1.33903
1.13079 0.909365
1.13742 1.11605
1.14406 0.726653
1.15069 1.05803
1.15732 0.646115
1.16395 0.538439
1.17059 1.12213
1.17722 1.15446
1.18385 1.14232
1.19048 1.05367
1.19711 1.07867
1.20375 0.900338
1.21038 1.45891
1.21701 0.961764
1.22364 1.58637
1.23028 1.75739
1.23691 1.01534
1.24354 1.07185
1.25017 1.64611
1.2568 2.06358
1.26344 1.14644
1.27007 0.628288
1.2767 1.7692
1.28333 1.84344
1.28997 0.735629
1.2966 1.37844
1.30323 1.30548
1.30986 1.27417
1.31649 1.20663
1.32313 1.32238
1.32976 1.37521
1.33639 1.12153
1.34302 1.20514
1.34966 1.38482
1.35629 1.64914
1.36292 1.57864
1.36955 0.939065
1.37618 1.94487
1.38282 1.29335
1.38945 1.39066
1.39608 1.90076
1.40271 1.41304
1.40935 1.33739
1.41598 1.68874
1.42261 0.411381
1.42924 1.83975
1.43587 1.08168
1.44251 1.30812
1.44914 1.43244
1.45577 2.23456
1.4624 2.05887
1.46904 1.36952
1.47567 0.936898
1.4823 1.31578
1.48893 1.45751
1.49556 1.30005
1.5022 1.74428
1.50883 1.39759
1.51546 2.01448
1.52209 1.38598
1.52873 1.29708
1.53536 1.83252
1.54199 1.09186
1.54862 0.968609
1.55525 1.54186
1.56189 0.954878
1.56852 0.924933
1.57515 1.01498
1.58178 0.938622
1.58842 1.73528
1.59505 1.21013
1.60168 0.877178
1.60831 0.978285
1.61494 1.15563
1.62158 1.06109
1.62821 1.23389
1.63484 0.518942
1.64147 0.912256
1.64811 0.940285
1.65474 0.766467
1.66137 0.824225
1.668 1.03503
1.67463 0.897883
1.68127 1.08689
1.6879 1.16536
1.69453 0.927495
1.70116 0.839509
1.70779 0.680152
1.71443 0.837869
1.72106 0.877397
1.72769 0.512283
1.73432 0.667838
1.74096 0.790717
1.74759 0.747703
1.75422 0.931518
1.76085 0.846443
1.76748 1.50728
1.77412 0.949059
1.78075 1.02714
1.78738 0.904488
1.79401 0.882532
1.80065 0.972594
1.80728 0.72008
1.81391 1.28588
1.82054 1.05423
1.82717 0.704905
1.83381 0.897912
1.84044 0.790945
1.84707 0.78932
1.8537 0.92813
1.86034 0.72138
1.86697 0.631862
1.8736 0.875012
1.88023 0.695757
1.88686 1.1792
1.8935 0.822408
1.90013 0.915438
1.90676 0.837384
1.91339 0.893349
1.92003 0.661596
1.92666 0.663745
1.93329 0.723158
1.93992 0.969099
1.94655 0.739666
1.95319 0.72266
1.95982 0.935032
1.96645 0.808821
1.97308 0.752529
1.97972 0.631005
1.98635 0.958205
1.99298 0.719801
1.99961 0.693474
2.00624 0.623588
2.01288 1.10353
2.01951 0.706546
2.02614 0.693535
2.03277 0.794536
2.03941 0.880149
2.04604 1.03125
2.05267 0.635543
2.0593 0.881226
2.06593 0.794816
2.07257 1.06417
2.0792 0.946313
2.08583 0.621078
2.09246 0.966385
2.0991 0.867583
2.10573 1.6021
2.11236 0.896674
2.11899 1.26023
2.12562 1.02998
2.13226 0.669881
2.13889 1.12326
2.14552 1.0333
2.15215 0.835425
2.15879 0.792628
2.16542 1.03749
2.17205 1.07433
2.17868 0.980424
2.18531 0.90664
2.19195 0.91129
2.19858 0.758944
2.20521 1.11398
2.21184 0.815143
2.21848 1.54077
2.22511 1.21228
2.23174 0.855781
2.23837 1.24111
2.245 0.867151
2.25164 0.840483
2.25827 1.1779
2.2649 0.920856
2.27153 1.18425
2.27817 1.0501
2.2848 0.781857
2.29143 1.2996
2.29806 1.10624
2.30469 1.19452
2.31133 0.641148
2.31796 1.30699
2.32459 1.12266
2.33122 1.16087
2.33786 0.772109
2.34449 1.04026
2.35112 0.832963
2.35775 0.974318
2.36438 1.16764
2.37102 0.995594
2.37765 0.809048
2.38428 1.01165
2.39091 0.729207
2.39755 0.949671
2.40418 0.956944
2.41081 0.828073
2.41744 0.865998
2.42407 0.785369
2.43071 1.38016
2.43734 0.998943
2.44397 0.751559
2.4506 1.23713
2.45724 0.590694
2.46387 0.989266
2.4705 0.814797
2.47713 0.951322
2.48376 1.35358
2.4904 1.06358
2.49703 0.856369
2.50366 0.674088
2.51029 1.04515
2.51692 1.45852
2.52356 1.01251
2.53019 1.00813
2.53682 0.786188
2.54345 1.02245
2.55009 1.24614
2.55672 0.792774
2.56335 1.00914
2.56998 1.01733
2.57661 0.783571
2.58325 0.916782
2.58988 1.53221
2.59651 0.795752
2.60314 0.812486
2.60978 0.920731
2.61641 0.969697
2.62304 1.12207
2.62967 0.831536
2.6363 1.0302
2.64294 1.33073
2.64957 1.27903
2.6562 0.960699
2.66283 1.02304
2.66947 0.828697
2.6761 1.0387
2.68273 0.640131
2.68936 1.2598
2.69599 0.985372
2.70263 0.955598
2.70926 1.19252
2.71589 1.05855
2.72252 1.24575
2.72916 1.07331
2.73579 0.945062
2.74242 0.915725
2.74905 1.18092
2.75568 0.904256
2.76232 1.42737
2.76895 0.930783
2.77558 1.15464
2.78221 1.31387
2.78885 1.22144
2.79548 0.87171
2.80211 1.16993
2.80874 1.45914
2.81537 0.941501
2.82201 1.07678
2.82864 1.25744
2.83527 1.08942
2.8419 1.03803
2.84854 1.27308
2.85517 1.16151
2.8618 0.972118
2.86843 1.15449
2.87506 1.07904
2.8817 1.07893
2.88833 1.20402
2.89496 1.14783
2.90159 1.21127
2.90823 0.955453
2.91486 0.882134
2.92149 1.15692
2.92812 0.924081
2.93475 0.932955
2.94139 0.976045
2.94802 1.12741
2.95465 1.12089
2.96128 1.01448
2.96792 0.911497
2.97455 0.979776
2.98118 1.31227
2.98781 0.88885
2.99444 1.10357
3.00108 1.0056
3.00771 1.00023
3.01434 1.23353
3.02097 0.846555
3.02761 0.947805
3.03424 0.983976
3.04087 1.15656
3.0475 1.0979
3.05413 0.992867
3.06077 0.782769
3.0674 1.1566
3.07403 1.31582
3.08066 0.873112
3.0873 0.71723
3.09393 0.847996
3.10056 0.850674
3.10719 1.01025
3.11382 0.94571
3.12046 0.986654
3.12709 0.992618
3.13372 1.22249
3.14035 0.954718
3.14699 0.727274
3.15362 0.798958
3.16025 1.35304
3.16688 0.939573
3.17351 1.12024
3.18015 1.1275
3.18678 0.862112
3.19341 1.10535
3.20004 1.08423
3.20668 0.970676
3.21331 0.955034
3.21994 1.21761
3.22657 0.923506
3.2332 1.18711
3.23984 0.860492
3.24647 0.980981
3.2531 0.990014
3.25973 0.736126
3.26637 1.21501
3.273 0.871547
3.27963 0.638822
3.28626 1.05529
3.29289 1.09953
3.29953 1.12953
3.30616 1.25405
3.31279 0.913181
