0.0601448 0.00980973
0.0786508 0.0898371
0.115663 0.0509176
0.124916 0.0920721
0.161928 0.074621
0.171181 0.173791
0.180434 0.0935975
0.208193 0.126469
0.226699 0.186266
0.235952 0.126315
0.245206 0.12669
0.254459 0.076645
0.291471 0.0893392
0.309977 0.0876525
0.328483 0.0204861
0.337736 0.19103
0.346989 0.110728
0.356242 0.119452
0.365495 0.105693
0.374748 0.130684
0.384001 0.086803
0.402507 0.0236979
0.41176 0.196994
0.421013 0.223804
0.439519 0.147709
0.448772 0.289172
0.458025 0.414822
0.467278 0.238575
0.476532 0.24171
0.495038 0.265105
0.513544 0.447159
0.522797 0.150781
0.53205 0.371137
0.541303 0.216195
0.550556 0.599161
0.569062 0.565795
0.578315 0.360217
0.587568 0.53472
0.596821 0.287635
0.606074 0.214471
0.615327 0.237109
0.62458 0.314869
0.633833 0.469687
0.643086 0.431424
0.652339 0.98192
0.661592 0.406369
0.670845 0.710702
0.680098 0.526039
0.698604 0.289204
0.707857 0.496211
0.717111 0.788101
0.726364 0.0814612
0.735617 0.623254
0.74487 0.655086
0.754123 0.548777
0.763376 0.388912
0.772629 0.575413
0.781882 0.0839222
0.791135 0.600378
0.800388 1.27838
0.809641 0.410669
0.818894 0.818971
0.828147 0.782327
0.8374 0.445566
0.846653 1.12732
0.855906 1.40239
0.865159 0.497288
0.874412 1.16789
0.883665 0.516895
0.902171 1.01162
0.911424 0.659719
0.92993 1.09147
0.939183 1.60801
0.948436 1.09996
0.95769 1.19283
0.966943 0.759863
0.985449 0.780217
0.994702 0.876955
1.01321 1.03277
1.02246 0.938742
1.03171 0.546577
1.04097 0.935044
1.05022 0.537081
1.05947 1.75833
1.06873 1.10036
1.07798 0.808814
1.08723 0.989756
1.09649 0.663721
1.10574 0.904396
1.11499 1.33735
1.12424 0.651629
1.1335 0.800133
1.14275 0.697608
1.152 1.38633
1.16126 1.52051
1.17051 0.947442
1.17976 0.523455
1.18902 0.569417
1.20752 0.745311
1.21677 1.67532
1.22603 1.11586
1.23528 1.75322
1.24453 1.16658
1.25379 1.34719
1.26304 0.733566
1.27229 1.28126
1.28155 1.48465
1.2908 0.432852
1.30005 1.55516
1.30931 1.34885
1.31856 1.179
1.32781 1.49687
1.33706 1.26039
1.34632 1.35935
1.35557 1.03916
1.36482 0.799718
1.37408 1.55834
1.38333 0.296567
1.39258 0.885033
1.40184 1.66629
1.41109 1.89884
1.42034 2.2474
1.42959 1.33982
1.43885 0.332862
1.4481 1.41816
1.45735 1.13728
1.46661 0.766026
1.47586 1.01432
1.48511 0.743649
1.49437 0.957936
1.50362 1.23429
1.51287 0.612278
1.52212 1.04142
1.53138 1.0806
1.54063 1.19324
1.54988 1.53064
1.55914 1.50254
1.56839 1.02906
1.57764 0.665958
1.5869 1.18657
1.59615 1.36303
1.6054 0.667253
1.61466 1.16261
1.62391 0.761439
1.63316 1.08208
1.64241 0.628972
1.65167 1.16514
1.66092 0.799321
1.67017 0.73508
1.67943 1.17776
1.68868 0.986385
1.69793 0.762417
1.70719 1.02434
1.71644 0.946215
1.72569 0.869719
1.73494 0.889848
1.7442 1.57895
1.75345 0.533583
1.7627 0.871859
1.77196 1.01418
1.78121 1.69395
1.79046 0.972524
1.79972 0.693189
1.80897 0.78315
1.81822 1.01634
1.82748 1.31321
1.83673 1.02682
1.84598 0.731733
1.85523 0.894874
1.86449 1.03722
1.87374 0.640467
1.88299 1.17377
1.89225 1.13246
1.9015 0.88486
1.91075 0.984749
1.92001 0.795484
1.92926 1.60348
1.93851 0.8062
1.94776 0.920457
1.95702 1.08644
1.96627 1.12933
1.97552 1.23346
1.98478 0.649838
1.99403 0.906263
2.00328 1.02157
2.01254 0.559807
2.02179 0.893698
2.03104 1.39826
2.0403 1.26194
2.04955 0.884597
2.0588 1.01893
2.06805 0.695429
2.07731 0.928229
2.08656 0.818336
2.09581 1.17171
2.10507 0.7207
2.11432 1.11039
2.12357 0.832573
2.13283 0.886026
2.14208 1.04943
2.15133 1.51536
2.16058 0.779425
2.16984 0.751867
2.17909 0.931979
2.18834 0.889799
2.1976 0.908751
2.20685 0.750319
2.2161 0.670393
2.22536 1.05152
2.23461 0.682839
2.24386 1.03469
2.25311 1.03186
2.26237 0.689514
2.27162 1.21233
2.28087 0.660619
2.29013 0.615206
2.29938 0.875234
2.30863 0.781297
2.31789 0.583096
2.32714 1.06478
2.33639 0.825726
2.34565 0.892138
2.3549 0.711895
2.36415 0.820187
2.3734 0.830338
2.38266 0.775657
2.39191 0.912222
2.40116 0.758651
2.41042 0.829822
2.41967 0.862025
2.42892 0.976053
2.43818 1.18789
2.44743 1.44413
2.45668 0.914609
2.46593 0.824451
2.47519 0.706152
2.48444 0.786112
2.49369 0.967231
2.50295 1.00919
2.5122 0.893221
2.52145 0.905296
2.53071 0.672641
2.53996 0.992524
2.54921 0.714839
2.55847 1.00947
2.56772 1.04109
2.57697 0.690855
2.58622 1.39744
2.59548 1.0271
2.60473 1.22194
2.61398 0.73757
2.62324 0.68526
2.63249 1.01356
2.64174 0.812055
2.651 1.13998
2.66025 1.0119
2.6695 0.849293
2.67875 0.799796
2.68801 0.846264
2.69726 1.17711
2.70651 0.777532
2.71577 1.59683
2.72502 1.03329
2.73427 1.01958
2.74353 1.28499
2.75278 0.877049
2.76203 1.19034
2.77129 1.21364
2.78054 1.11521
2.78979 1.00103
2.79904 1.23087
2.8083 0.893037
2.81755 1.26678
2.8268 0.996749
2.83606 0.849149
2.84531 1.01333
2.85456 0.940134
2.86382 1.18297
2.87307 1.39739
2.88232 0.972191
2.89157 1.07085
2.90083 1.22755
2.91008 0.873319
2.91933 1.17891
2.92859 1.01587
2.93784 1.4623
2.94709 1.20578
2.95635 0.894995
2.9656 1.19673
2.97485 0.925669
2.98411 1.56211
2.99336 0.348119
3.00261 1.28672
3.01186 0.873165
3.02112 0.923957
3.03037 1.21289
3.03962 0.900056
3.04888 1.06229
3.05813 0.746415
3.06738 1.46893
3.07664 1.02458
3.08589 1.28772
3.09514 0.847384
3.10439 0.957042
3.11365 1.03054
3.1229 1.15511
3.13215 1.16761
3.14141 1.13828
3.15066 0.892114
3.15991 1.27949
3.16917 0.776569
3.17842 1.0549
3.18767 1.0793
3.19692 1.13294
3.20618 0.896923
3.21543 0.730385
3.22468 1.67648
3.23394 0.961848
3.24319 1.15375
3.25244 1.55523
3.2617 1.20434
3.27095 1.02837
3.2802 1.15395
3.28946 0.677892
3.29871 0.858118
3.30796 1.23307
3.31721 0.837161
3.32647 1.06008
3.33572 1.13572
3.34497 0.968107
3.35423 0.981747
3.36348 0.918474
3.37273 0.963275
3.38199 0.980639
3.39124 0.806265
3.40049 0.746629
3.40974 0.826525
3.419 1.00613
3.42825 0.568673
3.4375 0.974729
3.44676 0.918031
3.45601 1.28255
3.46526 0.717476
3.47452 1.20765
3.48377 0.854839
3.49302 0.722907
3.50228 0.940925
3.51153 0.929237
3.52078 1.0754
3.53003 1.07009
3.53929 0.560386
3.54854 0.893019
3.55779 1.32578
3.56705 1.03511
3.5763 1.11475
3.58555 0.891587
3.59481 0.876268
3.60406 1.16157
3.61331 0.94788
3.62256 1.13152
3.63182 0.676286
3.64107 0.837308
3.65032 1.10591
3.65958 0.725148
3.66883 1.00698
3.67808 0.933945
3.68734 0.674798
3.69659 0.841953
3.70584 0.742454
3.7151 0.977057
3.72435 1.14653
3.7336 0.857571
3.74285 1.42508
3.75211 0.817665
3.76136 1.03963
3.77061 1.08315
3.77987 0.925401
3.78912 1.00201
3.79837 0.899763
3.80763 0.979328
3.81688 0.754
3.82613 1.13594
3.83538 1.28655
3.84464 0.8641
3.85389 0.968712
3.86314 0.810673
3.8724 1.09547
3.88165 0.809644
3.8909 0.770827
3.90016 0.70965
3.90941 0.631426
3.91866 0.834695
3.92792 0.69469
3.93717 0.982029
3.94642 1.04495
3.95567 1.05259
3.96493 1.0967
3.97418 0.953717
3.98343 1.04225
3.99269 1.0661
4.00194 1.20701
4.01119 0.954324
4.02045 0.940602
4.0297 1.21434
4.03895 0.78156
4.0482 1.19233
4.05746 1.02446
4.06671 0.864069
4.07596 1.12914
4.08522 1.01332
4.09447 0.960038
4.10372 0.987395
4.11298 1.11929
4.12223 1.11597
4.13148 0.997928
4.14073 1.06718
4.14999 1.37743
4.15924 1.75872
4.16849 0.958876
4.17775 1.06593
4.187 0.819754
4.19625 1.20545
4.20551 0.612901
4.21476 1.02376
4.22401 1.16545
4.23327 0.924023
4.24252 0.839004
4.25177 1.15245
4.26102 0.805463
4.27028 0.951875
4.27953 0.899607
4.28878 1.1787
4.29804 1.20501
4.30729 0.87642
4.31654 0.735656
4.3258 0.980583
4.33505 1.15556
4.3443 1.10784
4.35355 1.05813
4.36281 1.24017
4.37206 0.875679
4.38131 0.863048
4.39057 0.917895
4.39982 1.04944
4.40907 0.90981
4.41833 1.00028
4.42758 1.14213
4.43683 1.00762
4.44609 0.964721
4.45534 0.947835
4.46459 0.963159
4.47384 1.16535
4.4831 0.869545
4.49235 1.02923
4.5016 1.15578
4.51086 0.964729
4.52011 0.93337
4.52936 0.813455
4.53862 1.08237
4.54787 0.753453
4.55712 1.02827
4.56637 0.760601
4.57563 1.21678
4.58488 0.996942
4.59413 1.3094
4.60339 1.58342
4.61264 0.963214
4.62189 1.38257
