0.0735391 0.0165361
0.0961665 0.166763
0.141421 0.188306
0.152735 0.129451
0.19799 0.169671
0.209304 0.13781
0.220617 0.0705519
0.254558 0.153514
0.277186 0.149023
0.2885 0.119365
0.299813 0.0784755
0.311127 0.117104
0.356382 0.06066
0.379009 0.0688105
0.401637 0.0366686
0.41295 0.129311
0.424264 0.0942118
0.435578 0.0866581
0.446891 0.274915
0.458205 0.0513252
0.469519 0.103327
0.492146 0.0917052
0.50346 0.11394
0.514774 0.215921
0.537401 0.310862
0.548715 0.243733
0.560029 0.269122
0.571342 0.330759
0.582656 0.15937
0.605283 0.395154
0.627911 0.227139
0.639225 0.293817
0.650538 0.23837
0.661852 0.418162
0.673166 0.307632
0.695793 0.56099
0.707107 0.294361
0.71842 0.481979
0.729734 0.647637
0.741048 0.451338
0.752362 1.17767
0.763675 0.408148
0.774989 1.51874
0.786303 0.464277
0.797616 0.300851
0.80893 0.915357
0.820244 1.05531
0.831558 0.316274
0.854185 0.59911
0.865499 0.54201
0.876812 1.32595
0.888126 0.459528
0.89944 1.03785
0.910754 1.33858
0.922067 0.789366
0.933381 0.839112
0.944695 0.868446
0.956008 0.335898
0.967322 1.90706
0.978636 2.23319
0.989949 1.01456
1.00126 1.41275
1.01258 0.870819
1.02389 1.12519
1.0352 2.88349
1.04652 1.9172
1.05783 0.924824
1.06915 1.33311
1.08046 1.40444
1.10309 0.811479
1.1144 1.35662
1.13703 1.38988
1.14834 2.12699
1.15966 0.975608
1.17097 1.1416
1.18228 1.46708
1.20491 0.895471
1.21622 0.879083
1.23885 1.32375
1.25016 0.954371
1.26148 0.824756
1.27279 0.629837
1.28411 0.798202
1.29542 1.8251
1.30673 1.5279
1.31805 1.05525
1.32936 1.25195
1.34067 0.734086
1.35199 0.911843
1.3633 1.41908
1.37462 0.895088
1.38593 0.780387
1.39724 0.973339
1.40856 0.882084
1.41987 1.74602
1.43118 1.06833
1.4425 0.709223
1.45381 0.613734
1.47644 0.655644
1.48775 1.48322
1.49907 1.05602
1.51038 1.69567
1.52169 1.25681
1.53301 1.23949
1.54432 0.995466
1.55563 1.02669
1.56695 1.09792
1.57826 0.552282
1.58958 1.29418
1.60089 1.22092
1.6122 0.934715
1.62352 1.13037
1.63483 1.01468
1.64614 0.949883
1.65746 0.687206
1.66877 0.790798
1.68009 1.43721
1.6914 0.347147
1.70271 0.693456
1.71403 1.19195
1.72534 1.42791
1.73665 1.38882
1.74797 0.905167
1.75928 0.499674
1.7706 1.28466
1.78191 0.638265
1.79322 0.829579
1.80454 0.73725
1.81585 0.648174
1.82716 0.168511
1.83848 0.99355
1.84979 0.712466
1.86111 0.634131
1.87242 1.37235
1.88373 1.00789
1.89505 0.73205
1.90636 0.972216
1.91767 0.684802
1.92899 0.792715
1.9403 0.814244
1.95161 0.876579
1.96293 0.902384
1.97424 1.1959
1.98556 0.833469
1.99687 1.04231
2.00818 0.751277
2.0195 1.00666
2.03081 1.18325
2.04212 0.822352
2.05344 1.09364
2.06475 0.985842
2.07607 0.550279
2.08738 1.22035
2.09869 0.81636
2.11001 0.610505
2.12132 0.84878
2.13263 1.01007
2.14395 0.605122
2.15526 1.01321
2.16658 0.526624
2.17789 1.49886
2.1892 0.954731
2.20052 0.791365
2.21183 0.740693
2.22314 0.911293
2.23446 0.914812
2.24577 0.996798
2.25708 0.86798
2.2684 0.847726
2.27971 1.02706
2.29103 0.576736
2.30234 1.09319
2.31365 0.778267
2.32497 1.18146
2.33628 0.963442
2.34759 0.777613
2.35891 1.32873
2.37022 0.918912
2.38154 1.01126
2.39285 1.42533
2.40416 0.889597
2.41548 1.35008
2.42679 0.613646
2.4381 1.14512
2.44942 1.06228
2.46073 0.749837
2.47205 1.11314
2.48336 1.04433
2.49467 1.69926
2.50599 1.13166
2.5173 1.30766
2.52861 0.782361
2.53993 1.15049
2.55124 1.03118
2.56255 1.15683
2.57387 1.06428
2.58518 1.24068
2.5965 0.82006
2.60781 0.920379
2.61912 1.10123
2.63044 2.0626
2.64175 0.918202
2.65306 0.908222
2.66438 1.10538
2.67569 0.545745
2.68701 1.24682
2.69832 1.04036
2.70963 0.717765
2.72095 0.946088
2.73226 0.950014
2.74357 0.977401
2.75489 0.974423
2.7662 0.802723
2.77752 1.46553
2.78883 0.799852
2.80014 0.792405
2.81146 1.31118
2.82277 1.00112
2.83408 0.746505
2.8454 0.936879
2.85671 0.687336
2.86803 0.868044
2.87934 1.22441
2.89065 0.87819
2.90197 1.15163
2.91328 0.634691
2.92459 0.978851
2.93591 0.977942
2.94722 0.710313
2.95853 1.02237
2.96985 1.02829
2.98116 1.24053
2.99248 1.97818
3.00379 1.07604
3.0151 0.883172
3.02642 0.775419
3.03773 0.913918
3.04904 0.991686
3.06036 0.962802
3.07167 0.945296
3.08299 0.906647
3.0943 0.615854
3.10561 1.10637
3.11693 0.688192
3.12824 1.03222
3.13955 0.940098
3.15087 0.738392
3.16218 1.19078
3.1735 1.07042
3.18481 1.12586
3.19612 0.754339
3.20744 0.810336
3.21875 0.76657
3.23006 1.16012
3.24138 0.864442
3.25269 0.82921
3.264 0.933385
3.27532 0.737467
3.28663 1.04381
3.29795 0.848564
3.30926 0.801153
3.32057 1.01204
3.33189 1.04445
3.3432 1.09226
3.35451 1.0539
3.36583 0.79669
3.37714 1.35052
3.38846 1.17902
3.39977 1.15733
3.41108 0.923583
3.4224 1.03155
3.43371 0.743322
3.44502 1.21527
3.45634 1.08678
3.46765 0.908016
3.47897 0.946402
3.49028 0.917138
3.50159 1.09515
3.51291 1.28222
3.52422 0.853826
3.53553 1.06005
3.54685 1.12967
3.55816 0.925566
3.56948 1.2864
3.58079 0.994832
3.5921 1.15512
3.60342 0.900709
3.61473 0.929386
3.62604 1.08877
3.63736 0.738262
3.64867 1.10628
3.65998 0.312645
3.6713 1.23653
3.68261 0.871301
3.69393 0.970359
3.70524 1.04241
3.71655 0.891447
3.72787 1.15776
3.73918 0.770164
3.75049 1.26143
3.76181 1.1367
3.77312 1.29696
3.78444 0.862476
3.79575 0.907089
3.80706 0.934809
3.81838 1.1875
3.82969 1.02665
3.841 1.16123
3.85232 0.905825
3.86363 1.25033
3.87495 0.832664
3.88626 0.95821
3.89757 1.06499
3.90889 1.23749
3.9202 0.982585
3.93151 0.919347
3.94283 1.16891
3.95414 0.91858
3.96545 0.831952
3.97677 1.25542
3.98808 1.27188
3.9994 0.879405
4.01071 1.09917
4.02202 0.61734
4.03334 0.784074
4.04465 0.848405
4.05596 0.997707
4.06728 1.18581
4.07859 1.26816
4.08991 0.718321
4.10122 1.11043
4.11253 1.07805
4.12385 0.99729
4.13516 0.937985
4.14647 0.685076
4.15779 0.952408
4.1691 0.878696
4.18042 0.770996
4.19173 0.705302
4.20304 1.12574
4.21436 0.960817
4.22567 1.26634
4.23698 0.897751
4.2483 1.61297
4.25961 0.85197
4.27092 0.866671
4.28224 0.722231
4.29355 0.988414
4.30487 1.0123
4.31618 1.05664
4.32749 0.836351
4.33881 0.97771
4.35012 1.06921
4.36143 1.09644
4.37275 1.45381
4.38406 0.918606
4.39538 0.663559
4.40669 1.20066
4.418 0.901384
4.42932 0.873241
4.44063 0.977327
4.45194 0.872371
4.46326 1.3804
4.47457 0.761652
4.48589 0.965617
4.4972 1.26634
4.50851 0.792179
4.51983 0.771204
4.53114 0.846496
4.54245 0.916609
4.55377 1.0636
4.56508 0.918216
4.5764 1.50591
4.58771 1.0228
4.59902 1.01426
4.61034 0.849338
4.62165 0.966056
4.63296 0.764511
4.64428 0.869951
4.65559 0.893884
4.6669 0.881665
4.67822 0.91844
4.68953 1.59894
4.70085 0.837525
4.71216 0.914777
4.72347 1.00504
4.73479 0.923734
4.7461 0.869081
4.75741 0.930278
4.76873 0.768356
4.78004 0.872349
4.79136 1.0633
4.80267 0.754766
4.81398 1.07214
4.8253 0.900789
4.83661 1.07685
4.84792 1.34912
4.85924 0.961165
4.87055 0.998981
4.88187 1.23665
4.89318 1.08598
4.90449 1.10439
4.91581 1.24956
4.92712 1.21291
4.93843 0.783313
4.94975 1.23862
4.96106 0.866439
4.97237 0.83355
4.98369 1.04709
4.995 0.900752
5.00632 1.05606
5.01763 1.20056
5.02894 1.07031
5.04026 1.19409
5.05157 0.854524
5.06288 1.05772
5.0742 1.03012
5.08551 1.58657
5.09683 0.856579
5.10814 1.08795
5.11945 1.09852
5.13077 1.29065
5.14208 0.93383
5.15339 1.10036
5.16471 0.96879
5.17602 1.03624
5.18734 0.94812
5.19865 1.13612
5.20996 0.841523
5.22128 0.90124
5.23259 1.04083
5.2439 1.39772
5.25522 1.23002
5.26653 0.980948
5.27785 0.709398
5.28916 1.07981
5.30047 0.987419
5.31179 1.0757
5.3231 0.770421
5.33441 1.19346
5.34573 0.896254
5.35704 0.866636
5.36835 0.841193
5.37967 1.03449
5.39098 0.943324
5.4023 0.843266
5.41361 1.19489
5.42492 0.999357
5.43624 0.938514
5.44755 0.78591
5.45886 0.783742
5.47018 1.16753
5.48149 0.793582
5.49281 0.830735
5.50412 1.0652
5.51543 0.918575
5.52675 0.947473
5.53806 0.94179
5.54937 1.05624
5.56069 0.876819
5.572 0.96768
5.58332 1.0254
5.59463 0.928446
5.60594 1.07208
5.61726 1.12238
5.62857 1.51947
5.63988 0.875654
5.6512 1.16571
