0.0702767 0.00164223
0.0919003 0.00126189
0.135147 0.00166987
0.145959 0.00117954
0.189206 0.0119385
0.200018 0.00359384
0.21083 0.00918349
0.243265 0.0131861
0.264889 0.00628737
0.275701 0.0382049
0.286513 0.0257601
0.297324 0.0349396
0.340572 0.0430897
0.362195 0.0136269
0.383819 0.0727994
0.394631 0.108812
0.405442 0.0699438
0.416254 0.0395122
0.427066 0.0573402
0.437878 0.273513
0.44869 0.183121
0.470313 0.0776251
0.481125 0.212495
0.491937 0.144327
0.51356 0.101488
0.524372 0.0876292
0.535184 0.123661
0.545996 0.180603
0.556808 0.119133
0.578431 0.230496
0.600055 0.289725
0.610867 0.337024
0.621678 0.371207
0.63249 0.0863605
0.643302 0.343524
0.664926 0.196289
0.675737 0.406379
0.686549 0.455414
0.697361 0.364785
0.708173 0.425343
0.718985 0.6197
0.729796 0.34042
0.740608 0.921894
0.75142 0.352582
0.762232 0.619946
0.773044 0.45552
0.783855 0.4095
0.794667 1.05926
0.816291 0.415085
0.827103 0.658496
0.837914 0.290723
0.848726 0.857385
0.859538 0.342452
0.87035 0.568069
0.881162 0.86695
0.891973 1.22497
0.902785 1.11083
0.913597 0.235148
0.924409 0.602111
0.935221 1.93891
0.946032 1.85636
0.956844 1.08824
0.967656 0.838623
0.978468 0.479356
0.98928 0.866036
1.00009 0.984755
1.0109 0.56437
1.02171 0.784289
1.03253 1.0611
1.05415 1.49218
1.06496 1.816
1.08659 1.65177
1.0974 1.52783
1.10821 2.6189
1.11902 1.80069
1.12983 1.31774
1.15146 1.31576
1.16227 0.818289
1.18389 1.80629
1.1947 2.02663
1.20552 1.51578
1.21633 1.04618
1.22714 0.444062
1.23795 1.05228
1.24876 1.51707
1.25957 2.95789
1.27039 0.784292
1.2812 1.94384
1.29201 1.94388
1.30282 1.02337
1.31363 0.899727
1.32445 0.89008
1.33526 2.46148
1.34607 0.692192
1.35688 1.18557
1.36769 1.68335
1.3785 1.57948
1.38932 1.18375
1.41094 1.10939
1.42175 0.78027
1.43256 2.1005
1.44338 0.916778
1.45419 1.07671
1.465 0.730989
1.47581 1.70314
1.48662 0.877306
1.49743 0.99942
1.50825 1.14393
1.51906 1.64101
1.52987 0.658465
1.54068 0.571162
1.55149 1.67796
1.5623 1.27132
1.57312 1.38429
1.58393 1.48492
1.59474 0.773315
1.60555 0.49295
1.61636 1.48893
1.62718 0.921432
1.63799 1.41272
1.6488 1.0071
1.65961 0.686039
1.67042 0.642253
1.68123 1.58737
1.69205 0.708747
1.70286 0.473471
1.71367 0.815185
1.72448 0.75839
1.73529 0.678592
1.74611 0.297428
1.75692 0.593607
1.76773 0.647245
1.77854 0.803502
1.78935 0.475436
1.80016 0.589804
1.81098 0.525833
1.82179 0.552336
1.8326 0.488995
1.84341 0.78749
1.85422 0.610781
1.86504 0.507592
1.87585 0.677261
1.88666 0.432221
1.89747 0.794165
1.90828 0.736569
1.91909 0.333316
1.92991 0.862173
1.94072 0.6459
1.95153 0.863321
1.96234 0.642916
1.97315 0.811306
1.98396 0.444133
1.99478 0.385488
2.00559 0.760354
2.0164 1.07647
2.02721 0.570325
2.03802 0.827137
2.04884 0.788764
2.05965 1.07709
2.07046 0.68017
2.08127 0.80342
2.09208 0.704681
2.10289 0.568836
2.11371 0.675343
2.12452 0.788871
2.13533 1.17385
2.14614 0.649421
2.15695 1.46373
2.16777 0.654165
2.17858 1.0109
2.18939 1.28095
2.2002 0.968179
2.21101 0.956005
2.22182 0.765879
2.23264 0.922129
2.24345 1.07788
2.25426 1.08202
2.26507 0.793754
2.27588 1.40863
2.2867 2.18298
2.29751 1.02526
2.30832 1.19114
2.31913 0.748737
2.32994 1.09675
2.34075 1.45994
2.35157 0.721897
2.36238 1.59302
2.37319 1.83889
2.384 1.69509
2.39481 1.55794
2.40563 0.696102
2.41644 1.77039
2.42725 1.70391
2.43806 1.35533
2.44887 0.886213
2.45968 1.45812
2.4705 2.05512
2.48131 1.35825
2.49212 1.68854
2.50293 1.10381
2.51374 1.12733
2.52455 1.4536
2.53537 2.00974
2.54618 0.985977
2.55699 0.815187
2.5678 1.28606
2.57861 1.26061
2.58943 1.04357
2.60024 1.22267
2.61105 1.46857
2.62186 0.960238
2.63267 1.29918
2.64348 1.40667
2.6543 0.784229
2.66511 1.03082
2.67592 1.02779
2.68673 1.18252
2.69754 1.03963
2.70836 1.02405
2.71917 0.910312
2.72998 1.17838
2.74079 0.767945
2.7516 1.26111
2.76241 1.07611
2.77323 0.754553
2.78404 1.08458
2.79485 0.733357
2.80566 0.916351
2.81647 0.909485
2.82729 0.609974
2.8381 1.02217
2.84891 0.742376
2.85972 0.32652
2.87053 0.843578
2.88134 1.12794
2.89216 0.974936
2.90297 0.704052
2.91378 0.824645
2.92459 0.491998
2.9354 0.712496
2.94621 0.624251
2.95703 0.56099
2.96784 0.705095
2.97865 0.724628
2.98946 0.606465
3.00027 0.628006
3.01109 1.01544
3.0219 0.747095
3.03271 0.722058
3.04352 0.734025
3.05433 0.819641
3.06514 0.632849
3.07596 0.736322
3.08677 0.982541
3.09758 0.60646
3.10839 0.710984
3.1192 1.15266
3.13002 0.791895
3.14083 0.976461
3.15164 1.12537
3.16245 0.624534
3.17326 0.701862
3.18407 0.615216
3.19489 0.69817
3.2057 1.06147
3.21651 0.716466
3.22732 0.69304
3.23813 0.773018
3.24895 0.779186
3.25976 0.856228
3.27057 1.09424
3.28138 1.28318
3.29219 0.757296
3.303 0.883058
3.31382 0.763932
3.32463 0.839368
3.33544 0.82898
3.34625 0.829107
3.35706 0.811546
3.36788 1.01387
3.37869 1.03705
3.3895 0.979186
3.40031 0.951392
3.41112 1.06357
3.42193 1.03675
3.43275 0.919419
3.44356 1.13631
3.45437 0.995413
3.46518 0.831224
3.47599 1.49109
3.4868 1.28433
3.49762 1.03399
3.50843 0.990423
3.51924 1.38532
3.53005 2.07176
3.54086 1.26049
3.55168 0.90267
3.56249 1.36121
3.5733 1.18893
3.58411 1.56537
3.59492 1.27204
3.60573 1.42918
3.61655 1.13923
3.62736 1.29524
3.63817 1.505
3.64898 1.18042
3.65979 1.31262
3.67061 0.771654
3.68142 1.0215
3.69223 1.22781
3.70304 1.37648
3.71385 1.26585
3.72466 1.30394
3.73548 0.917257
3.74629 1.57913
3.7571 1.48923
3.76791 0.858576
3.77872 1.2568
3.78954 1.13655
3.80035 1.14689
3.81116 1.31299
3.82197 1.26783
3.83278 1.35517
3.84359 1.2144
3.85441 0.942451
3.86522 1.17294
3.87603 1.08996
3.88684 1.15476
3.89765 0.887161
3.90846 0.750295
3.91928 0.737453
3.93009 0.92386
3.9409 0.731895
3.95171 1.00666
3.96252 1.07823
3.97334 0.791495
3.98415 1.11222
3.99496 1.15769
4.00577 0.884936
4.01658 0.888219
4.02739 0.919403
4.03821 0.985142
4.04902 1.08297
4.05983 0.873447
4.07064 0.824621
4.08145 0.696977
4.09227 0.779353
4.10308 0.953365
4.11389 0.694098
4.1247 0.771799
4.13551 0.975514
4.14632 0.846655
4.15714 0.757536
4.16795 0.840207
4.17876 0.666264
4.18957 0.644383
4.20038 0.783908
4.2112 0.592188
4.22201 1.0569
4.23282 0.599724
4.24363 0.804445
4.25444 0.820075
4.26525 0.746083
4.27607 0.831167
4.28688 0.610522
4.29769 0.785657
4.3085 0.751173
4.31931 0.771319
4.33013 1.0877
4.34094 0.456404
4.35175 0.876467
4.36256 0.733507
4.37337 0.755924
4.38418 0.751319
4.395 0.80899
4.40581 0.576215
4.41662 0.809433
4.42743 0.986093
4.43824 0.954844
4.44905 0.865799
4.45987 0.800748
4.47068 0.763736
4.48149 1.26716
4.4923 0.899649
4.50311 1.02506
4.51393 0.939962
4.52474 1.04814
4.53555 0.976234
4.54636 0.86087
4.55717 1.05387
4.56798 1.27806
4.5788 0.775304
4.58961 0.951625
4.60042 1.23754
4.61123 0.80193
4.62204 1.14503
4.63286 1.09531
4.64367 1.17482
4.65448 0.956138
4.66529 1.27998
4.6761 1.39338
4.68691 1.17114
4.69773 1.2603
4.70854 1.21119
4.71935 1.33729
4.73016 1.65501
4.74097 1.37232
4.75179 1.42829
4.7626 1.58255
4.77341 1.14771
4.78422 1.3194
4.79503 1.33063
4.80584 1.10557
4.81666 1.08691
4.82747 1.19639
4.83828 1.04848
4.84909 1.08522
4.8599 1.5783
4.87072 1.39519
4.88153 1.04405
4.89234 1.45348
4.90315 1.70948
4.91396 1.38772
4.92477 1.35401
4.93559 1.14711
4.9464 0.743735
4.95721 1.12248
4.96802 0.948278
4.97883 1.04816
4.98964 0.906181
5.00046 0.878662
5.01127 0.987179
5.02208 1.06379
5.03289 1.03657
5.0437 0.938746
5.05452 0.923242
5.06533 0.919942
5.07614 1.18168
5.08695 0.939124
5.09776 0.642483
5.10857 1.2139
5.11939 0.818441
5.1302 1.26129
5.14101 0.94113
5.15182 1.05508
5.16263 0.77019
5.17345 0.824836
5.18426 0.968497
5.19507 1.00991
5.20588 0.70165
5.21669 0.698967
5.2275 0.879172
5.23832 0.928517
5.24913 0.659228
5.25994 0.908536
5.27075 0.754151
5.28156 0.755983
5.29238 1.03347
5.30319 1.08493
5.314 0.80375
5.32481 0.678327
5.33562 0.631488
5.34643 0.615905
5.35725 0.746677
5.36806 0.747564
5.37887 0.693317
5.38968 0.766927
5.40049 0.789841
