0.104 0.000967443
0.136 0.00020678
0.2 0.000280821
0.216 0.00145271
0.28 0.00235353
0.296 0.00231809
0.312 0.00525341
0.36 0.0170753
0.392 0.0137971
0.408 0.0270204
0.424 0.0117698
0.44 0.00447647
0.504 0.0160406
0.536 0.0289178
0.568 0.0193151
0.584 0.0660444
0.6 0.123381
0.616 0.146777
0.632 0.157015
0.648 0.247224
0.664 0.130466
0.696 0.114937
0.712 0.174295
0.728 0.173404
0.76 0.168038
0.776 0.211332
0.792 0.249388
0.808 0.293671
0.824 0.357104
0.856 0.906033
0.888 1.34923
0.904 1.73742
0.92 2.09955
0.936 1.61331
0.952 0.667155
0.984 1.62381
1 1.63268
1.016 2.246
1.032 1.95807
1.048 0.507594
1.064 1.74671
1.08 0.693503
1.096 3.12251
1.112 2.27982
1.128 1.06892
1.144 0.988683
1.16 2.44162
1.176 2.73758
1.208 1.71218
1.224 2.05464
1.24 0.261392
1.256 1.75058
1.272 0.691433
1.288 3.1319
1.304 1.11136
1.32 1.11173
1.336 1.00398
1.352 1.96859
1.368 0.818879
1.384 0.4503
1.4 0.659793
1.416 1.01576
1.432 0.39372
1.448 1.01602
1.464 0.847018
1.48 0.859897
1.496 0.569116
1.512 0.471227
1.528 0.518462
1.56 0.516074
1.576 0.316861
1.608 0.808201
1.624 0.811718
1.64 0.685357
1.656 0.463129
1.672 0.822244
1.704 0.507262
1.72 0.592787
1.752 0.737024
1.768 0.557564
1.784 0.347624
1.8 0.962314
1.816 1.10444
1.832 0.540456
1.848 0.921491
1.864 0.765927
1.88 0.615667
1.896 0.898559
1.912 1.05483
1.928 1.43311
1.944 1.26208
1.96 0.567659
1.976 0.792971
1.992 1.65521
2.008 1.05307
2.024 1.18901
2.04 1.78701
2.056 1.34369
2.088 1.14952
2.104 1.48314
2.12 1.25193
2.136 1.96339
2.152 1.01958
2.168 1.95265
2.184 1.15088
2.2 1.33851
2.216 1.51339
2.232 1.0985
2.248 1.30968
2.264 0.905697
2.28 0.845989
2.296 0.909123
2.312 1.0861
2.328 0.748259
2.344 1.21665
2.36 1.51696
2.376 1.12587
2.392 0.933601
2.408 0.976904
2.424 1.07913
2.44 1.21924
2.456 0.435127
2.472 0.701233
2.488 1.0214
2.504 1.33746
2.52 0.796809
2.536 0.635293
2.552 0.925495
2.568 0.84263
2.584 1.2358
2.6 0.756003
2.616 0.791138
2.632 0.996983
2.648 0.827362
2.664 0.509267
2.68 1.27344
2.696 0.736886
2.712 0.940416
2.728 0.584595
2.744 0.718534
2.76 0.517292
2.776 0.829835
2.792 0.739916
2.808 1.05808
2.824 0.766149
2.84 0.797593
2.856 0.895031
2.872 1.09589
2.888 1.17598
2.904 0.604352
2.92 0.989973
2.936 0.770086
2.952 0.838722
2.968 0.953433
2.984 1.60235
3 1.15207
3.016 0.828203
3.032 0.933742
3.048 1.508
3.064 1.56609
3.08 1.26334
3.096 1.23538
3.112 1.11809
3.128 1.06749
3.144 1.31075
3.16 0.849094
3.176 1.2645
3.192 0.937512
3.208 1.50915
3.224 1.56559
3.24 1.17499
3.256 0.888722
3.272 1.30124
3.288 0.785535
3.304 1.05524
3.32 1.17742
3.336 1.12755
3.352 1.69261
3.368 1.04872
3.384 0.647598
3.4 0.89318
3.416 0.996818
3.432 0.712769
3.448 0.803436
3.464 0.858181
3.48 0.558035
3.496 0.953421
3.512 0.837237
3.528 0.733442
3.544 0.73044
3.56 0.707473
3.576 0.657637
3.592 1.03631
3.608 0.896704
3.624 0.614312
3.64 1.10712
3.656 1.12362
3.672 0.590744
3.688 0.439245
3.704 0.794109
3.72 0.86501
3.736 0.945465
3.752 1.1443
3.768 1.03059
3.784 1.10124
3.8 1.02848
3.816 0.737628
3.832 0.994913
3.848 0.765956
3.864 1.1038
3.88 0.745721
3.896 1.17538
3.912 0.840619
3.928 1.14161
3.944 1.06311
3.96 0.787734
3.976 1.35061
3.992 1.26928
4.008 1.13441
4.024 1.14677
4.04 1.04773
4.056 1.04535
4.072 1.13682
4.088 0.961155
4.104 1.3104
4.12 0.77884
4.136 1.08205
4.152 0.989607
4.168 1.16732
4.184 1.06442
4.2 1.21275
4.216 1.16465
4.232 1.34868
4.248 1.19501
4.264 2.18954
4.28 0.929204
4.296 0.97442
4.312 1.10603
4.328 0.894429
4.344 1.11742
4.36 0.863034
4.376 1.16429
4.392 0.99698
4.408 0.786732
4.424 0.97353
4.44 1.03305
4.456 0.99898
4.472 0.768849
4.488 0.987054
4.504 0.795736
4.52 0.879159
4.536 0.819181
4.552 0.554987
4.568 0.892448
4.584 0.851025
4.6 0.668268
4.616 0.890075
4.632 0.654587
4.648 0.649452
4.664 0.741315
4.68 1.19889
4.696 1.32698
4.712 0.803905
4.728 0.948999
4.744 0.959086
4.76 0.964145
4.776 0.958455
4.792 0.859818
4.808 1.19514
4.824 0.72294
4.84 1.01223
4.856 1.38139
4.872 0.999346
4.888 0.939149
4.904 1.17549
4.92 1.33448
4.936 0.81877
4.952 0.895729
4.968 1.04184
4.984 1.08131
5 0.747003
5.016 1.26994
5.032 0.822479
5.048 1.15252
5.064 1.27938
5.08 0.691142
5.096 1.26976
5.112 1.11663
5.128 0.875371
5.144 0.562229
5.16 1.13133
5.176 0.486123
5.192 1.24063
5.208 1.14133
5.224 1.40031
5.24 1.25354
5.256 1.46093
5.272 1.31234
5.288 1.10986
5.304 1.10936
5.32 0.988333
5.336 0.391518
5.352 1.24057
5.368 1.10302
5.384 1.12656
5.4 0.647791
5.416 0.853078
5.432 0.892963
5.448 1.0535
5.464 0.85618
5.48 0.800591
5.496 1.07478
5.512 0.837621
5.528 0.923038
5.544 0.72688
5.56 1.20012
5.576 0.840512
5.592 0.752715
5.608 0.776772
5.624 0.747634
5.64 0.903675
5.656 0.868366
5.672 0.838826
5.688 1.15186
5.704 1.11508
5.72 0.944156
5.736 0.91656
5.752 1.11093
5.768 1.37868
5.784 0.974043
5.8 1.07011
5.816 0.79311
5.832 1.06143
5.848 1.16229
5.864 0.855393
5.88 0.947274
5.896 1.20728
5.912 0.86886
5.928 0.893773
5.944 0.985628
5.96 0.836753
5.976 0.487588
5.992 0.859057
6.008 1.06026
6.024 1.05652
6.04 1.15245
6.056 0.993756
6.072 0.967389
6.088 1.06364
6.104 1.00469
6.12 1.06419
6.136 1.19066
6.152 1.43926
6.168 1.24709
6.184 0.98624
6.2 0.976355
6.216 1.15724
6.232 0.932326
6.248 1.40604
6.264 1.14608
6.28 1.46025
6.296 0.915584
6.312 0.805513
6.328 0.935964
6.344 0.897525
6.36 1.15779
6.376 1.0407
6.392 1.08578
6.408 1.5543
6.424 1.06455
6.44 0.926979
6.456 0.753309
6.472 0.887583
6.488 0.752183
6.504 0.782598
6.52 0.93951
6.536 0.801427
6.552 0.771212
6.568 0.496527
6.584 1.08812
6.6 0.914352
6.616 0.84884
6.632 1.06105
6.648 1.17362
6.664 1.17343
6.68 0.953579
6.696 0.772846
6.712 0.956657
6.728 0.859769
6.744 1.16332
6.76 0.946438
6.776 0.901627
6.792 1.31949
6.808 0.942061
6.824 1.06532
6.84 0.876412
6.856 0.962754
6.872 1.08002
6.888 0.851807
6.904 0.879542
6.92 1.18103
6.936 1.13771
6.952 1.1028
6.968 0.640984
6.984 0.997596
7 1.12997
7.016 1.03536
7.032 0.922794
7.048 0.929833
7.064 1.23396
7.08 1.07087
7.096 0.882629
7.112 0.975175
7.128 0.751641
7.144 1.15552
7.16 0.988961
7.176 0.753459
7.192 1.35151
7.208 0.844514
7.224 1.02557
7.24 1.2027
7.256 0.771975
7.272 0.884763
7.288 1.2525
7.304 1.14281
7.32 0.997532
7.336 1.12742
7.352 1.13296
7.368 1.16648
7.384 1.12506
7.4 1.08102
7.416 1.19875
7.432 1.11019
7.448 0.94011
7.464 0.920278
7.48 0.859487
7.496 0.712052
7.512 0.783057
7.528 0.979685
7.544 0.813465
7.56 1.06602
7.576 0.996278
7.592 0.978421
7.608 0.996798
7.624 1.08059
7.64 0.973782
7.656 0.740322
7.672 0.857064
7.688 1.1111
7.704 0.689366
7.72 0.908332
7.736 1.16596
7.752 0.950929
7.768 0.555017
7.784 0.95544
7.8 0.773065
7.816 1.01351
7.832 0.917652
7.848 0.876102
7.864 0.941
7.88 1.08771
7.896 1.3055
7.912 1.39922
7.928 0.806505
7.944 0.901934
7.96 0.796374
7.976 1.35799
7.992 1.09869
