0.0430355 0.233402
0.0562772 0.0780125
0.0827606 0.248021
0.0893814 0.0774029
0.115865 0.09559
0.122486 0.124142
0.129107 0.0350884
0.148969 0.0313769
0.162211 0.279332
0.168832 0.0617773
0.175452 0.0107876
0.182073 0.0844263
0.208557 0.0601749
0.221798 0.0452715
0.23504 0.0402731
0.241661 0.0332662
0.248282 0.310008
0.254903 0.0579639
0.261523 0.0252883
0.268144 0.0405912
0.274765 0.058025
0.288007 0.350673
0.294628 0.0580617
0.301249 0.0623682
0.31449 0.0370578
0.321111 0.0774955
0.327732 0.217129
0.334353 0.0509033
0.340974 0.0351484
0.354215 0.0643776
0.367457 0.0736199
0.374078 0.25298
0.380699 0.0712798
0.38732 0.0753542
0.39394 0.0232497
0.407182 0.0402194
0.413803 0.113808
0.420424 0.0986771
0.427045 0.0555846
0.433665 0.0528555
0.440286 0.0513769
0.446907 0.0403016
0.453528 0.220016
0.460149 0.0699953
0.46677 0.0242354
0.473391 0.0665147
0.480011 0.0167268
0.486632 0.0857516
0.499874 0.152545
0.506495 0.208267
0.513116 0.153231
0.519736 0.065218
0.526357 0.17684
0.532978 0.325689
0.539599 0.288383
0.54622 0.224699
0.552841 0.385812
0.559462 0.259832
0.566082 0.240438
0.572703 0.130369
0.579324 0.355567
0.585945 0.343011
0.592566 0.166799
0.599187 0.240675
0.605808 0.411426
0.612428 0.446414
0.619049 0.337612
0.62567 0.410906
0.632291 0.522809
0.645533 0.769149
0.652153 0.659386
0.665395 0.890172
0.672016 0.712966
0.678637 0.459485
0.685258 1.38464
0.691879 1.82572
0.70512 1.12578
0.711741 0.890481
0.724983 0.978428
0.731604 0.517131
0.738224 0.370575
0.744845 0.903512
0.751466 0.708006
0.758087 0.518318
0.764708 0.724267
0.771329 1.15007
0.77795 0.766393
0.78457 0.639109
0.791191 1.2031
0.797812 1.21531
0.804433 1.16355
0.811054 0.382792
0.817675 0.767666
0.824295 1.14888
0.830916 0.635554
0.837537 1.00531
0.844158 1.36484
0.850779 0.737908
0.864021 0.518969
0.870641 0.600054
0.877262 0.606502
0.883883 0.952563
0.890504 0.590898
0.897125 0.592739
0.903746 0.403621
0.910366 0.461084
0.916987 0.546645
0.923608 0.407903
0.930229 0.400294
0.93685 0.528431
0.943471 0.555104
0.950092 0.743735
0.956712 0.380785
0.963333 0.244195
0.969954 0.277109
0.976575 0.427397
0.983196 0.545368
0.989817 0.293809
0.996437 0.498938
1.00306 0.434347
1.00968 0.339396
1.0163 0.53743
1.02292 0.538985
1.02954 0.781061
1.03616 0.476456
1.04278 0.575503
1.0494 0.632911
1.05603 0.60648
1.06265 0.802153
1.06927 0.988132
1.07589 0.796873
1.08251 0.684295
1.08913 0.640112
1.09575 0.653344
1.10237 0.904629
1.10899 0.745575
1.11561 0.815328
1.12223 0.847208
1.12885 0.967295
1.13548 0.874957
1.1421 1.26897
1.14872 1.26928
1.15534 1.19769
1.16196 0.58866
1.16858 1.34766
1.1752 0.812286
1.18182 1.40075
1.18844 1.73649
1.19506 1.04459
1.20168 1.07227
1.2083 1.1632
1.21493 1.72079
1.22155 0.566197
1.22817 1.42745
1.23479 1.86562
1.24141 1.15952
1.24803 1.15892
1.25465 1.12222
1.26127 1.38005
1.26789 1.03831
1.27451 2.62799
1.28113 1.36994
1.28775 1.65045
1.29438 1.51981
1.301 1.25037
1.30762 1.4075
1.31424 1.03325
1.32086 2.55972
1.32748 1.66508
1.3341 2.24298
1.34072 1.84992
1.34734 2.24624
1.35396 2.03973
1.36058 1.1358
1.3672 1.76487
1.37383 2.18082
1.38045 0.803797
1.38707 2.16334
1.39369 1.0816
1.40031 1.3093
1.40693 1.86617
1.41355 1.59724
1.42017 2.50949
1.42679 1.55959
1.43341 1.0498
1.44003 2.13616
1.44666 1.27075
1.45328 2.19191
1.4599 1.52994
1.46652 2.08172
1.47314 1.22093
1.47976 1.80233
1.48638 1.48175
1.493 1.47315
1.49962 1.49324
1.50624 1.68865
1.51286 1.52039
1.51948 1.64245
1.52611 1.40273
1.53273 1.10148
1.53935 1.1286
1.54597 1.54139
1.55259 1.27443
1.55921 0.936171
1.56583 1.46066
1.57245 1.20966
1.57907 1.59733
1.58569 1.11761
1.59231 1.00733
1.59893 0.845958
1.60556 1.0271
1.61218 0.959156
1.6188 0.746523
1.62542 1.15422
1.63204 0.969783
1.63866 1.41591
1.64528 0.852892
1.6519 1.08123
1.65852 0.625449
1.66514 0.79322
1.67176 0.62701
1.67838 0.908652
1.68501 0.970264
1.69163 0.913473
1.69825 0.570855
1.70487 0.801684
1.71149 0.990523
1.71811 0.888054
1.72473 0.636803
1.73135 0.686001
1.73797 0.533261
1.74459 0.598887
1.75121 0.903226
1.75783 0.82899
1.76446 0.636105
1.77108 0.495391
1.7777 0.608918
1.78432 0.569641
1.79094 0.48937
1.79756 0.657001
1.80418 0.514704
1.8108 0.627647
1.81742 0.529005
1.82404 0.550855
1.83066 0.447553
1.83729 0.530132
1.84391 0.376515
1.85053 0.732677
1.85715 0.479512
1.86377 0.434822
1.87039 0.643821
1.87701 0.721641
1.88363 0.476513
1.89025 0.518296
1.89687 0.558134
1.90349 0.552388
1.91011 0.699091
1.91674 0.658757
1.92336 0.676216
1.92998 0.701712
1.9366 0.792885
1.94322 0.675455
1.94984 0.661714
1.95646 0.645366
1.96308 0.570115
1.9697 1.03414
1.97632 0.884462
1.98294 0.961182
1.98956 1.04909
1.99619 1.03873
2.00281 0.731961
2.00943 0.932544
2.01605 0.884835
2.02267 1.13215
2.02929 0.86424
2.03591 0.703477
2.04253 1.06284
2.04915 0.616142
2.05577 0.725819
2.06239 1.16453
2.06901 1.13736
2.07564 0.862914
2.08226 1.02829
2.08888 1.09011
2.0955 1.07463
2.10212 0.779083
2.10874 0.828613
2.11536 1.04792
2.12198 0.78636
2.1286 1.11279
2.13522 1.01283
2.14184 0.784648
2.14846 1.00236
2.15509 0.808834
2.16171 1.06357
2.16833 1.01398
2.17495 1.02235
2.18157 0.798728
2.18819 0.971096
2.19481 0.962253
2.20143 0.867
2.20805 1.19915
2.21467 0.798906
2.22129 0.991347
2.22792 0.75344
2.23454 0.756033
2.24116 1.34851
2.24778 0.707404
2.2544 1.10005
2.26102 0.822088
2.26764 0.804098
2.27426 0.940544
2.28088 0.70338
2.2875 1.0853
2.29412 1.24711
2.30074 1.14001
2.30737 1.42236
2.31399 0.920899
2.32061 1.30206
2.32723 0.964085
2.33385 0.865792
2.34047 0.961925
2.34709 0.70477
2.35371 0.689457
2.36033 0.931152
2.36695 0.959052
2.37357 1.04935
2.38019 0.811009
2.38682 0.933204
2.39344 1.02529
2.40006 1.16748
2.40668 0.948812
2.4133 0.862198
2.41992 1.21141
2.42654 1.07902
2.43316 1.19284
2.43978 0.756141
2.4464 1.14887
2.45302 1.17848
2.45964 1.36563
2.46627 0.893576
2.47289 0.728958
2.47951 1.44798
2.48613 1.33642
2.49275 1.10396
2.49937 1.012
2.50599 1.84164
2.51261 0.809155
2.51923 1.41754
2.52585 1.09808
2.53247 1.42486
2.53909 1.01882
2.54572 0.955965
2.55234 1.24816
2.55896 0.854618
2.56558 1.24578
2.5722 1.32302
2.57882 0.811236
2.58544 1.47808
2.59206 1.01073
2.59868 1.17544
2.6053 1.05945
2.61192 1.04053
2.61855 1.1821
2.62517 0.950851
2.63179 1.03705
2.63841 1.03289
2.64503 1.27526
2.65165 1.28326
2.65827 1.29023
2.66489 1.2689
2.67151 0.75755
2.67813 1.20325
2.68475 1.29729
2.69137 1.10569
2.698 0.970091
2.70462 0.980093
2.71124 0.995851
2.71786 1.31358
2.72448 1.27728
2.7311 1.06255
2.73772 1.17831
2.74434 0.963989
2.75096 1.07429
2.75758 0.934821
2.7642 0.900172
2.77082 0.91649
2.77745 1.28205
2.78407 0.933823
2.79069 1.25091
2.79731 1.11702
2.80393 1.16027
2.81055 0.934207
2.81717 1.10204
2.82379 1.12351
2.83041 1.24146
2.83703 0.916384
2.84365 0.983272
2.85027 0.853198
2.8569 1.13059
2.86352 1.17423
2.87014 1.11872
2.87676 1.03812
2.88338 0.909104
2.89 1.04061
2.89662 0.830786
2.90324 1.09746
2.90986 0.912373
2.91648 1.36937
2.9231 0.990907
2.92972 1.19457
2.93635 0.915849
2.94297 1.05036
2.94959 0.995579
2.95621 0.820269
2.96283 1.03322
2.96945 0.89059
2.97607 1.27609
2.98269 0.910839
2.98931 0.718617
2.99593 0.762882
3.00255 0.99713
3.00918 0.927981
3.0158 0.857702
3.02242 1.09291
3.02904 1.07788
3.03566 0.666427
3.04228 0.991853
3.0489 1.32377
3.05552 1.00302
3.06214 1.14893
3.06876 0.748601
3.07538 0.696557
3.082 0.879097
3.08863 1.13036
3.09525 1.0451
3.10187 0.933478
3.10849 0.913095
3.11511 1.0368
3.12173 1.38186
3.12835 1.00572
3.13497 1.18277
3.14159 0.788314
3.14821 1.00479
3.15483 0.996701
3.16145 0.879906
3.16808 0.791477
3.1747 0.955449
3.18132 0.974397
3.18794 1.02025
3.19456 0.885281
3.20118 0.602579
3.2078 1.30839
3.21442 0.570394
3.22104 1.31236
3.22766 0.930733
3.23428 0.974043
3.2409 1.28505
3.24753 1.03333
3.25415 1.13833
3.26077 1.0751
3.26739 0.86493
3.27401 1.0253
3.28063 0.95447
3.28725 0.816789
3.29387 0.640711
3.30049 1.09659
3.30711 0.819663
