0.140234 0.0175557
0.183382 0.0156629
0.26968 0.0230031
0.291254 0.099824
0.377552 0.183844
0.399126 0.230097
0.420701 0.225617
0.485424 0.208312
0.528573 0.0229778
0.550147 0.403918
0.571721 0.424709
0.593296 0.322507
0.679593 0.502576
0.722742 0.292405
0.765891 1.00733
0.787465 0.660248
0.80904 0.272167
0.830614 0.997222
0.852189 1.03365
0.873763 1.20502
0.895337 2.09139
0.938486 0.0783969
0.960061 1.18524
0.981635 0.700464
1.02478 0.822351
1.04636 1.17807
1.06793 0.538249
1.08951 1.44007
1.11108 0.962264
1.15423 1.55953
1.19738 0.408011
1.21895 0.872564
1.24053 1.12311
1.2621 0.658373
1.28368 2.0461
1.32683 1.32796
1.3484 0.946256
1.36997 0.976269
1.39155 0.421877
1.41312 1.51168
1.4347 0.914388
1.45627 1.08223
1.47785 1.55355
1.49942 0.707827
1.52099 2.70011
1.54257 0.712268
1.56414 0.569761
1.58572 0.442152
1.62887 1.11144
1.65044 1.48265
1.67202 1.16577
1.69359 1.35249
1.71516 1.19553
1.73674 1.65427
1.75831 0.975359
1.77989 1.22996
1.80146 0.661675
1.82304 0.642064
1.84461 1.00881
1.86619 0.203678
1.88776 1.14156
1.90933 1.15999
1.93091 0.719639
1.95248 1.02229
1.97406 0.765848
1.99563 0.753359
2.01721 0.485572
2.03878 1.15996
2.06035 1.10079
2.1035 0.959672
2.12508 1.37448
2.16823 0.783355
2.1898 1.87732
2.21138 0.343111
2.23295 1.25487
2.25452 0.765371
2.29767 1.22149
2.31925 1.05721
2.3624 0.944051
2.38397 0.906132
2.40555 0.233431
2.42712 0.901436
2.44869 0.545965
2.47027 1.37459
2.49184 1.19844
2.51342 0.903084
2.53499 1.50544
2.55657 1.30077
2.57814 0.871883
2.59971 1.04766
2.62129 0.639605
2.64286 0.970244
2.66444 0.78175
2.68601 1.11135
2.70759 1.07816
2.72916 0.694753
2.75074 0.591438
2.77231 0.578031
2.81546 1.09399
2.83703 1.17257
2.85861 0.991793
2.88018 0.622222
2.90176 1.00962
2.92333 0.846055
2.9449 1.11827
2.96648 1.63078
2.98805 1.79795
3.00963 0.878766
3.0312 0.886412
3.05278 1.02203
3.07435 0.732415
3.09593 1.15525
3.1175 0.879099
3.13907 0.572837
3.16065 1.3627
3.18222 0.921911
3.2038 0.990843
3.22537 0.572647
3.24695 1.2638
3.26852 0.732886
3.2901 0.942916
3.31167 2.00342
3.33324 0.97693
3.35482 0.817822
3.37639 1.11837
3.39797 0.300718
3.41954 0.419579
3.44112 0.971586
3.46269 1.02339
3.48426 0.995204
3.50584 0.908156
3.52741 1.29172
3.54899 0.555982
3.57056 1.19059
3.59214 1.35591
3.61371 0.841355
3.63529 0.674263
3.65686 1.09899
3.67843 0.834303
3.70001 1.14
3.72158 1.41852
3.74316 0.949459
3.76473 0.943304
3.78631 1.75299
3.80788 1.0846
3.82946 0.502792
3.85103 0.981497
3.8726 0.985115
3.89418 0.732441
3.91575 0.799428
3.93733 0.857332
3.9589 0.724006
3.98048 0.530752
4.00205 0.802541
4.02362 0.622036
4.0452 1.2521
4.06677 0.536104
4.08835 0.961268
4.10992 1.22921
4.1315 1.38916
4.15307 1.20654
4.17465 0.968813
4.19622 1.02883
4.21779 1.07166
4.23937 0.951687
4.26094 0.675206
4.28252 1.42689
4.30409 0.951647
4.32567 1.26293
4.34724 0.801047
4.36882 0.662252
4.39039 1.29325
4.41196 1.09665
4.43354 0.654162
4.45511 1.36149
4.47669 1.17129
4.49826 0.775313
4.51984 0.948974
4.54141 0.707015
4.56298 0.667756
4.58456 1.07497
4.60613 1.03594
4.62771 1.7658
4.64928 1.04031
4.67086 0.887017
4.69243 1.09492
4.71401 0.822023
4.73558 1.25543
4.75715 1.13403
4.77873 1.46912
4.8003 1.19685
4.82188 1.03
4.84345 0.672221
4.86503 1.50613
4.8866 0.646758
4.90817 1.14391
4.92975 0.73143
4.95132 0.965104
4.9729 0.567532
4.99447 0.893663
5.01605 0.826613
5.03762 0.668011
5.0592 0.84982
5.08077 0.973626
5.10234 0.744169
5.12392 0.913163
5.14549 0.793681
5.16707 0.943662
5.18864 1.28197
5.21022 0.709688
5.23179 0.873476
5.25337 1.33193
5.27494 0.851457
5.29651 1.21076
5.31809 0.85222
5.33966 0.991091
5.36124 0.860708
5.38281 1.42642
5.40439 1.00288
5.42596 0.922452
5.44753 1.22728
5.46911 1.07517
5.49068 0.730871
5.51226 0.706183
5.53383 1.25276
5.55541 0.884108
5.57698 0.654929
5.59856 0.790363
5.62013 1.53453
5.6417 1.0778
5.66328 0.556459
5.68485 0.909062
5.70643 1.53772
5.728 0.958794
5.74958 0.89749
5.77115 0.868525
5.79273 0.884723
5.8143 1.19459
5.83587 0.641717
5.85745 1.16241
5.87902 0.832726
5.9006 1.20946
5.92217 1.3389
5.94375 0.840038
5.96532 0.769657
5.98689 0.917143
6.00847 1.19504
6.03004 0.85257
6.05162 1.38826
6.07319 1.27976
6.09477 1.03153
6.11634 0.91674
6.13792 0.990556
6.15949 0.989538
6.18106 0.937472
6.20264 1.08671
6.22421 1.14202
6.24579 1.47813
6.26736 1.01611
6.28894 1.03745
6.31051 0.539499
6.33209 1.40402
6.35366 1.13864
6.37523 0.616557
6.39681 0.678993
6.41838 0.778531
6.43996 1.17468
6.46153 0.777371
6.48311 0.777526
6.50468 0.856527
6.52625 1.00864
6.54783 1.11667
6.5694 0.717417
6.59098 1.18729
6.61255 0.906804
6.63413 1.3506
6.6557 1.03029
6.67728 0.83435
6.69885 1.09992
6.72042 0.98803
6.742 1.19078
6.76357 0.808986
6.78515 1.39717
6.80672 1.0482
6.8283 0.888016
6.84987 1.92985
6.87144 1.05209
6.89302 0.861166
6.91459 0.951793
6.93617 1.31145
6.95774 1.12397
6.97932 0.832096
7.00089 0.850556
7.02247 0.956964
7.04404 1.09692
7.06561 1.05435
7.08719 0.786018
7.10876 0.942307
7.13034 0.801368
7.15191 0.888024
7.17349 0.785872
7.19506 1.07419
7.21664 1.16897
7.23821 1.03105
7.25978 0.834536
7.28136 1.12019
7.30293 1.23949
7.32451 0.4341
7.34608 0.925329
7.36766 1.06028
7.38923 0.699483
7.4108 0.956194
7.43238 0.839398
7.45395 1.15565
7.47553 0.918427
7.4971 0.965237
7.51868 0.773002
7.54025 0.92604
7.56183 1.04344
7.5834 1.19029
7.60497 1.31914
7.62655 1.25038
7.64812 1.03157
7.6697 0.868814
7.69127 1.09999
7.71285 1.07727
7.73442 1.1123
7.756 0.841021
7.77757 1.05114
7.79914 0.921558
7.82072 0.936883
7.84229 0.791587
7.86387 1.1382
7.88544 1.23522
7.90702 1.11745
7.92859 0.688191
7.95016 0.989376
7.97174 0.976775
7.99331 0.817029
8.01489 1.09351
8.03646 0.817998
8.05804 0.956375
8.07961 0.788556
8.10119 0.985108
8.12276 1.12376
8.14433 0.904412
8.16591 1.34348
8.18748 1.53744
8.20906 0.95993
8.23063 1.05533
8.25221 0.775437
8.27378 0.752432
8.29536 1.22076
8.31693 1.04067
8.3385 1.11708
8.36008 0.92944
8.38165 1.1315
8.40323 0.738338
8.4248 1.27601
8.44638 1.09606
8.46795 0.776936
8.48952 1.05594
8.5111 1.01817
8.53267 0.748371
8.55425 0.988656
8.57582 1.04046
8.5974 0.989308
8.61897 0.790784
8.64055 0.953632
8.66212 0.997021
8.68369 0.952604
8.70527 0.805137
8.72684 1.35614
8.74842 1.08839
8.76999 1.09849
8.79157 0.98403
8.81314 1.10945
8.83471 0.843366
8.85629 1.42312
8.87786 1.18218
8.89944 0.923388
8.92101 0.961189
8.94259 0.865599
8.96416 0.985699
8.98574 1.0782
9.00731 1.16687
9.02888 0.948837
9.05046 1.05224
9.07203 0.996229
9.09361 0.825796
9.11518 0.841009
9.13676 1.08274
9.15833 1.23594
9.17991 1.15547
9.20148 1.22744
9.22305 0.897262
9.24463 0.972409
9.2662 0.719731
9.28778 0.945688
9.30935 0.832616
9.33093 0.906614
9.3525 1.2188
9.37407 0.794427
9.39565 0.877524
9.41722 1.00233
9.4388 1.1107
9.46037 1.34935
9.48195 0.798297
9.50352 1.04983
9.5251 0.785854
9.54667 0.775015
9.56824 1.30888
9.58982 1.10302
9.61139 0.760999
9.63297 0.848425
9.65454 1.25434
9.67612 0.907823
9.69769 0.804091
9.71927 0.806708
9.74084 1.04026
9.76241 1.06179
9.78399 1.01669
9.80556 1.21809
9.82714 1.13248
9.84871 0.946914
9.87029 1.03613
9.89186 1.14277
9.91343 0.950028
9.93501 1.01814
9.95658 0.956701
9.97816 0.947481
9.99973 0.921561
10.0213 0.846093
10.0429 1.05571
10.0645 1.08688
10.086 1.16914
10.1076 0.845649
10.1292 1.11764
10.1508 0.902679
10.1723 0.908649
10.1939 1.15167
10.2155 1.10894
10.2371 1.34008
10.2586 1.12904
10.2802 1.34345
10.3018 1.28777
10.3233 0.814749
10.3449 0.730424
10.3665 0.999159
10.3881 0.781716
10.4096 0.798556
10.4312 0.734403
10.4528 1.39904
10.4744 1.25642
10.4959 0.786449
10.5175 0.883621
10.5391 0.866931
10.5607 0.852012
10.5822 1.16595
10.6038 1.36646
10.6254 1.02438
10.647 1.23924
10.6685 0.88117
10.6901 0.840101
10.7117 1.41591
10.7333 1.02177
10.7548 1.28595
10.7764 1.13218
