0.0941572 0.00359261
0.123129 0.00474942
0.181071 0.0062184
0.195557 0.0350731
0.2535 0.0253567
0.267986 0.0582847
0.282472 0.0666462
0.325929 0.091679
0.3549 0.000663438
0.369386 0.132992
0.383872 0.0947568
0.398357 0.13832
0.4563 0.138575
0.485272 0.225986
0.514243 0.21525
0.528729 0.336875
0.543214 0.185514
0.5577 0.402626
0.572186 0.238335
0.586672 0.216805
0.601157 0.428517
0.630129 0.850047
0.644615 0.336016
0.6591 0.541776
0.688072 0.356931
0.702557 0.31494
0.717043 0.0198336
0.731529 0.528929
0.746015 1.04222
0.774986 0.728216
0.803957 1.95194
0.818443 0.795891
0.832929 0.195649
0.847415 0.865681
0.8619 0.651364
0.890872 0.402327
0.905357 1.08844
0.919843 0.646494
0.934329 0.478342
0.948815 1.25007
0.9633 1.46078
0.977786 1.03403
0.992272 1.99391
1.00676 0.945416
1.02124 0.624996
1.03573 0.51807
1.05021 1.04891
1.0647 0.908548
1.09367 1.38622
1.10816 1.64692
1.12264 0.894548
1.13713 0.898247
1.15161 0.878606
1.1661 2.27809
1.18059 1.01313
1.19507 0.920741
1.20956 0.749421
1.22404 0.818433
1.23853 1.27036
1.25301 0.464537
1.2675 1.14577
1.28199 1.01751
1.29647 0.895423
1.31096 0.817904
1.32544 0.954782
1.33993 1.27387
1.35441 0.807172
1.3689 1.16454
1.38339 1.27257
1.41236 1.5815
1.42684 1.23817
1.45581 1.30836
1.4703 2.64909
1.48479 0.490725
1.49927 2.17534
1.51376 1.27451
1.54273 1.71631
1.55721 1.28458
1.58619 0.89149
1.60067 1.3042
1.61516 0.577686
1.62964 1.37057
1.64413 1.21979
1.65861 1.76016
1.6731 0.889782
1.68759 1.26876
1.70207 1.40657
1.71656 1.56882
1.73104 0.91419
1.74553 0.844258
1.76001 0.873119
1.7745 0.515028
1.78899 0.721277
1.80347 0.983236
1.81796 0.803637
1.83244 0.638377
1.84693 0.399737
1.86141 0.663107
1.89039 0.441121
1.90487 0.877137
1.91936 0.470375
1.93384 0.333915
1.94833 0.857778
1.96281 0.736951
1.9773 0.303691
1.99179 1.02041
2.00627 0.81646
2.02076 0.780183
2.03524 0.576826
2.04973 0.963651
2.06422 0.549024
2.0787 0.702632
2.09319 0.560062
2.10767 0.488147
2.12216 1.03214
2.13664 0.529342
2.15113 0.811304
2.16562 1.18886
2.1801 0.65791
2.19459 0.750664
2.20907 0.61546
2.22356 0.901336
2.23804 0.820176
2.25253 0.877349
2.26702 0.79516
2.2815 0.68844
2.29599 0.470001
2.31047 0.701393
2.32496 1.18989
2.33944 0.984481
2.35393 0.826201
2.36842 0.752155
2.3829 0.587747
2.39739 1.19913
2.41187 1.5375
2.42636 1.14117
2.44084 0.953116
2.45533 1.06744
2.46982 0.894301
2.4843 1.44552
2.49879 0.847919
2.51327 1.90469
2.52776 1.09958
2.54224 1.87652
2.55673 1.5183
2.57122 1.01129
2.5857 1.62193
2.60019 1.25285
2.61467 1.18015
2.62916 1.37063
2.64364 1.27918
2.65813 1.02164
2.67262 0.664538
2.6871 0.85265
2.70159 0.490937
2.71607 1.6127
2.73056 0.709907
2.74504 1.51102
2.75953 1.05141
2.77402 1.24468
2.7885 1.39918
2.80299 1.33683
2.81747 1.36157
2.83196 1.39849
2.84644 1.46516
2.86093 0.763839
2.87542 1.84793
2.8899 0.817281
2.90439 1.08464
2.91887 0.998439
2.93336 0.905299
2.94784 0.983156
2.96233 1.11698
2.97682 1.07941
2.9913 0.905247
3.00579 1.1523
3.02027 0.876874
3.03476 1.21478
3.04924 1.17984
3.06373 0.689598
3.07822 1.01866
3.0927 1.0042
3.10719 1.30305
3.12167 0.698968
3.13616 1.22115
3.15064 0.703989
3.16513 0.68459
3.17962 0.69218
3.1941 0.73206
3.20859 0.932558
3.22307 1.55531
3.23756 0.735464
3.25204 0.786884
3.26653 1.08212
3.28102 0.595259
3.2955 0.555142
3.30999 0.649592
3.32447 0.848896
3.33896 0.593968
3.35344 0.531799
3.36793 1.07399
3.38242 0.806081
3.3969 0.452312
3.41139 0.936327
3.42587 0.771717
3.44036 0.635324
3.45484 0.734709
3.46933 0.814623
3.48382 0.693113
3.4983 0.811628
3.51279 1.65668
3.52727 0.560317
3.54176 0.638165
3.55624 0.976829
3.57073 0.741615
3.58522 1.00773
3.5997 0.919043
3.61419 1.06616
3.62867 1.47343
3.64316 0.997267
3.65764 1.32253
3.67213 1.11978
3.68662 1.30942
3.7011 0.915222
3.71559 1.09957
3.73007 0.775121
3.74456 0.729791
3.75904 1.07083
3.77353 1.39132
3.78802 1.25217
3.8025 0.747732
3.81699 1.02975
3.83147 1.19965
3.84596 1.10844
3.86044 1.24635
3.87493 1.06384
3.88942 0.976505
3.9039 1.2815
3.91839 0.936423
3.93287 1.83284
3.94736 1.12701
3.96184 1.24213
3.97633 1.4728
3.99082 0.846646
4.0053 1.04541
4.01979 1.47953
4.03427 1.3128
4.04876 0.698708
4.06324 2.09087
4.07773 1.26099
4.09222 1.17374
4.1067 1.04339
4.12119 1.36633
4.13567 1.61231
4.15016 1.00617
4.16464 1.50141
4.17913 1.15779
4.19362 1.27216
4.2081 1.08265
4.22259 0.759799
4.23707 0.829646
4.25156 1.1962
4.26604 1.25327
4.28053 0.660026
4.29502 0.769874
4.3095 1.00976
4.32399 1.09114
4.33847 0.763065
4.35296 0.699227
4.36744 1.0556
4.38193 0.911506
4.39642 0.956028
4.4109 0.691878
4.42539 0.837858
4.43987 0.962629
4.45436 1.04199
4.46884 0.92491
4.48333 0.900165
4.49782 0.863908
4.5123 0.745665
4.52679 0.878384
4.54127 0.932801
4.55576 0.832706
4.57024 0.782829
4.58473 0.955397
4.59922 0.768307
4.6137 0.960852
4.62819 0.668035
4.64267 0.702227
4.65716 0.938617
4.67164 0.764044
4.68613 0.909581
4.70062 0.754229
4.7151 0.766892
4.72959 0.847715
4.74407 0.800401
4.75856 0.762826
4.77304 0.820878
4.78753 0.787546
4.80202 1.08532
4.8165 1.03398
4.83099 0.721535
4.84547 0.893326
4.85996 1.05027
4.87444 0.655122
4.88893 1.10254
4.90342 1.19914
4.9179 0.570617
4.93239 0.984791
4.94687 0.951257
4.96136 0.742995
4.97584 0.886111
4.99033 0.716169
5.00482 1.19171
5.0193 0.732533
5.03379 0.822772
5.04827 1.10213
5.06276 1.22077
5.07724 1.08089
5.09173 1.05953
5.10622 1.16049
5.1207 1.37618
5.13519 1.43107
5.14967 1.02294
5.16416 1.12387
5.17864 1.10968
5.19313 0.96748
5.20762 0.969086
5.2221 1.29111
5.23659 1.02701
5.25107 1.14088
5.26556 1.23994
5.28004 1.09377
5.29453 1.25135
5.30902 1.29961
5.3235 1.20189
5.33799 1.20503
5.35247 1.38781
5.36696 1.33943
5.38144 1.21701
5.39593 1.09165
5.41042 0.898993
5.4249 1.10119
5.43939 1.12726
5.45387 1.25483
5.46836 1.31038
5.48284 0.7563
5.49733 1.22206
5.51182 1.1332
5.5263 1.03044
5.54079 0.9508
5.55527 1.04463
5.56976 0.87853
5.58424 1.13854
5.59873 1.17799
5.61322 0.784525
5.6277 1.10182
5.64219 0.725201
5.65667 1.27753
5.67116 0.936124
5.68564 1.10419
5.70013 0.843705
5.71462 0.959869
5.7291 0.807112
5.74359 0.781222
5.75807 1.02545
5.77256 1.05535
5.78704 0.922199
5.80153 0.929472
5.81602 0.775559
5.8305 0.984998
5.84499 0.650358
5.85947 0.758741
5.87396 1.03133
5.88844 0.735561
5.90293 0.849312
5.91742 0.579141
5.9319 0.730007
5.94639 0.867646
5.96087 0.854898
5.97536 0.804579
5.98984 0.757012
6.00433 0.643164
6.01882 1.09133
6.0333 1.09606
6.04779 1.07409
6.06227 0.896492
6.07676 0.713821
6.09124 0.786675
6.10573 0.889382
6.12022 0.842957
6.1347 1.04673
6.14919 0.886187
6.16367 1.01214
6.17816 0.939522
6.19265 0.740182
6.20713 0.997973
6.22162 0.997226
6.2361 0.884502
6.25059 1.09211
6.26507 0.87558
6.27956 0.962454
6.29405 0.716266
6.30853 0.966771
6.32302 1.15981
6.3375 1.16036
6.35199 1.05059
6.36647 1.17432
6.38096 1.01437
6.39545 0.737479
6.40993 0.612873
6.42442 1.37721
6.4389 1.60679
6.45339 0.852378
6.46787 0.764459
6.48236 1.57705
6.49685 1.37493
6.51133 1.4563
6.52582 1.09879
6.5403 1.01402
6.55479 1.20263
6.56927 1.09133
6.58376 1.54063
6.59825 1.12454
6.61273 1.23612
6.62722 1.21136
6.6417 1.08939
6.65619 1.32349
6.67067 0.997385
6.68516 1.13664
6.69965 1.04754
6.71413 1.29639
6.72862 1.11059
6.7431 1.08978
6.75759 1.31577
6.77207 1.15502
6.78656 1.09649
6.80105 1.11699
6.81553 1.03796
6.83002 1.08743
6.8445 1.08512
6.85899 0.845819
6.87347 1.30658
6.88796 0.891803
6.90245 1.28752
6.91693 1.09395
6.93142 0.685515
6.9459 0.691465
6.96039 1.02505
6.97487 0.633998
6.98936 0.928652
7.00385 0.858627
7.01833 0.710298
7.03282 1.09441
7.0473 0.806678
7.06179 1.17042
7.07627 0.965331
7.09076 0.824618
7.10525 0.943264
7.11973 0.682239
7.13422 0.78707
7.1487 0.650721
7.16319 1.14713
7.17767 0.719347
7.19216 1.1481
7.20665 0.95722
7.22113 1.1535
7.23562 1.01728
