0.127056 0.0015986
0.16615 0.000833417
0.244339 0.00183007
0.263886 0.00384375
0.342074 0.0346529
0.361622 0.0201458
0.381169 0.0155105
0.43981 0.0283819
0.478904 0.0266206
0.498451 0.0241917
0.517998 0.0707176
0.537546 0.0189937
0.615734 0.12468
0.654828 0.158082
0.693922 0.254808
0.71347 0.0980383
0.733017 0.205555
0.752564 0.109949
0.772111 0.191191
0.791658 0.391622
0.811205 0.699129
0.850299 1.11374
0.869846 0.954029
0.889394 1.08782
0.928488 0.63202
0.948035 2.1434
0.967582 0.447941
0.987129 1.56202
1.00668 1.73442
1.04577 2.34631
1.08486 1.78428
1.10441 2.17796
1.12396 1.16526
1.14351 3.14383
1.16305 1.33788
1.20215 1.27957
1.22169 1.51015
1.24124 1.53021
1.26079 1.09671
1.28034 0.590502
1.29988 1.31785
1.31943 0.985151
1.33898 1.00986
1.35852 0.942609
1.37807 0.840596
1.39762 0.725729
1.41717 0.686191
1.43671 0.889205
1.47581 0.959492
1.49535 1.13888
1.5149 0.46398
1.53445 0.435498
1.554 0.321865
1.57354 0.91651
1.59309 0.699206
1.61264 0.139316
1.63218 0.755837
1.65173 1.13324
1.67128 0.621797
1.69083 0.739688
1.71037 0.752517
1.72992 0.712355
1.74947 0.772
1.76901 0.415201
1.78856 0.576963
1.80811 1.03537
1.82765 0.601486
1.8472 0.626163
1.86675 0.613145
1.90584 1.37189
1.92539 0.929642
1.96448 0.979779
1.98403 1.5847
2.00358 0.501608
2.02313 1.8487
2.04267 0.98833
2.08177 1.16256
2.10131 1.11902
2.14041 0.955316
2.15996 1.02435
2.1795 0.635203
2.19905 1.54856
2.2186 1.43221
2.23814 1.42916
2.25769 0.620458
2.27724 1.48262
2.29679 1.18922
2.31633 0.938942
2.33588 1.06406
2.35543 1.02494
2.37497 1.15783
2.39452 0.545271
2.41407 0.753978
2.43362 0.894086
2.45316 0.904115
2.47271 1.23768
2.49226 0.57395
2.5118 1.30323
2.5509 0.395215
2.57045 0.932384
2.58999 1.0206
2.60954 1.03041
2.62909 1.36146
2.64863 0.763049
2.66818 1.0958
2.68773 1.09221
2.70727 0.822578
2.72682 1.2413
2.74637 1.02746
2.76592 1.41363
2.78546 0.958819
2.80501 0.913227
2.82456 0.82089
2.8441 0.718535
2.86365 1.44351
2.8832 0.542016
2.90275 0.922201
2.92229 1.11913
2.94184 0.699689
2.96139 0.864718
2.98093 0.976132
3.00048 1.32765
3.02003 0.951196
3.03958 1.86713
3.05912 0.737618
3.07867 0.609364
3.09822 0.868963
3.11776 0.776913
3.13731 1.37934
3.15686 1.57597
3.17641 0.776915
3.19595 0.508071
3.2155 0.645392
3.23505 1.20035
3.25459 1.07329
3.27414 0.774326
3.29369 1.45492
3.31324 0.961077
3.33278 0.769942
3.35233 1.27421
3.37188 0.71999
3.39142 1.70495
3.41097 1.06205
3.43052 1.02542
3.45007 1.14552
3.46961 0.880677
3.48916 1.11001
3.50871 0.856111
3.52825 1.05706
3.5478 1.27979
3.56735 1.08256
3.58689 0.957259
3.60644 0.831837
3.62599 0.981763
3.64554 0.768585
3.66508 1.14469
3.68463 0.786147
3.70418 1.24813
3.72372 0.884858
3.74327 0.970656
3.76282 1.20641
3.78237 1.08784
3.80191 0.93621
3.82146 1.21051
3.84101 1.30273
3.86055 0.566592
3.8801 1.1543
3.89965 0.587016
3.9192 0.882341
3.93874 0.954571
3.95829 1.07272
3.97784 0.680515
3.99738 1.02637
4.01693 1.18407
4.03648 0.902742
4.05603 1.07797
4.07557 1.04897
4.09512 0.98824
4.11467 1.19591
4.13421 1.00792
4.15376 1.01816
4.17331 0.935649
4.19286 1.28518
4.2124 0.605849
4.23195 1.03259
4.2515 0.521585
4.27104 0.983767
4.29059 0.87757
4.31014 0.836998
4.32969 1.1723
4.34923 0.70217
4.36878 0.727966
4.38833 1.10248
4.40787 1.1724
4.42742 0.612343
4.44697 1.05698
4.46651 0.807
4.48606 1.12154
4.50561 0.924106
4.52516 1.35033
4.5447 1.26082
4.56425 1.07714
4.5838 1.00744
4.60334 0.981065
4.62289 0.69506
4.64244 1.15727
4.66199 0.521072
4.68153 1.13762
4.70108 0.795808
4.72063 0.974495
4.74017 1.43209
4.75972 1.13594
4.77927 0.641059
4.79882 1.01122
4.81836 0.877325
4.83791 1.02337
4.85746 0.930309
4.877 1.12548
4.89655 1.20011
4.9161 1.15769
4.93565 0.990026
4.95519 0.991214
4.97474 1.70617
4.99429 1.15999
5.01383 0.760383
5.03338 0.873829
5.05293 0.600798
5.07248 1.04619
5.09202 1.25535
5.11157 1.03825
5.13112 0.952641
5.15066 0.696739
5.17021 0.57609
5.18976 1.02547
5.20931 1.13897
5.22885 0.968778
5.2484 0.935441
5.26795 1.12349
5.28749 0.715284
5.30704 1.54322
5.32659 0.968616
5.34613 0.695646
5.36568 1.26261
5.38523 0.596459
5.40478 0.859027
5.42432 1.40606
5.44387 1.0016
5.46342 0.601585
5.48296 1.58745
5.50251 1.25204
5.52206 0.932151
5.54161 0.906364
5.56115 1.09891
5.5807 1.22806
5.60025 0.984609
5.61979 1.40579
5.63934 1.00526
5.65889 1.27112
5.67844 0.728065
5.69798 0.579644
5.71753 0.958545
5.73708 0.931843
5.75662 0.995566
5.77617 0.836057
5.79572 1.04677
5.81527 1.1438
5.83481 1.02032
5.85436 0.54143
5.87391 0.695702
5.89345 1.1042
5.913 0.821264
5.93255 0.906075
5.9521 1.00896
5.97164 0.923755
5.99119 1.08432
6.01074 0.962632
6.03028 1.05987
6.04983 1.0479
6.06938 1.09468
6.08893 1.24128
6.10847 1.16162
6.12802 0.884528
6.14757 0.928673
6.16711 0.959295
6.18666 0.877343
6.20621 0.976611
6.22575 1.24408
6.2453 0.693891
6.26485 0.940748
6.2844 1.32698
6.30394 1.22315
6.32349 1.23968
6.34304 1.07268
6.36258 0.984
6.38213 0.791664
6.40168 1.12355
6.42123 0.863325
6.44077 1.14794
6.46032 1.26666
6.47987 1.08765
6.49941 1.33475
6.51896 0.684236
6.53851 0.765059
6.55806 1.04747
6.5776 0.749342
6.59715 1.11119
6.6167 1.14367
6.63624 1.06516
6.65579 0.820325
6.67534 0.798418
6.69489 0.994302
6.71443 0.844021
6.73398 0.831756
6.75353 1.09295
6.77307 1.05586
6.79262 0.595559
6.81217 0.920841
6.83172 1.16195
6.85126 0.862196
6.87081 0.624248
6.89036 0.723387
6.9099 1.17982
6.92945 1.4947
6.949 0.999442
6.96855 0.836287
6.98809 0.831911
7.00764 0.797951
7.02719 1.01468
7.04673 1.07121
7.06628 1.04674
7.08583 0.920537
7.10537 1.17741
7.12492 0.919874
7.14447 0.970772
7.16402 0.954864
7.18356 1.23906
7.20311 0.901519
7.22266 1.26646
7.2422 1.15508
7.26175 1.0853
7.2813 1.17899
7.30085 1.10607
7.32039 1.00827
7.33994 1.03744
7.35949 0.97915
7.37903 1.17021
7.39858 0.709219
7.41813 1.07171
7.43768 1.11309
7.45722 0.968273
7.47677 1.09201
7.49632 1.00849
7.51586 0.859194
7.53541 1.01281
7.55496 1.06893
7.57451 0.769777
7.59405 1.20444
7.6136 0.809663
7.63315 1.27842
7.65269 0.949222
7.67224 1.40535
7.69179 1.00623
7.71134 0.830949
7.73088 0.785584
7.75043 1.15325
7.76998 0.918214
7.78952 1.20897
7.80907 1.10587
7.82862 1.24605
7.84817 0.731189
7.86771 1.16151
7.88726 0.827419
7.90681 0.838928
7.92635 0.796936
7.9459 0.998
7.96545 1.09333
7.98499 0.785575
8.00454 1.07915
8.02409 0.8046
8.04364 0.921345
8.06318 0.999317
8.08273 0.792314
8.10228 0.882355
8.12182 1.43694
8.14137 1.00497
8.16092 1.15837
8.18047 1.02843
8.20001 0.749412
8.21956 1.00522
8.23911 0.985717
8.25865 1.03291
8.2782 0.963147
8.29775 0.827259
8.3173 0.795073
8.33684 0.931013
8.35639 0.969338
8.37594 1.04727
8.39548 1.35247
8.41503 1.05084
8.43458 1.11638
8.45413 0.727132
8.47367 1.03869
8.49322 1.11688
8.51277 0.875048
8.53231 1.17391
8.55186 0.967722
8.57141 0.796502
8.59096 1.55229
8.6105 1.04292
8.63005 0.801423
8.6496 0.821306
8.66914 0.907417
8.68869 1.45925
8.70824 1.06511
8.72779 0.698555
8.74733 1.40628
8.76688 1.30394
8.78643 1.44265
8.80597 0.939745
8.82552 0.83608
8.84507 1.1964
8.86461 1.182
8.88416 1.41797
8.90371 0.810334
8.92326 0.934341
8.9428 0.839237
8.96235 0.843608
8.9819 1.18067
9.00144 0.812517
9.02099 0.954194
9.04054 0.973034
9.06009 1.15524
9.07963 0.896833
9.09918 0.893413
9.11873 0.857885
9.13827 1.06713
9.15782 0.947561
9.17737 1.00368
9.19692 0.841382
9.21646 1.14112
9.23601 1.01619
9.25556 0.664717
9.2751 1.04062
9.29465 0.678185
9.3142 1.39538
9.33375 1.44992
9.35329 0.642722
9.37284 0.572741
9.39239 0.851441
9.41193 0.665761
9.43148 0.962686
9.45103 0.943974
9.47058 1.42193
9.49012 1.05088
9.50967 1.04559
9.52922 1.0063
9.54876 1.12368
9.56831 0.80075
9.58786 1.21603
9.60741 0.718561
9.62695 0.977046
9.6465 0.953782
9.66605 1.29901
9.68559 1.13294
9.70514 1.16874
9.72469 1.13402
9.74423 1.07805
9.76378 1.2905
