0.104 0.0069224
0.136 0.00329273
0.2 0.000779447
0.216 0.00503818
0.28 0.00830224
0.296 0.0110988
0.312 0.0306304
0.36 0.0537018
0.392 0.0160533
0.408 0.03724
0.424 0.0381241
0.44 0.0299369
0.504 0.0640184
0.536 0.13603
0.568 0.1342
0.584 0.126519
0.6 0.0733497
0.616 0.195747
0.632 0.0961151
0.648 0.0365431
0.664 0.118694
0.696 0.154723
0.712 0.13482
0.728 0.197994
0.76 0.246725
0.776 0.312735
0.792 0.183716
0.808 0.417309
0.824 0.291767
0.856 0.526474
0.888 1.00551
0.904 1.13634
0.92 1.61082
0.936 4.02573
0.952 1.27935
0.984 0.884216
1 1.95428
1.016 1.29212
1.032 1.22442
1.048 0.808133
1.064 2.31653
1.08 1.88156
1.096 6.49395
1.112 1.29246
1.128 0.568471
1.144 2.21371
1.16 1.96554
1.176 1.35194
1.208 1.41347
1.224 3.31007
1.24 0.681228
1.256 0.691619
1.272 1.06605
1.288 0.730935
1.304 1.46078
1.32 1.6902
1.336 0.328122
1.352 0.617876
1.368 0.820833
1.384 0.610793
1.4 0.541191
1.416 0.75277
1.432 0.444859
1.448 0.644179
1.464 0.567981
1.48 0.637046
1.496 0.644446
1.512 0.650963
1.528 0.805503
1.56 0.491675
1.576 0.423108
1.608 0.642019
1.624 0.649345
1.64 0.107962
1.656 0.221188
1.672 0.386938
1.704 0.82555
1.72 0.963328
1.752 1.05805
1.768 0.694518
1.784 0.698451
1.8 1.16074
1.816 0.355951
1.832 0.815915
1.848 0.398337
1.864 0.76462
1.88 2.60953
1.896 1.85629
1.912 0.569414
1.928 1.28971
1.944 0.833524
1.96 2.3477
1.976 2.3579
1.992 1.41606
2.008 1.08704
2.024 1.12975
2.04 1.40489
2.056 1.29105
2.088 1.14544
2.104 1.06861
2.12 0.926112
2.136 1.29558
2.152 0.890542
2.168 1.23769
2.184 0.839196
2.2 1.04222
2.216 1.36961
2.232 1.00069
2.248 0.890619
2.264 0.753468
2.28 0.634782
2.296 0.950714
2.312 1.40249
2.328 1.04976
2.344 1.40682
2.36 0.941331
2.376 1.01656
2.392 0.514937
2.408 0.871166
2.424 0.704079
2.44 0.859724
2.456 1.09188
2.472 0.818912
2.488 0.723141
2.504 0.737792
2.52 0.674099
2.536 1.29682
2.552 0.911498
2.568 1.07142
2.584 0.635364
2.6 0.937347
2.616 0.637416
2.632 0.850215
2.648 0.601712
2.664 0.802782
2.68 0.706099
2.696 0.872483
2.712 0.870869
2.728 0.866336
2.744 1.26473
2.76 0.707578
2.776 0.539138
2.792 1.02271
2.808 0.846436
2.824 1.27523
2.84 0.686828
2.856 0.623221
2.872 1.67557
2.888 1.28837
2.904 1.22664
2.92 1.22395
2.936 1.32331
2.952 0.712101
2.968 1.43183
2.984 1.37755
3 1.19368
3.016 1.29093
3.032 1.07406
3.048 1.51849
3.064 1.32343
3.08 1.26628
3.096 0.903542
3.112 0.988049
3.128 0.655813
3.144 0.767486
3.16 1.3137
3.176 1.03678
3.192 1.05937
3.208 1.29455
3.224 1.19533
3.24 0.860139
3.256 0.568852
3.272 1.0711
3.288 1.28775
3.304 1.3862
3.32 0.80735
3.336 1.11456
3.352 0.800353
3.368 0.954098
3.384 0.76221
3.4 0.94278
3.416 0.855953
3.432 0.875115
3.448 0.752062
3.464 0.554662
3.48 0.674273
3.496 0.579147
3.512 1.0887
3.528 0.642231
3.544 0.738751
3.56 1.12939
3.576 1.42104
3.592 0.806077
3.608 1.12165
3.624 0.62868
3.64 0.797138
3.656 1.20395
3.672 0.645347
3.688 0.824328
3.704 1.16704
3.72 0.842243
3.736 1.19071
3.752 1.60092
3.768 0.619848
3.784 0.669901
3.8 0.88294
3.816 0.852689
3.832 1.1909
3.848 1.34992
3.864 1.26938
3.88 0.575886
3.896 1.00228
3.912 1.36193
3.928 0.569459
3.944 0.847971
3.96 0.880096
3.976 1.27329
3.992 0.959246
4.008 1.23133
4.024 1.19456
4.04 0.930981
4.056 1.04103
4.072 0.49797
4.088 0.837269
4.104 1.38758
4.12 1.10311
4.136 1.30139
4.152 1.31682
4.168 1.18798
4.184 1.20285
4.2 1.17094
4.216 1.02302
4.232 1.66953
4.248 1.18223
4.264 1.03181
4.28 1.34832
4.296 0.964919
4.312 1.05511
4.328 0.505096
4.344 0.85084
4.36 0.596028
4.376 1.15421
4.392 0.944134
4.408 1.06579
4.424 1.11663
4.44 0.656462
4.456 0.698707
4.472 1.10785
4.488 0.882562
4.504 0.867523
4.52 0.923877
4.536 0.750677
4.552 1.0824
4.568 0.761308
4.584 1.0938
4.6 0.874701
4.616 0.855878
4.632 1.15171
4.648 0.975918
4.664 0.868307
4.68 0.787228
4.696 1.39975
4.712 0.962488
4.728 0.851415
4.744 0.981714
4.76 0.806244
4.776 0.701809
4.792 0.816308
4.808 0.765356
4.824 1.0482
4.84 0.813686
4.856 0.870915
4.872 1.4025
4.888 1.01888
4.904 0.956747
4.92 0.944876
4.936 1.04301
4.952 0.69836
4.968 1.09222
4.984 0.850509
5 1.10979
5.016 1.15433
5.032 0.944265
5.048 0.921473
5.064 1.31415
5.08 1.75441
5.096 0.928962
5.112 0.987713
5.128 1.23063
5.144 1.09131
5.16 1.05729
5.176 1.10885
5.192 0.996145
5.208 1.06567
5.224 1.22433
5.24 1.3341
5.256 1.09551
5.272 0.647704
5.288 0.828887
5.304 0.926153
5.32 0.749476
5.336 0.899437
5.352 1.22637
5.368 1.05716
5.384 0.60085
5.4 1.05916
5.416 1.02251
5.432 1.59359
5.448 1.21989
5.464 0.846017
5.48 0.924635
5.496 1.03515
5.512 1.27131
5.528 0.746166
5.544 0.847248
5.56 0.979658
5.576 1.14776
5.592 1.07267
5.608 1.09139
5.624 1.20882
5.64 0.929462
5.656 1.05097
5.672 0.949938
5.688 0.81815
5.704 0.89528
5.72 1.09062
5.736 0.725042
5.752 0.999573
5.768 0.948541
5.784 0.843215
5.8 0.729369
5.816 1.24392
5.832 1.11012
5.848 1.1507
5.864 1.04928
5.88 1.03981
5.896 1.04898
5.912 1.15941
5.928 0.830834
5.944 0.891471
5.96 1.2178
5.976 0.750589
5.992 0.79117
6.008 1.14414
6.024 0.95425
6.04 0.831988
6.056 0.90277
6.072 1.41079
6.088 1.17401
6.104 1.20493
6.12 0.636418
6.136 0.997054
6.152 1.22825
6.168 0.843133
6.184 0.920648
6.2 1.29067
6.216 0.825117
6.232 0.850945
6.248 0.539528
6.264 0.983655
6.28 1.47364
6.296 1.27347
6.312 1.06784
6.328 0.727634
6.344 1.08709
6.36 0.827978
6.376 0.889252
6.392 0.856349
6.408 0.829082
6.424 0.9962
6.44 1.04856
6.456 1.16037
6.472 1.33314
6.488 1.26542
6.504 0.94643
6.52 0.975141
6.536 0.969231
6.552 0.943286
6.568 0.687094
6.584 0.976984
6.6 1.21907
6.616 0.980409
6.632 1.06104
6.648 0.90423
6.664 0.891293
6.68 0.922179
6.696 0.755355
6.712 1.10648
6.728 0.938776
6.744 1.21654
6.76 1.11602
6.776 1.1272
6.792 1.06834
6.808 1.0954
6.824 1.16614
6.84 1.00121
6.856 1.01455
6.872 1.00766
6.888 1.10464
6.904 1.03896
6.92 0.918932
6.936 1.16497
6.952 1.06247
6.968 0.929161
6.984 0.753759
7 0.877791
7.016 1.09948
7.032 1.09425
7.048 0.951331
7.064 0.994714
7.08 1.21691
7.096 0.809114
7.112 0.978357
7.128 0.550042
7.144 0.926402
7.16 0.92862
7.176 0.997541
7.192 0.823866
7.208 0.926486
7.224 1.12287
7.24 1.04275
7.256 0.81499
7.272 0.966782
7.288 0.765689
7.304 1.00244
7.32 1.05853
7.336 1.15765
7.352 0.93697
7.368 1.31289
7.384 0.782539
7.4 1.21311
7.416 1.03121
7.432 0.935848
7.448 0.847903
7.464 0.744039
7.48 0.9916
7.496 0.956274
7.512 1.07919
7.528 0.778007
7.544 1.00171
7.56 0.92235
7.576 0.763695
7.592 1.07655
7.608 1.01808
7.624 1.15346
7.64 0.928094
7.656 1.23288
7.672 1.01207
7.688 1.42556
7.704 0.776257
7.72 1.40032
7.736 0.899372
7.752 1.09842
7.768 0.796684
7.784 1.04883
7.8 0.67871
7.816 1.32442
7.832 1.10732
7.848 1.27989
7.864 1.34262
7.88 0.821206
7.896 0.98437
7.912 1.01852
7.928 0.79329
7.944 1.24008
7.96 1.03272
7.976 0.836813
7.992 1.23547
