0.104 0.00126441
0.136 0.00139054
0.2 0.00290188
0.216 0.00305856
0.28 0.00928129
0.296 0.0175356
0.312 0.0121028
0.36 0.034242
0.392 0.0706843
0.408 0.0313596
0.424 0.011193
0.44 0.0530704
0.504 0.0319073
0.536 0.0786645
0.568 0.0662996
0.584 0.143222
0.6 0.100939
0.616 0.121467
0.632 0.272561
0.648 0.0955503
0.664 0.141625
0.696 0.069188
0.712 0.147602
0.728 0.221599
0.76 0.112931
0.776 0.386527
0.792 0.0997399
0.808 0.458956
0.824 0.518894
0.856 1.22466
0.888 0.895273
0.904 1.66223
0.92 0.955312
0.936 1.3304
0.952 1.59546
0.984 0.969852
1 2.36762
1.016 1.61706
1.032 0.405417
1.048 1.9263
1.064 0.940568
1.08 1.98201
1.096 0.309831
1.112 1.20693
1.128 3.78876
1.144 1.30712
1.16 3.80638
1.176 1.79439
1.208 2.07521
1.224 2.04394
1.24 1.41213
1.256 2.32544
1.272 1.51163
1.288 1.38927
1.304 0.617679
1.32 0.933243
1.336 0.756871
1.352 1.73902
1.368 0.907515
1.384 0.917754
1.4 0.588687
1.416 0.73155
1.432 0.670016
1.448 0.836058
1.464 0.47352
1.48 0.559592
1.496 0.492406
1.512 0.54696
1.528 0.423609
1.56 0.670381
1.576 0.599682
1.608 0.69047
1.624 0.794903
1.64 0.847255
1.656 1.24656
1.672 0.734724
1.704 0.624059
1.72 0.267694
1.752 0.94551
1.768 1.26407
1.784 0.708502
1.8 0.77378
1.816 2.25871
1.832 1.17052
1.848 0.444103
1.864 1.28471
1.88 0.764845
1.896 0.93273
1.912 0.756431
1.928 1.17301
1.944 1.09725
1.96 1.42735
1.976 0.744987
1.992 1.82813
2.008 1.30273
2.024 0.75456
2.04 1.03311
2.056 1.13757
2.088 1.13361
2.104 1.0326
2.12 1.2942
2.136 0.901759
2.152 1.47746
2.168 1.25184
2.184 1.0253
2.2 0.818279
2.216 1.12368
2.232 1.02922
2.248 1.08015
2.264 1.43921
2.28 0.983582
2.296 1.08547
2.312 1.15168
2.328 1.01387
2.344 1.2317
2.36 2.06079
2.376 0.479095
2.392 2.70122
2.408 0.828511
2.424 1.19527
2.44 0.986754
2.456 0.782063
2.472 0.927399
2.488 1.64337
2.504 1.01504
2.52 0.711883
2.536 1.14386
2.552 0.813485
2.568 0.766343
2.584 1.57092
2.6 0.633178
2.616 0.741865
2.632 1.25939
2.648 0.990266
2.664 0.806609
2.68 0.92466
2.696 0.755087
2.712 0.548762
2.728 0.987471
2.744 0.74441
2.76 1.46768
2.776 1.35803
2.792 0.803702
2.808 0.866508
2.824 1.0257
2.84 1.16433
2.856 1.14501
2.872 0.963168
2.888 0.764672
2.904 0.846854
2.92 0.790842
2.936 0.571079
2.952 1.10396
2.968 1.39225
2.984 0.689479
3 1.43428
3.016 0.766215
3.032 1.08568
3.048 1.03228
3.064 0.88553
3.08 1.38782
3.096 0.840277
3.112 0.98955
3.128 1.39618
3.144 1.15897
3.16 0.838655
3.176 1.16683
3.192 1.14604
3.208 0.760568
3.224 1.22881
3.24 0.916436
3.256 0.948105
3.272 1.21697
3.288 1.21319
3.304 1.21663
3.32 0.890457
3.336 0.934054
3.352 0.609101
3.368 0.960633
3.384 0.967974
3.4 0.937903
3.416 0.679701
3.432 0.667873
3.448 1.33235
3.464 1.00751
3.48 1.32296
3.496 1.06483
3.512 1.32177
3.528 0.886779
3.544 0.753409
3.56 2.05534
3.576 1.11335
3.592 0.970024
3.608 0.99521
3.624 0.947565
3.64 0.48525
3.656 1.10152
3.672 1.15663
3.688 1.00226
3.704 0.739769
3.72 0.683917
3.736 0.867765
3.752 0.818175
3.768 1.04578
3.784 0.682759
3.8 0.873012
3.816 0.893108
3.832 0.93906
3.848 0.956944
3.864 1.1667
3.88 0.776035
3.896 1.08046
3.912 1.10104
3.928 1.09599
3.944 1.40655
3.96 0.943453
3.976 0.921234
3.992 0.794032
4.008 0.97719
4.024 1.14587
4.04 1.12873
4.056 1.08925
4.072 1.43119
4.088 1.38123
4.104 1.24359
4.12 1.72892
4.136 0.585684
4.152 0.963705
4.168 0.681809
4.184 0.892371
4.2 1.22359
4.216 1.19671
4.232 0.462016
4.248 1.18883
4.264 0.497475
4.28 1.2994
4.296 1.09008
4.312 0.830551
4.328 1.15517
4.344 1.05512
4.36 0.880953
4.376 1.08497
4.392 1.10503
4.408 0.882195
4.424 0.797722
4.44 0.666823
4.456 1.06807
4.472 0.856055
4.488 0.637612
4.504 0.848636
4.52 0.774638
4.536 0.911701
4.552 0.854635
4.568 0.601062
4.584 0.981762
4.6 1.18492
4.616 0.769297
4.632 0.725244
4.648 1.3377
4.664 1.00911
4.68 1.10904
4.696 0.837768
4.712 1.00323
4.728 0.883049
4.744 0.640512
4.76 1.20107
4.776 0.811467
4.792 1.3092
4.808 0.9915
4.824 1.3417
4.84 1.00375
4.856 0.997161
4.872 0.872894
4.888 0.77857
4.904 1.16839
4.92 1.42771
4.936 0.83618
4.952 1.42707
4.968 1.09819
4.984 1.56694
5 1.11274
5.016 1.41154
5.032 0.896962
5.048 0.822405
5.064 1.22554
5.08 0.804992
5.096 1.13906
5.112 0.792285
5.128 1.0517
5.144 1.18341
5.16 1.2155
5.176 0.471249
5.192 0.884975
5.208 0.77276
5.224 1.02209
5.24 0.977578
5.256 1.23541
5.272 0.94927
5.288 1.07998
5.304 0.938772
5.32 0.920591
5.336 0.870231
5.352 1.04291
5.368 0.867539
5.384 0.87955
5.4 1.08118
5.416 0.990351
5.432 0.807912
5.448 1.16029
5.464 0.828211
5.48 0.646775
5.496 0.719269
5.512 1.15844
5.528 0.818776
5.544 1.4047
5.56 1.06416
5.576 0.836619
5.592 0.993807
5.608 0.951307
5.624 1.30576
5.64 0.812754
5.656 1.02464
5.672 0.639841
5.688 1.03035
5.704 0.801529
5.72 1.16421
5.736 0.944898
5.752 1.11447
5.768 1.03408
5.784 0.858715
5.8 0.994921
5.816 0.879742
5.832 0.960436
5.848 1.0271
5.864 0.937695
5.88 1.18093
5.896 1.5221
5.912 0.886237
5.928 0.726143
5.944 0.972525
5.96 1.0068
5.976 1.19278
5.992 1.17972
6.008 1.03523
6.024 0.976689
6.04 0.911266
6.056 0.83844
6.072 1.56639
6.088 1.19117
6.104 0.755558
6.12 1.24305
6.136 0.957637
6.152 0.937043
6.168 1.06718
6.184 0.924869
6.2 0.712179
6.216 0.961271
6.232 1.2146
6.248 1.00359
6.264 0.940962
6.28 0.984704
6.296 1.13148
6.312 1.06212
6.328 0.766563
6.344 1.04072
6.36 1.0556
6.376 1.30139
6.392 0.958622
6.408 1.01167
6.424 0.535961
6.44 1.11916
6.456 1.10484
6.472 0.888647
6.488 0.948209
6.504 1.0548
6.52 0.808807
6.536 1.0923
6.552 0.669472
6.568 1.487
6.584 1.05404
6.6 1.21799
6.616 1.12922
6.632 0.955289
6.648 0.724845
6.664 0.974171
6.68 0.789236
6.696 1.0529
6.712 0.762315
6.728 1.10266
6.744 0.904163
6.76 0.79812
6.776 1.10249
6.792 1.02608
6.808 0.853643
6.824 0.961813
6.84 0.917506
6.856 0.822648
6.872 0.874475
6.888 0.854568
6.904 1.18234
6.92 1.12699
6.936 1.07727
6.952 1.11826
6.968 1.01459
6.984 1.46834
7 0.888017
7.016 1.10372
7.032 1.13007
7.048 0.964647
7.064 0.971955
7.08 0.738629
7.096 1.04573
7.112 1.11986
7.128 0.949745
7.144 1.12898
7.16 0.940718
7.176 1.31151
7.192 1.07858
7.208 0.951724
7.224 1.01477
7.24 0.965658
7.256 1.19123
7.272 1.11336
7.288 1.18777
7.304 0.967176
7.32 1.24717
7.336 1.20616
7.352 0.762302
7.368 1.0459
7.384 0.948606
7.4 0.89009
7.416 0.552787
7.432 0.952546
7.448 0.700973
7.464 0.949314
7.48 0.891981
7.496 0.86852
7.512 1.07035
7.528 0.996617
7.544 1.22482
7.56 1.00235
7.576 0.861528
7.592 0.784816
7.608 0.969305
7.624 0.937366
7.64 0.802966
7.656 1.06223
7.672 1.41335
7.688 0.722898
7.704 0.964285
7.72 0.954134
7.736 0.749203
7.752 1.55942
7.768 0.750032
7.784 1.23452
7.8 1.02555
7.816 1.24005
7.832 1.01841
7.848 1.16022
7.864 0.81435
7.88 1.04638
7.896 0.899054
7.912 0.965517
7.928 0.889235
7.944 1.15545
7.96 0.993782
7.976 1.03273
7.992 1.48683
