0.0429987 0.336118
0.0562291 0.289159
0.0826898 0.156316
0.089305 0.113462
0.115766 0.0304744
0.122381 0.191626
0.128996 0.129355
0.148842 0.0623494
0.162072 0.0978784
0.168687 0.0965886
0.175302 0.0683192
0.181918 0.0742822
0.208378 0.101801
0.221609 0.147792
0.234839 0.0425647
0.241454 0.107452
0.248069 0.202484
0.254685 0.0666889
0.2613 0.0639575
0.267915 0.082155
0.27453 0.0745001
0.287761 0.184359
0.294376 0.06238
0.300991 0.0327534
0.314221 0.0601862
0.320837 0.0333522
0.327452 0.261953
0.334067 0.105731
0.340682 0.0819296
0.353912 0.0811754
0.367143 0.0432379
0.373758 0.0944819
0.380373 0.0548763
0.386988 0.101506
0.393604 0.0593146
0.406834 0.0557596
0.413449 0.167596
0.420064 0.0929776
0.426679 0.0716057
0.433295 0.0794836
0.43991 0.0207497
0.446525 0.0719201
0.45314 0.228281
0.459755 0.0980288
0.466371 0.0508825
0.472986 0.0753006
0.479601 0.0428967
0.486216 0.107465
0.499447 0.0678501
0.506062 0.0850086
0.512677 0.101078
0.519292 0.143628
0.525907 0.115004
0.532522 0.329542
0.539138 0.255779
0.545753 0.100961
0.552368 0.265957
0.558983 0.479704
0.565598 0.148812
0.572214 0.457248
0.578829 0.234841
0.585444 0.15966
0.592059 0.195584
0.598674 0.255382
0.60529 0.143934
0.611905 0.31067
0.61852 0.478866
0.625135 0.269749
0.63175 0.414976
0.644981 0.536528
0.651596 0.697443
0.664826 0.905119
0.671441 1.36356
0.678057 1.56045
0.684672 1.06645
0.691287 0.602792
0.704517 0.996966
0.711132 0.888905
0.724363 1.77855
0.730978 1.15821
0.737593 1.20556
0.744208 0.662018
0.750824 0.684788
0.757439 1.17962
0.764054 1.2392
0.770669 0.653527
0.777284 0.731587
0.7839 0.536506
0.790515 1.16121
0.79713 1.38897
0.803745 0.966727
0.81036 1.11621
0.816975 0.722273
0.823591 0.786897
0.830206 0.99241
0.836821 0.897873
0.843436 0.507464
0.850051 0.781518
0.863282 0.47122
0.869897 0.776241
0.876512 0.629178
0.883127 0.496293
0.889742 0.356539
0.896358 0.465037
0.902973 0.286578
0.909588 0.301855
0.916203 0.50229
0.922818 0.359354
0.929434 0.653027
0.936049 0.335215
0.942664 0.378081
0.949279 0.379777
0.955894 0.397766
0.96251 0.539734
0.969125 0.251121
0.97574 0.448185
0.982355 0.524387
0.98897 1.42228
0.995585 0.409027
1.0022 0.314502
1.00882 0.53713
1.01543 0.486755
1.02205 0.634751
1.02866 0.597232
1.03528 0.518377
1.04189 0.86811
1.04851 0.448893
1.05512 0.503742
1.06174 0.747417
1.06835 0.762763
1.07497 0.689554
1.08158 0.565124
1.0882 0.883838
1.09481 0.479762
1.10143 0.783657
1.10804 0.983075
1.11466 1.22796
1.12127 0.739396
1.12789 0.910652
1.1345 0.832868
1.14112 0.770348
1.14773 0.629624
1.15435 0.926771
1.16097 0.744556
1.16758 1.21876
1.1742 0.692291
1.18081 0.891782
1.18743 1.18624
1.19404 0.854166
1.20066 1.26497
1.20727 1.41863
1.21389 1.50353
1.2205 1.80592
1.22712 2.02644
1.23373 1.26276
1.24035 1.33471
1.24696 0.849939
1.25358 1.70037
1.26019 2.08352
1.26681 0.938002
1.27342 1.51299
1.28004 1.26221
1.28665 1.47149
1.29327 1.27108
1.29988 1.97172
1.3065 1.60767
1.31311 1.45694
1.31973 1.14157
1.32634 1.53572
1.33296 1.77214
1.33958 1.08076
1.34619 1.63991
1.35281 1.86918
1.35942 2.43036
1.36604 1.9622
1.37265 1.60769
1.37927 1.95836
1.38588 2.56756
1.3925 1.54936
1.39911 1.79856
1.40573 1.98677
1.41234 1.4413
1.41896 1.81127
1.42557 2.1308
1.43219 2.11743
1.4388 2.12051
1.44542 1.13189
1.45203 1.14602
1.45865 1.67342
1.46526 1.48897
1.47188 1.59156
1.47849 2.21784
1.48511 1.79888
1.49172 1.46351
1.49834 1.63056
1.50495 1.5305
1.51157 0.802974
1.51819 1.47988
1.5248 1.8614
1.53142 1.99104
1.53803 0.770552
1.54465 1.33077
1.55126 1.17657
1.55788 1.37831
1.56449 1.50643
1.57111 1.20077
1.57772 1.41155
1.58434 0.836046
1.59095 1.35042
1.59757 0.893242
1.60418 1.26221
1.6108 1.05031
1.61741 0.679311
1.62403 0.906946
1.63064 1.07331
1.63726 0.865508
1.64387 0.930268
1.65049 0.815344
1.6571 0.991817
1.66372 0.91752
1.67033 0.551082
1.67695 0.654871
1.68356 0.875998
1.69018 0.672097
1.6968 0.825038
1.70341 0.723736
1.71003 0.267598
1.71664 0.673441
1.72326 0.783668
1.72987 0.882021
1.73649 0.422195
1.7431 0.394216
1.74972 0.529235
1.75633 0.577002
1.76295 0.413644
1.76956 0.591928
1.77618 0.509557
1.78279 0.516535
1.78941 0.399391
1.79602 0.651593
1.80264 0.574743
1.80925 0.670428
1.81587 0.635233
1.82248 0.751184
1.8291 0.525578
1.83571 0.534185
1.84233 0.540063
1.84894 0.606291
1.85556 0.452856
1.86217 0.782197
1.86879 0.429221
1.87541 0.564394
1.88202 0.734013
1.88864 0.681423
1.89525 0.365402
1.90187 0.449614
1.90848 0.644015
1.9151 0.714473
1.92171 0.825873
1.92833 0.707177
1.93494 0.586782
1.94156 0.627692
1.94817 0.782819
1.95479 0.67796
1.9614 0.928242
1.96802 0.852844
1.97463 0.885297
1.98125 0.589534
1.98786 0.825742
1.99448 0.736571
2.00109 0.637331
2.00771 0.634955
2.01432 0.941564
2.02094 0.708369
2.02755 0.933835
2.03417 0.944896
2.04078 0.792416
2.0474 0.874676
2.05402 0.755935
2.06063 1.0507
2.06725 1.07664
2.07386 0.754276
2.08048 1.0668
2.08709 0.701261
2.09371 0.964496
2.10032 0.818385
2.10694 1.12175
2.11355 0.838551
2.12017 0.876288
2.12678 1.02621
2.1334 0.786893
2.14001 0.983903
2.14663 0.998422
2.15324 0.826419
2.15986 1.49698
2.16647 1.11895
2.17309 1.13642
2.1797 1.4995
2.18632 1.69865
2.19293 1.10833
2.19955 0.950687
2.20616 1.06129
2.21278 1.02308
2.21939 1.07424
2.22601 0.969345
2.23263 0.822731
2.23924 1.06238
2.24586 1.05134
2.25247 1.53006
2.25909 1.17852
2.2657 0.85117
2.27232 1.20819
2.27893 1.20277
2.28555 1.16898
2.29216 1.14946
2.29878 0.836908
2.30539 1.13154
2.31201 0.833639
2.31862 0.906808
2.32524 1.28269
2.33185 0.97169
2.33847 1.11101
2.34508 1.27645
2.3517 0.918502
2.35831 0.870123
2.36493 1.26336
2.37154 0.761282
2.37816 1.05711
2.38477 1.10117
2.39139 0.634312
2.398 1.13676
2.40462 0.840329
2.41124 1.15076
2.41785 1.3271
2.42447 1.41005
2.43108 1.16796
2.4377 0.882589
2.44431 1.24414
2.45093 0.696271
2.45754 1.24912
2.46416 1.02304
2.47077 1.20982
2.47739 1.01694
2.484 1.28612
2.49062 1.20203
2.49723 1.02545
2.50385 0.97155
2.51046 1.29494
2.51708 1.12349
2.52369 1.06642
2.53031 0.845238
2.53692 1.08999
2.54354 1.04361
2.55015 0.847173
2.55677 1.0163
2.56338 1.02656
2.57 0.975525
2.57661 1.0758
2.58323 0.910929
2.58985 0.88978
2.59646 1.2522
2.60308 1.07266
2.60969 0.921671
2.61631 1.24168
2.62292 1.16014
2.62954 1.15226
2.63615 1.3441
2.64277 0.753462
2.64938 0.888292
2.656 1.17168
2.66261 1.15197
2.66923 0.998421
2.67584 0.852991
2.68246 0.981609
2.68907 0.940095
2.69569 0.880003
2.7023 1.18432
2.70892 1.34625
2.71553 1.38119
2.72215 0.998703
2.72876 1.03917
2.73538 0.883508
2.74199 0.932173
2.74861 1.09006
2.75522 1.33922
2.76184 1.04702
2.76846 0.954851
2.77507 1.14685
2.78169 1.05402
2.7883 1.01138
2.79492 0.96304
2.80153 1.07327
2.80815 1.08304
2.81476 1.10028
2.82138 1.3847
2.82799 1.01574
2.83461 0.930325
2.84122 1.10412
2.84784 1.26257
2.85445 1.29975
2.86107 0.877207
2.86768 1.2679
2.8743 0.967408
2.88091 1.05398
2.88753 0.926507
2.89414 0.941646
2.90076 0.915234
2.90737 0.898641
2.91399 0.788989
2.9206 0.959449
2.92722 0.852071
2.93383 0.851391
2.94045 0.991128
2.94707 1.10463
2.95368 1.08526
2.9603 1.31575
2.96691 0.98961
2.97353 0.942989
2.98014 1.11349
2.98676 0.745198
2.99337 1.08534
2.99999 1.21846
3.0066 1.10254
3.01322 0.888492
3.01983 1.06211
3.02645 0.89012
3.03306 0.846256
3.03968 0.821038
3.04629 1.04233
3.05291 1.14122
3.05952 1.10771
3.06614 0.677663
3.07275 0.829752
3.07937 1.1589
3.08598 1.50839
3.0926 0.777807
3.09921 0.937019
3.10583 0.905378
3.11244 0.870452
3.11906 0.993579
3.12568 1.0218
3.13229 0.821593
3.13891 1.02602
3.14552 1.12447
3.15214 0.621573
3.15875 0.716882
3.16537 1.02294
3.17198 1.07002
3.1786 1.22253
3.18521 0.68788
3.19183 1.0208
3.19844 0.746779
3.20506 1.11536
3.21167 0.943726
3.21829 0.884441
3.2249 1.22537
3.23152 0.785789
3.23813 0.874324
3.24475 0.763928
3.25136 0.671595
3.25798 0.730702
3.26459 1.69512
3.27121 0.800723
3.27782 1.05394
3.28444 0.845023
3.29105 0.656774
3.29767 0.879326
3.30429 1.20637
