0.0600444 7.99923e-05
0.0785196 0.000309228
0.11547 0.000426818
0.124708 0.000474694
0.161658 0.00488275
0.170896 0.00662804
0.180133 0.00193679
0.207846 0.0084913
0.226321 0.0133713
0.235559 0.00504532
0.244797 0.00242323
0.254034 0.0115658
0.290985 0.0154066
0.30946 0.0205558
0.327935 0.0314051
0.337173 0.0391162
0.34641 0.00880102
0.355648 0.038585
0.364885 0.0521503
0.374123 0.0182891
0.383361 0.0451566
0.401836 0.0269254
0.411073 0.027966
0.420311 0.0409341
0.438786 0.0407199
0.448024 0.0686028
0.457261 0.0713897
0.466499 0.0691529
0.475737 0.0300728
0.494212 0.171026
0.512687 0.0363116
0.521925 0.17302
0.531162 0.075982
0.5404 0.125226
0.549637 0.126529
0.568113 0.0773562
0.57735 0.12587
0.586588 0.100373
0.595825 0.0630008
0.605063 0.192092
0.614301 0.0655338
0.623538 0.177117
0.632776 0.0206338
0.642013 0.14144
0.651251 0.358381
0.660489 0.184028
0.669726 0.214091
0.678964 0.197734
0.697439 0.104381
0.706677 0.251501
0.715914 0.213276
0.725152 0.189597
0.73439 0.205897
0.743627 0.224002
0.752865 0.385736
0.762102 0.449016
0.77134 0.398139
0.780578 0.603195
0.789815 0.29651
0.799053 0.583469
0.80829 0.221678
0.817528 0.292475
0.826766 0.532199
0.836003 0.25937
0.845241 0.25398
0.854478 0.478874
0.863716 0.508148
0.872954 0.608624
0.882191 0.809928
0.900666 0.86744
0.909904 1.06056
0.928379 1.14412
0.937617 2.24557
0.946854 2.30653
0.956092 1.24015
0.96533 1.23907
0.983805 1.82664
0.993042 0.973314
1.01152 1.94862
1.02076 1.67313
1.02999 1.33387
1.03923 1.53386
1.04847 2.15088
1.05771 1.7558
1.06694 1.02036
1.07618 1.4966
1.08542 0.980084
1.09466 1.63641
1.10389 1.61879
1.11313 2.35336
1.12237 1.84127
1.13161 3.69656
1.14084 1.46906
1.15008 1.95092
1.15932 2.98114
1.16856 1.95034
1.17779 1.47349
1.18703 1.96632
1.20551 1.64406
1.21474 1.66677
1.22398 1.22088
1.23322 1.73517
1.24246 2.19269
1.2517 1.46313
1.26093 0.451784
1.27017 1.19791
1.27941 1.30204
1.28865 1.20243
1.29788 0.975164
1.30712 1.12235
1.31636 1.14544
1.3256 0.972884
1.33483 1.16373
1.34407 1.17953
1.35331 0.882982
1.36255 1.33001
1.37178 1.25344
1.38102 1.44998
1.39026 0.860786
1.3995 1.22115
1.40873 0.924085
1.41797 0.894313
1.42721 1.08862
1.43645 1.29152
1.44569 1.261
1.45492 0.584611
1.46416 0.676886
1.4734 0.654901
1.48264 0.683448
1.49187 1.06308
1.50111 0.545935
1.51035 0.975774
1.51959 1.22415
1.52882 0.563183
1.53806 0.979551
1.5473 0.958773
1.55654 0.779046
1.56577 0.463395
1.57501 0.582404
1.58425 0.607184
1.59349 0.698054
1.60272 0.442681
1.61196 0.887317
1.6212 0.472995
1.63044 0.557234
1.63967 0.513242
1.64891 0.484406
1.65815 0.720144
1.66739 0.614053
1.67663 0.498947
1.68586 0.803278
1.6951 0.599826
1.70434 0.594438
1.71358 0.711409
1.72281 0.519419
1.73205 0.648884
1.74129 0.518551
1.75053 0.82682
1.75976 0.576814
1.769 0.621449
1.77824 0.461989
1.78748 0.61399
1.79671 0.606845
1.80595 0.420643
1.81519 0.848919
1.82443 0.741669
1.83366 0.802473
1.8429 0.695711
1.85214 0.611157
1.86138 0.562653
1.87061 0.557579
1.87985 0.650614
1.88909 0.794659
1.89833 1.68997
1.90757 0.619272
1.9168 0.660805
1.92604 1.03177
1.93528 0.918175
1.94452 0.649023
1.95375 0.954081
1.96299 0.709493
1.97223 0.779211
1.98147 1.51267
1.9907 0.796373
1.99994 0.856215
2.00918 0.48872
2.01842 1.13535
2.02765 1.19115
2.03689 0.931193
2.04613 0.884238
2.05537 0.241629
2.0646 1.10418
2.07384 1.09192
2.08308 1.31832
2.09232 1.37969
2.10155 1.10203
2.11079 0.628126
2.12003 1.43283
2.12927 1.06473
2.13851 1.20518
2.14774 0.922748
2.15698 0.854161
2.16622 1.15756
2.17546 1.1146
2.18469 0.514301
2.19393 1.1935
2.20317 1.51502
2.21241 1.24006
2.22164 1.43066
2.23088 1.79109
2.24012 1.9574
2.24936 1.50557
2.25859 1.02549
2.26783 1.3158
2.27707 2.06693
2.28631 2.0588
2.29554 1.45006
2.30478 1.29759
2.31402 1.10925
2.32326 1.45878
2.3325 2.17636
2.34173 1.33117
2.35097 1.44868
2.36021 1.40667
2.36945 1.46265
2.37868 2.14944
2.38792 0.958597
2.39716 1.29772
2.4064 1.0217
2.41563 1.55086
2.42487 1.00799
2.43411 1.1861
2.44335 1.06953
2.45258 1.60669
2.46182 1.65461
2.47106 1.32568
2.4803 1.08443
2.48953 0.855231
2.49877 1.99878
2.50801 1.31234
2.51725 1.0909
2.52648 0.625216
2.53572 1.23408
2.54496 0.845386
2.5542 0.66884
2.56344 0.753645
2.57267 0.916925
2.58191 0.862847
2.59115 0.613114
2.60039 0.605681
2.60962 0.758949
2.61886 0.6645
2.6281 0.600892
2.63734 0.737507
2.64657 0.869132
2.65581 0.940019
2.66505 0.764607
2.67429 0.774687
2.68352 1.01585
2.69276 0.753199
2.702 0.888529
2.71124 0.852913
2.72047 0.579779
2.72971 1.16158
2.73895 0.653922
2.74819 0.585638
2.75742 0.715978
2.76666 1.06632
2.7759 0.960118
2.78514 0.786686
2.79438 0.670383
2.80361 0.950431
2.81285 0.715696
2.82209 0.521383
2.83133 0.933956
2.84056 0.628761
2.8498 0.548823
2.85904 1.03914
2.86828 0.609578
2.87751 0.732737
2.88675 0.51199
2.89599 0.654329
2.90523 0.673955
2.91446 0.640289
2.9237 1.20729
2.93294 0.321808
2.94218 0.838843
2.95141 0.531923
2.96065 0.677074
2.96989 0.645315
2.97913 0.765429
2.98836 0.87404
2.9976 0.866366
3.00684 0.649137
3.01608 1.20014
3.02532 1.02162
3.03455 0.756755
3.04379 0.990391
3.05303 0.788872
3.06227 0.946376
3.0715 0.811102
3.08074 0.801674
3.08998 0.699037
3.09922 0.655741
3.10845 0.792996
3.11769 0.88259
3.12693 0.729599
3.13617 0.80864
3.1454 0.748785
3.15464 0.913565
3.16388 0.830759
3.17312 0.838092
3.18235 1.22065
3.19159 1.04154
3.20083 1.29464
3.21007 0.76583
3.21931 1.24607
3.22854 1.07637
3.23778 1.01256
3.24702 1.49366
3.25626 1.05824
3.26549 1.18925
3.27473 0.884245
3.28397 1.1926
3.29321 1.20728
3.30244 1.51828
3.31168 1.66376
3.32092 1.31935
3.33016 1.23914
3.33939 1.64711
3.34863 1.1377
3.35787 1.38304
3.36711 1.43957
3.37634 1.02648
3.38558 1.53593
3.39482 1.45021
3.40406 1.6818
3.41329 1.33023
3.42253 0.923851
3.43177 1.38936
3.44101 1.12345
3.45025 1.427
3.45948 1.44424
3.46872 1.30123
3.47796 1.15994
3.4872 1.38933
3.49643 1.09803
3.50567 1.89694
3.51491 1.21435
3.52415 0.996627
3.53338 1.54437
3.54262 1.40529
3.55186 1.00195
3.5611 1.02966
3.57033 1.35167
3.57957 1.46465
3.58881 1.09199
3.59805 0.998601
3.60728 1.19556
3.61652 1.12673
3.62576 1.22913
3.635 1.54048
3.64423 0.888486
3.65347 0.794969
3.66271 1.46562
3.67195 0.845315
3.68119 1.1801
3.69042 0.808319
3.69966 0.873806
3.7089 0.94923
3.71814 0.948921
3.72737 0.963846
3.73661 0.988625
3.74585 1.04189
3.75509 0.683513
3.76432 0.824143
3.77356 0.716646
3.7828 0.869607
3.79204 0.841035
3.80127 1.04579
3.81051 0.819328
3.81975 0.774161
3.82899 0.770877
3.83822 0.922048
3.84746 0.863312
3.8567 0.531224
3.86594 0.883437
3.87518 0.716522
3.88441 0.936183
3.89365 1.04085
3.90289 0.669265
3.91213 0.532029
3.92136 0.716817
3.9306 0.567853
3.93984 0.615787
3.94908 0.787808
3.95831 0.861098
3.96755 0.69355
3.97679 0.767828
3.98603 0.767914
3.99526 0.619753
4.0045 0.747642
4.01374 0.999695
4.02298 0.732913
4.03221 0.734211
4.04145 0.747094
4.05069 0.736418
4.05993 0.520562
4.06916 0.642342
4.0784 0.77876
4.08764 0.872207
4.09688 0.67762
4.10612 0.931059
4.11535 0.866847
4.12459 0.807794
4.13383 0.996087
4.14307 0.904215
4.1523 0.66227
4.16154 0.707803
4.17078 0.752309
4.18002 1.16508
4.18925 0.801868
4.19849 1.23667
4.20773 0.87966
4.21697 0.991099
4.2262 0.85319
4.23544 0.834778
4.24468 1.05583
4.25392 0.845655
4.26315 0.712413
4.27239 0.95825
4.28163 0.928114
4.29087 1.03904
4.3001 0.763829
4.30934 1.03503
4.31858 1.04787
4.32782 0.994546
4.33706 1.19339
4.34629 1.09194
4.35553 1.48657
4.36477 1.02215
4.37401 1.08936
4.38324 0.926802
4.39248 1.01851
4.40172 1.34164
4.41096 1.2696
4.42019 1.33296
4.42943 1.29768
4.43867 1.16457
4.44791 1.02927
4.45714 1.15364
4.46638 1.17886
4.47562 1.57143
4.48486 1.66965
4.49409 1.34974
4.50333 1.4479
4.51257 1.39628
4.52181 1.29198
4.53104 1.42818
4.54028 0.938447
4.54952 1.40789
4.55876 1.39124
4.568 1.44496
4.57723 1.31765
4.58647 1.36787
4.59571 0.987828
4.60495 1.10264
4.61418 1.46279
