0.652054666667 0.00441926066667
0.377422 0.009540854
0.0169117333333 0.820905
0.0152241366667 0.425606
0.144604966667 0.329890333333
0.274849333333 0.0355220666667
0.355255666667 0.0348599666667
0.323426 0.0198037666667
0.259381333333 0.0931483666667
0.315796 0.0656692333333
0.286901333333 0.0690774
0.146955633333 0.0177989666667
0.961267666667 0.171342
0.885246 0.0202287666667
0.846089333333 0.0297728666667
0.857814666667 0.0635403333333
0.914621333333 0.20383
0.951860333333 0.200363
0.993086 0.301420666667
0.975143 0.249739333333
0.955936333333 0.284829666667
0.782019 0.315664333333
0.761258 0.341862
0.739251 0.0200583066667
0.794453666667 0.0312885
0.0206407 0.881563333333
0.0350954666667 0.760082333333
0.0513199333333 0.725804
0.0151851 0.771336333333
0.0126395366667 0.491769666667
0.028456 0.609563666667
0.0100278033333 0.323025
0.0121254 0.553945333333
0.0323084 0.690324333333
0.0549605 0.670380333333
0.0515560666667 0.638266
0.1267083 0.354968333333
0.0907823 0.359233333333
0.982069 0.807812666667
0.955428333333 0.732402
0.980255 0.691417666667
0.992205333333 0.586327666667
0.996105 0.667593666667
0.811858666667 0.728204666667
0.819872333333 0.800287666667
0.827699 0.755455333333
0.867472 0.740540333333
0.793392666667 0.824349
0.189244333333 0.100918633333
0.200787 0.141499333333
0.275296666667 0.372273
0.229753333333 0.148710666667
0.260262 0.123967
0.301052666667 0.143162333333
0.193867333333 0.0208713666667
0.163868 0.0385896666667
0.242405 0.0352242
0.231092333333 0.0662848666667
0.198158 0.0655388
0.0461010333333 0.0517488666667
0.0836077 0.0392987333333
0.888909333333 0.179937333333
0.890336666667 0.143484666667
0.942951333333 0.140034666667
0.912184666667 0.126059
0.899159 0.0861798666667
0.908061666667 0.238114
0.926094 0.269737333333
0.870774666667 0.241809333333
0.983886333333 0.350978666667
0.961189 0.324376666667
0.936408333333 0.348624333333
0.818581 0.314660333333
0.903502 0.331915333333
0.898440333333 0.292575333333
0.832703 0.278973
0.865907666667 0.271191333333
0.762531666667 0.697979333333
0.781424666667 0.731014666667
0.491975666667 0.703969333333
0.445865666667 0.506931666667
0.434428666667 0.475858333333
0.634138 0.462722666667
0.645546333333 0.427764666667
0.623410666667 0.384376333333
0.593469333333 0.387297666667
0.650403333333 0.358317666667
0.728514666667 0.339087
0.707887666667 0.314521
0.388061 0.644151333333
0.376683 0.529384333333
0.342860333333 0.530724666667
0.399945666667 0.486913666667
0.433198 0.029356054
0.394824333333 0.0476854666667
0.540974666667 0.0117651606667
0.573549 0.02462264
0.527738 0.1186782
0.545345 0.0521392333333
0.677647333333 0.03821664
0.690977 0.0707953666667
0.658066 0.0945512
0.774018333333 0.0596281
0.676388333333 0.257647333333
0.6793 0.226507666667
0.712685 0.282768
0.0433575666667 0.914317333333
0.0738528 0.884195333333
0.0543355333333 0.79417
0.0396533666667 0.837794666667
0.0692497666667 0.854406333333
0.1134321 0.819885333333
0.203241666667 0.653795666667
0.340796333333 0.637852666667
0.339714 0.606456333333
0.351961 0.747784
0.0429699033333 0.269954333333
0.0717520333333 0.295611333333
0.0660632 0.333037666667
0.0249073033333 0.336772
0.0411354666667 0.375835
0.04193627 0.234746666667
0.0691292 0.182699333333
0.0744521 0.222168
0.0470370666667 0.417027333333
0.0825518 0.444882666667
0.0519217 0.453802
0.0972635 0.410824333333
0.0790071666667 0.390352333333
0.134561333333 0.408719333333
0.152231 0.383982333333
0.192902 0.383085333333
0.212998666667 0.406231
0.108472633333 0.473658
0.103435 0.513499666667
0.226832666667 0.530062
0.263341333333 0.515293333333
0.269675333333 0.484470333333
0.241059 0.454896666667
0.274618333333 0.411298
0.2462 0.418391333333
0.610959 0.584120666667
0.554175333333 0.539671333333
0.614232333333 0.542294333333
0.586945666667 0.522179333333
0.844889 0.493163333333
0.815411 0.504246
0.789979 0.468095666667
0.854502333333 0.454356666667
0.680314333333 0.424932333333
0.740981333333 0.405513666667
0.687562 0.382799666667
0.716353333333 0.375079
0.70374 0.486443
0.757874 0.472053666667
0.741157333333 0.50102
0.735479666667 0.438570333333
0.703604 0.450268333333
0.651284666667 0.496847333333
0.683527666667 0.505973
0.64006 0.530537666667
0.975721 0.427934333333
0.972206 0.388153
0.945006 0.386036666667
0.988048 0.507994
0.983544 0.462093666667
0.894093333333 0.889958666667
0.924831333333 0.886349333333
0.944847666667 0.922171666667
0.971483 0.899534333333
0.968453333333 0.848765666667
0.938202333333 0.849117666667
0.887975333333 0.763165333333
0.953202 0.785140333333
0.93774 0.759453
0.924298666667 0.817002333333
0.681755333333 0.967882
0.750125 0.533507333333
0.657978 0.646699333333
0.699514333333 0.666082666667
0.961611333333 0.648646
0.196178 0.290347666667
0.245685 0.341403
0.186880333333 0.324213666667
0.209654666667 0.348394666667
0.399990333333 0.271413
0.367658666667 0.271562666667
0.263510333333 0.206595
0.234636 0.188797333333
0.210352333333 0.221335
0.217946666667 0.263905
0.289549333333 0.200209333333
0.308609666667 0.174368666667
0.312681333333 0.232971333333
0.347993333333 0.200373333333
0.345463 0.232162333333
0.0288018333333 0.0820554333333
0.0465854333333 0.108550433333
0.0380853 0.148315333333
0.0102299366667 0.141444333333
0.0214912033333 0.186147333333
0.13405 0.0568577333333
0.1007014 0.0606392
0.154502 0.0948178666667
0.0809783333333 0.0995843333333
0.952845 0.1061795
0.920465333333 0.0390787333333
0.922653 0.0712623666667
0.971161333333 0.137486833333
0.835726333333 0.343442
0.881053 0.395172333333
0.877878333333 0.353624333333
0.399516 0.674583
0.433659666667 0.679928
0.373466 0.700466333333
0.383642666667 0.729903666667
0.451452666667 0.709934666667
0.488914 0.558566666667
0.765422333333 0.805146333333
0.76321 0.766395333333
0.521294333333 0.725313333333
0.450957666667 0.442830333333
0.496592666667 0.423643666667
0.482163 0.451957666667
0.531486333333 0.511137
0.499114333333 0.520780666667
0.480400666667 0.494667666667
0.649276333333 0.271815
0.665636333333 0.309701333333
0.641012 0.325415
0.541674333333 0.376968666667
0.573677 0.362372666667
0.383827333333 0.592730666667
0.430043 0.544858
0.395343333333 0.556255333333
0.408171 0.615586666667
0.454377666667 0.57038
0.444021666667 0.604633333333
0.564508333333 0.165889333333
0.56326 0.1294072
0.593021666667 0.121844866667
0.373045333333 0.0776114
0.329321333333 0.0913515333333
0.326969666667 0.126551333333
0.375053333333 0.189764333333
0.404854666667 0.221403666667
0.574550666667 0.0627737666667
0.596261666667 0.0893111666667
0.630188333333 0.0783768333333
0.602754666667 0.0352571733333
0.635108666667 0.04185544
0.507023333333 0.0935550333333
0.516579666667 0.0611158
0.461594333333 0.0862533666667
0.455698666667 0.0451708206667
0.485578 0.0307257206667
0.716137666667 0.0882071666667
0.749699 0.0823919666667
0.142040666667 0.829714333333
0.0869095666667 0.739202333333
0.0887989333333 0.776445666667
0.1182991 0.785549333333
0.0741025333333 0.519665
0.0407815666667 0.566662333333
0.0688062 0.561621333333
0.0288195 0.517322666667
0.0485100666667 0.488742666667
0.0933693333333 0.591557333333
0.0884447666667 0.625300666667
0.166248 0.635245
0.222369666667 0.629440666667
0.253649666667 0.631542666667
0.211576 0.591523333333
0.232192333333 0.567466
0.272653333333 0.746752666667
0.175877333333 0.166967333333
0.18056 0.206716333333
0.166111 0.274976
0.105370833333 0.246400666667
0.158087333333 0.233914666667
0.129151333333 0.220404
0.1334413 0.299701
0.101637133333 0.284636333333
0.153082333333 0.439171666667
0.141705333333 0.470052
0.207898333333 0.460297
0.190848666667 0.437580333333
0.200006 0.504639333333
0.171579333333 0.512803
0.313900333333 0.588600666667
0.322931666667 0.552304333333
0.289347 0.542702333333
0.275857666667 0.596136
0.265194 0.569976666667
0.303271333333 0.440753333333
0.333252 0.493806
0.303469333333 0.477420333333
0.948161666667 0.449997666667
0.886567 0.454798333333
0.901814666667 0.422128666667
0.930137 0.420234333333
0.916644333333 0.599719666667
0.972083333333 0.567991
0.957597 0.603553
0.643266333333 0.980907666667
0.894573 0.819515333333
0.873711666667 0.791365666667
0.845381666667 0.813573
0.850792666667 0.854423
0.877738666667 0.85524
0.738775666667 0.828078333333
0.835579 0.573287666667
0.827602666667 0.605045
0.809277333333 0.545209666667
0.778551333333 0.551765333333
0.647387 0.592943666667
0.668005666667 0.615542666667
0.720709666667 0.557560666667
0.691529666667 0.544603333333
0.665146 0.561025333333
0.629936666667 0.666243666667
0.644786666667 0.707888
0.566093333333 0.713668
0.930071333333 0.705966
0.938806333333 0.671966
0.891879666667 0.710392
0.435526333333 0.879146333333
0.484441333333 0.869261
0.449389 0.851582
0.35975 0.776737333333
0.274261333333 0.776841333333
0.294392666667 0.808972666667
0.234289333333 0.930572666667
0.263542666667 0.311684333333
0.305505666667 0.260262
0.272128 0.249364333333
0.250848 0.274136666667
0.817516333333 0.376629666667
0.798098 0.430804
0.833143333333 0.428147666667
0.844446333333 0.401633
0.771494666667 0.401705333333
0.77961 0.374045666667
0.495005333333 0.673148333333
0.458954 0.656142
0.467995666667 0.623843333333
0.735174333333 0.754821
0.732949333333 0.716086666667
0.702156666667 0.700606666667
0.675470333333 0.722867666667
0.572915666667 0.835396333333
0.512787666667 0.858973
0.599577666667 0.951177666667
0.551193666667 0.885122666667
0.579890333333 0.871648666667
0.514138666667 0.353062
0.393547 0.354704666667
0.439280666667 0.408822333333
0.467462666667 0.387884333333
0.473431 0.359574666667
0.54569 0.411040333333
0.530192 0.436207333333
0.580083333333 0.423758666667
0.545819 0.478575
0.598616333333 0.455795333333
0.57985 0.485444666667
0.619083666667 0.258931
0.598184 0.228719333333
0.562488 0.232506
0.617048666667 0.200200666667
0.599362 0.175229333333
0.658415666667 0.199888666667
0.621397333333 0.147752
0.652515 0.131392666667
0.392937 0.0994742
0.417975333333 0.151661
0.366639 0.129915
0.383575333333 0.151395666667
0.439303333333 0.104611533333
0.447405333333 0.135317666667
0.716545 0.128525666667
0.685833333333 0.147955333333
0.686915 0.179063333333
0.707799333333 0.205682333333
0.200699333333 0.952325
0.141776666667 0.868624666667
0.117771133333 0.888584666667
0.1222718 0.918285333333
0.177207333333 0.933120333333
0.147427333333 0.942741
0.200023666667 0.688789
0.191405333333 0.757115333333
0.154526666667 0.755102666667
0.227044 0.732493333333
0.227857666667 0.704221666667
0.0944965333333 0.680641333333
0.107434066667 0.713983666667
0.146498 0.658412333333
0.113434133333 0.652385666667
0.165677333333 0.693464666667
0.145551 0.720780333333
0.1242867 0.576496
0.163967666667 0.543304
0.129056033333 0.540394666667
0.181595666667 0.579464333333
0.155395666667 0.598831
0.276659666667 0.661131
0.270244 0.691896666667
0.317346666667 0.659580333333
0.338561333333 0.691762333333
0.325669333333 0.724074
0.298039 0.722657666667
0.141599666667 0.1193799
0.151432333333 0.150948666667
0.1014246 0.1203649
0.0980756 0.163715
0.127179 0.177187
0.408328666667 0.413781
0.390089333333 0.389539
0.385522666667 0.458844333333
0.352651666667 0.464396333333
0.350663666667 0.402235666667
0.336032 0.432029666667
0.949039666667 0.512703333333
0.927757 0.489797
0.894484666667 0.492703333333
0.942250333333 0.545053333333
0.870008666667 0.522151333333
0.866832333333 0.561312
0.902903 0.569797666667
0.925336666667 0.952395666667
0.884288666667 0.977054
0.791016333333 0.864645333333
0.822907 0.881434
0.495651666667 0.967959666667
0.492837666667 0.90895
0.444717 0.943001
0.46112 0.915617666667
0.677485666667 0.868158
0.665207333333 0.936924
0.628052333333 0.923576333333
0.642278 0.870292666667
0.616469333333 0.889243
0.792763666667 0.610946666667
0.770014 0.585745
0.762644666667 0.661269
0.790797 0.648126333333
0.73042 0.644852333333
0.717243 0.614130333333
0.734430666667 0.588849
0.600494333333 0.66001
0.575663666667 0.684519666667
0.623394 0.731322666667
0.587863 0.732411
0.569607666667 0.766506333333
0.877518333333 0.685962666667
0.837270333333 0.688860333333
0.827400666667 0.662613
0.849501 0.632562
0.888749666667 0.629825
0.906897333333 0.656978333333
0.296761333333 0.884927666667
0.449446333333 0.741488
0.418568666667 0.749459
0.444738333333 0.816846
0.404779333333 0.781324
0.413572 0.809123333333
0.198046666667 0.893641
0.180892 0.869743333333
0.263153666667 0.839925333333
0.232988 0.895173333333
0.260584333333 0.874901333333
0.242312 0.976698333333
0.443735666667 0.980850666667
0.172090266667 0.987990333333
0.355321933333 0.995145333333
0.541612 0.991731666667
0.348151666667 0.306986666667
0.318780333333 0.294877
0.298097333333 0.321527
0.359064333333 0.346374
0.304413333333 0.361213666667
0.336009 0.373951
0.7013 0.813661
0.699911 0.779154666667
0.670999666667 0.762681333333
0.673776666667 0.832805333333
0.635545 0.765089666667
0.638569 0.83494
0.605785666667 0.817638
0.604149666667 0.783405333333
0.539489666667 0.814934333333
0.508058333333 0.825037
0.475061333333 0.800589
0.537817666667 0.780277
0.511274 0.757827
0.479949 0.768036333333
0.523856 0.324008666667
0.554033666667 0.26459
0.520244666667 0.265817333333
0.501900333333 0.294249
0.564873 0.328421
0.589343333333 0.309702
0.583775 0.281104333333
0.414419 0.332780333333
0.447881666667 0.334346333333
0.415523333333 0.295633333333
0.450645666667 0.274241333333
0.466633666667 0.298074
0.434999 0.211563666667
0.439597666667 0.180189666667
0.465257 0.240181
0.499589333333 0.235582
0.525115666667 0.216411
0.526231 0.182798666667
0.499876666667 0.157009
0.469027666667 0.163846333333
0.735768666667 0.221044
0.802326333333 0.259995333333
0.775397666667 0.280142
0.743566 0.26699
0.768812666667 0.115383466667
0.750319666667 0.141704
0.0842010666667 0.980116666667
0.1185068 0.962007333333
0.0354298333333 0.969640666667
0.0583553666667 0.937973
0.0933512666667 0.937551666667
0.840481666667 0.969526
0.826062333333 0.910545333333
0.870302666667 0.918253
0.881529666667 0.944867666667
0.695220333333 0.922260666667
0.701418666667 0.888051333333
0.735185333333 0.867116
0.759455666667 0.884480333333
0.567398 0.948237
0.537388333333 0.961776333333
0.548181 0.916610666667
0.518171333333 0.93015
0.524485 0.648694
0.553433666667 0.655589333333
0.508357666667 0.613274333333
0.551809333333 0.572999333333
0.51892 0.582251
0.581306333333 0.597333666667
0.578264333333 0.631079666667
0.395062333333 0.869212666667
0.368139 0.885266666667
0.377758666667 0.833925666667
0.324465666667 0.865637
0.319527666667 0.824658
0.345897333333 0.809000666667
0.404234333333 0.941836
0.375895333333 0.916109
0.374577333333 0.966851666667
0.176729333333 0.813576333333
0.198656 0.836292
0.201349 0.785070666667
0.238595666667 0.790537333333
0.235965333333 0.823979333333
0.799447666667 0.120998133333
0.839706666667 0.0918991333333
0.807546 0.0864712666667
0.859203 0.131964333333
0.764593666667 0.204140333333
0.769317333333 0.170849
0.799319666667 0.229939666667
0.834563333333 0.219535333333
0.846138333333 0.191947333333
0.830032333333 0.162912
0.802437666667 0.157373666667
0.798236666667 0.962113333333
0.795044333333 0.929747333333
0.760328333333 0.920471
0.757467666667 0.981624
0.723806666667 0.966103
0.729859666667 0.937316
0.340195666667 0.924521333333
0.340796666667 0.957829666667
0.304735 0.912969666667
0.269859333333 0.938342666667
0.293886666667 0.963950333333
