0.0431094 0.318438
0.0563738 0.197128
0.0829027 0.224246
0.0895349 0.133175
0.116064 0.0728135
0.122696 0.140883
0.129328 0.0508779
0.149225 0.0321921
0.162489 0.164184
0.169121 0.0604237
0.175754 0.0366218
0.182386 0.0608214
0.208915 0.0926439
0.222179 0.0440571
0.235444 0.0588061
0.242076 0.0389964
0.248708 0.211066
0.25534 0.0732257
0.261972 0.060501
0.268605 0.0454813
0.275237 0.0374913
0.288501 0.290709
0.295133 0.120027
0.301766 0.0995561
0.31503 0.0362208
0.321662 0.0246544
0.328295 0.324617
0.334927 0.0756813
0.341559 0.0584643
0.354823 0.0676525
0.368088 0.0882175
0.37472 0.124412
0.381352 0.07686
0.387984 0.0604051
0.394617 0.105146
0.407881 0.0491254
0.414513 0.10848
0.421146 0.0734544
0.427778 0.0384288
0.43441 0.0192906
0.441042 0.163584
0.447674 0.0730429
0.454307 0.303049
0.460939 0.085258
0.467571 0.135077
0.474203 0.0612182
0.480835 0.191509
0.487468 0.0461729
0.500732 0.143638
0.507364 0.0991718
0.513997 0.155216
0.520629 0.199244
0.527261 0.0911548
0.533893 0.399086
0.540525 0.133356
0.547158 0.174938
0.55379 0.258778
0.560422 0.279816
0.567054 0.210877
0.573686 0.422025
0.580319 0.235145
0.586951 0.170578
0.593583 0.462148
0.600215 0.203243
0.606848 0.214121
0.61348 0.334889
0.620112 0.400138
0.626744 0.288828
0.633376 0.397692
0.646641 0.611234
0.653273 0.853369
0.666537 0.680656
0.67317 1.0224
0.679802 0.483306
0.686434 1.73832
0.693066 0.948231
0.706331 0.730626
0.712963 1.78685
0.726227 1.00642
0.73286 1.09741
0.739492 0.884498
0.746124 0.809915
0.752756 1.46983
0.759388 1.07774
0.766021 0.687553
0.772653 1.10645
0.779285 0.813781
0.785917 1.413
0.792549 0.579786
0.799182 1.11136
0.805814 1.12778
0.812446 0.721462
0.819078 1.15611
0.825711 0.902736
0.832343 0.773851
0.838975 1.15329
0.845607 0.383363
0.852239 0.810096
0.865504 0.920403
0.872136 0.546665
0.878768 0.54431
0.8854 0.866245
0.892033 0.825456
0.898665 0.520654
0.905297 0.51869
0.911929 0.526911
0.918562 0.444008
0.925194 0.198476
0.931826 0.639493
0.938458 0.316297
0.94509 0.361926
0.951723 0.46292
0.958355 0.273019
0.964987 0.365018
0.971619 0.538723
0.978251 0.550828
0.984884 0.595039
0.991516 0.314146
0.998148 0.379089
1.00478 0.457276
1.01141 0.445341
1.01804 0.117636
1.02468 0.517584
1.03131 0.980122
1.03794 0.361842
1.04457 0.585906
1.05121 0.473568
1.05784 0.553963
1.06447 0.700703
1.0711 0.612728
1.07773 0.785108
1.08437 0.487297
1.091 0.773241
1.09763 0.481826
1.10426 0.543333
1.1109 0.964328
1.11753 0.71143
1.12416 0.804146
1.13079 1.1436
1.13742 0.766143
1.14406 1.11066
1.15069 1.87554
1.15732 1.04409
1.16395 1.20336
1.17059 0.941977
1.17722 1.45852
1.18385 0.420202
1.19048 1.06388
1.19711 1.21697
1.20375 1.45148
1.21038 1.08071
1.21701 1.65897
1.22364 1.37765
1.23028 1.67843
1.23691 1.51831
1.24354 1.76943
1.25017 1.74526
1.2568 0.709362
1.26344 1.24785
1.27007 1.08173
1.2767 1.82685
1.28333 1.09626
1.28997 1.45445
1.2966 1.53229
1.30323 1.12674
1.30986 1.70392
1.31649 1.98928
1.32313 2.43316
1.32976 1.62048
1.33639 2.35601
1.34302 2.76624
1.34966 1.75595
1.35629 2.37486
1.36292 3.38013
1.36955 2.0847
1.37618 2.1324
1.38282 1.76327
1.38945 1.46229
1.39608 2.0244
1.40271 0.965543
1.40935 1.65784
1.41598 1.10264
1.42261 0.454942
1.42924 2.24638
1.43587 1.50068
1.44251 1.17552
1.44914 1.36578
1.45577 1.22464
1.4624 1.3983
1.46904 1.58813
1.47567 1.62532
1.4823 1.5737
1.48893 1.46379
1.49556 1.15148
1.5022 1.38362
1.50883 1.4333
1.51546 1.40626
1.52209 1.32283
1.52873 2.01388
1.53536 1.43023
1.54199 1.59594
1.54862 1.03819
1.55525 1.0969
1.56189 1.42279
1.56852 0.973555
1.57515 1.6521
1.58178 0.754877
1.58842 1.21704
1.59505 0.923321
1.60168 0.776671
1.60831 1.52308
1.61494 1.02928
1.62158 1.01358
1.62821 0.990842
1.63484 1.11914
1.64147 1.22131
1.64811 0.826608
1.65474 0.491345
1.66137 0.771238
1.668 0.710585
1.67463 0.843054
1.68127 0.879675
1.6879 0.753369
1.69453 0.881928
1.70116 0.763431
1.70779 0.694815
1.71443 0.634938
1.72106 0.927773
1.72769 0.488301
1.73432 0.625916
1.74096 0.513091
1.74759 0.517425
1.75422 0.584986
1.76085 0.545762
1.76748 0.801987
1.77412 0.356407
1.78075 0.552065
1.78738 0.591341
1.79401 0.54146
1.80065 0.488113
1.80728 0.38874
1.81391 0.53392
1.82054 0.588398
1.82717 0.524606
1.83381 0.504458
1.84044 0.70395
1.84707 0.40637
1.8537 0.606221
1.86034 0.611076
1.86697 0.600059
1.8736 0.853133
1.88023 0.761831
1.88686 0.684776
1.8935 0.403429
1.90013 0.793029
1.90676 0.704613
1.91339 0.545068
1.92003 0.48693
1.92666 0.536232
1.93329 0.534284
1.93992 0.78649
1.94655 0.651516
1.95319 0.56624
1.95982 0.936242
1.96645 0.647607
1.97308 0.657756
1.97972 0.696673
1.98635 0.564847
1.99298 0.700865
1.99961 1.10969
2.00624 0.867162
2.01288 0.885783
2.01951 0.981277
2.02614 0.726792
2.03277 0.811424
2.03941 0.905672
2.04604 0.916589
2.05267 0.795537
2.0593 0.715597
2.06593 0.74543
2.07257 0.757464
2.0792 0.861469
2.08583 1.25492
2.09246 0.673317
2.0991 1.27207
2.10573 0.978683
2.11236 0.859404
2.11899 1.03663
2.12562 1.37622
2.13226 0.849748
2.13889 0.646813
2.14552 0.49839
2.15215 0.902838
2.15879 0.952582
2.16542 1.07784
2.17205 0.725911
2.17868 1.02004
2.18531 1.15061
2.19195 1.16182
2.19858 1.32851
2.20521 1.07345
2.21184 0.925828
2.21848 1.2785
2.22511 1.02488
2.23174 1.09932
2.23837 1.16681
2.245 0.978273
2.25164 0.806537
2.25827 0.879703
2.2649 1.27633
2.27153 0.933628
2.27817 1.43318
2.2848 1.156
2.29143 0.967293
2.29806 1.00348
2.30469 0.842604
2.31133 0.87269
2.31796 1.33957
2.32459 1.2425
2.33122 0.548901
2.33786 0.864982
2.34449 1.09982
2.35112 1.09547
2.35775 1.47039
2.36438 1.502
2.37102 1.06681
2.37765 1.32312
2.38428 1.02181
2.39091 0.743813
2.39755 0.765225
2.40418 1.12443
2.41081 0.927037
2.41744 1.12764
2.42407 1.32904
2.43071 1.16289
2.43734 0.965113
2.44397 1.09555
2.4506 1.12282
2.45724 0.935326
2.46387 1.03458
2.4705 1.03066
2.47713 1.40011
2.48376 1.23754
2.4904 1.07284
2.49703 1.51229
2.50366 1.28892
2.51029 0.870323
2.51692 1.13568
2.52356 1.13888
2.53019 0.824702
2.53682 1.20844
2.54345 0.943007
2.55009 1.33229
2.55672 1.37069
2.56335 1.22407
2.56998 0.916396
2.57661 0.988764
2.58325 0.967206
2.58988 0.90223
2.59651 1.00725
2.60314 1.25577
2.60978 1.02502
2.61641 1.01399
2.62304 1.46111
2.62967 1.4147
2.6363 0.863601
2.64294 1.17311
2.64957 0.756423
2.6562 1.07697
2.66283 0.782525
2.66947 1.39955
2.6761 1.37616
2.68273 1.62235
2.68936 0.740346
2.69599 1.02899
2.70263 1.04665
2.70926 1.18772
2.71589 1.02451
2.72252 1.41665
2.72916 0.91712
2.73579 1.00253
2.74242 0.921121
2.74905 0.822339
2.75568 1.33306
2.76232 1.28911
2.76895 1.17368
2.77558 0.774972
2.78221 1.44621
2.78885 0.936765
2.79548 1.39021
2.80211 0.988664
2.80874 1.03985
2.81537 0.855734
2.82201 1.04345
2.82864 1.22525
2.83527 1.02994
2.8419 1.11116
2.84854 0.715468
2.85517 0.792412
2.8618 0.81801
2.86843 0.928384
2.87506 0.984078
2.8817 0.872004
2.88833 1.07638
2.89496 0.86471
2.90159 1.0136
2.90823 1.48242
2.91486 1.12265
2.92149 0.958627
2.92812 0.883334
2.93475 0.924988
2.94139 0.907039
2.94802 0.823388
2.95465 0.799386
2.96128 0.760407
2.96792 1.12381
2.97455 0.980261
2.98118 0.9254
2.98781 0.832207
2.99444 0.834403
3.00108 0.895594
3.00771 1.12694
3.01434 0.891203
3.02097 1.22414
3.02761 1.13079
3.03424 1.11842
3.04087 0.739963
3.0475 0.999901
3.05413 0.973713
3.06077 1.14141
3.0674 1.10087
3.07403 0.925845
3.08066 0.799877
3.0873 1.03663
3.09393 0.876383
3.10056 0.753082
3.10719 0.978957
3.11382 0.711834
3.12046 0.957792
3.12709 0.85509
3.13372 0.896752
3.14035 0.830487
3.14699 0.802645
3.15362 0.988379
3.16025 0.662566
3.16688 0.960209
3.17351 0.612703
3.18015 0.740975
3.18678 0.971608
3.19341 1.098
3.20004 0.804038
3.20668 1.12347
3.21331 0.84738
3.21994 0.940977
3.22657 1.15243
3.2332 0.845468
3.23984 1.03548
3.24647 1.0833
3.2531 0.941869
3.25973 0.846795
3.26637 0.78447
3.273 1.65496
3.27963 0.79662
3.28626 1.16752
3.29289 1.07455
3.29953 0.757005
3.30616 1.00625
3.31279 1.0301
