0.0737236 0.00128625
0.0964078 0.000119506
0.141776 0.000330815
0.153118 0.000549176
0.198487 0.000891336
0.209829 0.00447188
0.221171 0.00112495
0.255197 0.00187338
0.277881 0.00549358
0.289224 0.00397061
0.300566 0.00377515
0.311908 0.00909721
0.357276 0.0158969
0.37996 0.0231548
0.402645 0.0537397
0.413987 0.0396632
0.425329 0.0455623
0.436671 0.0352819
0.448013 0.0133637
0.459355 0.0263537
0.470697 0.0346393
0.493381 0.00685081
0.504723 0.0232207
0.516066 0.0346762
0.53875 0.0326036
0.550092 0.0646354
0.561434 0.0935347
0.572776 0.0999527
0.584118 0.0316624
0.606802 0.434292
0.629487 0.73819
0.640829 0.18581
0.652171 0.30659
0.663513 0.709813
0.674855 0.391138
0.697539 0.333842
0.708881 0.386637
0.720223 0.383473
0.731565 0.533065
0.742908 0.311425
0.75425 0.401968
0.765592 0.875305
0.776934 1.03548
0.788276 0.934329
0.799618 0.250494
0.81096 1.28692
0.822302 1.53161
0.833644 0.80665
0.856328 1.62886
0.867671 0.806425
0.879013 1.65731
0.890355 1.04621
0.901697 0.692945
0.913039 1.08315
0.924381 0.829398
0.935723 0.615883
0.947065 1.08197
0.958407 0.932842
0.969749 0.507151
0.981092 1.26773
0.992434 0.855019
1.00378 0.676174
1.01512 1.22344
1.02646 0.614809
1.0378 0.828849
1.04914 0.819892
1.06049 1.02613
1.07183 0.306119
1.08317 0.989158
1.10585 1.16155
1.1172 1.78683
1.13988 1.54898
1.15122 1.68865
1.16257 1.11023
1.17391 2.4771
1.18525 1.23676
1.20793 0.948775
1.21928 2.14384
1.24196 1.33757
1.2533 0.876343
1.26464 0.678233
1.27599 1.17521
1.28733 1.17291
1.29867 1.26064
1.31001 0.897984
1.32135 1.5933
1.3327 1.12328
1.34404 1.43935
1.35538 0.627959
1.36672 1.8421
1.37807 2.15208
1.38941 1.22401
1.40075 2.10938
1.41209 1.67235
1.42343 1.81906
1.43478 1.64183
1.44612 1.01334
1.45746 1.37528
1.48014 1.42665
1.49149 1.14738
1.50283 0.692078
1.51417 1.19282
1.52551 1.26789
1.53685 0.571687
1.5482 0.669697
1.55954 0.800569
1.57088 0.986387
1.58222 0.522845
1.59356 0.652211
1.60491 0.407084
1.61625 0.75333
1.62759 1.09857
1.63893 0.809735
1.65028 0.918692
1.66162 1.02095
1.67296 0.859322
1.6843 0.428321
1.69564 0.86966
1.70699 0.803926
1.71833 0.638176
1.72967 0.431981
1.74101 0.364495
1.75235 0.868382
1.7637 1.16108
1.77504 0.573434
1.78638 0.428399
1.79772 0.495552
1.80906 0.709173
1.82041 0.641912
1.83175 0.710593
1.84309 0.968827
1.85443 0.649968
1.86578 0.661454
1.87712 0.605707
1.88846 0.883213
1.8998 0.81896
1.91114 0.806136
1.92249 0.754667
1.93383 0.840676
1.94517 1.05626
1.95651 0.870406
1.96785 1.31727
1.9792 1.30788
1.99054 1.19571
2.00188 0.792922
2.01322 1.25424
2.02456 0.878391
2.03591 0.808605
2.04725 1.46991
2.05859 0.68902
2.06993 0.925169
2.08128 1.19678
2.09262 0.692385
2.10396 0.928864
2.1153 0.986016
2.12664 0.858014
2.13799 1.25041
2.14933 0.843893
2.16067 1.01052
2.17201 1.12263
2.18335 1.70225
2.1947 1.27235
2.20604 1.86126
2.21738 1.03287
2.22872 1.01648
2.24006 1.12384
2.25141 1.35914
2.26275 1.31291
2.27409 1.43416
2.28543 0.75282
2.29678 0.847455
2.30812 0.841714
2.31946 1.18616
2.3308 0.609428
2.34214 1.2328
2.35349 0.681046
2.36483 0.755432
2.37617 0.938606
2.38751 1.19873
2.39885 1.14169
2.4102 1.10329
2.42154 0.866787
2.43288 0.832697
2.44422 0.923363
2.45556 0.921771
2.46691 0.891074
2.47825 0.950967
2.48959 0.808263
2.50093 0.85688
2.51227 0.932654
2.52362 1.89749
2.53496 0.677567
2.5463 0.862339
2.55764 1.1416
2.56899 0.87736
2.58033 0.969178
2.59167 1.75222
2.60301 1.08699
2.61435 0.945346
2.6257 1.54318
2.63704 0.89611
2.64838 1.57397
2.65972 0.595205
2.67106 0.557606
2.68241 1.49815
2.69375 0.769396
2.70509 1.02134
2.71643 1.21088
2.72777 0.932888
2.73912 1.14876
2.75046 1.17423
2.7618 1.48667
2.77314 1.44316
2.78449 1.51869
2.79583 1.4242
2.80717 0.99359
2.81851 1.31683
2.82985 1.04988
2.8412 1.44198
2.85254 1.0476
2.86388 0.636973
2.87522 0.617215
2.88656 0.581203
2.89791 0.753413
2.90925 0.916342
2.92059 0.886678
2.93193 1.03684
2.94327 1.27581
2.95462 1.03602
2.96596 0.92484
2.9773 0.880413
2.98864 0.781224
2.99999 0.974872
3.01133 0.930588
3.02267 0.699144
3.03401 0.864949
3.04535 1.11638
3.0567 1.01754
3.06804 0.746528
3.07938 0.85754
3.09072 0.765338
3.10206 0.722885
3.11341 1.14503
3.12475 0.834685
3.13609 0.803322
3.14743 0.808309
3.15877 0.577976
3.17012 0.868868
3.18146 0.550781
3.1928 0.755086
3.20414 1.25659
3.21549 0.90762
3.22683 0.760817
3.23817 0.905173
3.24951 0.969219
3.26085 0.820272
3.2722 1.01436
3.28354 1.50495
3.29488 1.18548
3.30622 0.864746
3.31756 1.29191
3.32891 1.0079
3.34025 0.987613
3.35159 0.899968
3.36293 1.18325
3.37427 1.18812
3.38562 1.03
3.39696 1.36788
3.4083 1.08836
3.41964 0.975175
3.43099 0.975772
3.44233 1.13795
3.45367 0.911859
3.46501 0.600761
3.47635 0.980192
3.4877 1.24133
3.49904 1.01556
3.51038 1.44525
3.52172 1.02354
3.53306 1.02179
3.54441 0.878472
3.55575 1.1395
3.56709 1.43834
3.57843 1.05016
3.58977 1.16812
3.60112 1.21446
3.61246 1.26601
3.6238 0.983898
3.63514 0.800339
3.64648 0.513133
3.65783 1.13918
3.66917 1.17215
3.68051 0.816262
3.69185 0.861754
3.7032 0.902441
3.71454 1.05755
3.72588 0.439962
3.73722 1.22683
3.74856 0.856052
3.75991 0.813065
3.77125 0.988219
3.78259 1.07323
3.79393 1.15674
3.80527 0.910361
3.81662 0.686537
3.82796 0.737913
3.8393 1.03722
3.85064 0.760657
3.86198 0.774483
3.87333 0.815701
3.88467 1.12897
3.89601 0.960054
3.90735 0.898347
3.9187 1.05081
3.93004 0.680405
3.94138 1.31423
3.95272 1.19142
3.96406 1.33467
3.97541 0.724847
3.98675 1.08875
3.99809 1.04176
4.00943 1.02062
4.02077 1.02599
4.03212 1.1795
4.04346 0.954039
4.0548 0.935009
4.06614 0.730568
4.07748 1.37411
4.08883 1.06992
4.10017 1.07285
4.11151 1.16957
4.12285 1.44096
4.1342 0.835058
4.14554 1.09909
4.15688 1.08378
4.16822 1.31747
4.17956 1.1752
4.19091 1.19185
4.20225 1.12242
4.21359 0.907046
4.22493 0.853859
4.23627 1.35208
4.24762 1.30945
4.25896 0.670577
4.2703 1.20949
4.28164 1.19705
4.29298 0.599351
4.30433 1.44731
4.31567 1.07243
4.32701 0.969217
4.33835 1.40111
4.3497 1.0802
4.36104 0.878267
4.37238 0.695138
4.38372 0.953603
4.39506 0.835313
4.40641 0.866211
4.41775 1.17498
4.42909 0.932575
4.44043 0.854256
4.45177 1.22855
4.46312 0.860996
4.47446 0.936067
4.4858 0.979008
4.49714 0.89493
4.50848 0.779536
4.51983 1.10674
4.53117 0.95444
4.54251 0.792972
4.55385 1.36251
4.56519 0.832941
4.57654 0.694902
4.58788 1.00889
4.59922 0.875759
4.61056 1.03657
4.62191 1.07602
4.63325 0.758002
4.64459 0.846969
4.65593 0.794051
4.66727 0.933431
4.67862 0.998599
4.68996 0.898989
4.7013 0.992867
4.71264 0.964644
4.72398 0.915381
4.73533 1.07419
4.74667 1.10831
4.75801 1.07869
4.76935 0.780549
4.78069 1.44593
4.79204 1.15938
4.80338 0.947749
4.81472 1.17783
4.82606 1.02967
4.83741 0.999785
4.84875 0.978726
4.86009 1.03327
4.87143 1.27105
4.88277 0.887832
4.89412 0.779572
4.90546 1.19011
4.9168 1.42641
4.92814 0.778392
4.93948 1.08134
4.95083 1.00231
4.96217 1.0154
4.97351 0.844573
4.98485 1.37225
4.99619 1.0243
5.00754 1.03276
5.01888 1.04627
5.03022 0.679858
5.04156 1.15704
5.05291 0.798414
5.06425 0.918145
5.07559 0.917504
5.08693 0.851618
5.09827 0.889446
5.10962 1.23271
5.12096 0.84959
5.1323 0.747253
5.14364 1.0751
5.15498 0.685423
5.16633 0.982546
5.17767 0.94723
5.18901 1.00446
5.20035 0.839132
5.21169 1.22824
5.22304 1.15167
5.23438 0.949976
5.24572 0.858019
5.25706 1.42311
5.26841 1.06096
5.27975 0.738932
5.29109 0.939536
5.30243 0.916671
5.31377 0.995368
5.32512 0.877792
5.33646 0.950036
5.3478 0.976719
5.35914 1.26678
5.37048 1.20809
5.38183 1.43251
5.39317 0.905811
5.40451 0.958588
5.41585 1.15821
5.42719 1.03571
5.43854 1.11928
5.44988 1.14439
5.46122 0.836402
5.47256 0.825998
5.48391 1.20559
5.49525 0.607104
5.50659 1.06542
5.51793 1.03076
5.52927 0.952469
5.54062 0.845479
5.55196 1.2996
5.5633 0.971967
5.57464 0.98137
5.58598 0.937089
5.59733 1.25528
5.60867 0.95419
5.62001 0.94903
5.63135 0.949551
5.64269 0.710677
5.65404 0.77198
5.66538 1.17018
