0.0601448 0.000121963
0.0786508 0.000206271
0.115663 0.000338348
0.124916 0.000163387
0.161928 0.000323647
0.171181 0.00417455
0.180434 0.00384651
0.208193 0.00905401
0.226699 0.00878554
0.235952 0.0111955
0.245206 0.0117726
0.254459 0.00692157
0.291471 0.00818288
0.309977 0.0118575
0.328483 0.0277547
0.337736 0.0148246
0.346989 0.02216
0.356242 0.0350532
0.365495 0.0449809
0.374748 0.0321554
0.384001 0.0399357
0.402507 0.041999
0.41176 0.0441711
0.421013 0.0662082
0.439519 0.0182779
0.448772 0.059248
0.458025 0.084601
0.467278 0.0895329
0.476532 0.0490569
0.495038 0.0981946
0.513544 0.077821
0.522797 0.199856
0.53205 0.136456
0.541303 0.250992
0.550556 0.103109
0.569062 0.0958251
0.578315 0.0877525
0.587568 0.180212
0.596821 0.0378733
0.606074 0.121515
0.615327 0.29184
0.62458 0.184951
0.633833 0.314351
0.643086 0.160579
0.652339 0.028049
0.661592 0.12836
0.670845 0.17377
0.680098 0.100877
0.698604 0.427112
0.707857 0.214599
0.717111 0.456366
0.726364 0.420707
0.735617 0.116414
0.74487 0.663419
0.754123 0.367488
0.763376 0.165231
0.772629 0.167252
0.781882 0.368746
0.791135 0.359614
0.800388 0.626114
0.809641 0.321503
0.818894 0.297439
0.828147 0.701485
0.8374 0.349654
0.846653 0.597382
0.855906 0.474334
0.865159 0.426344
0.874412 0.267882
0.883665 0.681621
0.902171 0.844602
0.911424 1.17705
0.92993 0.852362
0.939183 1.08239
0.948436 0.684777
0.95769 2.24247
0.966943 0.931776
0.985449 1.02025
0.994702 2.53867
1.01321 1.65123
1.02246 1.25632
1.03171 1.26832
1.04097 1.4334
1.05022 1.44637
1.05947 1.22939
1.06873 1.13174
1.07798 2.26099
1.08723 1.42744
1.09649 2.25983
1.10574 1.11023
1.11499 2.72111
1.12424 2.80933
1.1335 1.70426
1.14275 3.31665
1.152 2.18771
1.16126 3.01511
1.17051 2.78982
1.17976 1.76443
1.18902 1.82529
1.20752 1.71006
1.21677 1.77965
1.22603 1.16909
1.23528 1.70226
1.24453 1.84372
1.25379 0.863345
1.26304 1.45799
1.27229 1.61068
1.28155 1.42065
1.2908 0.808656
1.30005 1.48332
1.30931 0.802691
1.31856 1.05547
1.32781 1.5557
1.33706 1.35037
1.34632 1.30681
1.35557 1.28981
1.36482 0.755732
1.37408 0.609021
1.38333 1.03306
1.39258 1.21417
1.40184 0.996774
1.41109 0.846694
1.42034 0.607691
1.42959 0.946371
1.43885 1.59612
1.4481 0.854986
1.45735 0.42054
1.46661 0.695243
1.47586 0.682912
1.48511 0.832808
1.49437 0.449764
1.50362 0.912048
1.51287 0.626588
1.52212 0.397565
1.53138 0.504097
1.54063 0.648912
1.54988 0.436229
1.55914 0.7446
1.56839 0.40462
1.57764 0.517447
1.5869 0.804109
1.59615 0.654413
1.6054 1.18034
1.61466 0.662456
1.62391 0.48785
1.63316 0.700839
1.64241 1.00721
1.65167 0.506507
1.66092 0.699608
1.67017 0.542373
1.67943 0.374256
1.68868 0.567905
1.69793 0.682196
1.70719 0.526822
1.71644 0.63023
1.72569 0.641425
1.73494 0.350404
1.7442 0.557104
1.75345 0.48423
1.7627 0.448633
1.77196 0.780068
1.78121 0.940717
1.79046 0.59042
1.79972 0.649476
1.80897 0.794989
1.81822 0.594915
1.82748 0.581263
1.83673 0.868447
1.84598 0.660488
1.85523 0.841118
1.86449 0.645086
1.87374 0.425885
1.88299 0.510931
1.89225 0.636145
1.9015 0.498154
1.91075 0.784385
1.92001 0.65273
1.92926 0.478365
1.93851 0.927424
1.94776 0.731846
1.95702 1.02289
1.96627 0.747289
1.97552 0.807984
1.98478 0.617973
1.99403 0.849736
2.00328 0.855674
2.01254 0.905844
2.02179 0.78887
2.03104 0.747819
2.0403 0.96892
2.04955 1.13873
2.0588 1.29367
2.06805 0.739344
2.07731 0.957508
2.08656 1.26668
2.09581 1.04729
2.10507 1.19593
2.11432 1.75482
2.12357 1.0199
2.13283 1.34961
2.14208 2.06243
2.15133 1.03157
2.16058 2.18077
2.16984 0.953364
2.17909 0.851624
2.18834 1.62498
2.1976 1.01688
2.20685 1.28967
2.2161 1.60504
2.22536 1.53954
2.23461 1.61223
2.24386 1.1177
2.25311 2.00792
2.26237 2.02471
2.27162 2.00784
2.28087 1.62494
2.29013 1.51507
2.29938 1.67852
2.30863 2.03392
2.31789 2.17202
2.32714 1.58271
2.33639 0.672333
2.34565 0.980092
2.3549 0.825443
2.36415 0.991463
2.3734 1.18032
2.38266 1.68472
2.39191 1.73151
2.40116 1.6734
2.41042 1.35513
2.41967 1.44508
2.42892 1.17561
2.43818 0.883497
2.44743 0.730244
2.45668 1.18558
2.46593 1.1513
2.47519 1.2278
2.48444 1.20035
2.49369 1.51136
2.50295 0.843231
2.5122 0.975005
2.52145 0.708315
2.53071 1.20502
2.53996 1.05947
2.54921 0.985172
2.55847 0.975192
2.56772 0.833819
2.57697 0.646523
2.58622 0.77364
2.59548 0.68273
2.60473 0.663893
2.61398 0.928129
2.62324 0.841725
2.63249 0.792889
2.64174 0.870031
2.651 0.54478
2.66025 0.600243
2.6695 0.836613
2.67875 0.926548
2.68801 0.767271
2.69726 0.676952
2.70651 0.827707
2.71577 0.583874
2.72502 0.556783
2.73427 0.568199
2.74353 0.830191
2.75278 0.597218
2.76203 0.641027
2.77129 0.797479
2.78054 0.619221
2.78979 0.621892
2.79904 0.71912
2.8083 0.842928
2.81755 0.604862
2.8268 0.483349
2.83606 0.73988
2.84531 0.744549
2.85456 0.774365
2.86382 0.898384
2.87307 0.763937
2.88232 0.522513
2.89157 0.581248
2.90083 0.528086
2.91008 0.846225
2.91933 0.671888
2.92859 0.751355
2.93784 0.80862
2.94709 0.862291
2.95635 0.603662
2.9656 0.688004
2.97485 0.434945
2.98411 0.878279
2.99336 1.1052
3.00261 0.483563
3.01186 0.702703
3.02112 0.624281
3.03037 1.11541
3.03962 0.707133
3.04888 1.1891
3.05813 0.60383
3.06738 0.751296
3.07664 0.777677
3.08589 0.963067
3.09514 1.22174
3.10439 0.822982
3.11365 0.77479
3.1229 1.27181
3.13215 1.07928
3.14141 0.983871
3.15066 0.967378
3.15991 1.00344
3.16917 1.22885
3.17842 1.09528
3.18767 0.987327
3.19692 1.18544
3.20618 0.945924
3.21543 1.30585
3.22468 1.39129
3.23394 1.59732
3.24319 0.960856
3.25244 1.58086
3.2617 1.08511
3.27095 1.03583
3.2802 1.13309
3.28946 1.44706
3.29871 1.23899
3.30796 1.38257
3.31721 1.19445
3.32647 1.57562
3.33572 1.23186
3.34497 1.34518
3.35423 1.41419
3.36348 1.69258
3.37273 1.25766
3.38199 1.48781
3.39124 1.31101
3.40049 1.77913
3.40974 1.63828
3.419 1.66706
3.42825 1.03097
3.4375 1.41002
3.44676 1.34357
3.45601 1.31629
3.46526 1.72522
3.47452 1.03105
3.48377 1.36088
3.49302 1.65066
3.50228 0.878953
3.51153 1.46991
3.52078 1.296
3.53003 0.995208
3.53929 1.57182
3.54854 1.29951
3.55779 1.12042
3.56705 0.974935
3.5763 0.951078
3.58555 1.04122
3.59481 1.10321
3.60406 1.19879
3.61331 1.00165
3.62256 0.997446
3.63182 1.24544
3.64107 0.865501
3.65032 0.865546
3.65958 0.890703
3.66883 0.981456
3.67808 0.775574
3.68734 0.834043
3.69659 0.793032
3.70584 0.840299
3.7151 1.06119
3.72435 1.05491
3.7336 0.738213
3.74285 0.90435
3.75211 0.861103
3.76136 0.739743
3.77061 1.08247
3.77987 0.486736
3.78912 0.572243
3.79837 0.921433
3.80763 0.832432
3.81688 0.649963
3.82613 0.673075
3.83538 0.631392
3.84464 0.931191
3.85389 0.696003
3.86314 0.690276
3.8724 0.769706
3.88165 0.620054
3.8909 0.67053
3.90016 1.02119
3.90941 0.688113
3.91866 0.608199
3.92792 0.637643
3.93717 0.728908
3.94642 0.548165
3.95567 0.61254
3.96493 0.823722
3.97418 0.97977
3.98343 0.652009
3.99269 0.685143
4.00194 0.937426
4.01119 0.929676
4.02045 0.675307
4.0297 0.886908
4.03895 0.658351
4.0482 0.732821
4.05746 0.776447
4.06671 1.02221
4.07596 1.00499
4.08522 0.795205
4.09447 0.919769
4.10372 0.579927
4.11298 0.908347
4.12223 0.516759
4.13148 0.802103
4.14073 0.518537
4.14999 0.740098
4.15924 0.840821
4.16849 1.12814
4.17775 0.793618
4.187 0.88534
4.19625 0.930824
4.20551 0.744971
4.21476 0.90763
4.22401 1.10823
4.23327 0.997393
4.24252 0.685927
4.25177 1.52933
4.26102 1.05773
4.27028 1.08346
4.27953 0.910395
4.28878 1.59005
4.29804 1.12452
4.30729 1.17088
4.31654 1.02913
4.3258 0.913587
4.33505 1.16709
4.3443 1.11098
4.35355 1.15994
4.36281 0.966441
4.37206 1.54448
4.38131 1.3139
4.39057 1.58301
4.39982 0.962052
4.40907 1.12724
4.41833 1.37076
4.42758 1.2974
4.43683 1.20126
4.44609 1.84061
4.45534 1.0087
4.46459 1.16336
4.47384 1.44393
4.4831 0.709738
4.49235 1.49658
4.5016 1.19335
4.51086 1.29572
4.52011 1.32997
4.52936 1.83172
4.53862 0.991851
4.54787 1.16383
4.55712 1.4177
4.56637 1.35655
4.57563 1.17251
4.58488 1.33438
4.59413 1.26349
4.60339 1.07439
4.61264 1.02779
4.62189 1.33201
