0.104 0.0010318
0.136 0.00148126
0.2 0.000523089
0.216 0.00147186
0.28 0.00396388
0.296 0.0400016
0.312 0.0176879
0.36 0.0362126
0.392 0.0461062
0.408 0.043636
0.424 0.0614374
0.44 0.0132558
0.504 0.0275571
0.536 0.0243312
0.568 0.106937
0.584 0.103829
0.6 0.112888
0.616 0.0970127
0.632 0.154232
0.648 0.0595539
0.664 0.129962
0.696 0.213128
0.712 0.231732
0.728 0.265677
0.76 0.127869
0.776 0.153241
0.792 0.151768
0.808 0.367202
0.824 0.362809
0.856 1.43583
0.888 1.12355
0.904 1.12303
0.92 1.13997
0.936 2.1453
0.952 0.699348
0.984 0.940776
1 0.907779
1.016 1.20384
1.032 1.15025
1.048 1.47438
1.064 1.40473
1.08 3.49327
1.096 4.3095
1.112 2.35552
1.128 0.549256
1.144 3.16321
1.16 2.01426
1.176 0.963486
1.208 1.76604
1.224 1.40807
1.24 0.786184
1.256 0.840744
1.272 0.827925
1.288 0.954538
1.304 0.979074
1.32 0.561092
1.336 0.975171
1.352 1.11248
1.368 0.995472
1.384 0.210467
1.4 1.04651
1.416 0.841506
1.432 1.24116
1.448 0.390502
1.464 0.733905
1.48 0.740115
1.496 0.871607
1.512 0.696737
1.528 0.414335
1.56 0.420713
1.576 0.267239
1.608 0.412004
1.624 0.323787
1.64 0.704354
1.656 0.837738
1.672 0.686593
1.704 0.560456
1.72 0.869532
1.752 0.833916
1.768 0.801158
1.784 0.992513
1.8 0.896191
1.816 1.3691
1.832 0.745632
1.848 0.964696
1.864 0.957819
1.88 0.85766
1.896 0.992775
1.912 0.980403
1.928 1.37529
1.944 1.55608
1.96 1.00103
1.976 1.64685
1.992 1.07119
2.008 1.72349
2.024 1.59766
2.04 1.64925
2.056 1.14094
2.088 0.679942
2.104 1.22978
2.12 0.931246
2.136 0.952498
2.152 1.29044
2.168 0.812367
2.184 2.21602
2.2 1.32647
2.216 0.996039
2.232 0.85782
2.248 1.42509
2.264 0.963172
2.28 0.696045
2.296 0.987679
2.312 1.13511
2.328 1.15658
2.344 0.769727
2.36 0.418321
2.376 0.725324
2.392 0.594113
2.408 1.21798
2.424 0.9448
2.44 1.55979
2.456 1.31824
2.472 1.10628
2.488 1.11664
2.504 0.905188
2.52 0.579501
2.536 0.969576
2.552 0.893057
2.568 0.968775
2.584 0.453097
2.6 0.995261
2.616 0.695432
2.632 0.632812
2.648 0.623046
2.664 0.629406
2.68 0.864899
2.696 0.830964
2.712 0.882468
2.728 0.875922
2.744 1.51606
2.76 0.879708
2.776 1.11947
2.792 0.943807
2.808 0.861322
2.824 0.884671
2.84 1.11153
2.856 0.535664
2.872 1.09138
2.888 1.23091
2.904 0.501865
2.92 0.815152
2.936 1.60567
2.952 0.663135
2.968 0.998537
2.984 1.30897
3 1.15358
3.016 1.57053
3.032 0.719837
3.048 1.36831
3.064 1.33947
3.08 1.73575
3.096 1.10788
3.112 1.48869
3.128 0.908035
3.144 0.718628
3.16 1.10106
3.176 1.42257
3.192 0.954132
3.208 0.853292
3.224 0.917649
3.24 1.60734
3.256 0.974823
3.272 1.06405
3.288 1.11488
3.304 1.03515
3.32 0.75065
3.336 0.816293
3.352 0.989007
3.368 1.01173
3.384 1.80598
3.4 1.00701
3.416 1.44361
3.432 0.267848
3.448 1.05904
3.464 0.799946
3.48 0.595245
3.496 0.521442
3.512 0.824238
3.528 1.03649
3.544 0.880642
3.56 0.536179
3.576 0.636186
3.592 1.00892
3.608 0.913941
3.624 0.927715
3.64 0.72331
3.656 0.584277
3.672 0.83477
3.688 0.829683
3.704 1.20891
3.72 0.753884
3.736 1.18237
3.752 0.877415
3.768 1.06738
3.784 0.763704
3.8 0.8235
3.816 0.809006
3.832 0.873064
3.848 1.44735
3.864 1.00452
3.88 0.534311
3.896 1.17589
3.912 0.903568
3.928 1.0581
3.944 0.861894
3.96 1.13792
3.976 0.975442
3.992 1.81653
4.008 1.26997
4.024 1.35961
4.04 0.511834
4.056 1.02769
4.072 0.878881
4.088 1.07088
4.104 1.07103
4.12 1.50523
4.136 1.42743
4.152 1.4729
4.168 0.903694
4.184 1.08829
4.2 1.00709
4.216 0.933616
4.232 0.523935
4.248 1.00717
4.264 1.11149
4.28 0.878011
4.296 0.821129
4.312 1.36514
4.328 0.891017
4.344 0.946754
4.36 0.68775
4.376 1.23314
4.392 1.00204
4.408 0.887746
4.424 0.940534
4.44 0.798362
4.456 0.95128
4.472 0.78583
4.488 0.899506
4.504 1.09261
4.52 0.783944
4.536 0.969043
4.552 1.15611
4.568 1.00374
4.584 0.810748
4.6 1.04151
4.616 0.97455
4.632 0.586393
4.648 0.954889
4.664 1.15716
4.68 0.737679
4.696 0.742683
4.712 1.00858
4.728 0.809207
4.744 0.76704
4.76 0.628158
4.776 1.0118
4.792 1.48841
4.808 1.00118
4.824 0.895892
4.84 1.13252
4.856 1.02084
4.872 0.771684
4.888 0.844436
4.904 1.01099
4.92 0.926933
4.936 1.14215
4.952 1.09656
4.968 0.983879
4.984 1.14954
5 1.77993
5.016 1.19225
5.032 1.20736
5.048 0.824061
5.064 1.11654
5.08 1.15063
5.096 1.21678
5.112 0.918353
5.128 0.685979
5.144 0.686226
5.16 1.29865
5.176 1.37727
5.192 0.944032
5.208 0.760676
5.224 0.983923
5.24 1.28008
5.256 1.01114
5.272 1.2905
5.288 1.31445
5.304 1.04617
5.32 0.819875
5.336 1.02615
5.352 0.996887
5.368 0.969769
5.384 1.06841
5.4 1.35642
5.416 0.758735
5.432 1.03082
5.448 0.88737
5.464 0.996382
5.48 1.21065
5.496 0.868956
5.512 0.781888
5.528 0.996972
5.544 0.964342
5.56 0.694633
5.576 0.959137
5.592 1.14303
5.608 0.780688
5.624 1.06665
5.64 0.832122
5.656 0.69476
5.672 0.621221
5.688 1.26298
5.704 0.904151
5.72 1.03932
5.736 1.25759
5.752 0.918415
5.768 0.816646
5.784 1.0891
5.8 0.93678
5.816 0.948054
5.832 1.09952
5.848 0.94776
5.864 0.974928
5.88 1.18164
5.896 1.35608
5.912 1.22878
5.928 0.709259
5.944 1.10588
5.96 1.37793
5.976 0.79416
5.992 0.937411
6.008 0.918964
6.024 0.802344
6.04 1.1462
6.056 0.793088
6.072 0.934064
6.088 0.978864
6.104 0.889466
6.12 1.49425
6.136 1.29978
6.152 0.944699
6.168 1.18072
6.184 0.859748
6.2 1.09026
6.216 1.1249
6.232 1.06462
6.248 0.733164
6.264 1.13718
6.28 1.04898
6.296 0.97421
6.312 0.863282
6.328 0.834328
6.344 1.18421
6.36 0.845765
6.376 0.952801
6.392 0.791857
6.408 0.846699
6.424 1.00519
6.44 1.17587
6.456 1.05188
6.472 0.744136
6.488 0.857065
6.504 0.670221
6.52 0.757525
6.536 0.943932
6.552 0.763656
6.568 1.30209
6.584 0.978518
6.6 0.846283
6.616 0.965123
6.632 1.25218
6.648 1.22648
6.664 1.07896
6.68 0.915865
6.696 0.790528
6.712 1.1876
6.728 1.3551
6.744 0.892065
6.76 1.06486
6.776 0.891725
6.792 1.24087
6.808 1.18603
6.824 1.31127
6.84 1.03125
6.856 0.911101
6.872 0.895926
6.888 0.853226
6.904 1.07436
6.92 0.797821
6.936 0.984327
6.952 0.918347
6.968 1.20639
6.984 0.867677
7 1.07587
7.016 1.26647
7.032 0.776696
7.048 1.27442
7.064 0.933086
7.08 1.02601
7.096 1.07083
7.112 1.06924
7.128 0.98167
7.144 1.03093
7.16 0.910388
7.176 0.788617
7.192 0.769232
7.208 0.833536
7.224 0.954006
7.24 1.04206
7.256 1.34696
7.272 0.671608
7.288 0.768056
7.304 1.04695
7.32 0.701336
7.336 1.08436
7.352 0.985347
7.368 0.991329
7.384 1.01782
7.4 0.824379
7.416 0.970629
7.432 1.07389
7.448 1.38602
7.464 0.788357
7.48 0.656603
7.496 0.854628
7.512 0.907728
7.528 1.14372
7.544 0.893324
7.56 1.09982
7.576 1.03764
7.592 0.860054
7.608 0.949488
7.624 0.818234
7.64 0.826323
7.656 1.15277
7.672 1.11886
7.688 1.48131
7.704 0.854157
7.72 1.05272
7.736 0.966821
7.752 0.618715
7.768 1.04523
7.784 0.731391
7.8 1.24699
7.816 1.32303
7.832 1.2754
7.848 1.02981
7.864 0.785606
7.88 1.26799
7.896 0.659002
7.912 0.715862
7.928 1.33327
7.944 1.06466
7.96 0.856999
7.976 0.800435
7.992 0.967938
