0.0217732766667 0.470016
0.898310333333 0.0397258333333
0.943987 0.0741077666667
0.40323 0.255375
0.0729089333333 0.126198566667
0.200420333333 0.449343666667
0.258102666667 0.425700333333
0.408691 0.321594666667
0.364192333333 0.359691333333
0.383446 0.43745
0.0414137233333 0.851445666667
0.0810031666667 0.884163666667
0.0981474333333 0.500372333333
0.0520088 0.537768333333
0.1365924 0.556008666667
0.747183666667 0.0654527666667
0.612786 0.0159826
0.828945666667 0.0264596333333
0.893424333333 0.1206739
0.778676333333 0.176077
0.795022 0.111996733333
0.847747666667 0.0862919666667
0.636877666667 0.444885666667
0.720815666667 0.510085666667
0.723178666667 0.432382
0.683372666667 0.403115666667
0.718598 0.208169666667
0.712523333333 0.280469333333
0.676503333333 0.326256
0.397531 0.112925366667
0.447265333333 0.225815333333
0.442995333333 0.1576364
0.539056666667 0.1477115
0.491293666667 0.120827233333
0.351304 0.134553633333
0.352733 0.208824333333
0.0328861766667 0.258767
0.0706676333333 0.197634
0.299412 0.473794666667
0.356464 0.484535666667
0.367341666667 0.557649
0.531613 0.496254
0.474457333333 0.508725333333
0.437681 0.450714666667
0.407224333333 0.590398333333
0.461971333333 0.566260333333
0.0687114333333 0.617053333333
0.1197024 0.626519
0.129481 0.745180333333
0.154379666667 0.684991
0.528270333333 0.0625610666667
0.466644666667 0.0563552
0.369288 0.0294148333333
0.483057 0.0159322333333
0.699488 0.0913957
0.687248 0.170032333333
0.634771666667 0.183422666667
0.651521 0.0523522
0.594868333333 0.1244745
0.599377666667 0.0720406666667
0.511729 0.616778333333
0.506224 0.67242
0.764146666667 0.541792666667
0.822064333333 0.215301666667
0.884086666667 0.185603333333
0.965478 0.138314533333
0.927104 0.216532333333
0.919778 0.290499
0.779315666667 0.413734333333
0.601470333333 0.235792666667
0.501912666667 0.256644333333
0.545405666667 0.215349666667
0.620144666667 0.302312
0.255379333333 0.0404424333333
0.306509 0.0890110666667
0.299460666667 0.218580333333
0.0582889433333 0.332985
0.0519782433333 0.395255333333
0.1012817 0.437516666667
0.153113666667 0.412604
0.273908 0.532505
0.214359333333 0.518098
0.187838666667 0.565584666667
0.311095 0.5826
0.452535666667 0.883995333333
0.03384039 0.775597
0.0664231666667 0.733862666667
0.0403308666667 0.664207666667
0.00458326666667 0.626284666667
0.00791741 0.551436
0.569876 0.604741666667
0.577274 0.541752333333
0.630107666667 0.516520666667
0.674239666667 0.552454333333
0.668115 0.623673666667
0.616585 0.650729333333
0.818679 0.519658
0.831485 0.469303333333
0.871131666667 0.570820333333
0.796066666667 0.367654666667
0.764157333333 0.3039
0.81362 0.270825
0.868316333333 0.315093333333
0.859055666667 0.373746333333
0.582677 0.342302333333
0.592540666667 0.408016333333
0.540109666667 0.434153
0.520509666667 0.317077666667
0.471323333333 0.352468333333
0.481059666667 0.403829666667
0.1172184 0.241175333333
0.172297666667 0.223078
0.158328 0.344562666667
0.112806733333 0.307205
0.251848 0.109082766667
0.243370666667 0.164381333333
0.180164666667 0.169277666667
0.200718333333 0.0605141333333
0.139403033333 0.0624746
0.1273267 0.115939566667
0.289726666667 0.270546666667
0.319611666667 0.336045666667
0.268679666667 0.370001
0.216211666667 0.325603
0.225769666667 0.270148
0.506082666667 0.791996333333
0.506995333333 0.863507
0.392454666667 0.830807333333
0.443748 0.936605666667
0.385571 0.940626333333
0.690636333333 0.966668333333
0.565568666667 0.958393
0.761675 0.616513
0.712219333333 0.656025333333
0.923762666667 0.540689333333
0.950342333333 0.369375666667
0.910253 0.428751333333
0.899433333333 0.478228666667
0.97519 0.2519912
0.622976666667 0.717238
0.570762666667 0.726892
0.566546666667 0.777789666667
0.551505666667 0.891457333333
0.618866666667 0.933733
0.676936333333 0.914517
0.639578666667 0.862338
0.596761 0.840601333333
0.268203333333 0.735913333333
0.294698666667 0.637191
0.214422 0.683478666667
0.230991 0.634582666667
0.457136333333 0.763420666667
0.397968 0.781743333333
0.403819666667 0.663238333333
0.453061666667 0.694742
0.347540666667 0.68508
0.337614333333 0.734906333333
0.331821333333 0.894135
0.329917333333 0.836926333333
0.266019666667 0.788869333333
0.859861666667 0.627031
0.804937333333 0.650589
0.279112 0.916589666667
0.127847166667 0.931587333333
0.232448833333 0.95507
0.332861666667 0.963081
0.130891666667 0.852936
0.177735666667 0.900359666667
0.228587666667 0.877351
0.156384333333 0.791936333333
0.217399333333 0.806839333333
0.899566666667 0.682471333333
0.938694333333 0.616493333333
0.943354666667 0.706273333333
0.751774333333 0.904534666667
0.818772333333 0.932026
0.878712 0.911912
0.875534 0.743668333333
0.81804 0.723892
0.903826333333 0.809707333333
0.867504 0.856262666667
0.783937666667 0.759268333333
0.721379333333 0.725477666667
0.683666666667 0.759634666667
0.690435 0.821583333333
0.749319333333 0.853758
0.805109333333 0.8256
