0.002371925 0.4735844
0.993935 0.473341
0.996148666667 0.356295666667
0.411345333333 0.0478447833333
0.451033666667 0.0312139833333
0.567873666667 0.0307861333333
0.651193 0.01508782
0.527948333333 0.0195499833333
0.412591 0.0806020333333
0.985931333333 0.188824
0.0486357 0.401351666667
0.0240038166667 0.443185666667
0.989239666667 0.382545666667
0.983665333333 0.815854333333
0.991237666667 0.773727
0.965882666667 0.848478333333
0.956782 0.880272
0.496464666667 0.963734
0.983606666667 0.566857666667
0.966872333333 0.429934666667
0.943539333333 0.404242333333
0.238264666667 0.0307013666667
0.233730633333 0.00918298333333
0.292567 0.0124157166667
0.27677 0.0334112333333
0.331072333333 0.0151255833333
0.289334333333 0.0617851333333
0.330496 0.0658173333333
0.385964333333 0.104479266667
0.346325 0.104269933333
0.817158 0.398995666667
0.707664333333 0.317693
0.669814333333 0.320393666667
0.109609933333 0.555514666667
0.0399140316667 0.804817
0.0414921983333 0.834723333333
0.276717 0.977423
0.129549033333 0.57858
0.963660666667 0.769953
0.896921333333 0.770527333333
0.910437666667 0.806102666667
0.945878 0.802577
0.976196333333 0.703117666667
0.905396333333 0.702464333333
0.952266666667 0.738256666667
0.920967666667 0.735305333333
0.551876 0.898841
0.695701333333 0.954021
0.670918 0.971038
0.955049 0.945747
0.948511 0.914185
0.88988 0.831020666667
0.927653666667 0.972000333333
0.885453333333 0.955630666667
0.845078333333 0.967173666667
0.716785666667 0.982729
0.779477 0.985228666667
0.538461666667 0.922315666667
0.523612 0.945307
0.571767666667 0.945882
0.556918 0.968873333333
0.610868666667 0.948523
0.632275333333 0.973869333333
0.529770666667 0.987300333333
0.652643333333 0.989780666667
0.714791666667 0.988118333333
0.641487666667 0.76497
0.674230666667 0.695663666667
0.737045666667 0.680158
0.525834333333 0.533810333333
0.717011666667 0.445126666667
0.755689333333 0.435768666667
0.383237 0.0352449166667
0.363978 0.0195903833333
0.350837333333 0.0419082333333
0.822717666667 0.201621666667
0.02144051 0.128577733333
0.00550662666667 0.2529684
0.137365966667 0.0162505
0.438784 0.434163333333
0.338705666667 0.179498333333
0.400265666667 0.136939333333
0.448207666667 0.190021666667
0.306187666667 0.139501666667
0.328010666667 0.152069666667
0.328292 0.127107666667
0.550384 0.1313382
0.575012666667 0.121265866667
0.493303 0.0571014333333
0.523172333333 0.0470989
0.954639666667 0.13467
0.930078 0.155321
0.893456333333 0.163410666667
0.83359 0.448073
0.838737333333 0.416200333333
0.907556666667 0.415055666667
0.882093333333 0.399001333333
0.909763333333 0.339523666667
0.880693666667 0.366773666667
0.844129 0.364151
0.956218333333 0.373473666667
0.941744333333 0.344535333333
0.981502666667 0.344219333333
0.967028666667 0.315281
0.953490333333 0.28731
0.706661666667 0.186286666667
0.814279666667 0.275054333333
0.827459333333 0.335688
0.838124333333 0.305982
0.749462666667 0.242988666667
0.776249333333 0.269688
0.757907666667 0.295938666667
0.711016666667 0.256241333333
0.718448 0.287000666667
0.544706 0.415708666667
0.509436666667 0.435005666667
0.498659333333 0.479886333333
0.521399333333 0.497104333333
0.03425235 0.479822666667
0.05087195 0.507173333333
0.0588842333333 0.437988666667
0.0823809666667 0.842175666667
0.188429666667 0.965295
0.0481883133333 0.952370666667
0.0152422116667 0.906151333333
0.033992565 0.874754666667
0.255732 0.581186666667
0.272255666667 0.556925666667
0.355970666667 0.557905666667
0.304651 0.557726333333
0.325998666667 0.581044333333
0.521258333333 0.598425333333
0.510417666667 0.563612333333
0.0755118666667 0.563922
0.0596850333333 0.592367333333
0.0454341833333 0.542366
0.02960735 0.570811333333
0.913149666667 0.664391666667
0.930003666667 0.580279
0.701287333333 0.858382666667
0.686154666667 0.921793333333
0.719838666667 0.912411333333
0.729981333333 0.883242666667
0.729385333333 0.944639
0.754569666667 0.959223333333
0.709317 0.829435
0.671373 0.812209333333
0.674854 0.779179
0.74387 0.819965666667
0.923255666667 0.871950333333
0.895441333333 0.858086333333
0.914984666667 0.905863333333
0.879322333333 0.921055666667
0.650193 0.706170333333
0.638162333333 0.734645333333
0.683820666667 0.653604666667
0.718805 0.645463333333
0.749239 0.621693666667
0.700291333333 0.719341
0.728122 0.711976666667
0.705005 0.760034
0.761696333333 0.746009666667
0.764937666667 0.776935
0.736077 0.783595
0.679661333333 0.584901333333
0.775958333333 0.637762666667
0.768231666667 0.677014666667
0.796512666667 0.690499666667
0.815342333333 0.711050666667
0.802273333333 0.741731
0.874136 0.712366666667
0.853376333333 0.694940666667
0.870624333333 0.755721666667
0.836795666667 0.768976
0.732120333333 0.344777333333
0.726345333333 0.379089666667
0.789624666667 0.345097333333
0.767618 0.325397333333
0.785484666667 0.388679
0.757703 0.403291333333
0.726393 0.471780666667
0.793610333333 0.472134666667
0.765070666667 0.462422666667
0.878953 0.463451
0.909563666667 0.447632666667
0.947882 0.458743
0.723094666667 0.0436431333333
0.742598333333 0.0666593666667
0.776487666667 0.0715483666667
0.0774757333333 0.365625333333
0.1170339 0.376195666667
0.01807365 0.368299
0.00884641666667 0.304472666667
0.0247803 0.180082
0.0490396333333 0.201597333333
0.03788841 0.0985749
0.0897461333333 0.0359374666667
0.0319157766667 0.0506947333333
0.0593954 0.0314410333333
0.164371 0.0277203
0.303075666667 0.402329666667
0.468041666667 0.488840666667
0.437835333333 0.467865333333
0.409151333333 0.492781333333
0.407462 0.427658
0.436103333333 0.133011
0.460501333333 0.154565666667
0.444998666667 0.0994717666667
0.486022333333 0.0926019666667
0.498893 0.15013
0.515518666667 0.121705533333
0.371788333333 0.191359333333
0.393427666667 0.173553
0.416971666667 0.205080666667
0.615213 0.0869664333333
0.584816333333 0.0856894666667
0.560560666667 0.0566557
0.605262 0.0403429333333
0.638002666667 0.0562712
0.953909 0.073963
0.933689333333 0.101786866667
0.909756333333 0.04052397
0.865356333333 0.04864367
0.826679666667 0.166198
0.856203666667 0.150115666667
0.791245666667 0.1018035
0.903511666667 0.191660666667
0.940133333333 0.183571
0.964432666667 0.225018666667
0.951015 0.257321333333
0.737736 0.184783666667
0.762146666667 0.211323333333
0.792618 0.197079333333
0.79658 0.161655666667
0.741814666667 0.144439666667
0.770187333333 0.135555666667
0.606702 0.350807333333
0.587451333333 0.374619666667
0.554625 0.374007666667
0.568585 0.169419666667
0.625159333333 0.166686666667
0.593213666667 0.159347333333
0.665349333333 0.360798333333
0.642488 0.371336333333
0.697424333333 0.39241
0.690104333333 0.425969666667
0.656875666667 0.417515333333
0.114159566667 0.409043666667
0.0848499333333 0.435110333333
0.0929161666667 0.875091666667
0.0666891333333 0.903427333333
0.0804121 0.937746
0.226745 0.949502333333
0.474976666667 0.557978666667
0.420684666667 0.523281
0.459131333333 0.522681666667
0.220598666667 0.626425333333
0.226837666667 0.585649666667
0.166054666667 0.584204
0.196336666667 0.569553333333
0.0737425 0.629995
0.966285 0.667097333333
0.941199 0.652729
0.974514666667 0.626364666667
0.949428666667 0.611996333333
0.618447666667 0.907065333333
0.654232666667 0.897809666667
0.592761 0.880949666667
0.659222666667 0.863567666667
0.641826333333 0.834758333333
0.778219666667 0.839272333333
0.848024 0.834666333333
0.845737333333 0.890788333333
0.853585333333 0.861732
0.825843333333 0.811568
0.794562333333 0.815248333333
0.216746666667 0.793773
0.183539 0.835506666667
0.210991666667 0.826448333333
0.250207333333 0.844369
0.254924666667 0.757742333333
0.257572333333 0.783061333333
0.460524333333 0.589383
0.490038 0.614671666667
0.311728 0.951956666667
0.362296333333 0.977359333333
0.464785 0.951881666667
0.417072333333 0.967656666667
0.398293333333 0.942968
0.454009333333 0.913626666667
0.421105666667 0.913709666667
0.581295333333 0.715736666667
0.599958333333 0.738506333333
0.428636333333 0.838723333333
0.526159333333 0.879155333333
0.474822 0.882802
0.487847 0.821129333333
0.458391333333 0.844292666667
0.599316333333 0.411433
0.568045666667 0.434153666667
0.632954666667 0.433799666667
0.633912 0.465473
0.658147333333 0.640223666667
0.653835333333 0.609913666667
0.629643 0.669942666667
0.598949333333 0.675648
0.666148333333 0.554331
0.657377666667 0.491811666667
0.699030333333 0.495246666667
0.557018666667 0.530417666667
0.629417 0.509666
0.630551 0.539646
0.605951333333 0.483327333333
0.552583666667 0.493711666667
0.573723333333 0.474374666667
0.715358 0.576951
0.745639333333 0.591574666667
0.701845 0.546380666667
0.721277 0.525928
0.846876666667 0.516082666667
0.869386333333 0.535611666667
0.876387666667 0.493368333333
0.898897333333 0.512897333333
0.898942 0.593277333333
0.870831333333 0.568373
0.890317666667 0.636657333333
0.831899666667 0.588611
0.861804666667 0.657304
0.81604 0.627666
0.832249333333 0.654788333333
0.971728666667 0.522072666667
0.958779666667 0.490387333333
0.943211666667 0.549862333333
0.930262666667 0.518177
0.710377 0.0894085
0.659218 0.0755412666667
0.690873333333 0.0663922666667
0.689417333333 0.147865666667
0.709813666667 0.122297
0.649840333333 0.137231666667
0.636428333333 0.1062365
0.834981666667 0.0340158366667
0.802562 0.0445557333333
0.783741666667 0.0206861033333
0.751322 0.031226
0.0692371333333 0.336607
0.0344669333333 0.297446666667
0.140413333333 0.344099
0.277265333333 0.132989333333
0.261638 0.0937650666667
0.0682887666667 0.119265166667
0.190397 0.398318
0.229465333333 0.409373333333
0.180435333333 0.329625333333
0.168645333333 0.359285333333
0.262923333333 0.518687666667
0.234518333333 0.507292333333
0.249866 0.442648333333
0.228768 0.464885
0.312874666667 0.432327
0.346128666667 0.436230666667
0.287713 0.458802333333
0.29502 0.492434333333
0.316783333333 0.516265333333
0.345368333333 0.517958333333
0.371149666667 0.487652
0.368511666667 0.456230666667
0.326896 0.220499
0.293341 0.224294666667
0.290117333333 0.258658333333
0.365445666667 0.401723666667
0.400699 0.396403333333
0.411625 0.362242333333
0.860523666667 0.118163966667
0.836343333333 0.0984598
0.891316333333 0.0963701666667
0.867136 0.076666
0.887997666667 0.220982666667
0.911201666667 0.245195666667
0.84372 0.227567666667
0.838966666667 0.260057
0.862811333333 0.290984666667
0.895234333333 0.298143666667
0.913677 0.275184333333
0.493982333333 0.407582666667
0.465869 0.406167666667
0.513565666667 0.247835333333
0.507726333333 0.179147666667
0.475147333333 0.205449
0.477782666667 0.238667666667
0.542553 0.188804666667
0.545757 0.224273666667
0.584976 0.236509666667
0.643449 0.283820666667
0.170103 0.425591666667
0.134978333333 0.429355333333
0.188073333333 0.458883666667
0.0963226 0.485651
0.1056687 0.455422
0.187170333333 0.765256333333
0.109125766667 0.711378333333
0.203285666667 0.710838666667
0.206241 0.744188666667
0.160931666667 0.614789666667
0.184974666667 0.640914666667
0.124426033333 0.609165666667
0.1089941 0.639090666667
0.767844333333 0.894206333333
0.786818 0.873469
0.817493333333 0.901599666667
0.810703333333 0.94341
0.782886 0.937959333333
0.318065666667 0.889761666667
0.336745333333 0.927877666667
0.368534666667 0.928591666667
0.391347 0.899333333333
0.226269 0.901385
0.254853333333 0.878998
0.288493 0.893854666667
0.280197 0.934800333333
0.249913333333 0.935477333333
0.186441333333 0.901170333333
0.182362 0.929301666667
0.1208598 0.891975666667
0.144046666667 0.945094333333
0.112917133333 0.930742666667
0.143059 0.866731666667
0.170075666667 0.874172333333
0.286170333333 0.823344
0.287780333333 0.794711666667
0.416576333333 0.802359666667
0.334709666667 0.780875
0.388143666667 0.720668
0.313297666667 0.616540333333
0.275426333333 0.617483333333
0.249223 0.643051333333
0.431334 0.592539666667
0.380328666667 0.574434666667
0.407339666667 0.561734666667
0.531374333333 0.670384
0.543835333333 0.711964333333
0.60019 0.791997333333
0.577575 0.777873666667
0.604009666667 0.828755333333
0.585441 0.851927333333
0.545065 0.795876333333
0.545456333333 0.847896
0.523574666667 0.828379333333
0.557218 0.639531666667
0.587333 0.641023333333
0.554672666667 0.601289666667
0.613714666667 0.605008
0.575016333333 0.563084
0.603943333333 0.565310666667
0.806469666667 0.570558
0.774186666667 0.572505
0.763337333333 0.537428666667
0.795430666667 0.514143333333
0.822891666667 0.530791
0.0505766 0.240534666667
0.0410066333333 0.269365666667
0.173837 0.279232666667
0.207291 0.217409
0.0797345 0.192666666667
0.0835742666667 0.158393333333
0.158085333333 0.203797666667
0.228015333333 0.0916429
0.217206333333 0.0569531
0.188719333333 0.0510785333333
0.102619833333 0.0649503
0.0921108666667 0.0987680333333
0.138355333333 0.0537209666667
0.162703666667 0.0770792
0.266884333333 0.383717
0.234818 0.383662333333
0.207539666667 0.342947
0.259744 0.191757666667
0.222844 0.195335333333
0.253681666667 0.154021
0.220340333333 0.126936833333
0.386119 0.329297333333
0.400188666667 0.244883
0.372736666667 0.240823666667
0.349948666667 0.257569333333
0.429116666667 0.339621333333
0.457424333333 0.267432333333
0.413523 0.274482
0.403610666667 0.306676333333
0.566448333333 0.299007666667
0.584296 0.270877
0.595669 0.319591333333
0.613516666667 0.291460666667
0.639364 0.199401
0.620605333333 0.223682666667
0.649857666667 0.25041
0.681289333333 0.208367
0.684934 0.240903666667
0.171509333333 0.484552333333
0.182952333333 0.533144
0.201572 0.513584
0.132731233333 0.524729333333
0.1283419 0.497157
0.0535492666667 0.662514
0.0676689 0.700182333333
0.0540837 0.729509
0.0290678983333 0.763718
0.012853715 0.682306333333
0.0237498833333 0.610429
0.150485333333 0.766265666667
0.100133266667 0.813502
0.0768894666667 0.788044
0.152609 0.803840666667
0.132867666667 0.821174
0.0797439 0.758078333333
0.114871033333 0.741937666667
0.17474 0.693036
0.168115666667 0.664400666667
0.135265066667 0.696836
0.128640733333 0.668200666667
0.339314 0.861354
0.326615333333 0.830315666667
0.401622333333 0.848194
0.380806 0.870211666667
0.389562333333 0.811830333333
0.356047333333 0.802809666667
0.410622 0.743013666667
0.422193333333 0.774076666667
0.327352 0.686003
0.340925 0.749295333333
0.359991333333 0.722148
0.412659333333 0.623277666667
0.386845333333 0.679958333333
0.381427666667 0.614097666667
0.344368666667 0.633064666667
0.345247666667 0.663538666667
0.422548666667 0.681078666667
0.435187333333 0.651236333333
0.437569666667 0.715860333333
0.483375666667 0.645787
0.502959333333 0.670802666667
0.149964333333 0.267195333333
0.0862408 0.255178
0.102207266667 0.228558
0.135390333333 0.229052666667
0.128330666667 0.302401666667
0.0967126333333 0.30548
0.0766708333333 0.284009
0.149380666667 0.178318666667
0.118082033333 0.158116333333
0.1244007 0.125301866667
0.159258 0.114842366667
0.190642666667 0.169129666667
0.194201333333 0.138467833333
0.276783 0.356186333333
0.351837666667 0.332024
0.306930666667 0.293843
0.333207 0.296549666667
0.312974333333 0.374799
0.342090333333 0.370289333333
0.222112333333 0.307691
0.262138333333 0.263331666667
0.278951666667 0.298516333333
0.259289333333 0.320875666667
0.206143 0.269111333333
0.226506666667 0.247111333333
0.476961666667 0.295589333333
0.474922666667 0.361464
0.458566333333 0.335584
0.511976 0.282430666667
0.533168666667 0.305472
0.528409333333 0.348601
0.503036 0.362879
0.525507 0.773370333333
0.525172 0.735618
0.486685666667 0.789286666667
0.458892666667 0.770158333333
0.492768666667 0.713043333333
0.465310666667 0.731667333333
0.295903333333 0.690891
0.239587 0.702133
0.256524666667 0.677470333333
0.270337666667 0.732672666667
0.300720666667 0.725909666667
