0.00221730833333 0.3260265
0.0474070983333 0.893304666667
0.0337708316667 0.825433333333
0.0569203333333 0.841475333333
0.993197 0.436688666667
0.983483666667 0.546498333333
0.944913666667 0.492944333333
0.970405666667 0.480749
0.984871 0.338955666667
0.942825 0.0620237333333
0.3091575 0.991675
0.035516065 0.771010333333
0.01588501 0.103203166667
0.107915933333 0.130351333333
0.0445610333333 0.143199666667
0.0684243666667 0.127312333333
0.113851833333 0.100814733333
0.0743602666667 0.0977757333333
0.509164666667 0.0229145
0.464013333333 0.0126134833333
0.615458333333 0.017474
0.365435 0.0489983333333
0.561794 0.1215349
0.586460666667 0.0321190333333
0.957078 0.232626666667
0.973423666667 0.282675333333
0.948628 0.318839333333
0.951877666667 0.191675333333
0.877665666667 0.0924958333333
0.818715333333 0.127111866667
0.836292 0.0932322666667
0.815693666667 0.0592027
0.934379333333 0.524576666667
0.956924 0.442636
0.961676 0.410652333333
0.931432 0.454831333333
0.907028 0.439661333333
0.865338666667 0.248628666667
0.917733 0.289633666667
0.893109666667 0.244332666667
0.919800333333 0.258936
0.553869 0.581452333333
0.574772666667 0.568460333333
0.740392 0.980872
0.721316 0.992447
0.823340666667 0.987071333333
0.552174 0.625705666667
0.518301 0.571947666667
0.0341660316667 0.700685333333
0.041597365 0.732096333333
0.143743333333 0.08713
0.145292 0.0611831
0.03100781 0.0559791333333
0.0656197333333 0.0664390333333
0.106659966667 0.0435311333333
0.149327966667 0.0236026833333
0.330329333333 0.0452533666667
0.260827 0.03246635
0.298126666667 0.0246285166667
0.425007 0.0322406333333
0.400519666667 0.0425601333333
0.53112 0.0421062666667
0.552893 0.0588152333333
0.889458333333 0.201778666667
0.910948666667 0.175430666667
0.861687333333 0.206074666667
0.881453 0.122529766667
0.910103 0.134429766667
0.837440666667 0.183154666667
0.842734 0.145665333333
0.978633333333 0.1309081
0.964018 0.159681666667
0.955059333333 0.0953735333333
0.940444 0.1241471
0.908082333333 0.0511438333333
0.886188333333 0.0647423666667
0.865852 0.0249218333333
0.843958 0.0385203666667
0.583504333333 0.107235566667
0.585951333333 0.0768472
0.780596333333 0.122060533333
0.96815 0.599175333333
0.944537666667 0.565058333333
0.880658333333 0.459666333333
0.815333 0.491300333333
0.848407333333 0.275699666667
0.763768333333 0.419788666667
0.798747333333 0.439101666667
0.793628333333 0.469950666667
0.79099 0.517047
0.662152 0.539253333333
0.739148333333 0.559317666667
0.748547 0.526564333333
0.0741227 0.955244
0.1783885 0.98408
0.210210333333 0.974057333333
0.104294166667 0.978315333333
0.238465333333 0.96314
0.473336666667 0.912231
0.547881 0.687768
0.570412 0.653857666667
0.328325666667 0.952300333333
0.993262666667 0.918590666667
0.900362 0.933419666667
0.915659333333 0.975858333333
0.873636333333 0.963674666667
0.980789666667 0.878390666667
0.956159 0.893212333333
0.518966333333 0.630319
0.500891666667 0.598068666667
0.700239 0.433510666667
0.732007 0.446539666667
0.744986666667 0.468827333333
0.691655333333 0.507141
0.724248333333 0.499694333333
0.700388666667 0.403386333333
0.577557666667 0.532841666667
0.135804766667 0.150620666667
0.510653333333 0.0798446
0.460063333333 0.0624745333333
0.488880333333 0.0631356333333
0.522001333333 0.1121759
0.456306 0.145068333333
0.511999333333 0.145723
0.483461666667 0.152690333333
0.431405 0.133633666667
0.435576 0.0727940333333
0.422302333333 0.1013191
0.673250333333 0.0609508
0.650968 0.08897
0.643620333333 0.0381537666667
0.621338 0.0661729666667
0.807930333333 0.196229
0.795265666667 0.217819
0.746191 0.0192951666667
0.859723666667 0.43218
0.828817333333 0.423678666667
0.791573333333 0.350612333333
0.803040666667 0.324377
0.820203333333 0.381428333333
0.782744 0.298284
0.787229666667 0.244347666667
0.807209666667 0.272748666667
0.657795666667 0.131674333333
0.591668 0.154109666667
0.613378333333 0.139810333333
0.639162333333 0.155221
0.533818666667 0.180828666667
0.573694666667 0.179856333333
0.586779333333 0.210344333333
0.605877666667 0.602336333333
0.633417 0.613550333333
0.603212 0.643480333333
0.664895666667 0.570134
0.653137666667 0.601565
0.711642666667 0.574873
0.731009666667 0.604417666667
0.302842333333 0.938468
0.272714333333 0.947688666667
0.304494333333 0.894601333333
0.685130333333 0.964159
0.715176666667 0.945424666667
0.694820666667 0.912828333333
0.731276666667 0.667761333333
0.664343333333 0.647805
0.642869333333 0.667805
0.715189 0.633933333333
0.684064 0.635819666667
0.358714 0.941312666667
0.335999666667 0.879501
0.358517 0.852403666667
0.364736 0.91238
0.404583 0.913374
0.402029 0.847099333333
0.428393 0.895374666667
0.427723 0.866230666667
0.471928666667 0.853727666667
0.497133 0.885738666667
0.524354333333 0.871579
0.32105 0.821725
0.355867666667 0.827128
0.399379666667 0.821823666667
0.963528666667 0.922184
0.937281666667 0.934375
0.985529333333 0.954191666667
0.959282333333 0.966382666667
0.499818666667 0.669663
0.489142 0.640366
0.471067333333 0.608115666667
0.00491878833333 0.436067333333
0.173966666667 0.681431333333
0.235745 0.679545333333
0.148286666667 0.669579666667
0.259403666667 0.0574524333333
0.258294666667 0.0920921666667
0.186536666667 0.0662407333333
0.184988 0.0921876333333
0.209026666667 0.04220575
0.238494 0.0421085833333
0.637033 0.528511333333
0.607534333333 0.523390333333
0.666536333333 0.496399
0.526144 0.498727666667
0.555457333333 0.501280333333
0.505118666667 0.467409666667
0.354393 0.0793729
0.376204 0.101459766667
0.319287333333 0.0756279333333
0.292533 0.0999854666667
0.406654666667 0.165868
0.372049 0.236234333333
0.358972666667 0.265357333333
0.336112333333 0.274635333333
0.377625 0.306213666667
0.354764666667 0.315491666667
0.757797333333 0.0884507333333
0.775318 0.0594725
0.762254666667 0.0335112333333
0.726903333333 0.0350429333333
0.703096666667 0.0652233333333
0.720927333333 0.0926698666667
0.986933666667 0.744753333333
0.974930333333 0.780347666667
0.963552666667 0.647021
0.970277666667 0.687359333333
0.941538666667 0.698135
0.857894 0.365781333333
0.880534 0.388658666667
0.849251333333 0.337259666667
0.903674 0.394241666667
0.900334333333 0.312689666667
0.870152333333 0.314117666667
0.931229333333 0.341895333333
0.93283 0.377428
0.740846666667 0.2582
0.740839333333 0.284306666667
0.719828333333 0.124036666667
0.695042666667 0.149238
0.759353 0.142216666667
0.772238666667 0.171824666667
0.759574 0.193414666667
0.502896 0.211523333333
0.481078 0.197825333333
0.453922333333 0.190203333333
0.429170666667 0.20103
0.435490333333 0.264974666667
0.416605 0.239404
0.478381666667 0.267953666667
0.506066 0.245254333333
0.862189333333 0.709609
0.907222 0.528364666667
0.879326333333 0.500935333333
0.850026333333 0.510221666667
0.814239333333 0.685568
0.816297 0.712171666667
0.755372 0.677402333333
0.787087666667 0.661853333333
0.811365333333 0.631516333333
0.880049666667 0.674153666667
0.853235333333 0.661412666667
0.855449666667 0.631999
0.927917333333 0.636204
0.916363666667 0.666146
0.920559 0.597679666667
0.898930333333 0.577195666667
0.872189 0.594314
0.276755333333 0.847523
0.276988 0.882128333333
0.251195 0.914194666667
0.258046666667 0.831835333333
0.224769333333 0.835695666667
0.220113666667 0.715609333333
0.188195666667 0.716069666667
0.129372 0.949935666667
0.163136666667 0.952235666667
0.191391666667 0.941318333333
0.547602666667 0.886097666667
0.401308666667 0.961642666667
0.429890666667 0.984426
0.370920333333 0.972630333333
0.503722 0.979178666667
0.42774 0.946699333333
0.46772 0.940527
0.495717333333 0.955306666667
0.547011666667 0.710479333333
0.320689 0.793877333333
0.333730333333 0.764594
0.280857 0.793615
0.251787666667 0.741727666667
0.257540333333 0.770399666667
0.476479333333 0.823351333333
0.265312333333 0.684493333333
0.280602 0.725579666667
0.310139333333 0.731001333333
0.330907 0.698408666667
0.285663333333 0.616445
0.292324 0.650476333333
0.349230333333 0.632268
0.328381333333 0.65897
0.260618333333 0.375297666667
0.1001482 0.680014
0.125127333333 0.692475333333
0.0753889666667 0.711321
0.220131666667 0.242650666667
0.227558666667 0.170071
0.197617666667 0.183077666667
0.179364 0.152891666667
0.202433333333 0.1198887
0.232340333333 0.128484366667
0.463006333333 0.406416333333
0.437585333333 0.421774666667
0.408875 0.392454666667
0.474028333333 0.292909333333
0.455846333333 0.364365333333
0.424500333333 0.358561666667
0.431137 0.289930333333
0.408714666667 0.314947
0.381071 0.383552666667
0.331585 0.355451333333
0.354212 0.345885666667
0.579102666667 0.469412
0.606650333333 0.479944333333
0.656189 0.440366666667
0.642099666667 0.473520666667
0.532757 0.325890666667
0.482832 0.347516333333
0.496303666667 0.318908666667
0.355952 0.133277666667
0.35526 0.197363666667
0.3773 0.165371333333
0.637005 0.21046
0.660958 0.190301333333
0.717679666667 0.237716333333
0.728371 0.199459666667
0.695218 0.182691666667
0.548853666667 0.295192666667
0.597371333333 0.265204666667
0.585464 0.297349
0.56605 0.238136333333
0.540956666667 0.253225666667
0.93667 0.858047333333
0.963998333333 0.810389333333
0.961300666667 0.843225666667
0.879146666667 0.732997333333
0.938917666667 0.754349666667
0.922182 0.729531
0.927985666667 0.784391333333
0.845333 0.543738666667
0.851623 0.577101666667
0.808296 0.547589333333
0.810717333333 0.605452333333
0.782033666667 0.572132666667
0.778165 0.596632666667
0.173436666667 0.751766666667
0.201146666667 0.807054
0.211107333333 0.779978333333
0.157261333333 0.828197333333
0.667644 0.835816
0.583902333333 0.855379333333
0.645387333333 0.960073666667
0.704373 0.702148
0.659323333333 0.699151
0.788569 0.734393666667
0.754795666667 0.723339
0.722803666667 0.733087666667
0.710941333333 0.766041666667
0.746836333333 0.937945666667
0.786304666667 0.953775333333
0.575271666667 0.72004
0.625395 0.718297333333
0.631681 0.741527
0.538606666667 0.827159
0.515936 0.810942333333
0.520911 0.776749666667
0.575644333333 0.8258
0.599544 0.797221333333
0.591573 0.762401666667
0.560859 0.753415
0.472767 0.680026666667
0.423072666667 0.799646
0.459046333333 0.799574666667
0.488487666667 0.768033666667
0.500175666667 0.735138333333
0.473993333333 0.722790666667
0.2459 0.615640333333
0.237022333333 0.586669333333
0.193133 0.646149333333
0.222993333333 0.644723666667
0.209880333333 0.568233666667
0.407042333333 0.635601666667
0.376104666667 0.629075
0.442383666667 0.604235
0.433265666667 0.569237666667
0.442309 0.453932
0.475389666667 0.476744333333
0.452058666667 0.536348333333
0.487375333333 0.536729
0.496415 0.508062333333
0.0582830333333 0.180199
0.281709666667 0.404235
0.263311666667 0.425202333333
0.280088333333 0.462393666667
0.323719333333 0.400723333333
0.11332 0.437248666667
0.0871035 0.474769333333
0.101232166667 0.508113333333
0.280768666667 0.294870333333
0.301392666667 0.338134666667
0.272435666667 0.354469333333
0.253441 0.233014333333
0.313936666667 0.258339333333
0.289338 0.265497
0.56292 0.440028666667
0.518249333333 0.440579
0.540075666667 0.365838333333
0.497430666667 0.405728333333
0.513418 0.377391
0.295669 0.140064
0.325984 0.145988333333
0.256649 0.173757333333
0.270111666667 0.206575
0.325142666667 0.187813
0.308290333333 0.214706333333
0.684370666667 0.257588333333
0.649189333333 0.246555333333
0.630285 0.273508
0.124201666667 0.736344333333
0.146078 0.762688
0.0981067666667 0.745733
0.0824991333333 0.799614333333
0.0793373333333 0.772899
0.1073449 0.822516666667
0.139863333333 0.812043
0.163523 0.857847666667
0.15604 0.885687
0.202945666667 0.862764666667
0.218395333333 0.900625333333
0.192841 0.912297666667
0.1085323 0.918742666667
0.121684633333 0.886096333333
0.0730385 0.91661
0.0694724 0.870712666667
0.0910978666667 0.856256
0.647742666667 0.857774
0.614802 0.86148
0.666210666667 0.890275666667
0.646823666667 0.918786666667
0.614566333333 0.902162666667
0.637431 0.792083
0.664332333333 0.804804333333
0.655491666667 0.757506666667
0.682393 0.770228
0.596981666667 0.928148
0.541870333333 0.944937
0.560917666667 0.918183666667
0.549875 0.968809
0.586926666667 0.978297333333
0.614986 0.964389666667
0.801684666667 0.771246333333
0.403938333333 0.767392
0.358469 0.754883333333
0.357752333333 0.709868333333
0.178304333333 0.573478
0.148561666667 0.620818333333
0.169063666667 0.607454666667
0.333896666667 0.592659
0.360771 0.589466
0.306387 0.585329666667
0.278893666667 0.534035333333
0.279308333333 0.565801333333
0.407917333333 0.463425666667
0.375389666667 0.422366333333
0.340665 0.429971333333
0.00983109 0.283138333333
0.1217631 0.181134
0.0960275333333 0.193492
0.0342991333333 0.208070666667
0.0427349333333 0.244024666667
0.0118217333333 0.240965666667
0.0202575333333 0.276919666667
0.130172666667 0.501118
0.168777 0.538785666667
0.140541333333 0.538348333333
0.236263333333 0.432764
0.25304 0.469955333333
0.194815333333 0.503327
0.243754666667 0.505965333333
0.217027333333 0.519295666667
0.0668647 0.403413
0.103250566667 0.404136333333
0.0460769233333 0.378180333333
0.03437749 0.346536333333
0.232655 0.328769666667
0.214555 0.275504333333
0.239295 0.295241333333
0.1096379 0.571556666667
0.0900614 0.557339
0.0593265 0.560154666667
0.1164289 0.607661333333
0.0589842 0.643857333333
0.0911747666667 0.643961333333
0.0605595333333 0.487427
0.0439533 0.523586666667
0.0503901666667 0.449183
0.02960239 0.423950333333
0.567241666667 0.377886
0.582619 0.412404666667
0.624284333333 0.413293666667
0.640346333333 0.312466
0.66293 0.382537333333
0.630875666667 0.385588666667
0.604642 0.328129
0.595077666667 0.361807
0.862213 0.765096666667
0.836308 0.779484333333
0.894316333333 0.791672
0.737771666667 0.794002666667
0.775387333333 0.797656
0.874704333333 0.919213666667
0.847978666667 0.949468666667
0.817673333333 0.935707666667
0.439321333333 0.725969666667
0.416928 0.737604333333
0.386789333333 0.703593333333
0.411730666667 0.671958333333
0.438095 0.683205666667
0.405342 0.556543333333
0.370214 0.560684666667
0.424135 0.523654
0.404034666667 0.502210333333
0.187260333333 0.417390666667
0.206658666667 0.433670333333
0.186238 0.471803333333
0.147107 0.439506333333
0.149831 0.470031666667
0.0661170333333 0.260497
0.0436396333333 0.293392
0.0597502333333 0.320836
0.128324233333 0.375023333333
0.193596333333 0.337225333333
0.203902333333 0.365800666667
0.178547 0.38602
0.0415952333333 0.612935666667
0.0362599 0.579750666667
0.016777065 0.669763666667
0.00726018833333 0.575186333333
0.0167051566667 0.481790333333
0.0208867 0.543182666667
0.677337 0.361999
0.667127 0.330608
0.692247 0.302683
0.725548666667 0.308917666667
0.755986 0.349130333333
0.746407333333 0.386221333333
0.714795666667 0.382848
0.907136666667 0.852699333333
0.885692666667 0.818951333333
0.874721 0.885849333333
0.845569333333 0.817928666667
0.711047333333 0.84196
0.736787 0.823173
0.719756 0.886470666667
0.750732333333 0.899321666667
0.774402666667 0.826826333333
0.351609666667 0.525042333333
0.366637333333 0.499457333333
0.314242333333 0.514728333333
0.306151666667 0.479096666667
0.335795333333 0.468277666667
0.142254 0.215866
0.116518433333 0.228224
0.105813066667 0.255133
0.184643666667 0.244986
0.174549333333 0.215538666667
0.179067 0.277839666667
0.164748333333 0.306032333333
0.0924805333333 0.328171666667
0.112969233333 0.349991666667
0.116065966667 0.295363666667
0.136554666667 0.317183666667
0.833638333333 0.847801333333
0.841346 0.881974
0.811024 0.901577333333
0.783551333333 0.881021
0.796592 0.848526
