0.123425 0.00243716
0.161402 0.00723401
0.237356 0.00828122
0.256345 0.0205305
0.332299 0.0977334
0.351287 0.0675893
0.370276 0.0503734
0.427241 0.0597927
0.465218 0.024764
0.484207 0.0508183
0.503195 0.0782633
0.522184 0.105788
0.598138 0.217274
0.636115 0.186093
0.674092 0.810777
0.69308 0.370913
0.712069 0.0919893
0.731058 0.527556
0.750046 0.381577
0.769035 0.219926
0.788023 0.49883
0.826 0.350867
0.844989 1.12527
0.863977 1.65446
0.901954 0.365284
0.920943 0.623857
0.939931 1.5976
0.95892 1.20204
0.977908 1.99723
1.01589 1.38113
1.05386 1.0983
1.07285 1.05193
1.09184 1.4036
1.11083 1.31326
1.12982 1.70912
1.16779 2.10819
1.18678 1.11813
1.20577 1.76086
1.22476 0.490895
1.24375 0.893537
1.26274 1.98158
1.28172 0.678417
1.30071 2.17926
1.3197 0.875524
1.33869 2.00124
1.35768 1.66703
1.37667 0.469349
1.39566 1.84458
1.43363 0.916422
1.45262 1.31389
1.47161 0.350644
1.4906 0.628476
1.50959 0.806714
1.52857 0.828991
1.54756 0.463375
1.56655 0.818817
1.58554 0.528207
1.60453 1.02692
1.62352 0.846542
1.64251 1.05557
1.66149 1.10803
1.68048 1.0441
1.69947 0.653431
1.71846 0.309641
1.73745 0.56677
1.75644 1.32017
1.77543 1.10352
1.79441 1.97314
1.8134 0.930844
1.85138 0.66494
1.87037 0.67805
1.90834 1.36523
1.92733 0.725266
1.94632 1.32725
1.96531 1.16789
1.9843 1.28693
2.02228 1.17372
2.04126 0.59466
2.07924 0.675882
2.09823 1.49792
2.11722 0.818058
2.13621 0.751899
2.1552 1.0823
2.17418 1.33922
2.19317 1.1969
2.21216 0.949889
2.23115 0.72646
2.25014 0.754892
2.26913 0.58767
2.28812 1.05311
2.3071 0.499357
2.32609 0.482816
2.34508 1.05979
2.36407 1.15751
2.38306 0.793045
2.40205 0.947619
2.42103 0.589562
2.44002 1.08379
2.478 1.05272
2.49699 1.30378
2.51598 0.889665
2.53497 0.906816
2.55395 1.15707
2.57294 1.08236
2.59193 0.752632
2.61092 0.992459
2.62991 0.957824
2.6489 0.883816
2.66789 1.26864
2.68687 1.09236
2.70586 1.05682
2.72485 1.02539
2.74384 1.2981
2.76283 0.864762
2.78182 0.852224
2.8008 1.24822
2.81979 1.3973
2.83878 1.79263
2.85777 1.22094
2.87676 0.532108
2.89575 1.01873
2.91474 1.13911
2.93372 1.09409
2.95271 0.426885
2.9717 0.842142
2.99069 1.03072
3.00968 1.38722
3.02867 1.5404
3.04766 0.575726
3.06664 1.09485
3.08563 0.848163
3.10462 0.667444
3.12361 1.03936
3.1426 0.778969
3.16159 0.919023
3.18057 0.865002
3.19956 0.967952
3.21855 1.14486
3.23754 0.787269
3.25653 1.14149
3.27552 0.917244
3.29451 0.693291
3.31349 0.600409
3.33248 1.65407
3.35147 0.946532
3.37046 1.04158
3.38945 1.17548
3.40844 1.00711
3.42743 0.577582
3.44641 1.11492
3.4654 0.919102
3.48439 0.681491
3.50338 1.08742
3.52237 0.914495
3.54136 0.632453
3.56034 0.847851
3.57933 1.76342
3.59832 1.2929
3.61731 1.2816
3.6363 0.961846
3.65529 1.53198
3.67428 0.832947
3.69326 0.927528
3.71225 0.618012
3.73124 0.809251
3.75023 1.18851
3.76922 1.20439
3.78821 0.683612
3.8072 1.4531
3.82618 0.926009
3.84517 0.666528
3.86416 1.29081
3.88315 1.13563
3.90214 1.08495
3.92113 1.18422
3.94012 0.916819
3.9591 0.59389
3.97809 0.725347
3.99708 0.905167
4.01607 0.650207
4.03506 0.975664
4.05405 1.19623
4.07303 0.430535
4.09202 1.15772
4.11101 1.33917
4.13 0.498343
4.14899 1.16896
4.16798 0.86771
4.18697 1.35373
4.20595 0.656237
4.22494 0.493838
4.24393 1.17932
4.26292 0.589171
4.28191 0.861241
4.3009 0.913456
4.31989 0.806754
4.33887 1.05396
4.35786 0.870493
4.37685 0.717946
4.39584 1.06375
4.41483 0.905072
4.43382 1.61654
4.4528 0.961304
4.47179 1.04776
4.49078 1.1469
4.50977 1.05528
4.52876 0.799212
4.54775 0.559714
4.56674 1.38669
4.58572 1.21633
4.60471 0.902802
4.6237 1.15991
4.64269 1.02332
4.66168 0.871888
4.68067 0.854505
4.69966 1.69454
4.71864 1.0863
4.73763 1.18454
4.75662 1.0616
4.77561 0.843986
4.7946 0.858054
4.81359 1.03559
4.83257 0.948261
4.85156 0.886222
4.87055 0.974725
4.88954 0.987462
4.90853 1.0127
4.92752 0.974855
4.94651 1.05698
4.96549 1.28508
4.98448 1.00872
5.00347 0.864893
5.02246 0.945991
5.04145 0.997525
5.06044 0.465947
5.07943 1.01956
5.09841 0.634153
5.1174 0.808726
5.13639 0.964658
5.15538 1.15985
5.17437 1.53215
5.19336 0.866111
5.21235 1.1307
5.23133 1.13128
5.25032 1.22201
5.26931 0.63753
5.2883 1.20408
5.30729 0.910238
5.32628 0.896622
5.34526 0.60412
5.36425 1.01382
5.38324 0.671729
5.40223 1.26776
5.42122 1.45977
5.44021 0.798212
5.4592 1.03328
5.47818 0.846395
5.49717 0.692682
5.51616 0.772857
5.53515 0.987934
5.55414 1.2518
5.57313 0.983756
5.59212 1.02213
5.6111 0.874071
5.63009 1.1377
5.64908 1.16502
5.66807 1.42033
5.68706 0.745395
5.70605 0.945201
5.72503 0.68458
5.74402 0.97954
5.76301 1.22359
5.782 0.711567
5.80099 0.943497
5.81998 1.09074
5.83897 1.17324
5.85795 0.724973
5.87694 1.44486
5.89593 1.18287
5.91492 0.875776
5.93391 0.764656
5.9529 1.47598
5.97189 0.585102
5.99087 0.775627
6.00986 1.11454
6.02885 0.90353
6.04784 0.975399
6.06683 0.932233
6.08582 1.1646
6.1048 0.927385
6.12379 1.10622
6.14278 1.2515
6.16177 0.89978
6.18076 0.909076
6.19975 1.01125
6.21874 1.17571
6.23772 0.781247
6.25671 1.58258
6.2757 1.30213
6.29469 1.14897
6.31368 0.828415
6.33267 1.3919
6.35166 0.816411
6.37064 1.09167
6.38963 1.03033
6.40862 0.878336
6.42761 0.902914
6.4466 1.03294
6.46559 1.01447
6.48457 0.692586
6.50356 0.737677
6.52255 1.24198
6.54154 0.975851
6.56053 1.05543
6.57952 0.893224
6.59851 0.842046
6.61749 1.02795
6.63648 0.868865
6.65547 0.972876
6.67446 1.59216
6.69345 1.17784
6.71244 1.11102
6.73143 1.37864
6.75041 0.795922
6.7694 0.740901
6.78839 1.15324
6.80738 1.01111
6.82637 0.830281
6.84536 0.725759
6.86435 0.740222
6.88333 0.982845
6.90232 0.788707
6.92131 0.836088
6.9403 0.848176
6.95929 0.729405
6.97828 1.1214
6.99726 0.965864
7.01625 1.07188
7.03524 1.18817
7.05423 1.07814
7.07322 0.892874
7.09221 1.12155
7.1112 0.969151
7.13018 0.77383
7.14917 1.25444
7.16816 0.959166
7.18715 1.23497
7.20614 0.682404
7.22513 1.0629
7.24412 1.04654
7.2631 1.19566
7.28209 1.07421
7.30108 1.3417
7.32007 1.20195
7.33906 1.10459
7.35805 0.982926
7.37703 0.845945
7.39602 1.08738
7.41501 0.988963
7.434 0.859122
7.45299 0.833068
7.47198 1.03011
7.49097 1.21677
7.50995 1.27671
7.52894 0.582803
7.54793 0.70284
7.56692 0.989036
7.58591 0.781671
7.6049 1.0679
7.62389 0.965705
7.64287 1.35394
7.66186 0.97728
7.68085 1.18696
7.69984 1.09831
7.71883 1.08708
7.73782 0.706069
7.7568 1.05673
7.77579 0.643077
7.79478 0.873893
7.81377 1.09046
7.83276 1.09422
7.85175 0.971901
7.87074 0.983216
7.88972 0.95309
7.90871 0.911239
7.9277 1.0026
7.94669 0.924128
7.96568 0.934924
7.98467 0.8767
8.00366 1.08974
8.02264 0.929821
8.04163 0.962611
8.06062 1.30955
8.07961 1.10547
8.0986 1.20029
8.11759 1.1115
8.13658 0.879589
8.15556 1.0084
8.17455 0.853739
8.19354 0.858867
8.21253 0.907538
8.23152 0.931551
8.25051 0.930409
8.26949 0.925643
8.28848 0.894801
8.30747 1.10966
8.32646 1.10565
8.34545 0.992325
8.36444 0.977076
8.38343 0.828684
8.40241 1.17225
8.4214 1.18787
8.44039 1.11555
8.45938 1.14365
8.47837 0.613322
8.49736 0.949393
8.51635 1.01351
8.53533 0.816502
8.55432 0.965819
8.57331 1.20355
8.5923 0.839205
8.61129 0.837709
8.63028 0.888577
8.64926 1.13922
8.66825 1.08127
8.68724 1.04452
8.70623 1.03105
8.72522 1.08276
8.74421 0.940831
8.7632 0.872865
8.78218 1.11242
8.80117 0.885233
8.82016 1.00686
8.83915 1.08553
8.85814 0.823095
8.87713 0.747318
8.89612 1.13784
8.9151 0.992697
8.93409 0.99563
8.95308 0.862747
8.97207 1.21582
8.99106 0.924946
9.01005 1.00961
9.02903 1.22941
9.04802 0.780802
9.06701 1.21461
9.086 0.977052
9.10499 1.17673
9.12398 1.03154
9.14297 1.10919
9.16195 1.00229
9.18094 0.872927
9.19993 1.20919
9.21892 1.64234
9.23791 0.85747
9.2569 0.939451
9.27589 1.00742
9.29487 0.980811
9.31386 0.787951
9.33285 0.876174
9.35184 0.95009
9.37083 0.892545
9.38982 0.804375
9.4088 1.06722
9.42779 1.13261
9.44678 1.04755
9.46577 1.25199
9.48476 0.982568
