0.0819635 4.69789e-05
0.107183 0.000103461
0.157622 0.000163143
0.170232 0.000196644
0.220671 0.00402254
0.233281 0.0100596
0.24589 0.00282751
0.28372 0.00240259
0.308939 0.00388153
0.321549 0.00278137
0.334159 0.00153466
0.346769 0.00159694
0.397208 0.030251
0.422427 0.0168544
0.447647 0.0383499
0.460256 0.0352107
0.472866 0.0984937
0.485476 0.0672143
0.498086 0.0466102
0.510696 0.0414426
0.523305 0.0505072
0.548525 0.277228
0.561135 0.168772
0.573744 0.281862
0.598964 0.349883
0.611574 0.919243
0.624183 0.537332
0.636793 0.464251
0.649403 0.404216
0.674623 0.316827
0.699842 0.882679
0.712452 0.965908
0.725062 0.633593
0.737671 1.30708
0.750281 1.41638
0.775501 1.88599
0.78811 1.07602
0.80072 0.974414
0.81333 0.85928
0.82594 1.59513
0.838549 0.405816
0.851159 1.72091
0.863769 1.09274
0.876379 1.68848
0.888989 1.24559
0.901598 1.11527
0.914208 0.778858
0.926818 0.297861
0.952037 0.845011
0.964647 0.832591
0.977257 0.263834
0.989867 0.16241
1.00248 0.599484
1.01509 0.437503
1.0277 0.570398
1.04031 0.40565
1.05292 0.860069
1.06553 1.56795
1.07814 1.0038
1.09074 0.56753
1.10335 0.500519
1.11596 1.03143
1.12857 0.592099
1.14118 1.10628
1.15379 0.746478
1.1664 0.412881
1.17901 0.295005
1.19162 1.12007
1.20423 0.668079
1.22945 0.809747
1.24206 0.946244
1.26728 1.03603
1.27989 0.720498
1.2925 1.36324
1.30511 1.87529
1.31772 0.555206
1.34294 1.29467
1.35555 0.96938
1.38077 1.37834
1.39338 1.31202
1.40599 1.17105
1.4186 1.24109
1.43121 1.8602
1.44382 1.6437
1.45643 1.89212
1.46904 1.13808
1.48165 2.10262
1.49426 1.72581
1.50687 1.42427
1.51948 1.34583
1.53209 1.43635
1.5447 2.57088
1.55731 1.22651
1.56992 1.14313
1.58253 1.45143
1.59514 1.35913
1.60775 1.37616
1.62035 1.03829
1.64557 1.31301
1.65818 1.09966
1.67079 1.77004
1.6834 1.31317
1.69601 1.21444
1.70862 0.779782
1.72123 1.39348
1.73384 1.09401
1.74645 0.950152
1.75906 0.765489
1.77167 0.940499
1.78428 0.990178
1.79689 0.686071
1.8095 0.905151
1.82211 0.951823
1.83472 1.00823
1.84733 0.977917
1.85994 0.761997
1.87255 0.764943
1.88516 0.689379
1.89777 1.1156
1.91038 0.9466
1.92299 0.705164
1.9356 0.842798
1.94821 0.613763
1.96082 0.830804
1.97343 0.664237
1.98604 0.759086
1.99865 0.781859
2.01126 0.844028
2.02387 1.01406
2.03648 0.974692
2.04909 1.01344
2.0617 0.896974
2.07431 1.20655
2.08692 0.673292
2.09953 1.11336
2.11214 0.552793
2.12475 0.786001
2.13736 0.265802
2.14997 0.846102
2.16257 0.930518
2.17518 1.12308
2.18779 0.484397
2.2004 0.780008
2.21301 0.45135
2.22562 0.848005
2.23823 0.635012
2.25084 0.956389
2.26345 0.711781
2.27606 0.443455
2.28867 1.17029
2.30128 0.93759
2.31389 0.886
2.3265 0.280513
2.33911 0.795598
2.35172 0.702902
2.36433 0.899964
2.37694 0.835159
2.38955 0.773995
2.40216 0.961857
2.41477 0.825321
2.42738 1.78755
2.43999 1.08685
2.4526 0.816551
2.46521 0.930942
2.47782 0.803339
2.49043 0.90497
2.50304 1.03912
2.51565 0.863831
2.52826 1.18507
2.54087 1.21466
2.55348 0.758889
2.56609 0.679729
2.5787 0.80607
2.59131 0.462084
2.60392 1.05434
2.61653 1.01507
2.62914 1.08623
2.64175 0.901083
2.65436 0.853788
2.66697 1.5646
2.67958 1.30788
2.69219 0.99487
2.70479 0.727306
2.7174 0.697026
2.73001 1.32861
2.74262 0.9053
2.75523 1.45828
2.76784 1.28202
2.78045 1.14045
2.79306 1.21872
2.80567 0.778162
2.81828 0.785058
2.83089 0.801692
2.8435 1.35354
2.85611 1.13309
2.86872 1.0205
2.88133 1.48189
2.89394 1.32487
2.90655 0.60621
2.91916 1.19753
2.93177 1.35748
2.94438 1.0502
2.95699 0.849725
2.9696 1.14377
2.98221 0.397217
2.99482 1.04323
3.00743 0.868383
3.02004 1.11209
3.03265 1.53579
3.04526 0.976748
3.05787 1.12647
3.07048 1.73721
3.08309 1.58646
3.0957 0.889465
3.10831 1.0565
3.12092 1.13217
3.13353 0.834758
3.14614 0.918402
3.15875 0.946023
3.17136 0.956372
3.18397 1.2407
3.19658 1.50049
3.20919 0.690889
3.2218 1.18904
3.23441 1.07298
3.24701 1.2189
3.25962 1.11067
3.27223 0.940583
3.28484 1.0205
3.29745 0.901388
3.31006 0.981487
3.32267 0.888048
3.33528 1.34432
3.34789 1.18006
3.3605 1.04053
3.37311 0.689079
3.38572 0.767391
3.39833 0.832842
3.41094 0.781953
3.42355 1.23402
3.43616 1.44806
3.44877 0.517076
3.46138 0.771923
3.47399 0.998733
3.4866 0.709766
3.49921 1.19956
3.51182 0.915722
3.52443 0.879283
3.53704 0.72968
3.54965 1.03262
3.56226 0.762073
3.57487 0.695222
3.58748 0.940521
3.60009 0.856571
3.6127 1.23521
3.62531 0.538518
3.63792 0.981505
3.65053 0.711722
3.66314 0.902624
3.67575 0.733169
3.68836 0.884686
3.70097 0.920252
3.71358 1.1122
3.72619 0.782118
3.7388 0.97038
3.75141 0.772659
3.76402 0.740283
3.77663 0.515656
3.78923 1.05617
3.80184 0.824452
3.81445 0.785784
3.82706 0.646232
3.83967 0.884459
3.85228 0.721945
3.86489 0.682902
3.8775 1.19626
3.89011 0.668894
3.90272 1.18314
3.91533 0.653334
3.92794 0.983229
3.94055 0.827656
3.95316 0.688895
3.96577 1.03943
3.97838 0.823492
3.99099 1.0915
4.0036 0.894405
4.01621 1.102
4.02882 1.11208
4.04143 0.922763
4.05404 1.36365
4.06665 1.04034
4.07926 1.81333
4.09187 0.849415
4.10448 1.00316
4.11709 1.26732
4.1297 1.04211
4.14231 0.915025
4.15492 1.52644
4.16753 1.09952
4.18014 1.03545
4.19275 1.35412
4.20536 1.06653
4.21797 0.830598
4.23058 0.870315
4.24319 1.23109
4.2558 0.946742
4.26841 1.53783
4.28102 0.923502
4.29363 0.919298
4.30624 1.38273
4.31885 1.46105
4.33145 1.50084
4.34406 1.13921
4.35667 1.01724
4.36928 0.875714
4.38189 0.910195
4.3945 0.644983
4.40711 0.953827
4.41972 1.02836
4.43233 1.07717
4.44494 0.98017
4.45755 1.27776
4.47016 1.04155
4.48277 1.63232
4.49538 1.38195
4.50799 1.12194
4.5206 1.29217
4.53321 1.31982
4.54582 0.920459
4.55843 1.44549
4.57104 0.882955
4.58365 1.45538
4.59626 0.691419
4.60887 0.75331
4.62148 1.2752
4.63409 1.15896
4.6467 0.758199
4.65931 1.19062
4.67192 0.559712
4.68453 1.10046
4.69714 1.05895
4.70975 0.758688
4.72236 1.15306
4.73497 0.978639
4.74758 0.996981
4.76019 0.757251
4.7728 1.58692
4.78541 0.902702
4.79802 0.803738
4.81063 1.04523
4.82324 1.08157
4.83585 0.575431
4.84846 0.802503
4.86106 1.03199
4.87367 0.971397
4.88628 0.847564
4.89889 0.911324
4.9115 0.95629
4.92411 1.10254
4.93672 0.940163
4.94933 0.519068
4.96194 1.00695
4.97455 0.675418
4.98716 1.03205
4.99977 0.830423
5.01238 0.982064
5.02499 0.577338
5.0376 0.831652
5.05021 0.805972
5.06282 0.697328
5.07543 0.961252
5.08804 0.953188
5.10065 0.702815
5.11326 0.720566
5.12587 0.916433
5.13848 0.837124
5.15109 0.892443
5.1637 1.277
5.17631 0.834528
5.18892 0.562287
5.20153 0.960541
5.21414 0.837238
5.22675 1.03515
5.23936 0.854384
5.25197 0.947557
5.26458 0.988247
5.27719 0.873556
5.2898 1.02938
5.30241 0.991296
5.31502 1.12316
5.32763 1.13372
5.34024 0.747224
5.35285 1.33988
5.36546 0.806752
5.37807 1.16345
5.39068 0.818352
5.40328 0.837141
5.41589 1.01637
5.4285 1.36723
5.44111 0.776148
5.45372 1.16415
5.46633 1.14065
5.47894 1.12052
5.49155 1.01699
5.50416 0.871501
5.51677 1.0731
5.52938 1.18215
5.54199 1.15601
5.5546 1.0972
5.56721 1.18846
5.57982 1.13386
5.59243 1.12076
5.60504 1.09909
5.61765 1.21576
5.63026 1.07351
5.64287 1.08995
5.65548 1.07182
5.66809 1.10293
5.6807 0.886195
5.69331 1.07688
5.70592 1.00668
5.71853 0.926205
5.73114 1.49994
5.74375 0.949728
5.75636 1.05322
5.76897 1.12584
5.78158 0.756095
5.79419 1.36385
5.8068 1.2371
5.81941 0.768733
5.83202 0.877055
5.84463 1.19098
5.85724 1.10004
5.86985 1.07422
5.88246 1.22226
5.89507 1.28237
5.90768 1.18312
5.92029 1.27208
5.9329 1.22579
5.9455 1.06745
5.95811 0.859707
5.97072 1.15387
5.98333 1.14829
5.99594 1.12765
6.00855 1.02967
6.02116 1.11041
6.03377 1.09398
6.04638 0.944894
6.05899 1.17222
6.0716 0.945356
6.08421 0.827871
6.09682 1.16318
6.10943 0.849982
6.12204 1.37235
6.13465 1.41785
6.14726 0.877001
6.15987 0.859807
6.17248 0.954574
6.18509 1.0718
6.1977 1.0032
6.21031 1.20964
6.22292 0.641678
6.23553 0.991273
6.24814 1.13749
6.26075 0.772955
6.27336 0.810329
6.28597 1.07582
6.29858 1.06793
