0.109626 0.000123696
0.143357 0.000113925
0.210819 5.40864e-05
0.227684 0.000304705
0.295146 0.000640675
0.312011 0.00856498
0.328877 0.0020026
0.379473 0.00569081
0.413204 0.00269995
0.43007 0.00400029
0.446935 0.00792524
0.463801 0.00169895
0.531263 0.00673922
0.564994 0.018029
0.598725 0.0164164
0.61559 0.0142738
0.632456 0.0268758
0.649321 0.0231217
0.666186 0.0698116
0.683052 0.0511121
0.699917 0.0820016
0.733648 0.148903
0.750514 0.0521602
0.767379 0.0925759
0.80111 0.0933647
0.817976 0.126254
0.834841 0.755994
0.851707 0.613298
0.868572 1.96554
0.902303 1.57372
0.936034 2.0185
0.9529 3.22411
0.969765 0.852985
0.986631 2.28433
1.0035 1.14698
1.03723 0.6019
1.05409 2.1587
1.07096 2.18213
1.08782 2.11848
1.10469 2.89532
1.12155 0.682524
1.13842 2.695
1.15529 3.0419
1.17215 2.86479
1.18902 1.52648
1.20588 1.49889
1.22275 0.697234
1.23961 0.69817
1.27334 0.677012
1.29021 0.859043
1.30707 0.532072
1.32394 0.476152
1.34081 0.4262
1.35767 0.278178
1.37454 0.777926
1.3914 0.384763
1.40827 0.920528
1.42513 1.72005
1.442 1.1426
1.45886 1.03457
1.47573 0.421315
1.4926 0.851033
1.50946 0.36669
1.52633 0.989914
1.54319 0.754134
1.56006 0.281461
1.57692 0.43754
1.59379 0.612824
1.61065 0.353158
1.64438 0.781058
1.66125 0.848709
1.69498 0.746767
1.71185 0.68036
1.72871 0.693756
1.74558 0.66131
1.76244 0.441473
1.79617 0.843193
1.81304 0.356153
1.84677 1.16878
1.86364 0.956443
1.8805 0.827096
1.89737 1.1113
1.91423 1.48621
1.9311 1.35522
1.94796 1.12062
1.96483 0.901732
1.98169 1.71623
1.99856 1.56656
2.01542 1.03412
2.03229 1.03754
2.04916 1.87913
2.06602 2.35982
2.08289 0.895614
2.09975 1.27935
2.11662 1.09325
2.13348 1.07909
2.15035 0.883148
2.16721 1.04995
2.20095 1.90755
2.21781 1.21179
2.23468 1.4515
2.25154 1.01001
2.26841 0.955397
2.28527 1.00528
2.30214 1.86822
2.319 1.26284
2.33587 0.967919
2.35273 0.491171
2.3696 0.887718
2.38647 0.964424
2.40333 0.741217
2.4202 0.647685
2.43706 1.25771
2.45393 0.946728
2.47079 1.08497
2.48766 1.005
2.50452 0.908599
2.52139 0.363841
2.53825 1.06643
2.55512 0.785391
2.57199 0.86734
2.58885 0.455494
2.60572 0.414589
2.62258 0.919145
2.63945 0.682076
2.65631 1.5189
2.67318 1.4611
2.69004 0.80547
2.70691 1.30221
2.72378 0.815283
2.74064 0.823603
2.75751 1.05956
2.77437 1.67739
2.79124 0.925483
2.8081 1.33874
2.82497 0.349765
2.84183 0.661923
2.8587 0.389643
2.87556 0.835138
2.89243 0.795112
2.9093 1.69486
2.92616 0.752978
2.94303 1.10287
2.95989 0.552759
2.97676 1.1169
2.99362 1.09167
3.01049 1.01567
3.02735 0.819793
3.04422 0.968631
3.06108 1.09466
3.07795 1.22291
3.09482 0.981404
3.11168 0.788356
3.12855 0.674235
3.14541 0.784711
3.16228 1.23936
3.17914 1.06742
3.19601 0.892896
3.21287 1.07054
3.22974 0.917958
3.24661 2.21838
3.26347 1.30133
3.28034 0.960265
3.2972 1.04016
3.31407 0.873299
3.33093 1.21772
3.3478 1.03239
3.36466 1.01139
3.38153 1.42347
3.39839 1.21904
3.41526 0.6697
3.43213 0.810272
3.44899 1.0898
3.46586 0.616404
3.48272 0.900866
3.49959 1.09112
3.51645 1.04925
3.53332 1.04357
3.55018 0.850701
3.56705 1.24471
3.58391 1.11308
3.60078 0.679518
3.61765 0.257796
3.63451 0.588921
3.65138 0.985898
3.66824 0.958832
3.68511 1.24257
3.70197 1.56958
3.71884 0.831397
3.7357 0.926677
3.75257 0.293337
3.76943 0.724599
3.7863 0.489647
3.80317 0.972232
3.82003 1.16519
3.8369 0.695746
3.85376 1.39172
3.87063 1.12913
3.88749 0.950448
3.90436 0.939739
3.92122 1.1069
3.93809 0.946909
3.95496 0.813593
3.97182 0.912698
3.98869 0.426542
4.00555 0.956623
4.02242 0.853692
4.03928 1.31714
4.05615 1.23974
4.07301 0.877507
4.08988 1.29582
4.10674 1.33409
4.12361 1.30724
4.14048 0.826336
4.15734 1.08013
4.17421 0.8312
4.19107 0.77722
4.20794 0.801719
4.2248 1.08626
4.24167 0.8205
4.25853 0.956645
4.2754 1.35967
4.29226 1.01314
4.30913 0.897227
4.326 1.1453
4.34286 1.23472
4.35973 0.938158
4.37659 1.26612
4.39346 0.952628
4.41032 0.646317
4.42719 0.889296
4.44405 0.832685
4.46092 1.61025
4.47779 1.24906
4.49465 1.2544
4.51152 0.885976
4.52838 0.812857
4.54525 1.00839
4.56211 0.891107
4.57898 1.26188
4.59584 1.44089
4.61271 1.05061
4.62957 1.03391
4.64644 1.23249
4.66331 0.787824
4.68017 0.757312
4.69704 0.889319
4.7139 1.04176
4.73077 0.821784
4.74763 1.23448
4.7645 0.931303
4.78136 0.675312
4.79823 1.3252
4.81509 0.815706
4.83196 1.20638
4.84883 0.910205
4.86569 1.19754
4.88256 0.633433
4.89942 0.862225
4.91629 0.91279
4.93315 1.03074
4.95002 0.952543
4.96688 1.03558
4.98375 0.944198
5.00062 1.05266
5.01748 0.824589
5.03435 1.14487
5.05121 0.90106
5.06808 1.12637
5.08494 0.834852
5.10181 1.3632
5.11867 0.682548
5.13554 0.794272
5.1524 0.790773
5.16927 1.05279
5.18614 1.17043
5.203 0.851274
5.21987 1.09188
5.23673 0.889848
5.2536 0.728937
5.27046 0.885184
5.28733 0.68794
5.30419 1.12322
5.32106 1.03353
5.33792 1.20693
5.35479 0.954455
5.37166 1.29433
5.38852 1.1651
5.40539 0.74635
5.42225 1.08368
5.43912 1.31016
5.45598 1.40385
5.47285 0.74234
5.48971 0.722666
5.50658 0.989008
5.52344 0.957954
5.54031 1.05219
5.55718 1.01589
5.57404 0.882702
5.59091 1.21863
5.60777 1.03465
5.62464 0.832
5.6415 0.926731
5.65837 0.87173
5.67523 0.779869
5.6921 0.931827
5.70897 1.30221
5.72583 0.955703
5.7427 0.749129
5.75956 1.07492
5.77643 1.33823
5.79329 1.2182
5.81016 1.22722
5.82702 0.95987
5.84389 0.907836
5.86075 0.831228
5.87762 0.731244
5.89449 0.975286
5.91135 0.953881
5.92822 0.992138
5.94508 0.820384
5.96195 1.2439
5.97881 0.862606
5.99568 1.60345
6.01254 0.889958
6.02941 1.0831
6.04627 1.35486
6.06314 0.950849
6.08001 0.777808
6.09687 1.24481
6.11374 0.808159
6.1306 0.950454
6.14747 0.7829
6.16433 0.790798
6.1812 0.832332
6.19806 1.10331
6.21493 0.746656
6.2318 1.04543
6.24866 0.835478
6.26553 1.04892
6.28239 0.924497
6.29926 0.612206
6.31612 1.12955
6.33299 0.981916
6.34985 0.864109
6.36672 1.04732
6.38358 1.37133
6.40045 1.03211
6.41732 0.733835
6.43418 1.20886
6.45105 0.883261
6.46791 0.847387
6.48478 1.14693
6.50164 1.01357
6.51851 1.16196
6.53537 0.931338
6.55224 1.43414
6.5691 1.13796
6.58597 0.933842
6.60284 1.01078
6.6197 0.879403
6.63657 1.06886
6.65343 0.845653
6.6703 0.925102
6.68716 0.850772
6.70403 1.09318
6.72089 1.21667
6.73776 1.15649
6.75463 1.16943
6.77149 0.800578
6.78836 1.03447
6.80522 1.02147
6.82209 0.724103
6.83895 0.869359
6.85582 0.874303
6.87268 1.02223
6.88955 0.991587
6.90641 1.33054
6.92328 0.576256
6.94015 0.789799
6.95701 1.08527
6.97388 0.880087
6.99074 0.994511
7.00761 0.928518
7.02447 1.14662
7.04134 1.0453
7.0582 1.23757
7.07507 1.08303
7.09193 0.883959
7.1088 1.23976
7.12567 1.16825
7.14253 0.837708
7.1594 1.13145
7.17626 1.07857
7.19313 0.934279
7.20999 0.709874
7.22686 0.874046
7.24372 1.08438
7.26059 1.42151
7.27745 0.684787
7.29432 1.21825
7.31119 0.843642
7.32805 1.0846
7.34492 0.857392
7.36178 1.00665
7.37865 1.02625
7.39551 1.0753
7.41238 1.09573
7.42924 0.835817
7.44611 1.00949
7.46298 0.969756
7.47984 0.926899
7.49671 1.05899
7.51357 0.960423
7.53044 1.07249
7.5473 0.803264
7.56417 0.789552
7.58103 1.04753
7.5979 0.907108
7.61476 1.11209
7.63163 0.965878
7.6485 0.599673
7.66536 1.19007
7.68223 1.13691
7.69909 0.901504
7.71596 1.29334
7.73282 0.961005
7.74969 1.20245
7.76655 1.1196
7.78342 0.646148
7.80028 0.89844
7.81715 0.854889
7.83402 1.08254
7.85088 1.11439
7.86775 0.993068
7.88461 1.26006
7.90148 0.910307
7.91834 1.09069
7.93521 1.11642
7.95207 1.12686
7.96894 0.945459
7.98581 1.1101
8.00267 1.24805
8.01954 0.914762
8.0364 0.728513
8.05327 1.01691
8.07013 1.09249
8.087 1.0203
8.10386 1.20548
8.12073 1.04649
8.13759 0.770507
8.15446 0.981043
8.17133 0.918362
8.18819 0.886647
8.20506 1.26505
8.22192 0.927713
8.23879 0.929563
8.25565 0.919411
8.27252 1.19804
8.28938 0.82534
8.30625 1.16316
8.32311 0.864163
8.33998 1.15535
8.35685 1.09035
8.37371 0.776656
8.39058 0.954654
8.40744 0.997591
8.42431 1.30418
