0.123425 7.95217e-05
0.161402 0.000115576
0.237356 0.000468613
0.256345 0.000761601
0.332299 0.00822403
0.351287 0.00258494
0.370276 0.00349785
0.427241 0.00476754
0.465218 0.00332387
0.484207 0.00566574
0.503195 0.0175026
0.522184 0.00682659
0.598138 0.0574579
0.636115 0.0566633
0.674092 0.0893864
0.69308 0.0792029
0.712069 0.101375
0.731058 0.119768
0.750046 0.132128
0.769035 0.0517323
0.788023 0.102828
0.826 0.53708
0.844989 0.48667
0.863977 0.700299
0.901954 0.720266
0.920943 2.33967
0.939931 0.76734
0.95892 1.83543
0.977908 2.6589
1.01589 1.20219
1.05386 1.54004
1.07285 2.08462
1.09184 3.10402
1.11083 5.94045
1.12982 0.985695
1.16779 2.66233
1.18678 1.99071
1.20577 0.598297
1.22476 0.967113
1.24375 0.673853
1.26274 0.533927
1.28172 0.939697
1.30071 0.461298
1.3197 0.669822
1.33869 0.227194
1.35768 0.535435
1.37667 0.434153
1.39566 0.80651
1.43363 0.81593
1.45262 0.96352
1.47161 0.262187
1.4906 0.282124
1.50959 0.698785
1.52857 0.31855
1.54756 0.38838
1.56655 0.604755
1.58554 0.420961
1.60453 0.555575
1.62352 0.505786
1.64251 0.676279
1.66149 0.496526
1.68048 0.808435
1.69947 1.01084
1.71846 0.959303
1.73745 0.639909
1.75644 0.69857
1.77543 0.280945
1.79441 1.31704
1.8134 1.03803
1.85138 0.960464
1.87037 0.5373
1.90834 0.852728
1.92733 1.10128
1.94632 1.57596
1.96531 2.15387
1.9843 0.69358
2.02228 1.32317
2.04126 1.1759
2.07924 1.176
2.09823 1.69364
2.11722 1.13164
2.13621 1.08282
2.1552 1.29747
2.17418 1.41519
2.19317 1.76357
2.21216 1.94437
2.23115 1.63585
2.25014 0.980233
2.26913 1.31485
2.28812 1.1332
2.3071 0.677113
2.32609 1.09095
2.34508 0.840003
2.36407 0.571552
2.38306 1.02058
2.40205 1.16602
2.42103 1.53948
2.44002 0.919443
2.478 0.735974
2.49699 0.843939
2.51598 0.813403
2.53497 1.34024
2.55395 1.29213
2.57294 0.308472
2.59193 0.321255
2.61092 0.727287
2.62991 0.468765
2.6489 0.52709
2.66789 0.603446
2.68687 0.969994
2.70586 0.744955
2.72485 0.901105
2.74384 1.12776
2.76283 0.985318
2.78182 0.662808
2.8008 0.813913
2.81979 0.570319
2.83878 0.941516
2.85777 0.617598
2.87676 1.10658
2.89575 0.80707
2.91474 1.46333
2.93372 0.944883
2.95271 0.699706
2.9717 1.09781
2.99069 1.15602
3.00968 1.00428
3.02867 1.45897
3.04766 1.50314
3.06664 2.3807
3.08563 1.20053
3.10462 1.19964
3.12361 1.17447
3.1426 0.605755
3.16159 1.03483
3.18057 1.64013
3.19956 1.20325
3.21855 0.424678
3.23754 1.16333
3.25653 1.03506
3.27552 1.32458
3.29451 0.680546
3.31349 0.814814
3.33248 0.801796
3.35147 1.07501
3.37046 1.21441
3.38945 0.809602
3.40844 1.15387
3.42743 0.784332
3.44641 1.18495
3.4654 0.859255
3.48439 0.972132
3.50338 1.29997
3.52237 0.991845
3.54136 1.35598
3.56034 1.18354
3.57933 0.695597
3.59832 0.582786
3.61731 1.0242
3.6363 0.92587
3.65529 0.937279
3.67428 0.649113
3.69326 0.891156
3.71225 1.00657
3.73124 0.739935
3.75023 0.548187
3.76922 1.54487
3.78821 0.72422
3.8072 1.1237
3.82618 1.07145
3.84517 1.74644
3.86416 0.851853
3.88315 0.908959
3.90214 0.579444
3.92113 0.917197
3.94012 0.712489
3.9591 1.21983
3.97809 0.620826
3.99708 1.23421
4.01607 0.95787
4.03506 0.832606
4.05405 1.07149
4.07303 1.5975
4.09202 0.809901
4.11101 1.38392
4.13 0.604336
4.14899 1.2564
4.16798 0.883276
4.18697 0.809862
4.20595 1.19204
4.22494 1.32727
4.24393 1.07115
4.26292 0.829373
4.28191 1.24947
4.3009 0.771938
4.31989 0.860542
4.33887 1.619
4.35786 1.12619
4.37685 0.674879
4.39584 1.10674
4.41483 0.976827
4.43382 1.22577
4.4528 0.90718
4.47179 1.1135
4.49078 0.851503
4.50977 0.935583
4.52876 0.67349
4.54775 0.989503
4.56674 1.08683
4.58572 0.72375
4.60471 1.51992
4.6237 1.15352
4.64269 1.7649
4.66168 0.920092
4.68067 0.719031
4.69966 1.17105
4.71864 0.921903
4.73763 0.74409
4.75662 0.966627
4.77561 1.13509
4.7946 0.904115
4.81359 0.831161
4.83257 0.554656
4.85156 0.850237
4.87055 0.937504
4.88954 0.977173
4.90853 1.00337
4.92752 0.657067
4.94651 0.914402
4.96549 1.05629
4.98448 0.855959
5.00347 0.917224
5.02246 1.12243
5.04145 1.01552
5.06044 0.824395
5.07943 0.943258
5.09841 1.14936
5.1174 1.17437
5.13639 0.922404
5.15538 1.48587
5.17437 0.893493
5.19336 0.923013
5.21235 0.809745
5.23133 1.00751
5.25032 0.971587
5.26931 1.69935
5.2883 0.978842
5.30729 1.0373
5.32628 1.1961
5.34526 0.714136
5.36425 0.802478
5.38324 0.66679
5.40223 0.634395
5.42122 0.983646
5.44021 1.34301
5.4592 0.910124
5.47818 1.05889
5.49717 1.09546
5.51616 0.880118
5.53515 0.776947
5.55414 1.03127
5.57313 1.11151
5.59212 0.888943
5.6111 1.38326
5.63009 1.27105
5.64908 0.967549
5.66807 1.25576
5.68706 0.826801
5.70605 1.1361
5.72503 0.939164
5.74402 0.961391
5.76301 0.718146
5.782 1.11981
5.80099 0.622679
5.81998 0.851714
5.83897 1.00467
5.85795 1.07492
5.87694 1.32325
5.89593 0.87401
5.91492 0.774613
5.93391 0.88069
5.9529 1.16953
5.97189 0.75962
5.99087 0.95549
6.00986 1.19067
6.02885 0.767929
6.04784 1.02014
6.06683 0.820356
6.08582 0.940676
6.1048 1.36859
6.12379 0.781788
6.14278 1.70358
6.16177 0.867805
6.18076 1.09585
6.19975 1.31783
6.21874 1.01724
6.23772 1.00714
6.25671 1.92035
6.2757 1.1108
6.29469 0.821678
6.31368 1.29997
6.33267 1.25919
6.35166 0.617068
6.37064 0.787585
6.38963 1.14886
6.40862 0.712673
6.42761 0.868635
6.4466 0.769518
6.46559 0.79426
6.48457 1.29333
6.50356 0.840522
6.52255 1.09861
6.54154 0.871136
6.56053 1.17863
6.57952 0.743342
6.59851 1.00214
6.61749 0.868519
6.63648 1.0283
6.65547 0.856743
6.67446 0.86709
6.69345 0.716971
6.71244 1.34431
6.73143 0.997113
6.75041 0.910517
6.7694 1.13371
6.78839 0.921327
6.80738 0.857439
6.82637 1.11936
6.84536 0.805106
6.86435 0.833609
6.88333 1.17857
6.90232 1.25408
6.92131 0.830531
6.9403 0.77942
6.95929 0.937753
6.97828 1.01396
6.99726 0.871896
7.01625 1.05531
7.03524 0.908569
7.05423 1.05323
7.07322 0.912255
7.09221 1.27555
7.1112 1.44313
7.13018 0.938229
7.14917 1.14217
7.16816 1.01639
7.18715 1.58719
7.20614 1.1712
7.22513 1.07882
7.24412 0.937069
7.2631 1.17629
7.28209 0.926032
7.30108 1.2995
7.32007 0.961227
7.33906 0.873018
7.35805 1.04234
7.37703 0.822597
7.39602 1.05603
7.41501 1.14055
7.434 1.35474
7.45299 0.534128
7.47198 0.845592
7.49097 0.853947
7.50995 0.94514
7.52894 1.21767
7.54793 1.02547
7.56692 0.648229
7.58591 1.11429
7.6049 0.976093
7.62389 1.04397
7.64287 0.660453
7.66186 1.00062
7.68085 1.10022
7.69984 0.703633
7.71883 0.971226
7.73782 0.931908
7.7568 0.945642
7.77579 1.01518
7.79478 1.01355
7.81377 0.955061
7.83276 1.11903
7.85175 0.914527
7.87074 0.875825
7.88972 1.10996
7.90871 1.0113
7.9277 1.00441
7.94669 0.890729
7.96568 1.13612
7.98467 0.833157
8.00366 1.23465
8.02264 1.12579
8.04163 1.07124
8.06062 1.26792
8.07961 0.857378
8.0986 1.13676
8.11759 0.888192
8.13658 0.930451
8.15556 0.852063
8.17455 1.58202
8.19354 0.954879
8.21253 1.1871
8.23152 1.23941
8.25051 0.903037
8.26949 0.94429
8.28848 0.851827
8.30747 1.21435
8.32646 1.09091
8.34545 0.976458
8.36444 1.27181
8.38343 0.758499
8.40241 1.12634
8.4214 0.857229
8.44039 0.933912
8.45938 1.20576
8.47837 1.18931
8.49736 1.02524
8.51635 0.85755
8.53533 1.03917
8.55432 0.87375
8.57331 0.681687
8.5923 0.92581
8.61129 0.903295
8.63028 0.919474
8.64926 0.986754
8.66825 1.01012
8.68724 0.697366
8.70623 0.639814
8.72522 1.13236
8.74421 1.21596
8.7632 1.03564
8.78218 0.672308
8.80117 1.23294
8.82016 1.01584
8.83915 1.00404
8.85814 1.10097
8.87713 1.04988
8.89612 1.1012
8.9151 1.03751
8.93409 1.03869
8.95308 0.996475
8.97207 0.885836
8.99106 0.983623
9.01005 0.866916
9.02903 1.07859
9.04802 1.0505
9.06701 0.851606
9.086 0.996106
9.10499 1.2369
9.12398 0.962773
9.14297 0.775735
9.16195 1.00645
9.18094 0.89639
9.19993 1.07149
9.21892 1.29315
9.23791 1.18793
9.2569 0.918829
9.27589 1.22665
9.29487 1.12324
9.31386 1.45514
9.33285 1.20706
9.35184 1.04399
9.37083 1.00392
9.38982 0.973838
9.4088 0.779111
9.42779 0.965105
9.44678 1.00952
9.46577 1.43339
9.48476 0.836727
