0.0430355 0.323431
0.0562772 0.197569
0.0827606 0.139579
0.0893814 0.073912
0.115865 0.0150092
0.122486 0.194463
0.129107 0.0996427
0.148969 0.0438671
0.162211 0.241185
0.168832 0.157673
0.175452 0.0185267
0.182073 0.0392316
0.208557 0.0743798
0.221798 0.166279
0.23504 0.0429291
0.241661 0.0709756
0.248282 0.34122
0.254903 0.131572
0.261523 0.076524
0.268144 0.0477015
0.274765 0.0324769
0.288007 0.159686
0.294628 0.0526069
0.301249 0.0652235
0.31449 0.115075
0.321111 0.0542791
0.327732 0.24791
0.334353 0.0658674
0.340974 0.0491323
0.354215 0.0860522
0.367457 0.249476
0.374078 0.25933
0.380699 0.129232
0.38732 0.144821
0.39394 0.0811096
0.407182 0.136048
0.413803 0.160216
0.420424 0.0967367
0.427045 0.0590126
0.433665 0.0921703
0.440286 0.0608948
0.446907 0.0910978
0.453528 0.182206
0.460149 0.0698612
0.46677 0.0340592
0.473391 0.0533501
0.480011 0.107724
0.486632 0.0991252
0.499874 0.193468
0.506495 0.233735
0.513116 0.0920711
0.519736 0.0944731
0.526357 0.275101
0.532978 0.566609
0.539599 0.482989
0.54622 0.377815
0.552841 0.36234
0.559462 0.40557
0.566082 0.335067
0.572703 0.216026
0.579324 0.327924
0.585945 0.211968
0.592566 0.147526
0.599187 0.379385
0.605808 0.324243
0.612428 0.183812
0.619049 0.350957
0.62567 1.31344
0.632291 0.526855
0.645533 0.902049
0.652153 1.30802
0.665395 1.09096
0.672016 1.35409
0.678637 1.25378
0.685258 1.7523
0.691879 1.5839
0.70512 0.873443
0.711741 1.03975
0.724983 0.820774
0.731604 0.628461
0.738224 0.679043
0.744845 0.34863
0.751466 0.621958
0.758087 0.731005
0.764708 0.464895
0.771329 0.4238
0.77795 0.708612
0.78457 0.969794
0.791191 0.739354
0.797812 0.702208
0.804433 0.713901
0.811054 1.40239
0.817675 0.582027
0.824295 0.692624
0.830916 0.604123
0.837537 0.456699
0.844158 0.550378
0.850779 0.534289
0.864021 0.667685
0.870641 0.504083
0.877262 0.631655
0.883883 0.82979
0.890504 0.51168
0.897125 0.279767
0.903746 0.899659
0.910366 0.384661
0.916987 0.628922
0.923608 0.550365
0.930229 0.644496
0.93685 0.698508
0.943471 0.524853
0.950092 0.608843
0.956712 0.412386
0.963333 0.646667
0.969954 0.462671
0.976575 0.39762
0.983196 0.730648
0.989817 0.446845
0.996437 0.500479
1.00306 0.485587
1.00968 0.660171
1.0163 0.474827
1.02292 0.641093
1.02954 0.991134
1.03616 0.828455
1.04278 0.674726
1.0494 0.660264
1.05603 0.880366
1.06265 0.652163
1.06927 0.945724
1.07589 1.07055
1.08251 0.995478
1.08913 0.506828
1.09575 0.69113
1.10237 0.57034
1.10899 1.21646
1.11561 0.966188
1.12223 0.363504
1.12885 1.24731
1.13548 1.25929
1.1421 1.0096
1.14872 0.623315
1.15534 1.12557
1.16196 0.937658
1.16858 1.21492
1.1752 1.58475
1.18182 1.40877
1.18844 0.997427
1.19506 1.08283
1.20168 1.10222
1.2083 1.36331
1.21493 1.25036
1.22155 0.920713
1.22817 0.844275
1.23479 1.26458
1.24141 1.10261
1.24803 1.37317
1.25465 1.59215
1.26127 1.38748
1.26789 1.73167
1.27451 1.33563
1.28113 1.70096
1.28775 1.39732
1.29438 1.41282
1.301 1.24921
1.30762 1.29045
1.31424 1.03425
1.32086 0.967812
1.32748 1.8015
1.3341 1.87192
1.34072 1.3337
1.34734 1.04861
1.35396 1.3364
1.36058 1.16222
1.3672 1.68909
1.37383 1.46391
1.38045 1.63403
1.38707 2.34911
1.39369 0.966346
1.40031 1.74373
1.40693 1.68914
1.41355 1.34889
1.42017 0.841463
1.42679 1.18156
1.43341 2.05586
1.44003 1.78104
1.44666 1.79461
1.45328 1.42201
1.4599 2.00463
1.46652 1.46584
1.47314 0.879064
1.47976 1.30765
1.48638 1.5592
1.493 1.23161
1.49962 1.80779
1.50624 1.47813
1.51286 1.76712
1.51948 1.70349
1.52611 1.45164
1.53273 1.87608
1.53935 1.7071
1.54597 0.558371
1.55259 1.46566
1.55921 1.36657
1.56583 1.64706
1.57245 1.24048
1.57907 0.715775
1.58569 1.05971
1.59231 1.11887
1.59893 1.21667
1.60556 1.54014
1.61218 1.10557
1.6188 1.1965
1.62542 0.783024
1.63204 0.873414
1.63866 0.805638
1.64528 0.896365
1.6519 0.943962
1.65852 0.866596
1.66514 0.810684
1.67176 1.23419
1.67838 0.817599
1.68501 0.618181
1.69163 0.758907
1.69825 0.69351
1.70487 0.911277
1.71149 1.11665
1.71811 0.487952
1.72473 0.73946
1.73135 0.812491
1.73797 0.838938
1.74459 0.594424
1.75121 0.964127
1.75783 0.72671
1.76446 0.817909
1.77108 0.930441
1.7777 0.647187
1.78432 0.509284
1.79094 1.00487
1.79756 0.519694
1.80418 0.650775
1.8108 0.835904
1.81742 0.709957
1.82404 0.679979
1.83066 0.703983
1.83729 0.577341
1.84391 0.942822
1.85053 0.947373
1.85715 1.00174
1.86377 0.696682
1.87039 0.623256
1.87701 0.638806
1.88363 0.556487
1.89025 0.707595
1.89687 0.608286
1.90349 0.717033
1.91011 1.10416
1.91674 0.637007
1.92336 0.879531
1.92998 0.865627
1.9366 0.723819
1.94322 0.688537
1.94984 0.821506
1.95646 1.0183
1.96308 0.729688
1.9697 0.570694
1.97632 0.555882
1.98294 0.615778
1.98956 0.983173
1.99619 0.908745
2.00281 0.750378
2.00943 0.703955
2.01605 1.25178
2.02267 0.614087
2.02929 0.69766
2.03591 0.750107
2.04253 0.76643
2.04915 0.950039
2.05577 0.904876
2.06239 1.07067
2.06901 0.774365
2.07564 1.02687
2.08226 0.914918
2.08888 0.773813
2.0955 1.23111
2.10212 0.784727
2.10874 1.06936
2.11536 1.24971
2.12198 0.913152
2.1286 0.777229
2.13522 0.74401
2.14184 0.978619
2.14846 0.969761
2.15509 0.983214
2.16171 1.04977
2.16833 0.949616
2.17495 0.636362
2.18157 0.963141
2.18819 1.28963
2.19481 0.933278
2.20143 1.35498
2.20805 1.0713
2.21467 1.15299
2.22129 1.07812
2.22792 0.677588
2.23454 0.937697
2.24116 1.1394
2.24778 0.829887
2.2544 1.13643
2.26102 1.14042
2.26764 1.22464
2.27426 0.961951
2.28088 0.660395
2.2875 1.07318
2.29412 1.0184
2.30074 1.16803
2.30737 1.09051
2.31399 0.999912
2.32061 1.08398
2.32723 1.15828
2.33385 0.608317
2.34047 0.655357
2.34709 0.864964
2.35371 0.87966
2.36033 0.867714
2.36695 1.01514
2.37357 0.887603
2.38019 0.76269
2.38682 0.877854
2.39344 0.950086
2.40006 1.00909
2.40668 1.00477
2.4133 1.25387
2.41992 1.02277
2.42654 0.904503
2.43316 1.04992
2.43978 0.912324
2.4464 1.07037
2.45302 1.04557
2.45964 1.0233
2.46627 0.884048
2.47289 0.937403
2.47951 0.910945
2.48613 0.867465
2.49275 1.27713
2.49937 0.910354
2.50599 0.718244
2.51261 0.988478
2.51923 1.24233
2.52585 1.12039
2.53247 0.912152
2.53909 1.24731
2.54572 0.933899
2.55234 1.35633
2.55896 0.777095
2.56558 1.2262
2.5722 1.15429
2.57882 0.880676
2.58544 1.32696
2.59206 1.11279
2.59868 0.677406
2.6053 0.910905
2.61192 0.97486
2.61855 1.4875
2.62517 1.29706
2.63179 0.792146
2.63841 1.01169
2.64503 0.901134
2.65165 0.840634
2.65827 1.34161
2.66489 1.12452
2.67151 0.786223
2.67813 0.906156
2.68475 0.986478
2.69137 1.13157
2.698 1.21049
2.70462 1.09716
2.71124 1.37559
2.71786 0.864922
2.72448 1.20283
2.7311 0.858107
2.73772 1.22044
2.74434 1.14076
2.75096 1.04363
2.75758 0.79795
2.7642 1.05654
2.77082 0.810417
2.77745 1.16297
2.78407 1.47601
2.79069 0.928375
2.79731 0.88457
2.80393 1.04574
2.81055 0.822671
2.81717 1.24912
2.82379 1.22603
2.83041 1.02364
2.83703 1.2073
2.84365 1.10209
2.85027 1.02673
2.8569 1.09317
2.86352 1.13791
2.87014 0.848556
2.87676 1.0497
2.88338 1.13767
2.89 1.01394
2.89662 1.06889
2.90324 0.953776
2.90986 0.964532
2.91648 0.985535
2.9231 0.903508
2.92972 1.02614
2.93635 1.256
2.94297 1.22129
2.94959 1.06449
2.95621 1.05373
2.96283 1.02752
2.96945 0.950128
2.97607 1.13343
2.98269 1.19134
2.98931 1.00093
2.99593 0.916603
3.00255 0.986171
3.00918 0.837116
3.0158 1.14147
3.02242 0.852325
3.02904 1.10238
3.03566 1.05588
3.04228 1.07347
3.0489 1.19979
3.05552 0.927748
3.06214 1.14736
3.06876 0.892843
3.07538 0.995876
3.082 1.34803
3.08863 1.0103
3.09525 1.26903
3.10187 0.920475
3.10849 1.28915
3.11511 1.15537
3.12173 1.10216
3.12835 0.784488
3.13497 1.02866
3.14159 1.18689
3.14821 0.898542
3.15483 1.03744
3.16145 1.3629
3.16808 0.924607
3.1747 1.0758
3.18132 1.07471
3.18794 0.955134
3.19456 0.84604
3.20118 0.783625
3.2078 1.22798
3.21442 0.584218
3.22104 0.955241
3.22766 0.826329
3.23428 1.0707
3.2409 1.04862
3.24753 0.891391
3.25415 0.992214
3.26077 0.957056
3.26739 0.906805
3.27401 0.975115
3.28063 0.961962
3.28725 0.960774
3.29387 0.639364
3.30049 0.814709
3.30711 0.923671
