0.104524 0.000532443
0.136685 0.000780209
0.201008 0.000546298
0.217088 0.000403619
0.281411 0.000510071
0.297491 0.00300177
0.313572 0.00629242
0.361814 0.0133152
0.393975 0.00414192
0.410055 0.0120289
0.426136 0.0176428
0.442217 0.00843533
0.506539 0.0230758
0.5387 0.0160836
0.570861 0.0328257
0.586942 0.0407608
0.603023 0.158533
0.619103 0.118387
0.635184 0.0432604
0.651265 0.152659
0.667345 0.129568
0.699506 0.0752628
0.715587 0.0270852
0.731668 0.0987268
0.763829 0.122414
0.779909 0.148183
0.79599 0.47138
0.812071 0.485491
0.828151 0.407604
0.860312 0.747033
0.892474 1.05558
0.908554 1.91593
0.924635 1.02954
0.940715 2.89348
0.956796 2.63469
0.988957 0.699983
1.00504 2.04217
1.02112 1.15235
1.0372 0.867783
1.05328 0.597111
1.06936 1.53646
1.08544 1.44901
1.10152 3.58343
1.1176 2.59944
1.13368 3.20358
1.14976 4.3876
1.16584 2.37668
1.18192 0.82006
1.21409 1.25305
1.23017 1.44111
1.24625 0.760222
1.26233 1.25119
1.27841 0.791019
1.29449 0.790244
1.31057 0.650314
1.32665 1.5749
1.34273 0.709781
1.35881 0.616906
1.37489 1.02002
1.39097 0.712799
1.40705 0.806747
1.42313 0.761851
1.43921 0.53116
1.45529 0.400742
1.47138 1.03928
1.48746 0.735344
1.50354 0.604842
1.51962 0.414846
1.5357 1.09406
1.56786 0.41548
1.58394 0.322787
1.6161 0.458133
1.63218 0.730216
1.64826 0.483349
1.66434 0.354707
1.68042 0.589255
1.71258 0.92204
1.72867 0.529573
1.76083 0.568265
1.77691 1.30198
1.79299 1.14066
1.80907 0.426402
1.82515 0.760851
1.84123 1.06221
1.85731 0.651933
1.87339 0.620303
1.88947 1.07249
1.90555 1.18364
1.92163 0.714366
1.93771 0.866315
1.95379 0.966159
1.96987 2.1859
1.98595 0.858866
2.00204 1.34269
2.01812 1.14459
2.0342 1.16845
2.05028 1.31487
2.06636 1.07584
2.09852 0.787248
2.1146 1.14777
2.13068 1.09896
2.14676 0.899444
2.16284 1.61269
2.17892 2.45942
2.195 2.32106
2.21108 1.10117
2.22716 1.6867
2.24324 1.62681
2.25933 1.39812
2.27541 0.932646
2.29149 1.37139
2.30757 1.02267
2.32365 1.24294
2.33973 1.33036
2.35581 0.478673
2.37189 1.22826
2.38797 1.00484
2.40405 1.17733
2.42013 0.649158
2.43621 1.14528
2.45229 0.771452
2.46837 1.38542
2.48445 1.17138
2.50053 0.697115
2.51661 1.0654
2.5327 0.646165
2.54878 0.892258
2.56486 0.891727
2.58094 0.893994
2.59702 0.676353
2.6131 0.60315
2.62918 0.889597
2.64526 0.354627
2.66134 0.861729
2.67742 0.793706
2.6935 1.29303
2.70958 0.825945
2.72566 0.495612
2.74174 0.893073
2.75782 0.818601
2.7739 1.36049
2.78998 1.0342
2.80607 0.991676
2.82215 0.899562
2.83823 0.93605
2.85431 0.912126
2.87039 0.728957
2.88647 1.4867
2.90255 0.970826
2.91863 0.996922
2.93471 0.69034
2.95079 1.04043
2.96687 0.629815
2.98295 0.670187
2.99903 1.40078
3.01511 0.995691
3.03119 0.83245
3.04727 0.765189
3.06336 1.14314
3.07944 0.443701
3.09552 1.21443
3.1116 0.949543
3.12768 1.11107
3.14376 1.11514
3.15984 0.974532
3.17592 1.52428
3.192 1.01553
3.20808 1.86229
3.22416 1.34153
3.24024 0.972772
3.25632 1.86491
3.2724 1.23582
3.28848 1.14933
3.30456 1.32104
3.32064 0.887389
3.33673 0.861242
3.35281 0.973174
3.36889 0.514602
3.38497 1.04904
3.40105 0.676492
3.41713 1.07097
3.43321 0.879177
3.44929 0.525785
3.46537 1.31905
3.48145 1.62978
3.49753 1.59082
3.51361 1.16521
3.52969 0.815066
3.54577 1.10631
3.56185 0.870068
3.57793 0.256363
3.59402 1.01217
3.6101 0.311218
3.62618 1.44889
3.64226 0.849735
3.65834 0.933674
3.67442 0.550568
3.6905 0.908305
3.70658 0.880226
3.72266 0.966413
3.73874 0.990585
3.75482 1.07567
3.7709 1.03347
3.78698 0.834333
3.80306 1.12009
3.81914 0.873008
3.83522 1.36939
3.8513 0.581721
3.86739 1.13372
3.88347 0.877827
3.89955 1.47233
3.91563 0.619142
3.93171 0.807363
3.94779 0.673048
3.96387 1.01606
3.97995 1.30879
3.99603 1.0168
4.01211 0.833622
4.02819 1.34528
4.04427 1.00239
4.06035 1.09339
4.07643 0.907418
4.09251 0.757735
4.10859 1.36045
4.12468 0.998772
4.14076 0.769315
4.15684 0.782544
4.17292 0.484962
4.189 1.44451
4.20508 1.1034
4.22116 0.93271
4.23724 1.10273
4.25332 0.399011
4.2694 0.953484
4.28548 0.783442
4.30156 1.13416
4.31764 1.06073
4.33372 1.28421
4.3498 1.11916
4.36588 1.11662
4.38196 1.1363
4.39805 1.1804
4.41413 0.651424
4.43021 1.10518
4.44629 1.32739
4.46237 0.607823
4.47845 0.997938
4.49453 0.78085
4.51061 1.11756
4.52669 1.26332
4.54277 1.157
4.55885 0.439206
4.57493 1.05549
4.59101 1.14515
4.60709 0.974683
4.62317 1.31651
4.63925 1.00798
4.65534 0.909124
4.67142 1.04673
4.6875 0.987328
4.70358 0.856816
4.71966 1.28606
4.73574 1.00345
4.75182 0.902755
4.7679 0.945034
4.78398 1.14678
4.80006 1.33403
4.81614 1.00538
4.83222 0.951287
4.8483 1.24278
4.86438 1.16213
4.88046 0.927246
4.89654 1.18819
4.91262 0.82574
4.92871 0.996016
4.94479 0.749347
4.96087 1.46433
4.97695 0.72587
4.99303 0.794216
5.00911 0.957595
5.02519 0.591557
5.04127 1.1923
5.05735 0.727649
5.07343 1.03281
5.08951 0.860917
5.10559 0.820161
5.12167 1.21319
5.13775 0.712493
5.15383 1.04053
5.16991 0.995435
5.186 0.81799
5.20208 1.34569
5.21816 0.695926
5.23424 1.15345
5.25032 0.710447
5.2664 1.11982
5.28248 0.812219
5.29856 0.94236
5.31464 0.962368
5.33072 1.09812
5.3468 1.13057
5.36288 1.26533
5.37896 0.9708
5.39504 1.05278
5.41112 0.976136
5.4272 0.859021
5.44328 0.731126
5.45937 1.08596
5.47545 1.27646
5.49153 1.14069
5.50761 0.739107
5.52369 0.978747
5.53977 0.934889
5.55585 1.10522
5.57193 1.23219
5.58801 0.908721
5.60409 1.26607
5.62017 1.01881
5.63625 0.916331
5.65233 1.12022
5.66841 1.18682
5.68449 1.11604
5.70057 1.39328
5.71666 1.27274
5.73274 1.21209
5.74882 1.32138
5.7649 0.740988
5.78098 0.53458
5.79706 1.38141
5.81314 0.597953
5.82922 0.925479
5.8453 0.831951
5.86138 1.08442
5.87746 0.647475
5.89354 1.02855
5.90962 0.754355
5.9257 0.83699
5.94178 1.23847
5.95786 0.818192
5.97394 1.13752
5.99003 0.947815
6.00611 0.764963
6.02219 1.02512
6.03827 1.11115
6.05435 1.25675
6.07043 1.22292
6.08651 1.03836
6.10259 0.796535
6.11867 1.01079
6.13475 0.970524
6.15083 0.978911
6.16691 0.842396
6.18299 0.953246
6.19907 1.07857
6.21515 0.738591
6.23123 0.874242
6.24732 0.798374
6.2634 1.08087
6.27948 0.746176
6.29556 1.17121
6.31164 0.503334
6.32772 1.1777
6.3438 1.13446
6.35988 0.876935
6.37596 0.934349
6.39204 0.794436
6.40812 0.885407
6.4242 1.22335
6.44028 0.900566
6.45636 0.94358
6.47244 0.977502
6.48852 0.898998
6.5046 0.936
6.52069 1.25642
6.53677 1.12043
6.55285 1.29123
6.56893 0.98541
6.58501 0.867146
6.60109 0.906125
6.61717 1.21621
6.63325 0.966055
6.64933 1.37979
6.66541 0.938404
6.68149 0.683464
6.69757 1.22373
6.71365 1.08823
6.72973 1.05079
6.74581 0.97476
6.76189 0.789706
6.77798 1.02735
6.79406 1.02521
6.81014 0.907969
6.82622 0.970769
6.8423 1.09045
6.85838 1.13037
6.87446 0.955579
6.89054 0.817194
6.90662 1.13292
6.9227 0.909987
6.93878 0.91587
6.95486 0.636575
6.97094 0.845272
6.98702 0.986478
7.0031 0.620485
7.01918 0.804755
7.03526 1.02918
7.05135 1.48562
7.06743 1.38923
7.08351 1.081
7.09959 0.886301
7.11567 0.948043
7.13175 1.03475
7.14783 1.27072
7.16391 0.760059
7.17999 0.993626
7.19607 1.04343
7.21215 1.13182
7.22823 0.806377
7.24431 0.959655
7.26039 1.25199
7.27647 0.849223
7.29255 0.908911
7.30863 1.37121
7.32472 0.993816
7.3408 0.917873
7.35688 1.14627
7.37296 0.659859
7.38904 1.03024
7.40512 0.763086
7.4212 0.974072
7.43728 1.13261
7.45336 0.775015
7.46944 0.864367
7.48552 0.89393
7.5016 1.18696
7.51768 0.940029
7.53376 1.14634
7.54984 0.93937
7.56592 0.923652
7.58201 0.897633
7.59809 0.981099
7.61417 1.25923
7.63025 0.734004
7.64633 0.939062
7.66241 1.09553
7.67849 0.948396
7.69457 1.20421
7.71065 0.950147
7.72673 1.01631
7.74281 0.929028
7.75889 1.00169
7.77497 1.01082
7.79105 1.17624
7.80713 1.02341
7.82321 0.874224
7.83929 1.32636
7.85538 0.980951
7.87146 0.812906
7.88754 0.959586
7.90362 0.629709
7.9197 1.20057
7.93578 0.992773
7.95186 1.27882
7.96794 0.803817
7.98402 0.820063
8.0001 1.00686
8.01618 0.554338
8.03226 1.04447
