0.0735391 0.000741009
0.0961665 0.000364514
0.141421 0.00021061
0.152735 0.000364613
0.19799 0.000370001
0.209304 0.000771391
0.220617 0.00106354
0.254558 0.00151212
0.277186 0.00518367
0.2885 0.00264526
0.299813 0.00339234
0.311127 0.0039456
0.356382 0.00756942
0.379009 0.0155765
0.401637 0.00816319
0.41295 0.0193083
0.424264 0.0051755
0.435578 0.0178028
0.446891 0.0152768
0.458205 0.030753
0.469519 0.020422
0.492146 0.0158191
0.50346 0.0349542
0.514774 0.0344594
0.537401 0.0204438
0.548715 0.0365292
0.560029 0.0314243
0.571342 0.0606668
0.582656 0.122237
0.605283 0.137442
0.627911 0.638646
0.639225 0.484969
0.650538 0.577989
0.661852 0.733589
0.673166 0.37136
0.695793 0.258712
0.707107 0.257592
0.71842 0.129949
0.729734 0.288284
0.741048 0.356153
0.752362 0.398182
0.763675 0.554859
0.774989 0.142877
0.786303 0.469861
0.797616 0.16502
0.80893 0.559
0.820244 1.13584
0.831558 0.434083
0.854185 1.33509
0.865499 1.02773
0.876812 0.480205
0.888126 1.75451
0.89944 2.07357
0.910754 0.902564
0.922067 1.70034
0.933381 1.90736
0.944695 1.63229
0.956008 0.343569
0.967322 0.87676
0.978636 0.863855
0.989949 0.821094
1.00126 0.656425
1.01258 0.388246
1.02389 0.752173
1.0352 0.858931
1.04652 0.832615
1.05783 0.566278
1.06915 1.28042
1.08046 1.20515
1.10309 1.8757
1.1144 2.71903
1.13703 1.19576
1.14834 2.20388
1.15966 2.96485
1.17097 2.11159
1.18228 1.43374
1.20491 1.6236
1.21622 0.931226
1.23885 1.89119
1.25016 0.97039
1.26148 0.641174
1.27279 1.31184
1.28411 2.35143
1.29542 1.42819
1.30673 0.427134
1.31805 1.25818
1.32936 0.945213
1.34067 1.00894
1.35199 1.07514
1.3633 0.914152
1.37462 1.6346
1.38593 1.09825
1.39724 1.19281
1.40856 1.15006
1.41987 1.21011
1.43118 1.3304
1.4425 0.550375
1.45381 1.53891
1.47644 1.72611
1.48775 1.12469
1.49907 1.14938
1.51038 0.727808
1.52169 0.83168
1.53301 0.530045
1.54432 0.411663
1.55563 0.731556
1.56695 0.6699
1.57826 0.338276
1.58958 1.09525
1.60089 0.736411
1.6122 0.652825
1.62352 0.792112
1.63483 0.52928
1.64614 0.506473
1.65746 0.598612
1.66877 0.750619
1.68009 0.909611
1.6914 0.737693
1.70271 0.843499
1.71403 0.558378
1.72534 0.904353
1.73665 0.835349
1.74797 0.710013
1.75928 0.640278
1.7706 0.497367
1.78191 0.984551
1.79322 0.574877
1.80454 0.774284
1.81585 0.774721
1.82716 0.443154
1.83848 0.631252
1.84979 0.478522
1.86111 0.670137
1.87242 0.558908
1.88373 0.979068
1.89505 0.79263
1.90636 1.00976
1.91767 0.721163
1.92899 0.899946
1.9403 0.857258
1.95161 0.95113
1.96293 0.938512
1.97424 0.913058
1.98556 1.21214
1.99687 1.13933
2.00818 1.14313
2.0195 1.34225
2.03081 0.743637
2.04212 0.490819
2.05344 1.21291
2.06475 1.21681
2.07607 0.677572
2.08738 0.402944
2.09869 0.695849
2.11001 1.01956
2.12132 1.13591
2.13263 1.02062
2.14395 1.1471
2.15526 1.09423
2.16658 1.13059
2.17789 1.6525
2.1892 1.77643
2.20052 0.829583
2.21183 0.915208
2.22314 2.12261
2.23446 1.74643
2.24577 1.79276
2.25708 1.67503
2.2684 1.41218
2.27971 1.30333
2.29103 1.3134
2.30234 1.07452
2.31365 1.1245
2.32497 0.800952
2.33628 0.864647
2.34759 0.814469
2.35891 1.14436
2.37022 0.676299
2.38154 1.03468
2.39285 0.907779
2.40416 1.01971
2.41548 0.852899
2.42679 0.393614
2.4381 1.30767
2.44942 1.0481
2.46073 0.958211
2.47205 0.901831
2.48336 0.929132
2.49467 1.20854
2.50599 0.868038
2.5173 0.616737
2.52861 1.15392
2.53993 1.05538
2.55124 0.77227
2.56255 0.689955
2.57387 0.707471
2.58518 0.687627
2.5965 0.886155
2.60781 0.70879
2.61912 1.08824
2.63044 0.853741
2.64175 0.868734
2.65306 0.906227
2.66438 0.757332
2.67569 1.17072
2.68701 1.0954
2.69832 0.659373
2.70963 1.1121
2.72095 1.13844
2.73226 1.22507
2.74357 1.21325
2.75489 1.07368
2.7662 1.02239
2.77752 0.96534
2.78883 0.984052
2.80014 1.07121
2.81146 0.652522
2.82277 1.25989
2.83408 1.08746
2.8454 1.04333
2.85671 0.923495
2.86803 1.11258
2.87934 1.16245
2.89065 0.909173
2.90197 1.05909
2.91328 0.67626
2.92459 1.19864
2.93591 0.706778
2.94722 0.981335
2.95853 1.01196
2.96985 0.979805
2.98116 0.767439
2.99248 0.755112
3.00379 1.16032
3.0151 0.691176
3.02642 0.880069
3.03773 1.13618
3.04904 0.994711
3.06036 0.952222
3.07167 0.980453
3.08299 0.713839
3.0943 0.868539
3.10561 1.09628
3.11693 1.04606
3.12824 1.00937
3.13955 0.65303
3.15087 0.857965
3.16218 0.97948
3.1735 0.908435
3.18481 0.6934
3.19612 0.936632
3.20744 1.1888
3.21875 1.9261
3.23006 0.918651
3.24138 0.963958
3.25269 0.925174
3.264 1.05232
3.27532 0.508212
3.28663 0.73921
3.29795 1.22503
3.30926 0.792468
3.32057 0.746396
3.33189 1.11997
3.3432 1.52515
3.35451 1.25851
3.36583 0.715649
3.37714 0.723
3.38846 1.16434
3.39977 1.0891
3.41108 1.17842
3.4224 0.79809
3.43371 0.962693
3.44502 1.39252
3.45634 1.25811
3.46765 0.918793
3.47897 0.858598
3.49028 0.979072
3.50159 0.90286
3.51291 0.913341
3.52422 1.30034
3.53553 1.2479
3.54685 1.2066
3.55816 0.924168
3.56948 1.12022
3.58079 0.94427
3.5921 1.11487
3.60342 1.64717
3.61473 0.96275
3.62604 0.934964
3.63736 1.07865
3.64867 0.868989
3.65998 1.32388
3.6713 0.986023
3.68261 0.82518
3.69393 0.986116
3.70524 0.932953
3.71655 0.802687
3.72787 1.1703
3.73918 0.999602
3.75049 0.813708
3.76181 0.784957
3.77312 0.887172
3.78444 1.42732
3.79575 0.710123
3.80706 1.3644
3.81838 0.735914
3.82969 0.925403
3.841 1.23219
3.85232 0.902071
3.86363 0.977657
3.87495 0.95535
3.88626 0.813123
3.89757 0.776912
3.90889 0.912071
3.9202 0.961069
3.93151 0.954808
3.94283 1.11247
3.95414 1.02866
3.96545 1.0831
3.97677 0.750373
3.98808 0.754424
3.9994 0.753152
4.01071 1.21577
4.02202 0.797843
4.03334 1.18248
4.04465 0.981191
4.05596 0.972569
4.06728 0.956828
4.07859 0.705254
4.08991 1.49314
4.10122 0.929008
4.11253 1.03919
4.12385 1.01308
4.13516 1.74992
4.14647 0.844602
4.15779 0.793479
4.1691 0.958563
4.18042 0.971309
4.19173 0.968413
4.20304 1.13921
4.21436 0.838829
4.22567 1.1822
4.23698 1.00018
4.2483 0.91508
4.25961 0.790452
4.27092 1.12067
4.28224 1.12696
4.29355 0.906543
4.30487 1.03392
4.31618 1.36139
4.32749 1.53987
4.33881 0.803256
4.35012 1.25731
4.36143 0.953781
4.37275 1.27573
4.38406 1.11052
4.39538 0.984571
4.40669 1.13488
4.418 1.14556
4.42932 1.03345
4.44063 1.17854
4.45194 1.29807
4.46326 0.887821
4.47457 0.654234
4.48589 0.892544
4.4972 0.871733
4.50851 0.702329
4.51983 0.785014
4.53114 0.976732
4.54245 0.464568
4.55377 1.27999
4.56508 1.07362
4.5764 0.851979
4.58771 0.855011
4.59902 0.877463
4.61034 0.936789
4.62165 0.989906
4.63296 1.14993
4.64428 0.774288
4.65559 0.809464
4.6669 0.867441
4.67822 1.08026
4.68953 1.20832
4.70085 1.30511
4.71216 0.863322
4.72347 0.759342
4.73479 0.846516
4.7461 0.882078
4.75741 1.18661
4.76873 1.28988
4.78004 0.781694
4.79136 0.855923
4.80267 1.22521
4.81398 0.848255
4.8253 1.20048
4.83661 1.2189
4.84792 1.26235
4.85924 0.962717
4.87055 0.817901
4.88187 1.06003
4.89318 1.35832
4.90449 0.921374
4.91581 1.29683
4.92712 1.04036
4.93843 0.920112
4.94975 0.916211
4.96106 1.02432
4.97237 1.21705
4.98369 1.34769
4.995 1.31228
5.00632 0.996162
5.01763 0.99865
5.02894 0.917726
5.04026 1.04485
5.05157 1.24313
5.06288 0.890846
5.0742 1.30063
5.08551 1.23768
5.09683 0.818241
5.10814 1.11906
5.11945 1.24621
5.13077 0.934426
5.14208 0.788031
5.15339 0.930703
5.16471 1.01275
5.17602 0.798462
5.18734 0.773049
5.19865 0.546756
5.20996 0.9332
5.22128 1.07133
5.23259 0.941758
5.2439 0.945993
5.25522 0.742946
5.26653 0.940053
5.27785 0.996463
5.28916 0.808412
5.30047 0.88618
5.31179 0.898783
5.3231 0.943601
5.33441 0.931865
5.34573 0.807355
5.35704 0.968649
5.36835 0.550882
5.37967 0.76322
5.39098 0.938991
5.4023 1.00485
5.41361 1.18992
5.42492 1.50898
5.43624 0.855613
5.44755 0.94209
5.45886 1.10209
5.47018 0.906104
5.48149 1.04523
5.49281 0.984075
5.50412 1.31332
5.51543 0.895298
5.52675 1.44344
5.53806 1.27357
5.54937 1.26495
5.56069 0.990582
5.572 1.23602
5.58332 0.777208
5.59463 0.963046
5.60594 0.865201
5.61726 1.1044
5.62857 1.2225
5.63988 1.26415
5.6512 1.10631
