0.104 0.00411364
0.136 0.00223901
0.2 0.00061188
0.216 0.00190194
0.28 0.007429
0.296 0.00421827
0.312 0.0186377
0.36 0.0511838
0.392 0.0378017
0.408 0.0258907
0.424 0.0817661
0.44 0.061885
0.504 0.049067
0.536 0.0514883
0.568 0.410405
0.584 0.0553191
0.6 0.0221102
0.616 0.127641
0.632 0.0989496
0.648 0.0698665
0.664 0.256273
0.696 0.527094
0.712 0.202032
0.728 0.255494
0.76 0.105317
0.776 0.637641
0.792 0.218314
0.808 0.4896
0.824 0.91844
0.856 0.734701
0.888 1.93125
0.904 1.2245
0.92 1.6192
0.936 1.80856
0.952 3.61282
0.984 1.03234
1 1.4753
1.016 0.140455
1.032 2.60661
1.048 1.46795
1.064 1.64501
1.08 1.46237
1.096 0.711207
1.112 1.70049
1.128 0.536762
1.144 0.942908
1.16 2.04908
1.176 1.53099
1.208 1.75467
1.224 2.24195
1.24 0.82759
1.256 0.797334
1.272 2.04835
1.288 0.696741
1.304 1.12906
1.32 0.556151
1.336 1.35406
1.352 0.346191
1.368 0.450173
1.384 0.330744
1.4 1.14276
1.416 0.543113
1.432 0.37047
1.448 1.45435
1.464 0.607456
1.48 0.778945
1.496 0.514209
1.512 0.771552
1.528 0.814835
1.56 0.475582
1.576 0.984127
1.608 0.701574
1.624 0.427592
1.64 0.550795
1.656 0.758463
1.672 0.845166
1.704 0.75421
1.72 0.59465
1.752 0.905007
1.768 0.644968
1.784 1.3122
1.8 0.647041
1.816 0.666684
1.832 1.04422
1.848 0.476706
1.864 1.15695
1.88 0.860562
1.896 0.87173
1.912 1.543
1.928 0.912788
1.944 1.97057
1.96 1.48805
1.976 1.0524
1.992 1.312
2.008 1.25659
2.024 1.6739
2.04 1.07499
2.056 1.36847
2.088 0.958685
2.104 1.29731
2.12 1.27922
2.136 2.29717
2.152 1.36624
2.168 0.376508
2.184 1.03462
2.2 0.985632
2.216 0.928188
2.232 0.356693
2.248 0.811656
2.264 2.33014
2.28 0.877212
2.296 1.07793
2.312 0.638361
2.328 1.02618
2.344 0.477256
2.36 0.400657
2.376 1.08275
2.392 0.932833
2.408 0.880512
2.424 0.855714
2.44 1.62403
2.456 0.358481
2.472 0.809413
2.488 0.370816
2.504 0.803565
2.52 1.11985
2.536 0.973188
2.552 0.76032
2.568 0.589971
2.584 0.507479
2.6 0.781067
2.616 0.833499
2.632 1.31515
2.648 0.86366
2.664 0.598835
2.68 1.1205
2.696 0.68557
2.712 0.648501
2.728 1.27928
2.744 0.759433
2.76 0.788725
2.776 0.804737
2.792 1.10778
2.808 0.800917
2.824 0.703524
2.84 0.760876
2.856 1.67767
2.872 1.1103
2.888 1.23984
2.904 0.88612
2.92 0.802693
2.936 1.63264
2.952 0.69605
2.968 1.26968
2.984 0.663437
3 1.06494
3.016 0.988006
3.032 0.908637
3.048 1.32146
3.064 1.63358
3.08 1.21508
3.096 1.49133
3.112 1.06299
3.128 0.70381
3.144 1.90521
3.16 0.923231
3.176 1.21015
3.192 1.53971
3.208 1.25638
3.224 0.953356
3.24 1.22857
3.256 1.20274
3.272 1.08022
3.288 0.896235
3.304 0.947498
3.32 1.06112
3.336 0.801006
3.352 0.677297
3.368 1.11511
3.384 0.596774
3.4 0.982065
3.416 0.849555
3.432 0.482839
3.448 0.76098
3.464 1.27369
3.48 0.694954
3.496 1.04317
3.512 1.35531
3.528 1.14929
3.544 0.750986
3.56 0.731223
3.576 0.785175
3.592 1.19157
3.608 0.836032
3.624 1.19909
3.64 0.666051
3.656 0.786043
3.672 0.901993
3.688 1.10244
3.704 0.817048
3.72 0.79076
3.736 1.12642
3.752 0.999057
3.768 1.24226
3.784 0.862556
3.8 0.904025
3.816 0.75736
3.832 0.852128
3.848 1.55332
3.864 0.688804
3.88 0.783005
3.896 0.848301
3.912 0.870916
3.928 0.978103
3.944 0.766133
3.96 1.09621
3.976 1.2463
3.992 1.07494
4.008 1.18844
4.024 1.21134
4.04 0.813936
4.056 1.18177
4.072 1.44393
4.088 1.02806
4.104 0.992776
4.12 1.13641
4.136 1.12638
4.152 1.08711
4.168 0.998384
4.184 1.07043
4.2 0.937129
4.216 0.981872
4.232 1.8116
4.248 1.23747
4.264 0.793284
4.28 1.19156
4.296 1.22629
4.312 1.09308
4.328 0.700532
4.344 0.768636
4.36 0.879605
4.376 1.2569
4.392 0.741482
4.408 0.864548
4.424 1.13893
4.44 0.712799
4.456 1.13048
4.472 0.763154
4.488 0.602632
4.504 0.772344
4.52 1.14562
4.536 0.673759
4.552 1.29721
4.568 0.702898
4.584 0.707486
4.6 0.94814
4.616 0.955564
4.632 0.961457
4.648 0.742025
4.664 0.842745
4.68 0.896186
4.696 1.01627
4.712 0.922366
4.728 0.490395
4.744 1.05701
4.76 1.15509
4.776 1.36459
4.792 1.16609
4.808 0.8902
4.824 0.937682
4.84 1.04969
4.856 1.34514
4.872 1.02379
4.888 1.02125
4.904 1.02477
4.92 1.2754
4.936 1.29107
4.952 0.886596
4.968 1.36732
4.984 0.932746
5 0.968518
5.016 1.03615
5.032 1.02496
5.048 1.34534
5.064 0.944762
5.08 1.10214
5.096 1.14109
5.112 1.27408
5.128 1.19929
5.144 0.968828
5.16 0.822784
5.176 1.85994
5.192 0.914646
5.208 0.855076
5.224 1.15996
5.24 0.904971
5.256 0.959073
5.272 0.921594
5.288 1.22506
5.304 0.90594
5.32 1.07095
5.336 1.27368
5.352 0.886914
5.368 0.59327
5.384 1.12546
5.4 1.0188
5.416 1.08669
5.432 0.889264
5.448 0.889173
5.464 0.811073
5.48 1.09302
5.496 0.835162
5.512 1.00804
5.528 0.868497
5.544 0.825072
5.56 1.01281
5.576 0.950385
5.592 1.11705
5.608 0.764179
5.624 1.16981
5.64 1.05101
5.656 0.780005
5.672 0.636709
5.688 1.45581
5.704 0.83036
5.72 0.957596
5.736 0.868539
5.752 0.884767
5.768 1.06637
5.784 1.10148
5.8 0.957204
5.816 0.947166
5.832 1.14603
5.848 1.29808
5.864 0.891339
5.88 1.02107
5.896 1.00886
5.912 0.998822
5.928 1.02517
5.944 1.08556
5.96 0.694947
5.976 0.931318
5.992 1.23107
6.008 0.970891
6.024 0.959936
6.04 1.04057
6.056 1.5479
6.072 0.646404
6.088 1.07035
6.104 1.16455
6.12 0.8595
6.136 0.976278
6.152 0.851938
6.168 0.96795
6.184 1.00512
6.2 0.958205
6.216 1.04679
6.232 1.09985
6.248 0.969761
6.264 1.2781
6.28 1.08579
6.296 1.23161
6.312 0.824568
6.328 1.12227
6.344 0.453869
6.36 0.925768
6.376 0.75944
6.392 0.975603
6.408 1.03544
6.424 0.954734
6.44 0.960424
6.456 0.852154
6.472 0.857106
6.488 1.1434
6.504 0.864393
6.52 1.14337
6.536 1.37318
6.552 0.771693
6.568 0.836205
6.584 1.14087
6.6 1.15023
6.616 0.915801
6.632 0.698167
6.648 1.10364
6.664 0.977286
6.68 0.837848
6.696 0.79798
6.712 1.05303
6.728 1.13897
6.744 1.13199
6.76 1.08834
6.776 1.28621
6.792 1.03773
6.808 1.24075
6.824 0.701649
6.84 0.886213
6.856 0.827678
6.872 0.823901
6.888 1.11088
6.904 0.999548
6.92 1.3587
6.936 0.999547
6.952 0.903815
6.968 0.928282
6.984 0.833036
7 1.03319
7.016 0.958351
7.032 0.941937
7.048 1.15906
7.064 1.12142
7.08 0.874943
7.096 0.920888
7.112 0.815006
7.128 1.24215
7.144 1.05988
7.16 0.892726
7.176 0.863727
7.192 0.737915
7.208 1.20645
7.224 0.840098
7.24 1.06342
7.256 0.665699
7.272 1.29144
7.288 0.765868
7.304 1.00192
7.32 1.22853
7.336 0.998662
7.352 0.981513
7.368 0.884742
7.384 1.22427
7.4 1.24392
7.416 0.95274
7.432 0.996535
7.448 0.968653
7.464 0.805895
7.48 1.01224
7.496 1.07459
7.512 0.800543
7.528 0.988909
7.544 0.917679
7.56 0.68374
7.576 1.16878
7.592 0.855873
7.608 0.992767
7.624 1.20268
7.64 0.979718
7.656 0.910883
7.672 0.984976
7.688 1.08075
7.704 1.45457
7.72 1.06704
7.736 1.01445
7.752 1.01935
7.768 0.889373
7.784 1.10376
7.8 1.16985
7.816 1.27256
7.832 0.874007
7.848 0.758488
7.864 0.741593
7.88 0.787524
7.896 1.33629
7.912 1.00277
7.928 1.00163
7.944 0.888907
7.96 1.46942
7.976 0.787325
7.992 0.971633
