0.0430724 0.28495
0.0563254 0.150572
0.0828315 0.213242
0.0894581 0.0973385
0.115964 0.0323813
0.122591 0.28564
0.129217 0.101966
0.149097 0.076588
0.16235 0.132889
0.168976 0.0434246
0.175603 0.120398
0.182229 0.0426708
0.208735 0.0956907
0.221989 0.0472446
0.235242 0.0540713
0.241868 0.0281235
0.248495 0.105558
0.255121 0.0512103
0.261748 0.070469
0.268374 0.0157595
0.275001 0.0384816
0.288254 0.217385
0.29488 0.0989991
0.301507 0.0526468
0.31476 0.0380252
0.321386 0.0640555
0.328013 0.229256
0.334639 0.0853535
0.341266 0.16032
0.354519 0.098956
0.367772 0.103881
0.374399 0.0759
0.381025 0.0903172
0.387652 0.0293222
0.394278 0.166285
0.407531 0.0693058
0.414158 0.110557
0.420784 0.0687504
0.427411 0.0362775
0.434037 0.0568022
0.440664 0.0545389
0.44729 0.0708934
0.453917 0.115348
0.460543 0.103043
0.46717 0.0564606
0.473796 0.0579598
0.480423 0.0984744
0.487049 0.252236
0.500302 0.128993
0.506929 0.0808299
0.513556 0.126297
0.520182 0.284593
0.526809 0.152507
0.533435 0.10317
0.540062 0.230012
0.546688 0.269882
0.553315 0.224062
0.559941 0.272612
0.566568 0.227915
0.573194 0.203165
0.579821 0.225894
0.586447 0.211297
0.593074 0.212642
0.5997 0.154931
0.606327 0.0880067
0.612953 0.334529
0.61958 0.206826
0.626206 0.652516
0.632833 0.563242
0.646086 0.646667
0.652713 0.901657
0.665966 0.603757
0.672592 1.07743
0.679219 1.67333
0.685845 1.16821
0.692472 0.76972
0.705725 1.21694
0.712351 0.495704
0.725604 1.34605
0.732231 1.0918
0.738857 0.947873
0.745484 0.983517
0.75211 1.43331
0.758737 1.10199
0.765363 0.404742
0.77199 0.948106
0.778616 0.691278
0.785243 0.668364
0.791869 0.804282
0.798496 1.12675
0.805123 1.51635
0.811749 1.59083
0.818376 0.835902
0.825002 0.4505
0.831629 0.599965
0.838255 1.15653
0.844882 0.317286
0.851508 0.947935
0.864761 0.939355
0.871388 0.864089
0.878014 0.736003
0.884641 0.730278
0.891267 0.363244
0.897894 0.450199
0.90452 0.228553
0.911147 0.581804
0.917773 0.298496
0.9244 0.386418
0.931026 0.672323
0.937653 0.707297
0.94428 0.503915
0.950906 0.485903
0.957533 0.230037
0.964159 0.326066
0.970786 0.329233
0.977412 0.200864
0.984039 0.456783
0.990665 0.369066
0.997292 0.240652
1.00392 0.381716
1.01054 0.525674
1.01717 0.374411
1.0238 0.515566
1.03042 0.924449
1.03705 0.424001
1.04368 0.602559
1.0503 0.908166
1.05693 0.65373
1.06356 0.463477
1.07018 0.583421
1.07681 0.748699
1.08344 0.80202
1.09006 0.397697
1.09669 0.806272
1.10332 1.33325
1.10994 0.583142
1.11657 0.697001
1.1232 0.746318
1.12982 0.644645
1.13645 1.09841
1.14308 0.891726
1.1497 0.788503
1.15633 0.669886
1.16295 0.973398
1.16958 1.20831
1.17621 1.14064
1.18283 1.37363
1.18946 1.53094
1.19609 0.943666
1.20271 1.54096
1.20934 1.32272
1.21597 1.54802
1.22259 0.736426
1.22922 1.71691
1.23585 1.48887
1.24247 1.19324
1.2491 1.19588
1.25573 1.51124
1.26235 1.51482
1.26898 1.6836
1.27561 1.47398
1.28223 1.01575
1.28886 1.09076
1.29549 1.30409
1.30211 2.11805
1.30874 1.86075
1.31536 1.21007
1.32199 1.87616
1.32862 1.38311
1.33524 2.1324
1.34187 1.17561
1.3485 1.8217
1.35512 1.54956
1.36175 1.4939
1.36838 1.59985
1.375 1.88763
1.38163 1.18243
1.38826 2.81528
1.39488 1.60943
1.40151 3.51511
1.40814 1.77352
1.41476 1.72091
1.42139 0.771715
1.42802 2.08999
1.43464 1.85533
1.44127 3.47679
1.4479 1.74243
1.45452 1.43453
1.46115 2.24435
1.46777 1.69575
1.4744 0.857369
1.48103 1.21555
1.48765 2.27304
1.49428 1.55924
1.50091 1.28528
1.50753 1.31146
1.51416 1.1648
1.52079 1.42363
1.52741 1.73266
1.53404 1.11377
1.54067 1.635
1.54729 1.41514
1.55392 1.77175
1.56055 0.80214
1.56717 0.51476
1.5738 1.09682
1.58043 0.969785
1.58705 1.36947
1.59368 0.831368
1.60031 0.770042
1.60693 1.62669
1.61356 0.720595
1.62018 1.10388
1.62681 0.999376
1.63344 1.37861
1.64006 0.553336
1.64669 0.745789
1.65332 0.722994
1.65994 0.632875
1.66657 0.842314
1.6732 0.741416
1.67982 0.59933
1.68645 0.632758
1.69308 1.03618
1.6997 0.584608
1.70633 0.717513
1.71296 1.02936
1.71958 0.51429
1.72621 0.585806
1.73284 0.85174
1.73946 0.680617
1.74609 0.682106
1.75272 0.585282
1.75934 0.473321
1.76597 0.847273
1.77259 0.526514
1.77922 0.426482
1.78585 0.600126
1.79247 0.551769
1.7991 0.358755
1.80573 0.559172
1.81235 0.564734
1.81898 0.656593
1.82561 0.6007
1.83223 0.453818
1.83886 0.597448
1.84549 0.557537
1.85211 0.374322
1.85874 0.597883
1.86537 1.01641
1.87199 0.545714
1.87862 0.477778
1.88525 0.542699
1.89187 0.649384
1.8985 0.765737
1.90513 0.324064
1.91175 0.711752
1.91838 0.765271
1.925 0.585376
1.93163 0.524459
1.93826 0.519483
1.94488 0.548376
1.95151 0.559447
1.95814 0.762721
1.96476 0.881109
1.97139 0.66598
1.97802 0.535455
1.98464 0.642273
1.99127 0.977361
1.9979 1.08316
2.00452 0.825572
2.01115 0.717145
2.01778 0.927726
2.0244 0.590042
2.03103 1.04117
2.03766 1.0075
2.04428 1.1038
2.05091 1.24591
2.05754 0.831218
2.06416 1.40764
2.07079 0.860078
2.07741 0.887447
2.08404 0.855921
2.09067 0.666331
2.09729 0.663281
2.10392 0.602978
2.11055 1.01674
2.11717 1.07063
2.1238 0.696563
2.13043 0.768349
2.13705 0.707148
2.14368 1.33032
2.15031 1.29131
2.15693 0.782892
2.16356 1.29747
2.17019 0.786115
2.17681 0.766845
2.18344 1.11027
2.19007 1.05161
2.19669 0.848408
2.20332 0.943656
2.20995 1.07541
2.21657 1.20351
2.2232 1.23701
2.22982 1.75857
2.23645 1.00866
2.24308 1.0125
2.2497 1.20207
2.25633 1.249
2.26296 0.799341
2.26958 0.983208
2.27621 1.32
2.28284 0.975024
2.28946 0.780027
2.29609 0.899733
2.30272 0.680172
2.30934 1.19641
2.31597 1.12833
2.3226 1.1806
2.32922 1.30659
2.33585 1.1205
2.34248 1.09216
2.3491 1.3629
2.35573 1.04334
2.36236 1.17218
2.36898 1.23366
2.37561 1.08752
2.38223 0.75891
2.38886 1.12263
2.39549 1.1279
2.40211 1.31655
2.40874 0.88369
2.41537 1.18935
2.42199 1.05861
2.42862 0.874164
2.43525 1.10158
2.44187 0.92578
2.4485 0.933376
2.45513 1.61991
2.46175 0.98879
2.46838 1.27992
2.47501 0.842053
2.48163 1.03214
2.48826 1.32422
2.49489 1.22924
2.50151 1.08982
2.50814 1.338
2.51477 1.37924
2.52139 0.756037
2.52802 0.957974
2.53465 1.20549
2.54127 1.11813
2.5479 1.06132
2.55452 0.885292
2.56115 1.04206
2.56778 1.26284
2.5744 1.17534
2.58103 1.0794
2.58766 0.629886
2.59428 0.879355
2.60091 1.17654
2.60754 1.26305
2.61416 0.948877
2.62079 1.10157
2.62742 1.50066
2.63404 0.961508
2.64067 1.00414
2.6473 1.734
2.65392 1.10008
2.66055 1.12935
2.66718 1.03051
2.6738 0.988514
2.68043 0.792535
2.68706 1.28537
2.69368 1.38356
2.70031 0.80205
2.70693 1.09754
2.71356 0.966691
2.72019 0.966949
2.72681 1.22478
2.73344 0.787952
2.74007 1.18481
2.74669 1.18661
2.75332 1.09961
2.75995 1.08616
2.76657 1.36182
2.7732 1.04985
2.77983 1.28352
2.78645 1.38331
2.79308 1.02509
2.79971 1.01197
2.80633 1.21549
2.81296 1.38775
2.81959 0.9689
2.82621 1.18694
2.83284 0.895069
2.83947 0.875208
2.84609 0.875749
2.85272 1.14366
2.85934 1.11434
2.86597 0.998972
2.8726 1.29545
2.87922 0.950383
2.88585 0.865575
2.89248 1.14215
2.8991 0.954067
2.90573 0.83426
2.91236 0.93891
2.91898 0.734787
2.92561 1.2597
2.93224 1.14073
2.93886 0.76781
2.94549 0.867446
2.95212 1.03625
2.95874 0.827332
2.96537 1.11661
2.972 0.789494
2.97862 0.633224
2.98525 0.760182
2.99188 0.849336
2.9985 1.21758
3.00513 1.01882
3.01175 1.26966
3.01838 1.02426
3.02501 0.958932
3.03163 1.16957
3.03826 1.05253
3.04489 0.765997
3.05151 0.912659
3.05814 0.970891
3.06477 0.780226
3.07139 0.839973
3.07802 0.88077
3.08465 0.739214
3.09127 0.777732
3.0979 0.678326
3.10453 0.862911
3.11115 1.2233
3.11778 1.08735
3.12441 0.812668
3.13103 0.901393
3.13766 0.990963
3.14429 1.19916
3.15091 0.87176
3.15754 0.626734
3.16416 0.911518
3.17079 0.910668
3.17742 0.820212
3.18404 0.904605
3.19067 0.852673
3.1973 0.980032
3.20392 0.794678
3.21055 1.23778
3.21718 0.907693
3.2238 0.787556
3.23043 1.16986
3.23706 0.815919
3.24368 0.788614
3.25031 0.934435
3.25694 1.09926
3.26356 1.17631
3.27019 0.832423
3.27682 0.825489
3.28344 0.987972
3.29007 1.17388
3.2967 0.965067
3.30332 0.861038
3.30995 1.08977
