0.0735391 1.03624e-05
0.0961665 6.14923e-05
0.141421 2.14244e-05
0.152735 6.57421e-05
0.19799 0.000104768
0.209304 9.23304e-05
0.220617 7.96361e-05
0.254558 0.000175191
0.277186 7.69e-05
0.2885 0.000360269
0.299813 0.000737641
0.311127 0.000641845
0.356382 0.00168223
0.379009 0.00414033
0.401637 0.000697489
0.41295 0.00382582
0.424264 0.00220245
0.435578 0.00358291
0.446891 0.00228699
0.458205 0.00387597
0.469519 0.00429199
0.492146 0.00727588
0.50346 0.00611338
0.514774 0.00480247
0.537401 0.00357136
0.548715 0.0109947
0.560029 0.00899671
0.571342 0.00542415
0.582656 0.0210307
0.605283 0.0215201
0.627911 0.0243027
0.639225 0.0718932
0.650538 0.0974372
0.661852 0.0364199
0.673166 0.117723
0.695793 0.0199729
0.707107 0.0363047
0.71842 0.0241663
0.729734 0.0379462
0.741048 0.0468217
0.752362 0.076842
0.763675 0.0719278
0.774989 0.0186675
0.786303 0.0308354
0.797616 0.09796
0.80893 0.0546402
0.820244 0.110505
0.831558 0.11375
0.854185 0.569561
0.865499 0.547888
0.876812 0.677548
0.888126 3.63806
0.89944 4.97893
0.910754 1.70379
0.922067 3.52506
0.933381 1.04473
0.944695 2.26781
0.956008 1.11391
0.967322 0.777477
0.978636 0.387089
0.989949 0.313873
1.00126 0.193025
1.01258 0.31562
1.02389 0.126015
1.0352 0.581461
1.04652 0.506702
1.05783 0.350118
1.06915 0.539701
1.08046 0.72136
1.10309 2.32932
1.1144 3.34801
1.13703 5.92055
1.14834 6.65222
1.15966 4.99523
1.17097 4.44309
1.18228 2.54613
1.20491 1.16667
1.21622 0.826847
1.23885 0.670576
1.25016 0.338297
1.26148 0.317778
1.27279 0.230391
1.28411 0.636918
1.29542 0.274659
1.30673 0.459706
1.31805 0.284645
1.32936 0.194311
1.34067 0.54283
1.35199 0.881005
1.3633 0.581847
1.37462 0.933659
1.38593 0.354269
1.39724 0.289458
1.40856 0.644319
1.41987 0.852166
1.43118 1.33716
1.4425 0.340797
1.45381 0.624572
1.47644 0.636931
1.48775 0.553237
1.49907 0.37403
1.51038 0.17084
1.52169 0.380573
1.53301 0.359332
1.54432 0.202796
1.55563 0.527116
1.56695 0.357379
1.57826 0.182078
1.58958 0.416161
1.60089 0.357715
1.6122 0.377883
1.62352 0.670817
1.63483 0.599783
1.64614 0.719092
1.65746 0.529928
1.66877 0.801069
1.68009 0.595257
1.6914 2.61592
1.70271 1.57963
1.71403 0.864788
1.72534 0.766268
1.73665 0.578723
1.74797 0.829682
1.75928 0.51929
1.7706 0.500381
1.78191 0.586548
1.79322 0.922126
1.80454 0.750593
1.81585 0.796755
1.82716 0.391346
1.83848 0.580699
1.84979 0.470715
1.86111 0.442507
1.87242 0.547972
1.88373 0.799392
1.89505 0.994017
1.90636 1.20518
1.91767 0.73037
1.92899 1.58763
1.9403 1.50155
1.95161 2.19151
1.96293 1.85331
1.97424 1.55555
1.98556 1.42375
1.99687 1.71805
2.00818 0.872014
2.0195 1.48778
2.03081 1.88403
2.04212 1.01945
2.05344 1.00898
2.06475 0.722295
2.07607 0.872994
2.08738 1.94089
2.09869 1.45048
2.11001 0.408245
2.12132 0.84587
2.13263 0.663372
2.14395 0.46806
2.15526 1.14524
2.16658 1.43246
2.17789 2.77513
2.1892 1.01491
2.20052 1.80194
2.21183 1.14011
2.22314 0.877159
2.23446 2.38081
2.24577 1.63081
2.25708 1.07196
2.2684 1.29635
2.27971 1.79658
2.29103 1.50656
2.30234 1.57474
2.31365 1.34041
2.32497 1.08288
2.33628 0.789246
2.34759 0.508535
2.35891 0.856094
2.37022 0.729278
2.38154 0.782203
2.39285 0.816452
2.40416 0.744865
2.41548 0.703161
2.42679 0.883381
2.4381 0.911928
2.44942 1.27973
2.46073 0.727349
2.47205 1.13974
2.48336 1.26957
2.49467 0.991964
2.50599 0.821085
2.5173 2.28072
2.52861 0.436188
2.53993 0.888212
2.55124 1.08333
2.56255 0.629584
2.57387 0.712892
2.58518 0.535308
2.5965 0.551361
2.60781 0.931725
2.61912 0.622409
2.63044 0.570098
2.64175 1.31504
2.65306 1.0241
2.66438 0.578685
2.67569 1.11791
2.68701 0.81088
2.69832 0.595879
2.70963 0.416922
2.72095 0.877483
2.73226 0.897681
2.74357 1.14279
2.75489 0.863719
2.7662 0.690275
2.77752 0.891316
2.78883 0.835761
2.80014 1.05603
2.81146 1.0423
2.82277 1.01129
2.83408 1.29876
2.8454 0.632906
2.85671 1.11038
2.86803 0.818068
2.87934 0.950945
2.89065 1.29974
2.90197 0.864246
2.91328 0.909247
2.92459 0.810013
2.93591 0.911593
2.94722 0.881824
2.95853 1.13618
2.96985 0.942428
2.98116 1.07529
2.99248 1.1647
3.00379 1.17486
3.0151 1.33155
3.02642 1.02056
3.03773 1.05228
3.04904 1.38417
3.06036 1.15835
3.07167 1.01468
3.08299 1.18721
3.0943 1.10691
3.10561 0.865353
3.11693 1.02167
3.12824 1.17006
3.13955 0.711715
3.15087 0.942182
3.16218 0.943159
3.1735 1.37469
3.18481 1.31184
3.19612 0.888501
3.20744 1.21774
3.21875 0.835332
3.23006 1.49058
3.24138 0.943546
3.25269 1.19696
3.264 1.16131
3.27532 0.754964
3.28663 1.57827
3.29795 1.48651
3.30926 1.15104
3.32057 1.05793
3.33189 1.6982
3.3432 1.03567
3.35451 1.16789
3.36583 1.11391
3.37714 1.37123
3.38846 0.747627
3.39977 1.26661
3.41108 0.760588
3.4224 0.730793
3.43371 0.84303
3.44502 0.732105
3.45634 0.713882
3.46765 0.797787
3.47897 0.554061
3.49028 0.519328
3.50159 1.01477
3.51291 1.07154
3.52422 1.03361
3.53553 1.06654
3.54685 1.19557
3.55816 1.32322
3.56948 1.04132
3.58079 1.14918
3.5921 1.5427
3.60342 1.12477
3.61473 1.00006
3.62604 0.68109
3.63736 1.01979
3.64867 0.968537
3.65998 0.71767
3.6713 0.654747
3.68261 0.66774
3.69393 1.14261
3.70524 0.854313
3.71655 1.02229
3.72787 0.882136
3.73918 0.943744
3.75049 0.923842
3.76181 0.99065
3.77312 0.814405
3.78444 1.00649
3.79575 0.847084
3.80706 1.16676
3.81838 0.994084
3.82969 0.865907
3.841 0.840638
3.85232 0.910748
3.86363 0.958154
3.87495 0.788376
3.88626 0.990656
3.89757 0.785808
3.90889 0.843457
3.9202 1.22039
3.93151 1.1773
3.94283 1.08143
3.95414 0.700897
3.96545 0.921936
3.97677 0.815334
3.98808 0.741024
3.9994 1.11248
4.01071 1.09538
4.02202 0.88702
4.03334 0.744176
4.04465 1.14552
4.05596 1.17888
4.06728 1.01105
4.07859 1.08787
4.08991 0.685744
4.10122 0.83673
4.11253 1.43237
4.12385 1.29095
4.13516 1.4123
4.14647 0.797085
4.15779 1.10146
4.1691 1.19403
4.18042 0.769133
4.19173 0.896235
4.20304 0.775843
4.21436 1.09308
4.22567 1.012
4.23698 1.16034
4.2483 0.906042
4.25961 1.16515
4.27092 1.1901
4.28224 1.17954
4.29355 1.40416
4.30487 1.09851
4.31618 1.01508
4.32749 1.21663
4.33881 0.775046
4.35012 1.26689
4.36143 0.908569
4.37275 1.25634
4.38406 1.12631
4.39538 1.19395
4.40669 1.40395
4.418 1.11567
4.42932 1.18539
4.44063 0.860982
4.45194 1.17812
4.46326 0.824471
4.47457 0.783658
4.48589 0.850925
4.4972 0.780615
4.50851 0.903049
4.51983 0.906883
4.53114 1.0447
4.54245 1.07998
4.55377 0.913968
4.56508 0.854248
4.5764 1.39853
4.58771 0.82858
4.59902 0.948885
4.61034 0.776574
4.62165 0.934076
4.63296 1.16311
4.64428 0.742715
4.65559 0.905
4.6669 0.864152
4.67822 1.03465
4.68953 0.80857
4.70085 1.03102
4.71216 1.19883
4.72347 0.777582
4.73479 1.14577
4.7461 1.01858
4.75741 1.28398
4.76873 0.915379
4.78004 1.09103
4.79136 1.26179
4.80267 0.765508
4.81398 1.25345
4.8253 0.951371
4.83661 1.01867
4.84792 0.850987
4.85924 0.913752
4.87055 1.00664
4.88187 1.03397
4.89318 1.04794
4.90449 0.805772
4.91581 1.07441
4.92712 0.958836
4.93843 1.12255
4.94975 0.759754
4.96106 1.01944
4.97237 1.22412
4.98369 1.08989
4.995 0.90784
5.00632 0.910944
5.01763 0.922217
5.02894 0.991043
5.04026 0.975962
5.05157 0.942322
5.06288 1.02996
5.0742 1.03641
5.08551 0.731564
5.09683 1.02734
5.10814 1.05649
5.11945 0.874248
5.13077 0.895711
5.14208 1.59683
5.15339 0.936709
5.16471 1.18261
5.17602 1.0921
5.18734 0.961691
5.19865 0.919465
5.20996 0.965623
5.22128 1.14256
5.23259 0.954505
5.2439 0.9481
5.25522 1.05923
5.26653 1.12953
5.27785 0.708277
5.28916 0.698926
5.30047 1.07145
5.31179 0.792663
5.3231 0.812816
5.33441 0.953501
5.34573 1.09986
5.35704 1.46617
5.36835 1.01323
5.37967 0.927207
5.39098 0.752036
5.4023 0.973744
5.41361 0.891936
5.42492 1.05692
5.43624 0.927546
5.44755 0.800454
5.45886 0.971231
5.47018 0.668764
5.48149 0.873449
5.49281 0.840946
5.50412 1.10347
5.51543 0.915074
5.52675 1.29766
5.53806 1.23418
5.54937 1.04296
5.56069 1.14175
5.572 1.18368
5.58332 1.30888
5.59463 0.936544
5.60594 1.21314
5.61726 1.05964
5.62857 0.962624
5.63988 0.80984
5.6512 1.19436
