0.0530033 0.378431
0.069312 0.192094
0.101929 0.238014
0.110084 0.105747
0.142701 0.0470933
0.150856 0.252493
0.15901 0.0847212
0.183473 0.053813
0.199782 0.217086
0.207936 0.0373733
0.21609 0.0367614
0.224245 0.0478907
0.256862 0.115065
0.273171 0.0217159
0.28948 0.0275454
0.297634 0.0208088
0.305788 0.195667
0.313943 0.0218458
0.322097 0.0477222
0.330251 0.031021
0.338406 0.0355115
0.354714 0.318927
0.362869 0.0947263
0.371023 0.0386097
0.387332 0.0508825
0.395486 0.11418
0.403641 0.462676
0.411795 0.104949
0.419949 0.0743915
0.436258 0.038236
0.452567 0.0189387
0.460721 0.0863628
0.468875 0.0659632
0.47703 0.0399115
0.485184 0.0499618
0.501493 0.0642328
0.509647 0.134216
0.517802 0.0575933
0.525956 0.100795
0.53411 0.0977905
0.542265 0.108428
0.550419 0.06273
0.558573 0.19774
0.566728 0.155166
0.574882 0.140429
0.583036 0.0698305
0.591191 0.0406522
0.599345 0.169562
0.615654 0.336878
0.623808 0.274738
0.631963 0.380117
0.640117 1.78064
0.648271 1.82471
0.656426 0.407332
0.66458 1.58776
0.672734 0.620979
0.680889 1.31458
0.689043 0.374403
0.697197 0.392396
0.705352 0.192844
0.713506 0.497496
0.72166 0.33114
0.729815 0.245125
0.737969 0.243392
0.746123 0.597058
0.754278 0.601077
0.762432 0.334655
0.770587 0.952696
0.778741 0.503324
0.79505 1.09915
0.803204 1.37065
0.819513 2.57384
0.827667 2.53498
0.835821 2.85212
0.843976 1.46265
0.85213 1.22636
0.868439 0.393156
0.876593 0.271849
0.892902 0.591344
0.901056 0.252328
0.909211 0.627072
0.917365 0.300157
0.925519 0.103852
0.933674 0.286561
0.941828 0.407288
0.949982 0.344744
0.958137 0.215274
0.966291 0.314277
0.974445 0.384045
0.9826 0.415253
0.990754 0.270125
0.998908 0.467017
1.00706 0.204316
1.01522 0.516275
1.02337 0.46395
1.03153 0.468681
1.03968 0.392645
1.04783 0.562553
1.06414 0.826832
1.0723 0.516688
1.08045 0.441369
1.08861 0.638582
1.09676 0.664871
1.10492 0.339286
1.11307 0.307934
1.12122 0.791789
1.12938 0.581317
1.13753 0.594793
1.14569 0.518345
1.15384 0.429245
1.162 0.898004
1.17015 0.554947
1.1783 0.88529
1.18646 1.50074
1.19461 0.599063
1.20277 1.23553
1.21092 1.42706
1.21908 2.88598
1.22723 1.50036
1.23538 1.51447
1.24354 1.56587
1.25169 1.37089
1.25985 1.98556
1.268 0.972051
1.27616 1.60577
1.28431 1.4487
1.29247 1.42711
1.30062 2.60041
1.30877 3.94786
1.31693 1.13446
1.32508 2.56933
1.33324 1.68344
1.34139 1.99282
1.34955 1.76474
1.3577 1.74451
1.36585 0.922451
1.37401 1.65446
1.38216 1.14972
1.39032 1.85853
1.39847 1.36558
1.40663 1.24672
1.41478 1.96655
1.42293 2.59032
1.43109 1.00183
1.43924 1.80162
1.4474 0.78584
1.45555 3.24605
1.46371 2.18575
1.47186 2.02357
1.48002 1.54531
1.48817 1.71257
1.49632 1.96481
1.50448 1.88842
1.51263 1.7118
1.52079 0.944599
1.52894 1.07348
1.5371 0.496443
1.54525 0.626257
1.5534 0.815895
1.56156 1.50264
1.56971 1.68132
1.57787 0.984541
1.58602 0.662704
1.59418 0.841217
1.60233 0.703206
1.61049 0.982748
1.61864 0.781203
1.62679 0.835523
1.63495 1.35222
1.6431 0.738702
1.65126 0.822045
1.65941 1.02185
1.66757 0.968537
1.67572 0.989447
1.68387 0.556873
1.69203 0.442388
1.70018 0.439687
1.70834 0.484068
1.71649 0.51736
1.72465 0.322693
1.7328 0.451086
1.74095 0.543845
1.74911 0.422065
1.75726 0.333653
1.76542 0.599778
1.77357 0.473051
1.78173 0.370623
1.78988 0.655196
1.79804 0.597994
1.80619 0.530941
1.81434 0.817902
1.8225 0.501123
1.83065 0.408802
1.83881 0.617203
1.84696 0.500965
1.85512 0.616066
1.86327 0.575129
1.87142 0.938939
1.87958 0.764237
1.88773 0.827824
1.89589 0.631099
1.90404 1.23393
1.9122 0.813504
1.92035 0.955361
1.9285 0.388438
1.93666 0.921352
1.94481 0.7813
1.95297 0.680239
1.96112 1.2225
1.96928 1.00038
1.97743 0.729129
1.98559 0.843864
1.99374 0.432441
2.00189 0.779152
2.01005 1.30175
2.0182 0.834811
2.02636 0.976434
2.03451 0.855004
2.04267 0.650232
2.05082 0.938212
2.05897 1.02837
2.06713 1.25478
2.07528 1.60467
2.08344 0.796841
2.09159 0.859719
2.09975 0.980447
2.1079 1.18168
2.11606 0.8584
2.12421 0.616233
2.13236 0.952933
2.14052 0.539055
2.14867 1.05155
2.15683 0.814273
2.16498 0.718999
2.17314 0.819883
2.18129 0.857023
2.18944 0.664793
2.1976 0.821505
2.20575 0.850423
2.21391 0.955221
2.22206 1.11026
2.23022 1.12017
2.23837 0.955539
2.24652 1.18478
2.25468 0.931765
2.26283 0.944235
2.27099 1.53288
2.27914 1.19001
2.2873 0.755927
2.29545 1.86977
2.30361 0.946885
2.31176 1.07231
2.31991 1.00343
2.32807 1.26633
2.33622 0.876688
2.34438 0.79243
2.35253 0.678869
2.36069 1.46291
2.36884 1.39659
2.37699 0.810368
2.38515 0.937518
2.3933 1.13488
2.40146 0.817353
2.40961 1.21332
2.41777 1.02018
2.42592 0.786002
2.43407 0.943777
2.44223 1.15379
2.45038 1.46389
2.45854 1.52512
2.46669 1.10801
2.47485 0.988493
2.483 0.994065
2.49116 1.82945
2.49931 1.01656
2.50746 1.40706
2.51562 1.27575
2.52377 1.49275
2.53193 1.70507
2.54008 2.471
2.54824 1.09774
2.55639 1.00211
2.56454 1.22949
2.5727 0.849947
2.58085 0.916633
2.58901 0.995484
2.59716 0.947626
2.60532 1.25557
2.61347 1.28169
2.62163 0.799993
2.62978 1.33349
2.63793 1.6467
2.64609 0.97194
2.65424 1.8316
2.6624 1.05495
2.67055 0.88545
2.67871 0.82363
2.68686 0.991147
2.69501 0.98595
2.70317 1.35635
2.71132 0.876249
2.71948 1.30191
2.72763 0.863919
2.73579 0.83655
2.74394 1.40948
2.75209 1.34516
2.76025 1.21913
2.7684 0.697824
2.77656 1.01007
2.78471 0.835399
2.79287 0.794124
2.80102 0.991096
2.80918 0.78226
2.81733 0.945237
2.82548 0.814519
2.83364 0.7515
2.84179 0.940667
2.84995 0.904024
2.8581 0.874389
2.86626 0.924571
2.87441 1.1586
2.88256 1.13884
2.89072 1.00622
2.89887 1.01387
2.90703 0.817089
2.91518 1.00609
2.92334 0.784289
2.93149 0.908203
2.93965 0.797195
2.9478 1.13442
2.95595 1.1653
2.96411 1.09316
2.97226 0.855279
2.98042 1.01546
2.98857 0.707629
2.99673 0.820179
3.00488 0.883156
3.01303 0.846183
3.02119 0.912976
3.02934 0.786892
3.0375 0.976415
3.04565 0.841858
3.05381 1.15702
3.06196 1.01599
3.07011 0.895114
3.07827 0.800485
3.08642 0.778126
3.09458 0.891038
3.10273 0.969054
3.11089 0.830506
3.11904 0.912616
3.1272 0.958089
3.13535 0.771138
3.1435 1.54456
3.15166 0.95733
3.15981 0.983649
3.16797 1.26376
3.17612 0.907359
3.18428 1.25771
3.19243 1.27226
3.20058 1.05674
3.20874 1.02082
3.21689 0.851642
3.22505 0.837185
3.2332 0.868253
3.24136 1.00101
3.24951 0.859686
3.25766 1.01995
3.26582 1.06325
3.27397 0.628441
3.28213 0.837819
3.29028 0.918845
3.29844 0.607361
3.30659 0.612656
3.31475 1.01326
3.3229 1.11779
3.33105 1.03184
3.33921 1.01125
3.34736 1.06677
3.35552 1.16672
3.36367 1.10509
3.37183 0.92039
3.37998 0.804378
3.38813 1.20113
3.39629 0.917111
3.40444 1.07779
3.4126 0.9431
3.42075 1.28906
3.42891 0.808915
3.43706 0.889041
3.44522 0.896684
3.45337 1.08688
3.46152 1.28147
3.46968 1.05679
3.47783 1.02041
3.48599 0.892518
3.49414 1.18645
3.5023 0.925709
3.51045 1.1703
3.5186 0.956246
3.52676 0.4555
3.53491 0.871336
3.54307 0.709626
3.55122 0.891682
3.55938 0.802434
3.56753 1.08813
3.57568 0.960569
3.58384 0.86795
3.59199 1.24673
3.60015 0.853212
3.6083 0.777119
3.61646 1.01353
3.62461 0.830757
3.63277 0.833206
3.64092 1.10719
3.64907 1.57209
3.65723 0.663816
3.66538 0.707447
3.67354 0.990269
3.68169 1.12579
3.68985 1.12769
3.698 0.805558
3.70615 1.14638
3.71431 1.14886
3.72246 1.21589
3.73062 0.824995
3.73877 0.899061
3.74693 1.41994
3.75508 1.15104
3.76323 0.891061
3.77139 0.964848
3.77954 0.904092
3.7877 0.999144
3.79585 1.1503
3.80401 0.991233
3.81216 0.793009
3.82032 1.15388
3.82847 0.958417
3.83662 1.22345
3.84478 0.95395
3.85293 1.04444
3.86109 1.31415
3.86924 1.05495
3.8774 0.977873
3.88555 1.19851
3.8937 0.6183
3.90186 1.17662
3.91001 1.08431
3.91817 1.05056
3.92632 1.1396
3.93448 1.08937
3.94263 1.0459
3.95079 1.04861
3.95894 1.00912
3.96709 0.913367
3.97525 0.675897
3.9834 0.819236
3.99156 0.898785
3.99971 1.12963
4.00787 0.628614
4.01602 1.02303
4.02417 2.1039
4.03233 0.791343
4.04048 1.17656
4.04864 0.778574
4.05679 0.597904
4.06495 1.17482
4.0731 0.88874
