0.0431465 0.371298
0.0564223 0.166737
0.082974 0.284655
0.0896119 0.128278
0.116164 0.0604634
0.122801 0.168448
0.129439 0.0297903
0.149353 0.0390545
0.162629 0.329141
0.169267 0.0804053
0.175905 0.0212594
0.182543 0.0625329
0.209094 0.132787
0.22237 0.0491798
0.235646 0.0654003
0.242284 0.0210859
0.248922 0.285133
0.25556 0.102243
0.262198 0.0277403
0.268836 0.0757147
0.275474 0.0577421
0.288749 0.358908
0.295387 0.0764934
0.302025 0.0540561
0.315301 0.0397613
0.321939 0.0838763
0.328577 0.271334
0.335215 0.0543049
0.341853 0.0294564
0.355129 0.076214
0.368404 0.0724777
0.375042 0.169289
0.38168 0.0617434
0.388318 0.0646247
0.394956 0.0651179
0.408232 0.0665611
0.41487 0.172463
0.421508 0.0405397
0.428146 0.076772
0.434784 0.0218891
0.441422 0.0398075
0.448059 0.0886022
0.454697 0.310963
0.461335 0.0987795
0.467973 0.0725289
0.474611 0.0659387
0.481249 0.04902
0.487887 0.0310567
0.501163 0.152802
0.507801 0.109825
0.514439 0.236354
0.521077 0.209449
0.527715 0.120138
0.534352 0.0705634
0.54099 0.26199
0.547628 0.227174
0.554266 0.304135
0.560904 0.28693
0.567542 0.152397
0.57418 0.105822
0.580818 0.265104
0.587456 0.246222
0.594094 0.269616
0.600732 0.207629
0.60737 0.195143
0.614007 0.432046
0.620645 0.317359
0.627283 0.217169
0.633921 0.315787
0.647197 0.495136
0.653835 0.786619
0.667111 0.845816
0.673749 0.873302
0.680387 0.754182
0.687025 1.55325
0.693662 1.35564
0.706938 0.89022
0.713576 1.16516
0.726852 1.08851
0.73349 0.646932
0.740128 1.04233
0.746766 0.93776
0.753404 1.03483
0.760042 1.00307
0.76668 1.61574
0.773318 0.888591
0.779955 1.1386
0.786593 1.10494
0.793231 1.0298
0.799869 0.831085
0.806507 1.49467
0.813145 0.63213
0.819783 0.766088
0.826421 0.722503
0.833059 1.17745
0.839697 0.743503
0.846335 0.934698
0.852973 0.570491
0.866248 1.33859
0.872886 0.707091
0.879524 0.375767
0.886162 0.544785
0.8928 0.286127
0.899438 0.623281
0.906076 0.468817
0.912714 0.641779
0.919352 0.444577
0.92599 0.628683
0.932628 0.422523
0.939265 0.486465
0.945903 0.334649
0.952541 0.363215
0.959179 0.365835
0.965817 0.474613
0.972455 0.15745
0.979093 0.339936
0.985731 0.535016
0.992369 0.456704
0.999007 0.437554
1.00564 0.296513
1.01228 0.485088
1.01892 0.376409
1.02556 0.577516
1.0322 0.516597
1.03883 0.451648
1.04547 0.645231
1.05211 0.461937
1.05875 0.679201
1.06539 0.534067
1.07202 1.10455
1.07866 0.756806
1.0853 0.594322
1.09194 0.368653
1.09858 0.665192
1.10521 0.750716
1.11185 0.892081
1.11849 0.904557
1.12513 1.04201
1.13177 0.787138
1.1384 1.92835
1.14504 1.08855
1.15168 1.47196
1.15832 1.08843
1.16495 0.82755
1.17159 0.813431
1.17823 0.883
1.18487 0.921149
1.19151 0.675039
1.19814 1.00071
1.20478 0.810172
1.21142 1.33508
1.21806 1.19976
1.2247 2.24432
1.23133 1.76763
1.23797 1.78252
1.24461 2.0027
1.25125 1.58343
1.25789 1.79483
1.26452 1.80038
1.27116 1.5693
1.2778 1.51372
1.28444 1.24943
1.29108 1.57181
1.29771 2.03312
1.30435 1.20999
1.31099 1.0729
1.31763 1.19258
1.32426 1.52552
1.3309 1.33534
1.33754 1.38008
1.34418 1.30853
1.35082 2.12138
1.35745 2.2686
1.36409 2.39444
1.37073 1.81257
1.37737 1.11765
1.38401 2.61574
1.39064 1.3865
1.39728 1.77496
1.40392 1.46303
1.41056 1.66549
1.4172 1.53688
1.42383 4.07248
1.43047 1.44769
1.43711 1.2275
1.44375 1.77797
1.45039 1.60014
1.45702 2.05763
1.46366 1.96903
1.4703 1.76547
1.47694 1.73758
1.48357 2.36444
1.49021 2.47085
1.49685 1.14458
1.50349 1.11611
1.51013 1.55035
1.51676 1.70749
1.5234 1.49326
1.53004 1.0678
1.53668 1.61208
1.54332 1.53274
1.54995 1.9602
1.55659 1.2765
1.56323 0.890148
1.56987 1.84849
1.57651 1.22088
1.58314 0.798008
1.58978 1.02756
1.59642 1.0388
1.60306 1.16765
1.6097 1.3994
1.61633 1.10283
1.62297 0.950347
1.62961 0.775901
1.63625 0.920285
1.64288 1.12863
1.64952 1.21108
1.65616 0.558828
1.6628 1.01618
1.66944 0.770364
1.67607 0.512026
1.68271 0.68918
1.68935 0.713611
1.69599 0.851539
1.70263 0.751353
1.70926 0.568276
1.7159 0.703416
1.72254 0.399639
1.72918 0.490165
1.73582 0.536906
1.74245 0.549335
1.74909 0.651234
1.75573 0.444034
1.76237 0.487997
1.76901 0.774763
1.77564 0.739408
1.78228 0.699769
1.78892 0.640176
1.79556 0.693833
1.80219 0.627342
1.80883 0.418329
1.81547 0.835817
1.82211 0.516813
1.82875 0.409279
1.83538 0.552921
1.84202 0.365635
1.84866 0.551585
1.8553 0.658362
1.86194 0.681757
1.86857 0.440756
1.87521 0.402853
1.88185 0.938605
1.88849 0.499982
1.89513 0.508264
1.90176 0.446011
1.9084 0.751379
1.91504 0.587173
1.92168 0.626048
1.92832 0.769079
1.93495 0.605471
1.94159 0.65963
1.94823 0.806887
1.95487 0.530529
1.9615 1.19036
1.96814 0.694646
1.97478 0.507045
1.98142 0.857513
1.98806 0.898128
1.99469 0.817141
2.00133 0.580959
2.00797 0.777992
2.01461 0.767226
2.02125 0.942405
2.02788 0.960486
2.03452 0.887965
2.04116 0.687268
2.0478 0.982774
2.05444 0.642387
2.06107 0.578015
2.06771 1.14195
2.07435 1.08162
2.08099 0.7909
2.08763 0.784914
2.09426 1.22961
2.1009 0.854743
2.10754 1.28757
2.11418 0.940608
2.12081 0.81814
2.12745 0.904313
2.13409 1.08585
2.14073 0.939622
2.14737 1.07584
2.154 0.82976
2.16064 1.17123
2.16728 0.486095
2.17392 1.13763
2.18056 0.9819
2.18719 1.19991
2.19383 1.20898
2.20047 1.0733
2.20711 0.990331
2.21375 0.825342
2.22038 0.83103
2.22702 0.797217
2.23366 1.05894
2.2403 1.14875
2.24694 0.998514
2.25357 1.79956
2.26021 1.40939
2.26685 1.23183
2.27349 1.33677
2.28013 0.815161
2.28676 0.82118
2.2934 1.00956
2.30004 1.04616
2.30668 1.20947
2.31331 0.801146
2.31995 0.960344
2.32659 1.13533
2.33323 1.18621
2.33987 1.12666
2.3465 0.733391
2.35314 1.46621
2.35978 1.33059
2.36642 1.08401
2.37306 0.901822
2.37969 0.910524
2.38633 1.08118
2.39297 0.959
2.39961 1.42518
2.40625 1.1159
2.41288 1.65289
2.41952 1.04837
2.42616 1.16588
2.4328 0.895327
2.43944 1.3745
2.44607 1.03625
2.45271 1.19164
2.45935 1.16885
2.46599 0.970591
2.47262 0.951335
2.47926 1.10491
2.4859 1.29506
2.49254 1.00813
2.49918 1.04212
2.50581 1.42893
2.51245 0.77097
2.51909 1.72906
2.52573 0.910512
2.53237 1.10631
2.539 1.59462
2.54564 0.886839
2.55228 1.39213
2.55892 1.12376
2.56556 0.848241
2.57219 1.45445
2.57883 0.862653
2.58547 0.731783
2.59211 1.17343
2.59875 1.07471
2.60538 1.003
2.61202 0.959139
2.61866 1.27119
2.6253 1.20918
2.63193 1.2358
2.63857 1.12757
2.64521 1.55396
2.65185 1.0988
2.65849 1.19665
2.66512 1.12678
2.67176 1.00456
2.6784 1.00844
2.68504 1.02551
2.69168 1.19684
2.69831 1.26177
2.70495 1.22405
2.71159 1.05582
2.71823 1.36594
2.72487 1.11469
2.7315 0.837419
2.73814 1.2185
2.74478 1.32985
2.75142 1.09576
2.75806 0.918769
2.76469 1.24594
2.77133 1.24492
2.77797 1.06173
2.78461 0.992295
2.79124 0.89753
2.79788 0.598247
2.80452 1.08957
2.81116 0.944888
2.8178 0.799405
2.82443 1.16556
2.83107 1.25201
2.83771 1.1605
2.84435 1.12745
2.85099 1.24915
2.85762 0.793008
2.86426 1.14787
2.8709 1.41766
2.87754 0.858956
2.88418 0.925924
2.89081 0.805628
2.89745 0.869057
2.90409 0.980696
2.91073 0.837739
2.91737 0.931892
2.924 0.762004
2.93064 1.04043
2.93728 0.910025
2.94392 1.24909
2.95055 0.92727
2.95719 1.00603
2.96383 1.5148
2.97047 1.01479
2.97711 0.738521
2.98374 0.769372
2.99038 1.02383
2.99702 0.946209
3.00366 0.961633
3.0103 1.17617
3.01693 0.916806
3.02357 1.09183
3.03021 0.983118
3.03685 0.807329
3.04349 0.749198
3.05012 1.04387
3.05676 1.12893
3.0634 0.967932
3.07004 0.849006
3.07668 0.849611
3.08331 1.06358
3.08995 0.643543
3.09659 0.774797
3.10323 1.07749
3.10986 1.11809
3.1165 1.02481
3.12314 1.11308
3.12978 0.937813
3.13642 0.809393
3.14305 1.26336
3.14969 0.959632
3.15633 1.02818
3.16297 0.739878
3.16961 0.721551
3.17624 0.864725
3.18288 0.776758
3.18952 0.868412
3.19616 0.914963
3.2028 0.722664
3.20943 0.869715
3.21607 0.881754
3.22271 0.94538
3.22935 0.880732
3.23599 0.44906
3.24262 0.828153
3.24926 0.982399
3.2559 0.89528
3.26254 0.887293
3.26917 0.774543
3.27581 0.889654
3.28245 1.05144
3.28909 0.959005
3.29573 0.973781
3.30236 0.880151
3.309 1.20237
3.31564 0.652868
