0.113473 5.80905e-05
0.148388 0.000104819
0.218218 0.000952412
0.235675 0.000217435
0.305505 0.000747847
0.322962 0.00502787
0.34042 0.00972942
0.392792 0.0320324
0.427707 0.0171206
0.445164 0.00861674
0.462622 0.0239268
0.480079 0.0135633
0.549909 0.02721
0.584824 0.12862
0.619739 0.189741
0.637196 0.080115
0.654654 0.44628
0.672111 0.130469
0.689569 0.0542104
0.707026 0.253482
0.724483 0.264856
0.759398 0.238152
0.776856 0.255761
0.794313 0.135124
0.829228 0.362402
0.846685 0.473011
0.864143 0.626737
0.8816 1.13371
0.899058 2.11274
0.933973 2.36133
0.968887 1.48784
0.986345 0.481595
1.0038 0.715767
1.02126 0.685863
1.03872 0.665335
1.07363 1.37034
1.09109 1.91797
1.10855 3.81725
1.126 2.08931
1.14346 3.53304
1.16092 4.8982
1.17838 2.90724
1.19583 2.37668
1.21329 1.30046
1.23075 1.08691
1.24821 0.728167
1.26566 1.18535
1.28312 0.732397
1.31804 0.741601
1.33549 0.334736
1.35295 1.10733
1.37041 0.565078
1.38787 1.00839
1.40532 0.922495
1.42278 0.788397
1.44024 0.844684
1.4577 0.76856
1.47515 0.633932
1.49261 1.32156
1.51007 0.208107
1.52753 0.710683
1.54498 0.327411
1.56244 0.411105
1.5799 0.696036
1.59735 0.277137
1.61481 0.516494
1.63227 0.412316
1.64973 2.03171
1.66718 0.779679
1.7021 0.802653
1.71956 0.627015
1.75447 0.778498
1.77193 0.488839
1.78939 0.405374
1.80684 0.450793
1.8243 0.343967
1.85922 0.800572
1.87667 1.54392
1.91159 0.630245
1.92905 0.914565
1.9465 1.33503
1.96396 1.40445
1.98142 0.636194
1.99888 0.999892
2.01633 0.953299
2.03379 1.33488
2.05125 1.32078
2.06871 0.906689
2.08616 1.0749
2.10362 1.13909
2.12108 1.23226
2.13854 1.23788
2.15599 1.57866
2.17345 1.30546
2.19091 1.70043
2.20837 1.28387
2.22582 1.58675
2.24328 1.45387
2.27819 1.47547
2.29565 1.10648
2.31311 1.72485
2.33057 1.11427
2.34802 0.687528
2.36548 0.324689
2.38294 1.175
2.4004 0.856972
2.41785 0.746871
2.43531 0.899216
2.45277 0.804902
2.47023 0.618231
2.48768 1.08873
2.50514 1.34137
2.5226 0.862448
2.54006 0.902061
2.55751 1.61405
2.57497 0.38112
2.59243 0.535732
2.60989 0.455928
2.62734 0.975343
2.6448 0.748225
2.66226 1.14299
2.67972 0.572523
2.69717 1.00485
2.71463 0.791679
2.73209 0.575621
2.74955 0.968515
2.767 1.76511
2.78446 0.850877
2.80192 0.991919
2.81938 0.667999
2.83683 0.880732
2.85429 0.944155
2.87175 0.92321
2.8892 0.948078
2.90666 0.719638
2.92412 1.21319
2.94158 0.922719
2.95903 0.726935
2.97649 1.10634
2.99395 0.743485
3.01141 1.43266
3.02886 0.748509
3.04632 0.744458
3.06378 0.95706
3.08124 1.12286
3.09869 1.50621
3.11615 1.68954
3.13361 1.23154
3.15107 0.545311
3.16852 1.21658
3.18598 0.973588
3.20344 0.643384
3.2209 0.82203
3.23835 1.03703
3.25581 0.491401
3.27327 0.892506
3.29073 1.32311
3.30818 0.9829
3.32564 1.06105
3.3431 1.5535
3.36056 1.6196
3.37801 0.934403
3.39547 0.887022
3.41293 0.779268
3.43039 1.13673
3.44784 0.696675
3.4653 1.11008
3.48276 0.90406
3.50021 1.28754
3.51767 1.09984
3.53513 0.931638
3.55259 1.00311
3.57004 1.20884
3.5875 0.697996
3.60496 0.858643
3.62242 0.967625
3.63987 1.00153
3.65733 0.608128
3.67479 1.4257
3.69225 0.682193
3.7097 0.924489
3.72716 0.929221
3.74462 0.176701
3.76208 0.975729
3.77953 0.642662
3.79699 1.16652
3.81445 1.22312
3.83191 1.2537
3.84936 1.18677
3.86682 0.901077
3.88428 0.492273
3.90174 1.06064
3.91919 1.00891
3.93665 0.818845
3.95411 0.802327
3.97157 0.823909
3.98902 1.62765
4.00648 0.864369
4.02394 1.10489
4.0414 1.28467
4.05885 0.839405
4.07631 0.899672
4.09377 1.09529
4.11123 0.798188
4.12868 1.11718
4.14614 1.0936
4.1636 1.11644
4.18105 0.921406
4.19851 1.29757
4.21597 1.12025
4.23343 0.956541
4.25088 0.766986
4.26834 1.25303
4.2858 0.865981
4.30326 1.05108
4.32071 0.836213
4.33817 1.03445
4.35563 0.948133
4.37309 0.970558
4.39054 1.10667
4.408 0.904739
4.42546 0.750902
4.44292 0.87994
4.46037 0.813853
4.47783 0.785178
4.49529 1.0363
4.51275 1.23255
4.5302 0.77894
4.54766 0.730521
4.56512 1.46655
4.58258 1.31371
4.60003 0.953195
4.61749 1.18048
4.63495 0.936118
4.65241 0.659909
4.66986 0.773686
4.68732 0.972097
4.70478 1.17377
4.72224 1.21812
4.73969 1.07748
4.75715 0.845676
4.77461 0.822455
4.79206 1.21899
4.80952 1.22071
4.82698 1.16904
4.84444 0.593352
4.86189 0.68698
4.87935 1.13333
4.89681 1.15614
4.91427 1.16489
4.93172 0.775311
4.94918 1.26885
4.96664 1.09943
4.9841 1.00521
5.00155 1.0698
5.01901 0.593273
5.03647 1.26908
5.05393 0.837772
5.07138 1.11357
5.08884 0.780414
5.1063 0.815715
5.12376 1.16731
5.14121 1.17567
5.15867 1.0184
5.17613 1.03478
5.19359 0.569546
5.21104 1.07161
5.2285 0.98489
5.24596 1.07429
5.26342 0.91265
5.28087 0.720832
5.29833 0.613292
5.31579 0.948531
5.33325 0.580634
5.3507 1.35071
5.36816 0.974509
5.38562 1.34438
5.40307 1.04125
5.42053 0.812299
5.43799 0.624469
5.45545 0.976467
5.4729 1.41428
5.49036 1.15917
5.50782 1.24144
5.52528 0.915257
5.54273 0.874624
5.56019 0.891314
5.57765 0.98427
5.59511 0.95948
5.61256 0.814409
5.63002 1.0058
5.64748 0.836518
5.66494 1.02691
5.68239 1.196
5.69985 0.813539
5.71731 0.998743
5.73477 1.09176
5.75222 1.344
5.76968 1.08243
5.78714 0.73822
5.8046 1.09644
5.82205 1.15938
5.83951 1.09465
5.85697 0.847284
5.87443 1.04997
5.89188 1.02913
5.90934 1.02453
5.9268 0.917177
5.94426 1.13808
5.96171 0.927632
5.97917 0.876049
5.99663 1.11103
6.01409 0.99967
6.03154 0.938523
6.049 0.952742
6.06646 0.801637
6.08391 0.683864
6.10137 1.23685
6.11883 0.83151
6.13629 0.885746
6.15374 0.84629
6.1712 1.01491
6.18866 1.25365
6.20612 0.762062
6.22357 1.44002
6.24103 1.23675
6.25849 0.867687
6.27595 0.939476
6.2934 0.694362
6.31086 1.57539
6.32832 0.997651
6.34578 1.21232
6.36323 1.07536
6.38069 1.29297
6.39815 0.871917
6.41561 0.936628
6.43306 0.952323
6.45052 1.1695
6.46798 0.638045
6.48544 1.03636
6.50289 1.04842
6.52035 1.16682
6.53781 1.18183
6.55527 0.869292
6.57272 1.12135
6.59018 1.09623
6.60764 0.796289
6.6251 0.735568
6.64255 0.958434
6.66001 1.04263
6.67747 0.852712
6.69492 0.861454
6.71238 1.11001
6.72984 0.675063
6.7473 0.961458
6.76475 0.909456
6.78221 0.95468
6.79967 0.908578
6.81713 0.757791
6.83458 0.789282
6.85204 0.543523
6.8695 1.14938
6.88696 1.43396
6.90441 1.14537
6.92187 1.22234
6.93933 1.33733
6.95679 1.05596
6.97424 0.935914
6.9917 0.897324
7.00916 0.724508
7.02662 1.22919
7.04407 1.05136
7.06153 0.847321
7.07899 1.09781
7.09645 0.804113
7.1139 1.1175
7.13136 0.903327
7.14882 0.891645
7.16628 0.853441
7.18373 0.916798
7.20119 1.06691
7.21865 0.797347
7.23611 0.935368
7.25356 0.779996
7.27102 0.736845
7.28848 1.21922
7.30593 1.09526
7.32339 1.03393
7.34085 1.12409
7.35831 1.17617
7.37576 0.845843
7.39322 1.39697
7.41068 1.13852
7.42814 1.1712
7.44559 1.2135
7.46305 1.10154
7.48051 0.845002
7.49797 1.23062
7.51542 0.86272
7.53288 1.195
7.55034 1.38127
7.5678 0.991762
7.58525 0.955356
7.60271 0.803147
7.62017 1.06888
7.63763 0.753852
7.65508 0.814805
7.67254 0.996472
7.69 1.29089
7.70746 0.936213
7.72491 0.964617
7.74237 1.05071
7.75983 1.04044
7.77729 0.927663
7.79474 0.890074
7.8122 1.01323
7.82966 1.21571
7.84712 1.06789
7.86457 0.772722
7.88203 0.814994
7.89949 0.830385
7.91695 0.797367
7.9344 1.16675
7.95186 0.984377
7.96932 0.710346
7.98677 0.786329
8.00423 1.01718
8.02169 1.16535
8.03915 1.1915
8.0566 1.10021
8.07406 1.1856
8.09152 0.852605
8.10898 0.994275
8.12643 1.32631
8.14389 0.592728
8.16135 0.969658
8.17881 1.095
8.19626 1.25356
8.21372 1.14687
8.23118 1.09448
8.24864 0.978725
8.26609 0.921152
8.28355 0.773916
8.30101 0.828924
8.31847 0.778563
8.33592 1.18465
8.35338 1.12462
8.37084 1.12178
8.3883 0.947542
8.40575 0.971389
8.42321 1.31517
8.44067 1.00003
8.45813 0.780074
8.47558 0.792514
8.49304 0.922296
8.5105 0.934554
8.52796 1.2232
8.54541 1.42379
8.56287 0.931414
8.58033 0.984539
8.59778 1.09371
8.61524 1.0453
8.6327 1.06677
8.65016 1.25897
8.66761 0.601073
8.68507 1.05549
8.70253 1.13853
8.71999 0.921727
