0.101014 0.0848437
0.132095 0.0815297
0.194257 0.2224
0.209798 0.0799132
0.27196 0.0942623
0.287501 0.130436
0.303041 0.0600574
0.349663 0.107011
0.380744 0.0282926
0.396285 0.0710414
0.411825 0.0651987
0.427366 0.074981
0.489528 0.0832886
0.520609 0.0981641
0.55169 0.111359
0.567231 0.0702127
0.582772 0.0431473
0.598312 0.0787881
0.613853 0.0670924
0.629393 0.0816858
0.644934 0.0401843
0.676015 0.238456
0.691556 0.09709
0.707096 0.138059
0.738177 0.285238
0.753718 0.220374
0.769258 0.102953
0.784799 0.352756
0.80034 0.463846
0.831421 1.1373
0.862502 0.902373
0.878042 0.305825
0.893583 0.369217
0.909124 0.434247
0.924664 0.541974
0.955745 1.2594
0.971286 1.44758
0.986826 2.36431
1.00237 1.77637
1.01791 2.43118
1.03345 5.76018
1.04899 2.4777
1.06453 1.4507
1.08007 1.82898
1.09561 1.95402
1.11115 0.997436
1.12669 2.36343
1.14223 1.06138
1.17331 1.00713
1.18885 0.416582
1.20439 1.75623
1.21994 0.801008
1.23548 1.39279
1.25102 1.68541
1.26656 1.33763
1.2821 1.05731
1.29764 1.01701
1.31318 0.89941
1.32872 2.17971
1.34426 0.806473
1.3598 1.12168
1.37534 0.657293
1.39088 0.655064
1.40642 1.27109
1.42196 0.396955
1.4375 0.793397
1.45304 0.420209
1.46858 2.30413
1.48412 1.14209
1.51521 0.873246
1.53075 0.690025
1.56183 0.949372
1.57737 0.945268
1.59291 0.483668
1.60845 0.804612
1.62399 0.482108
1.65507 0.682247
1.67061 1.50916
1.70169 0.664594
1.71723 0.689605
1.73277 0.857524
1.74831 1.23919
1.76386 0.592069
1.7794 0.737251
1.79494 0.674486
1.81048 1.01606
1.82602 0.902943
1.84156 0.960381
1.8571 0.551272
1.87264 0.869261
1.88818 1.00761
1.90372 0.69417
1.91926 0.937672
1.9348 0.785042
1.95034 1.64497
1.96588 0.823173
1.98142 1.29178
1.99696 0.914038
2.02804 1.17134
2.04359 0.789874
2.05913 1.51666
2.07467 0.651946
2.09021 0.584365
2.10575 0.348804
2.12129 1.22962
2.13683 0.735516
2.15237 0.718899
2.16791 0.714455
2.18345 0.800531
2.19899 0.834093
2.21453 1.03273
2.23007 1.61421
2.24561 1.05232
2.26115 0.96571
2.27669 1.82336
2.29223 0.52312
2.30778 0.567775
2.32332 0.792266
2.33886 0.959138
2.3544 0.784518
2.36994 1.48947
2.38548 0.981873
2.40102 1.20551
2.41656 0.807203
2.4321 0.672188
2.44764 1.21176
2.46318 2.06891
2.47872 1.03105
2.49426 1.13268
2.5098 0.689531
2.52534 1.23374
2.54088 0.968052
2.55642 1.04588
2.57196 1.31021
2.58751 1.12606
2.60305 1.63099
2.61859 0.920614
2.63413 0.89616
2.64967 1.45283
2.66521 0.90375
2.68075 1.90716
2.69629 1.09674
2.71183 1.15781
2.72737 0.948986
2.74291 1.20025
2.75845 1.56647
2.77399 1.64657
2.78953 1.73497
2.80507 0.51847
2.82061 0.950992
2.83615 0.922919
2.8517 0.605145
2.86724 1.02057
2.88278 0.96308
2.89832 0.697892
2.91386 1.03323
2.9294 1.19211
2.94494 0.840974
2.96048 0.90036
2.97602 1.5498
2.99156 1.00086
3.0071 0.766526
3.02264 0.923648
3.03818 0.714544
3.05372 0.977755
3.06926 0.534788
3.0848 0.633289
3.10034 0.526915
3.11589 0.910793
3.13143 0.920846
3.14697 0.67173
3.16251 0.808285
3.17805 0.771011
3.19359 0.263515
3.20913 0.817681
3.22467 0.82111
3.24021 1.06976
3.25575 0.822987
3.27129 0.850383
3.28683 0.665342
3.30237 0.839399
3.31791 0.742032
3.33345 0.285379
3.34899 0.660233
3.36453 0.787054
3.38007 0.98229
3.39562 1.25131
3.41116 1.27412
3.4267 1.19883
3.44224 0.980865
3.45778 0.712822
3.47332 1.10429
3.48886 0.990796
3.5044 0.826333
3.51994 1.01541
3.53548 0.842493
3.55102 1.58728
3.56656 1.07307
3.5821 1.54147
3.59764 1.30754
3.61318 0.861391
3.62872 0.72344
3.64426 1.08371
3.65981 0.985367
3.67535 1.35997
3.69089 1.16521
3.70643 1.23512
3.72197 1.1385
3.73751 1.59479
3.75305 1.39507
3.76859 0.925072
3.78413 0.920316
3.79967 1.54297
3.81521 1.04801
3.83075 1.43665
3.84629 1.01043
3.86183 1.07011
3.87737 1.37525
3.89291 1.08035
3.90845 1.41624
3.92399 0.884052
3.93954 0.932254
3.95508 0.905134
3.97062 0.874818
3.98616 0.777944
4.0017 1.01997
4.01724 1.12821
4.03278 0.889428
4.04832 0.840483
4.06386 1.1839
4.0794 1.33623
4.09494 0.79796
4.11048 1.23677
4.12602 0.900061
4.14156 0.899569
4.1571 0.847337
4.17264 1.18424
4.18818 1.05166
4.20373 0.923542
4.21927 1.11073
4.23481 0.690709
4.25035 0.815481
4.26589 0.804508
4.28143 0.90294
4.29697 0.935623
4.31251 0.417272
4.32805 0.636322
4.34359 0.941342
4.35913 1.02289
4.37467 0.937348
4.39021 0.830288
4.40575 0.956471
4.42129 0.659049
4.43683 0.839487
4.45237 0.960691
4.46791 0.588613
4.48346 0.9837
4.499 0.70993
4.51454 0.981687
4.53008 0.794944
4.54562 0.745052
4.56116 1.00438
4.5767 1.16691
4.59224 0.983993
4.60778 1.05618
4.62332 0.641227
4.63886 0.846564
4.6544 0.856798
4.66994 0.887618
4.68548 0.865984
4.70102 0.793139
4.71656 0.749808
4.7321 1.04866
4.74765 0.668023
4.76319 1.33348
4.77873 1.02832
4.79427 1.43791
4.80981 1.12567
4.82535 0.921193
4.84089 0.774085
4.85643 1.13633
4.87197 1.52973
4.88751 1.30571
4.90305 1.09077
4.91859 0.983651
4.93413 1.26523
4.94967 1.00391
4.96521 1.17787
4.98075 1.15452
4.99629 1.05102
5.01184 1.18904
5.02738 1.20676
5.04292 1.22838
5.05846 1.49591
5.074 1.15381
5.08954 1.12743
5.10508 1.27822
5.12062 1.68251
5.13616 1.36538
5.1517 1.02204
5.16724 1.16383
5.18278 1.12552
5.19832 1.36912
5.21386 0.832692
5.2294 0.942862
5.24494 0.838458
5.26048 1.05672
5.27602 1.09604
5.29157 0.949923
5.30711 0.877383
5.32265 1.04524
5.33819 1.03153
5.35373 0.800251
5.36927 0.771548
5.38481 0.850849
5.40035 0.680913
5.41589 0.697436
5.43143 1.04166
5.44697 0.789762
5.46251 0.725986
5.47805 0.800366
5.49359 0.808677
5.50913 0.896003
5.52467 0.792942
5.54021 1.30131
5.55576 1.00812
5.5713 0.840617
5.58684 0.770001
5.60238 0.746084
5.61792 1.27697
5.63346 0.901142
5.649 1.01155
5.66454 0.718418
5.68008 1.04092
5.69562 0.677747
5.71116 0.826296
5.7267 0.942644
5.74224 0.861067
5.75778 0.493859
5.77332 1.02988
5.78886 1.0069
5.8044 0.82379
5.81994 1.21596
5.83549 0.775562
5.85103 0.899607
5.86657 1.11974
5.88211 0.751737
5.89765 0.854849
5.91319 1.08874
5.92873 0.955607
5.94427 1.10925
5.95981 0.92752
5.97535 1.13006
5.99089 0.917763
6.00643 1.00887
6.02197 1.01871
6.03751 1.13056
6.05305 1.03178
6.06859 1.01658
6.08413 0.998334
6.09968 0.640416
6.11522 1.43726
6.13076 1.55627
6.1463 1.42559
6.16184 1.30435
6.17738 1.39136
6.19292 1.20919
6.20846 0.988389
6.224 1.07393
6.23954 0.959696
6.25508 1.21894
6.27062 1.14116
6.28616 1.14955
6.3017 1.21683
6.31724 1.01714
6.33278 1.07477
6.34832 1.11089
6.36386 0.986157
6.37941 0.783774
6.39495 1.01428
6.41049 1.05341
6.42603 0.951075
6.44157 1.24053
6.45711 1.01427
6.47265 0.813586
6.48819 0.858484
6.50373 0.901355
6.51927 1.01812
6.53481 0.985127
6.55035 1.09285
6.56589 0.838023
6.58143 1.36216
6.59697 1.17082
6.61251 0.970452
6.62805 1.23346
6.6436 0.90115
6.65914 0.804961
6.67468 0.81224
6.69022 0.919832
6.70576 0.882073
6.7213 0.915054
6.73684 0.808459
6.75238 0.562066
6.76792 0.781486
6.78346 0.964235
6.799 0.702884
6.81454 0.758013
6.83008 0.950783
6.84562 1.14917
6.86116 0.871971
6.8767 0.804654
6.89224 0.926693
6.90779 0.940752
6.92333 0.862716
6.93887 0.917602
6.95441 0.913617
6.96995 0.926084
6.98549 1.08708
7.00103 0.720551
7.01657 0.802179
7.03211 0.918317
7.04765 0.701651
7.06319 1.02594
7.07873 1.04512
7.09427 0.867241
7.10981 0.787415
7.12535 1.12209
7.14089 0.976049
7.15643 1.17531
7.17197 1.23893
7.18752 1.19686
7.20306 1.05543
7.2186 1.08271
7.23414 1.20163
7.24968 0.773318
7.26522 1.13842
7.28076 1.07098
7.2963 1.44507
7.31184 1.21389
7.32738 1.11374
7.34292 1.06241
7.35846 1.25944
7.374 0.864341
7.38954 1.03196
7.40508 0.733987
7.42062 1.29923
7.43616 1.24619
7.45171 1.27551
7.46725 1.05699
7.48279 1.17739
7.49833 1.51576
7.51387 1.11216
7.52941 0.963702
7.54495 1.00067
7.56049 1.0436
7.57603 1.05046
7.59157 1.23389
7.60711 1.2834
7.62265 0.961048
7.63819 0.925076
7.65373 1.12227
7.66927 1.2294
7.68481 1.01852
7.70035 1.31617
7.71589 0.66627
7.73144 1.09975
7.74698 1.05516
7.76252 0.809243
