0.0758498 0.545677
0.0991882 0.330547
0.145865 0.293114
0.157534 0.14258
0.204211 0.0302571
0.21588 0.246794
0.227549 0.0701698
0.262557 0.0474298
0.285895 0.209333
0.297565 0.0431561
0.309234 0.0381559
0.320903 0.0538523
0.36758 0.084103
0.390918 0.0520024
0.414257 0.068649
0.425926 0.0473254
0.437595 0.510394
0.449264 0.157773
0.460933 0.0905144
0.472603 0.0527472
0.484272 0.0486159
0.50761 0.302785
0.519279 0.0827872
0.530949 0.0636835
0.554287 0.108678
0.565956 0.0369187
0.577625 0.150009
0.589295 0.10735
0.600964 0.175534
0.624302 0.110931
0.647641 0.593486
0.65931 2.97916
0.670979 0.692611
0.682648 0.659574
0.694317 0.923126
0.717656 0.261057
0.729325 0.170872
0.740994 0.419525
0.752663 0.230455
0.764333 0.401413
0.776002 0.133016
0.787671 0.35481
0.79934 1.47439
0.811009 0.760449
0.822679 0.148811
0.834348 2.65449
0.846017 8.26753
0.857686 0.443791
0.881025 0.14817
0.892694 0.571886
0.904363 0.227971
0.916032 0.208787
0.927701 0.386822
0.939371 0.575466
0.95104 0.526623
0.962709 0.334552
0.974378 0.677959
0.986047 0.484334
0.997717 0.277675
1.00939 0.199813
1.02105 0.238852
1.03272 0.290922
1.04439 0.526628
1.05606 0.248368
1.06773 0.673366
1.0794 0.361244
1.09107 0.468992
1.10274 0.348207
1.11441 0.55851
1.13775 0.751075
1.14942 0.567151
1.17275 0.606867
1.18442 0.48776
1.19609 0.29745
1.20776 0.767928
1.21943 1.42714
1.24277 3.37457
1.25444 0.725396
1.27778 5.83425
1.28945 1.86968
1.30112 2.28295
1.31278 1.15159
1.32445 1.85716
1.33612 0.999716
1.34779 3.2201
1.35946 2.35136
1.37113 1.24444
1.3828 0.914256
1.39447 0.542963
1.40614 0.792964
1.41781 0.787173
1.42948 0.254154
1.44115 1.56706
1.45282 0.278885
1.46448 2.04052
1.47615 0.588173
1.48782 0.60756
1.49949 0.434918
1.52283 1.48854
1.5345 0.677847
1.54617 5.33251
1.55784 0.689878
1.56951 0.386564
1.58118 0.84201
1.59285 0.41713
1.60451 0.530024
1.61618 1.37546
1.62785 0.498764
1.63952 0.693067
1.65119 0.323144
1.66286 1.48046
1.67453 0.345615
1.6862 1.30349
1.69787 2.06521
1.70954 0.325171
1.72121 0.1975
1.73288 0.4564
1.74455 0.367298
1.75621 0.33815
1.76788 0.51491
1.77955 0.46243
1.79122 0.474174
1.80289 0.634911
1.81456 0.23692
1.82623 0.54314
1.8379 0.264128
1.84957 2.13628
1.86124 0.401244
1.87291 0.563737
1.88458 0.305885
1.89624 0.684453
1.90791 0.569505
1.91958 0.638959
1.93125 0.284426
1.94292 2.54219
1.95459 0.845089
1.96626 1.03797
1.97793 4.29281
1.9896 0.496513
2.00127 1.74714
2.01294 0.839042
2.02461 0.404748
2.03628 0.450424
2.04794 1.14709
2.05961 1.36748
2.07128 0.382322
2.08295 0.552442
2.09462 0.329998
2.10629 0.518936
2.11796 1.22744
2.12963 0.758726
2.1413 0.387233
2.15297 1.6821
2.16464 0.556725
2.17631 0.492443
2.18797 0.563811
2.19964 0.486448
2.21131 0.387542
2.22298 0.615943
2.23465 0.198808
2.24632 0.256947
2.25799 0.921567
2.26966 0.88201
2.28133 0.586301
2.293 0.762692
2.30467 0.472528
2.31634 0.748108
2.32801 0.883933
2.33967 0.657459
2.35134 1.00595
2.36301 0.525749
2.37468 0.311398
2.38635 0.860309
2.39802 0.832399
2.40969 0.758751
2.42136 0.664658
2.43303 0.887748
2.4447 0.613134
2.45637 1.43979
2.46804 2.02374
2.4797 1.8569
2.49137 1.93713
2.50304 0.896509
2.51471 0.811506
2.52638 0.741805
2.53805 0.720241
2.54972 7.38668
2.56139 0.878492
2.57306 1.14195
2.58473 1.80184
2.5964 0.222378
2.60807 1.31566
2.61974 1.17233
2.6314 1.24149
2.64307 0.606067
2.65474 1.24926
2.66641 0.48071
2.67808 0.635178
2.68975 2.08858
2.70142 0.725464
2.71309 1.4045
2.72476 0.651949
2.73643 0.450223
2.7481 1.08829
2.75977 0.499366
2.77143 0.716215
2.7831 2.03563
2.79477 0.940954
2.80644 0.479761
2.81811 1.22925
2.82978 1.20139
2.84145 0.601553
2.85312 0.443807
2.86479 0.562933
2.87646 0.561081
2.88813 1.00545
2.8998 0.32364
2.91147 0.728706
2.92313 0.517198
2.9348 0.5069
2.94647 0.385952
2.95814 0.487191
2.96981 0.527139
2.98148 0.506329
2.99315 0.857034
3.00482 0.809016
3.01649 0.981339
3.02816 0.448312
3.03983 0.872904
3.0515 1.33258
3.06316 0.650288
3.07483 0.655472
3.0865 1.28204
3.09817 2.26055
3.10984 0.52194
3.12151 1.22715
3.13318 0.784463
3.14485 0.962849
3.15652 1.04326
3.16819 1.11506
3.17986 2.35229
3.19153 0.478823
3.2032 0.929045
3.21486 0.555334
3.22653 1.116
3.2382 1.67683
3.24987 1.408
3.26154 1.50754
3.27321 1.20488
3.28488 0.770147
3.29655 0.815987
3.30822 0.805136
3.31989 1.2459
3.33156 0.91655
3.34323 0.527502
3.35489 1.05885
3.36656 0.544534
3.37823 0.526432
3.3899 1.0466
3.40157 1.19052
3.41324 0.795629
3.42491 0.639418
3.43658 1.37845
3.44825 0.929147
3.45992 0.568819
3.47159 0.788253
3.48326 0.816957
3.49493 1.17744
3.50659 1.0262
3.51826 0.694118
3.52993 0.74652
3.5416 0.653102
3.55327 0.940224
3.56494 0.890968
3.57661 0.74478
3.58828 1.0775
3.59995 0.737424
3.61162 0.742441
3.62329 0.896183
3.63496 0.669031
3.64662 0.565551
3.65829 1.43078
3.66996 1.28699
3.68163 0.692475
3.6933 1.07259
3.70497 0.68229
3.71664 1.88232
3.72831 1.61257
3.73998 0.745039
3.75165 1.11342
3.76332 0.681766
3.77499 0.977685
3.78666 1.44513
3.79832 0.843729
3.80999 0.769163
3.82166 1.57613
3.83333 1.55578
3.845 1.21306
3.85667 0.829656
3.86834 0.753242
3.88001 1.18907
3.89168 1.40436
3.90335 1.81374
3.91502 0.751165
3.92669 0.92468
3.93835 0.680537
3.95002 0.705448
3.96169 2.06733
3.97336 0.635088
3.98503 1.10718
3.9967 1.18105
4.00837 0.672092
4.02004 2.51428
4.03171 1.12446
4.04338 0.82372
4.05505 1.27772
4.06672 0.714568
4.07839 0.8987
4.09005 1.75536
4.10172 1.27831
4.11339 0.939676
4.12506 0.901689
4.13673 0.864998
4.1484 0.97755
4.16007 0.940684
4.17174 1.26104
4.18341 1.03604
4.19508 0.543114
4.20675 0.878404
4.21842 0.650102
4.23008 1.04534
4.24175 1.14388
4.25342 1.09728
4.26509 0.539098
4.27676 0.875834
4.28843 0.77927
4.3001 0.775801
4.31177 0.790489
4.32344 1.01326
4.33511 1.0235
4.34678 0.821142
4.35845 0.784707
4.37012 0.614117
4.38178 0.805438
4.39345 0.88414
4.40512 1.15845
4.41679 0.900267
4.42846 0.737258
4.44013 1.28329
4.4518 0.708677
4.46347 0.980607
4.47514 0.7772
4.48681 0.746038
4.49848 1.28515
4.51015 0.762238
4.52181 0.784518
4.53348 0.853774
4.54515 1.27694
4.55682 0.760986
4.56849 0.860671
4.58016 1.42307
4.59183 0.932714
4.6035 0.943543
4.61517 0.886583
4.62684 0.507464
4.63851 1.20466
4.65018 0.893916
4.66185 0.844112
4.67351 0.861118
4.68518 1.03356
4.69685 1.43197
4.70852 0.81673
4.72019 1.26654
4.73186 0.824414
4.74353 0.633517
4.7552 1.02693
4.76687 0.526552
4.77854 0.71954
4.79021 1.71704
4.80188 1.21998
4.81354 0.809478
4.82521 0.81955
4.83688 1.28321
4.84855 0.966029
4.86022 0.93669
4.87189 1.04412
4.88356 1.44854
4.89523 0.870361
4.9069 0.653381
4.91857 1.09106
4.93024 0.964529
4.94191 1.0747
4.95358 1.77452
4.96524 1.01915
4.97691 0.99523
4.98858 1.22165
5.00025 1.59249
5.01192 0.968249
5.02359 0.819609
5.03526 1.27358
5.04693 1.18153
5.0586 1.00157
5.07027 1.24745
5.08194 0.947142
5.09361 1.16737
5.10527 2.41576
5.11694 0.766757
5.12861 0.772666
5.14028 1.04472
5.15195 0.758468
5.16362 0.948451
5.17529 0.863515
5.18696 1.52515
5.19863 1.56727
5.2103 0.954097
5.22197 0.578317
5.23364 1.37168
5.24531 0.839747
5.25697 0.80534
5.26864 1.26309
5.28031 0.845344
5.29198 0.835137
5.30365 0.83033
5.31532 0.778737
5.32699 0.86311
5.33866 0.894911
5.35033 0.686629
5.362 1.01187
5.37367 0.755075
5.38534 0.643261
5.397 0.778759
5.40867 1.53971
5.42034 0.974285
5.43201 1.09105
5.44368 0.631596
5.45535 1.14461
5.46702 0.935186
5.47869 0.913047
5.49036 0.884491
5.50203 0.947194
5.5137 0.710244
5.52537 0.953085
5.53704 1.02074
5.5487 0.847254
5.56037 1.08971
5.57204 0.718969
5.58371 0.666141
5.59538 0.687408
5.60705 0.878264
5.61872 0.82441
5.63039 1.35444
5.64206 0.620755
5.65373 0.868093
5.6654 0.826331
5.67707 1.54545
5.68873 1.20469
5.7004 1.54168
5.71207 1.14111
5.72374 1.03987
5.73541 1.1041
5.74708 1.40583
5.75875 0.67332
5.77042 1.75525
5.78209 0.803399
5.79376 0.652586
5.80543 0.765937
5.8171 0.620966
5.82877 0.699047
