0.768549 0.454118
0.0195277433333 0.456513333333
0.00759944666667 0.607367333333
0.00978147 0.74402
0.992608333333 0.455379666667
0.79825 0.473097666667
0.469669666667 0.977621
0.0322055433333 0.399344666667
0.0373196933333 0.222172666667
0.986158 0.579169
0.410566333333 0.504248
0.978088666667 0.529458666667
0.551712333333 0.00832379
0.594271 0.0274288333333
0.765468 0.427077
0.3342069 0.983268666667
0.0552593666667 0.963828333333
0.0819857 0.887536333333
0.0295991366667 0.844153
0.0443664033333 0.878839333333
0.0341499666667 0.599069666667
0.0180385666667 0.66805
0.0198946933333 0.178040333333
0.0660251666667 0.333012
0.0393189266667 0.265730333333
0.0187707366667 0.320466
0.03218151 0.35416
0.948631666667 0.565041
0.988831333333 0.34829
0.834773666667 0.475270666667
0.843337666667 0.516376333333
0.869921333333 0.541678666667
0.954701666667 0.372248666667
0.951558666667 0.449193666667
0.972688666667 0.414307
0.288682333333 0.0120865473333
0.602386333333 0.452651333333
0.787700333333 0.399327
0.767809 0.369994333333
0.738134666667 0.366383333333
0.639998 0.235569666667
0.789052 0.976397666667
0.813737 0.959759
0.268617 0.957264333333
0.204314566667 0.970843333333
0.423762 0.959141
0.636441333333 0.986965666667
0.544763666667 0.968144333333
0.584940333333 0.972164
0.597913333333 0.944498
0.01261597 0.932698666667
0.0254454366667 0.909347
0.0303772333333 0.943316333333
0.0415978333333 0.808161333333
0.0472120333333 0.713787333333
0.0279949 0.747962666667
0.150830333333 0.342561
0.132341533333 0.540755333333
0.11202 0.517712333333
0.0582174666667 0.67223
0.0551117333333 0.637425
0.0424672333333 0.555213666667
0.0711840333333 0.560609
0.0774114 0.521724
0.0352901333333 0.497408666667
0.0585805333333 0.481379
0.0820892333333 0.307656333333
0.0687937666667 0.274068666667
0.124653933333 0.312045333333
0.965061 0.237553
0.980798 0.285711666667
0.960525666667 0.328269333333
0.916425333333 0.189242666667
0.974086666667 0.171180333333
0.958702 0.199348333333
0.850497666667 0.232959666667
0.127879866667 0.570522666667
0.101330966667 0.586364666667
0.0935759333333 0.619324666667
0.816230666667 0.530506333333
0.787395333333 0.505665666667
0.729866666667 0.484058666667
0.746885666667 0.513168666667
0.741944666667 0.541913666667
0.603468 0.725444666667
0.857189333333 0.449761666667
0.890175333333 0.458844
0.917933666667 0.433964666667
0.924828666667 0.394981666667
0.931589 0.538460666667
0.898017666667 0.525323666667
0.902592666667 0.486666
0.961046 0.502878333333
0.944208333333 0.480385666667
0.366338333333 0.002197704
0.335458666667 0.00498510733333
0.0607759333333 0.189624666667
0.0901528666667 0.194099333333
0.113776333333 0.152302666667
0.142504666667 0.0443265
0.141075333333 0.0760638
0.100529333333 0.0379698333333
0.264791666667 0.0453522333333
0.240077333333 0.0242997873333
0.196332333333 0.021446254
0.182727 0.0445163666667
0.326580666667 0.0263908266667
0.303279666667 0.0445361333333
0.603865 0.240181666667
0.557159666667 0.0544583
0.637428 0.0361049
0.684887 0.0350343333333
0.955120333333 0.0853733333333
0.988408666667 0.0976969333333
0.985841666667 0.135227633333
0.965230666667 0.02767701
0.938332 0.0450260766667
0.72912 0.0222270266667
0.794950333333 0.00606663666667
0.898559666667 0.375301
0.722287666667 0.428631666667
0.714845666667 0.397270666667
0.641231666667 0.447223666667
0.706957666667 0.469348333333
0.685574 0.381231333333
0.704321666667 0.195595666667
0.782328666667 0.135641333333
0.727078 0.175946666667
0.97375 0.640106666667
0.137001666667 0.939558666667
0.127203566667 0.96611
0.0975529666667 0.926865666667
0.0877548666667 0.953417
0.252842 0.929340333333
0.225930333333 0.949755333333
0.631946666667 0.94686
0.642310333333 0.915771666667
0.673004666667 0.972406333333
0.592546333333 0.759946
0.526102333333 0.940687
0.0786641333333 0.447566666667
0.158334333333 0.419214666667
0.108494866667 0.221718666667
0.0999971333333 0.258411666667
0.133105933333 0.282219
0.934974 0.248699666667
0.903016 0.216556333333
0.880065 0.231586666667
0.855223 0.148462333333
0.931491666667 0.1080247
0.945535333333 0.141712
0.894759333333 0.105284033333
0.909648333333 0.161279
0.883204 0.145032666667
0.763373 0.19614
0.789108 0.17285
0.765361 0.229705333333
0.787974 0.244973666667
0.830855666667 0.180311333333
0.827733666667 0.218869666667
0.383076 0.935111666667
0.286009333333 0.922588333333
0.300750666667 0.894534333333
0.339227 0.89721
0.316426 0.947984
0.346900333333 0.931886
0.1062284 0.871392333333
0.506620333333 0.361182
0.571366666667 0.422213
0.531667333333 0.342393333333
0.714764666667 0.561894666667
0.677200333333 0.554403333333
0.530285666667 0.812695333333
0.559244666667 0.762977666667
0.557268666667 0.797645666667
0.0969454666667 0.129349333333
0.0765674666667 0.0688858
0.1042498 0.0892567666667
0.0484326666667 0.0887040333333
0.0410364 0.126732333333
0.0618668666667 0.147006666667
0.334619666667 0.0791239
0.210345333333 0.079466
0.593305 0.269575333333
0.565268333333 0.274932
0.547386333333 0.107727033333
0.572414 0.0918807333333
0.829353 0.270265666667
0.846595666667 0.304082333333
0.825526333333 0.338723
0.787893333333 0.335512333333
0.771651666667 0.303344333333
0.792042 0.272738333333
0.850158 0.417341666667
0.867899666667 0.391219666667
0.820273666667 0.396121
0.838015333333 0.369999
0.643225333333 0.419811666667
0.661158333333 0.395577333333
0.711456666667 0.229325
0.736201 0.243241333333
0.738244666667 0.0869914666667
0.743228666667 0.123284
0.713713 0.140299333333
0.700883 0.0681621
0.634968666667 0.733496
0.977011666667 0.68487
0.818984 0.563442333333
0.858249666667 0.578614333333
0.911505 0.672119666667
0.873257666667 0.60952
0.847011 0.633118666667
0.586537 0.905683666667
0.554902666667 0.905892333333
0.610729 0.889401
0.550837 0.845592333333
0.533654333333 0.872421333333
0.57782 0.830542666667
0.479129666667 0.334673
0.504176666667 0.315884333333
0.1259106 0.366467333333
0.127912933333 0.394698333333
0.0836701333333 0.361307333333
0.0609428 0.392322666667
0.0828806 0.411757333333
0.161103666667 0.476128666667
0.146578666667 0.446328
0.1264658 0.487421666667
0.1119408 0.457621
0.143128333333 0.218057333333
0.158315333333 0.261529333333
0.880655666667 0.307737666667
0.892980333333 0.272548
0.905108666667 0.336769666667
0.937201666667 0.312471
0.927387 0.28106
0.870066333333 0.0812408
0.813108666667 0.0996967666667
0.844255333333 0.105056433333
0.495095666667 0.886444333333
0.462749333333 0.939678666667
0.489995666667 0.930701333333
0.106406833333 0.711251666667
0.090806 0.676520666667
0.145952 0.638831
0.115316166667 0.640694333333
0.231576666667 0.800604666667
0.242741666667 0.728915666667
0.244200666667 0.827607666667
0.276133333333 0.867321
0.284230333333 0.840911333333
0.159628666667 0.917021666667
0.144422666667 0.888184666667
0.193861 0.929107
0.173638666667 0.859799333333
0.220772666667 0.908692
0.229322666667 0.874726666667
0.212036333333 0.852142666667
0.065371 0.798570666667
0.0657221 0.756098
0.0923283666667 0.749271666667
0.157264333333 0.836779
0.1137972 0.785516333333
0.112289066667 0.840696
0.0970522666667 0.812563
0.170982666667 0.606737
0.19639 0.619911666667
0.162997 0.577258333333
0.232947666667 0.602395666667
0.167458666667 0.547491
0.501228333333 0.394272333333
0.535200666667 0.425570666667
0.639070333333 0.511812333333
0.662113 0.527898
0.658666666667 0.475848333333
0.681709333333 0.491934
0.678695 0.618944333333
0.659639333333 0.586468333333
0.652368666667 0.652054
0.528233333333 0.740410333333
0.376175666667 0.533917666667
0.382853333333 0.567897666667
0.342894333333 0.522836666667
0.448408333333 0.02175545
0.487489666667 0.0273915566667
0.517776 0.0547912666667
0.511068333333 0.0831270333333
0.368861666667 0.0810503
0.394415 0.0279639533333
0.368261 0.0411690266667
0.428469666667 0.04461456
0.168271666667 0.103321366667
0.197319333333 0.1065337
0.148277 0.139467666667
0.611120333333 0.158773666667
0.643872666667 0.188711666667
0.667396 0.175483333333
0.630694666667 0.36771
0.627511666667 0.332805666667
0.602421333333 0.309027
0.574384666667 0.314383666667
0.559354333333 0.348394333333
0.579748333333 0.388918
0.612761666667 0.391944333333
0.664556 0.269651333333
0.690974333333 0.258626
0.658559333333 0.313212333333
0.686158 0.333770666667
0.715718666667 0.272542333333
0.718890666667 0.331253333333
0.732323333333 0.302696333333
0.910873666667 0.954917666667
0.956704666667 0.747109
0.925328666667 0.780202333333
0.923244 0.704206333333
0.954429666667 0.707682666667
0.874011 0.684174666667
0.850396333333 0.662895333333
0.808457666667 0.670451666667
0.907842 0.612454333333
0.924891 0.637809666667
0.937973 0.591774
0.955022 0.617129333333
0.196369666667 0.493450333333
0.226063666667 0.468906333333
0.257389 0.474708666667
0.202275333333 0.532904
0.278859333333 0.495875
0.306001333333 0.467713333333
0.284531 0.446547
0.28898 0.247986
0.296726 0.204161
0.256183 0.254563666667
0.186345333333 0.264907
0.192407 0.344371333333
0.903818333333 0.0351492433333
0.873752 0.0516576
0.867142333333 0.01559387
0.837076 0.0321022266667
0.797907666667 0.0732872333333
0.804779 0.04165056
0.762143666667 0.0729392666667
0.769015 0.0413025933333
0.354425 0.870364666667
0.461161 0.740815666667
0.490397666667 0.757538
0.263347 0.636786666667
0.255195666667 0.669429666667
0.271239666667 0.699719333333
0.309536 0.706511
0.333442333333 0.676267
0.256686666667 0.755223666667
0.260732666667 0.782315666667
0.309251666667 0.737916
0.161128333333 0.672129333333
0.216466666667 0.718749666667
0.192411333333 0.662913
0.220817666667 0.67804
0.140493333333 0.774925
0.187883666667 0.738784333333
0.192821333333 0.779868
0.168723666667 0.798054666667
0.137659 0.725245
0.160951666667 0.707291
0.536830666667 0.263319333333
0.499355666667 0.285991333333
0.466379333333 0.271314666667
0.582268 0.208119
0.585648666667 0.173569
0.543270333333 0.2259
0.591685 0.695485
0.618491666667 0.660843
0.604490333333 0.639088333333
0.481291333333 0.473691333333
0.738418 0.588487333333
0.785462666667 0.641834666667
0.719909333333 0.613472
0.739577333333 0.640490666667
0.80841 0.617640666667
0.765598 0.568506333333
0.795391 0.57887
0.715198 0.668177666667
0.73602 0.691991
0.669203666667 0.674268666667
0.661375333333 0.708973
0.697038 0.730961
0.725688333333 0.72007
0.622301 0.580158
0.606715333333 0.606543333333
0.458890666667 0.701547333333
0.352155 0.589319
0.352580333333 0.616897666667
0.311526666667 0.583923
0.296148666667 0.622969333333
0.31803 0.639047666667
0.402089 0.0984455333333
0.435543 0.0752148666667
0.473012666667 0.0873071
0.161793 0.196531333333
0.165065666667 0.163499666667
0.221213 0.217112666667
0.193648666667 0.223335
0.199815 0.14458
0.280974666667 0.179483
0.238258666667 0.185857
0.228732 0.157156333333
0.349923333333 0.156003
0.353161666667 0.209207
0.33236 0.192657
0.682459 0.120559
0.658898333333 0.136094
0.674613 0.0847143
0.633778 0.0703213333333
0.605875333333 0.0990677
0.623149666667 0.128995666667
0.70059 0.76757
0.674139666667 0.911307
0.688182333333 0.878635333333
0.972631333333 0.834783
0.972441 0.775308333333
0.823011333333 0.906987333333
0.842752333333 0.934489
0.876781333333 0.936551
0.892367 0.742810666667
0.892176666667 0.779380333333
0.865022 0.723863
0.240727666667 0.574688333333
0.231001 0.548138666667
0.267472 0.524696666667
0.298654666667 0.539746
0.286505 0.570033
0.356679666667 0.490984333333
0.340144333333 0.464857
0.400376666667 0.480101333333
0.429452 0.286427666667
0.404327666667 0.256340333333
0.208254 0.374541
0.191992333333 0.411373
0.215908666667 0.430904333333
0.28729 0.415826666667
0.249993 0.405986333333
0.245348333333 0.374309
0.242506666667 0.286442
0.247601333333 0.314701
0.200233333333 0.290563
0.205328 0.318822
0.400369666667 0.839253666667
0.472068666667 0.870324333333
0.392974 0.868908
0.413951666667 0.898979
0.444879333333 0.902236666667
0.375516333333 0.634809
0.365033 0.668847666667
0.410931 0.6403
0.395250333333 0.694884333333
0.422401333333 0.677019
0.397611333333 0.725473666667
0.427032666667 0.746876666667
0.41473 0.777607
0.365796666667 0.811117666667
0.375807 0.777720333333
0.303796 0.786524333333
0.33192 0.752544666667
0.366156 0.744309666667
0.314669666667 0.818117
0.342668 0.828816
0.462142 0.241408333333
0.471296333333 0.213939
0.422934333333 0.230435333333
0.495904666667 0.199999666667
0.526166333333 0.204726333333
0.500715 0.152805333333
0.536108333333 0.137741666667
0.552938666667 0.166618666667
0.593522666667 0.552729666667
0.587921666667 0.489809666667
0.607170666667 0.520346
0.485901666667 0.689771
0.526007666667 0.711911666667
0.554703666667 0.693102666667
0.474872666667 0.143072333333
0.463003666667 0.115550433333
0.415193666667 0.123267766667
0.390378 0.149061666667
0.451741666667 0.179474666667
0.39417 0.177565666667
0.421155 0.191545666667
0.291052666667 0.145879333333
0.317475333333 0.100213366667
0.324367333333 0.133903333333
0.260595666667 0.131433666667
0.268269666667 0.0725453333333
0.244704666667 0.0917896333333
0.645772666667 0.775713666667
0.675731333333 0.787799666667
0.622039333333 0.791174666667
0.627746333333 0.859341333333
0.609289 0.827103333333
0.673370333333 0.853040333333
0.694339333333 0.821471666667
0.720613333333 0.883856
0.784784 0.910976333333
0.772286 0.937757
0.747601 0.954395666667
0.715799333333 0.946538666667
0.706570666667 0.916527666667
0.927462666667 0.814340666667
0.952921333333 0.817450333333
0.893560666667 0.855448666667
0.827077666667 0.877574
0.855350666667 0.854642666667
0.788850333333 0.881563
0.758593333333 0.867815
0.737139333333 0.785756333333
0.732896333333 0.816480666667
0.767987666667 0.833081666667
0.836678333333 0.730974333333
0.772863666667 0.7075
0.803728666667 0.698842333333
0.762532 0.735579
0.770431 0.764656333333
0.464633 0.436757
0.473240333333 0.400673333333
0.319983333333 0.269187666667
0.348531 0.241912666667
0.372166666667 0.259848666667
0.278659 0.326636666667
0.275971666667 0.354262333333
0.316988 0.302556666667
0.438826333333 0.804084666667
0.434476333333 0.832334
0.472866666667 0.841760666667
0.498985666667 0.811511
0.480365666667 0.790076666667
0.442275 0.629731666667
0.480756333333 0.654674333333
0.554237666667 0.490546
0.532189 0.510315666667
0.532536333333 0.456745333333
0.510487666667 0.476515
0.951030333333 0.892693
0.94055 0.858933
0.929180666667 0.929301333333
0.895088333333 0.910934666667
0.903335666667 0.880265333333
0.831429666667 0.766994
0.801846666667 0.778179666667
0.803646333333 0.815880666667
0.859583 0.796452333333
0.844235 0.822183
0.445239333333 0.384697333333
0.412154 0.440548333333
0.436632 0.420781
0.445736666667 0.351787333333
0.418655333333 0.329009666667
0.362781333333 0.305478
0.336150333333 0.320911
0.384145666667 0.344551666667
0.315644 0.356905
0.424915 0.574552333333
0.448496666667 0.603316666667
0.506837 0.638771
0.563658333333 0.635686333333
0.540678333333 0.655058666667
0.565883333333 0.603141333333
0.559224 0.573814666667
0.491245 0.603586666667
0.530522666667 0.554328
0.49861 0.567842666667
0.327723 0.402482666667
0.336014666667 0.376706
0.377885333333 0.379785666667
0.359107 0.430346666667
0.387419666667 0.416921
0.447113333333 0.549392333333
0.47806 0.542412666667
0.439442333333 0.513068
0.470389 0.506088333333
