0.104 0.000148485
0.136 0.000299094
0.2 0.000133862
0.216 8.78464e-05
0.28 7.55166e-05
0.296 0.000791582
0.312 0.000234709
0.36 0.00015744
0.392 0.00208369
0.408 0.00528452
0.424 0.000719187
0.44 0.00149724
0.504 0.00196844
0.536 0.00341722
0.568 0.000134168
0.584 0.000846623
0.6 0.00011333
0.616 0.0103109
0.632 0.0111957
0.648 0.000678273
0.664 0.00922138
0.696 0.00458265
0.712 0.0329259
0.728 0.0504435
0.76 0.0120788
0.776 0.0118188
0.792 0.0532906
0.808 0.027151
0.824 0.0165504
0.856 0.107674
0.888 0.499088
0.904 8.50596
0.92 1.77362
0.936 0.515467
0.952 0.519441
0.984 0.649616
1 0.572307
1.016 1.10183
1.032 0.0626747
1.048 0.459761
1.064 0.316558
1.08 0.144842
1.096 0.445099
1.112 1.01843
1.128 4.41776
1.144 12.895
1.16 12.13
1.176 0.279145
1.208 0.236295
1.224 0.18941
1.24 0.365725
1.256 1.55179
1.272 0.140281
1.288 0.0621163
1.304 0.190948
1.32 0.100189
1.336 0.246907
1.352 0.0384886
1.368 0.262174
1.384 1.43021
1.4 0.0715089
1.416 0.0323191
1.432 1.17471
1.448 0.221357
1.464 0.0836357
1.48 0.140532
1.496 0.477831
1.512 0.0329835
1.528 0.228965
1.56 0.171607
1.576 0.24519
1.608 0.204094
1.624 0.0493656
1.64 0.144291
1.656 0.119226
1.672 2.41441
1.704 2.04865
1.72 0.400501
1.752 3.07639
1.768 0.819219
1.784 0.258331
1.8 0.691406
1.816 6.24087
1.832 0.797475
1.848 0.423412
1.864 0.383851
1.88 0.0733519
1.896 0.295561
1.912 0.940798
1.928 0.829223
1.944 0.256963
1.96 3.17034
1.976 1.72794
1.992 3.09558
2.008 0.484918
2.024 0.389196
2.04 1.09049
2.056 1.36917
2.088 0.834534
2.104 0.236938
2.12 3.60502
2.136 0.845024
2.152 0.614923
2.168 0.57094
2.184 0.851897
2.2 0.38127
2.216 0.911959
2.232 0.230582
2.248 0.186848
2.264 0.922371
2.28 4.95144
2.296 0.202367
2.312 0.462532
2.328 2.53855
2.344 0.415014
2.36 0.378244
2.376 0.607212
2.392 0.287013
2.408 0.284766
2.424 1.11477
2.44 0.159896
2.456 0.351786
2.472 1.22154
2.488 0.733985
2.504 0.699617
2.52 0.612465
2.536 4.30861
2.552 0.559841
2.568 0.340378
2.584 0.398242
2.6 1.04883
2.616 0.354171
2.632 0.317456
2.648 0.827568
2.664 1.6152
2.68 0.495745
2.696 0.623909
2.712 1.72983
2.728 0.838883
2.744 3.66082
2.76 0.293862
2.776 2.32112
2.792 0.255432
2.808 0.923189
2.824 0.97667
2.84 0.507602
2.856 0.522415
2.872 1.10748
2.888 4.30235
2.904 0.414901
2.92 0.559458
2.936 0.871024
2.952 0.262643
2.968 0.880039
2.984 0.724102
3 0.841055
3.016 1.08854
3.032 0.732772
3.048 0.761701
3.064 0.759578
3.08 0.332909
3.096 0.632828
3.112 0.359877
3.128 0.75728
3.144 0.922862
3.16 0.5736
3.176 0.515746
3.192 1.14385
3.208 0.455074
3.224 1.86428
3.24 0.721989
3.256 0.744065
3.272 0.498461
3.288 0.939911
3.304 1.9078
3.32 1.03469
3.336 0.422703
3.352 0.822223
3.368 0.642401
3.384 0.706407
3.4 1.51288
3.416 3.0898
3.432 0.44982
3.448 0.918534
3.464 0.584071
3.48 0.354205
3.496 1.87197
3.512 1.76422
3.528 0.896304
3.544 0.79075
3.56 0.391541
3.576 0.96214
3.592 2.42926
3.608 1.05152
3.624 0.608746
3.64 0.5013
3.656 0.557534
3.672 0.677022
3.688 0.900982
3.704 0.628242
3.72 0.696349
3.736 0.830623
3.752 1.83022
3.768 0.572801
3.784 2.39176
3.8 0.500919
3.816 1.14533
3.832 0.621243
3.848 2.18492
3.864 0.714561
3.88 0.638714
3.896 0.608394
3.912 0.496167
3.928 0.60403
3.944 0.593337
3.96 1.28325
3.976 1.1755
3.992 0.734986
4.008 0.613966
4.024 0.901707
4.04 0.996124
4.056 0.816889
4.072 1.1078
4.088 0.476793
4.104 0.723023
4.12 1.30449
4.136 0.591766
4.152 1.01354
4.168 0.653003
4.184 0.948308
4.2 1.05099
4.216 0.893265
4.232 0.950492
4.248 1.12011
4.264 0.469411
4.28 1.0139
4.296 1.0089
4.312 1.4426
4.328 0.845215
4.344 1.36218
4.36 1.27706
4.376 1.07257
4.392 0.599562
4.408 1.88097
4.424 1.68384
4.44 1.02042
4.456 0.938266
4.472 1.6278
4.488 0.59677
4.504 1.22975
4.52 1.06316
4.536 1.27583
4.552 0.871038
4.568 2.11064
4.584 0.45531
4.6 0.779732
4.616 1.03199
4.632 0.970278
4.648 1.0756
4.664 1.57312
4.68 1.18073
4.696 1.12443
4.712 0.615358
4.728 1.19386
4.744 0.984844
4.76 0.599402
4.776 1.09378
4.792 0.511692
4.808 0.802397
4.824 0.749106
4.84 0.734567
4.856 0.468506
4.872 1.52567
4.888 0.872938
4.904 0.468483
4.92 0.76554
4.936 0.513939
4.952 1.05432
4.968 0.891196
4.984 0.717819
5 0.710561
5.016 0.922741
5.032 0.683358
5.048 0.972111
5.064 1.36338
5.08 0.895781
5.096 0.994521
5.112 1.27024
5.128 0.642201
5.144 1.38382
5.16 1.34748
5.176 0.715618
5.192 1.0074
5.208 1.00038
5.224 0.908951
5.24 1.22942
5.256 0.78559
5.272 0.797869
5.288 1.05619
5.304 1.24384
5.32 0.777964
5.336 1.46663
5.352 0.727958
5.368 0.978583
5.384 1.26309
5.4 1.05298
5.416 0.970906
5.432 1.70383
5.448 1.26992
5.464 0.816814
5.48 0.765275
5.496 1.00669
5.512 1.0766
5.528 1.33274
5.544 1.13597
5.56 0.961546
5.576 0.898
5.592 0.832213
5.608 1.03961
5.624 1.82294
5.64 1.03047
5.656 1.04402
5.672 0.721543
5.688 1.04998
5.704 1.07542
5.72 1.04094
5.736 1.01417
5.752 0.926408
5.768 0.826416
5.784 0.915772
5.8 1.03261
5.816 0.886932
5.832 0.929264
5.848 0.730915
5.864 0.911241
5.88 1.82888
5.896 0.900187
5.912 1.24688
5.928 0.822557
5.944 0.939278
5.96 0.861805
5.976 0.800746
5.992 0.710608
6.008 0.944368
6.024 0.778899
6.04 1.12188
6.056 0.879953
6.072 0.922072
6.088 1.01332
6.104 0.922524
6.12 0.931656
6.136 0.851688
6.152 0.903776
6.168 1.29577
6.184 0.878122
6.2 1.07641
6.216 0.874501
6.232 1.11424
6.248 0.896322
6.264 1.30006
6.28 0.891565
6.296 0.883945
6.312 0.91717
6.328 0.980158
6.344 1.15028
6.36 0.709177
6.376 0.808997
6.392 1.27571
6.408 0.789409
6.424 0.640956
6.44 0.955211
6.456 1.30761
6.472 1.15982
6.488 1.48436
6.504 0.905135
6.52 1.03974
6.536 0.856247
6.552 1.56482
6.568 0.498141
6.584 0.794825
6.6 1.1714
6.616 0.839257
6.632 0.579511
6.648 1.1408
6.664 1.3186
6.68 1.16431
6.696 1.46378
6.712 0.814701
6.728 1.19923
6.744 1.33438
6.76 0.822899
6.776 1.40832
6.792 1.09631
6.808 0.795063
6.824 0.930147
6.84 0.954635
6.856 0.938143
6.872 1.22772
6.888 0.998425
6.904 1.02079
6.92 0.756812
6.936 1.01631
6.952 1.04714
6.968 1.27531
6.984 1.19439
7 1.16567
7.016 1.08418
7.032 0.898007
7.048 0.811509
7.064 1.4683
7.08 0.743204
7.096 0.650354
7.112 0.770143
7.128 0.949951
7.144 0.85703
7.16 0.780205
7.176 0.750834
7.192 0.870878
7.208 0.824085
7.224 1.14876
7.24 0.813729
7.256 1.32151
7.272 0.922708
7.288 0.985676
7.304 0.981276
7.32 0.780586
7.336 1.44452
7.352 1.20448
7.368 1.07881
7.384 0.974111
7.4 0.846297
7.416 0.874556
7.432 0.943518
7.448 1.14685
7.464 0.695618
7.48 0.912109
7.496 0.981262
7.512 1.08065
7.528 0.942007
7.544 1.18915
7.56 0.924261
7.576 0.921602
7.592 1.32916
7.608 1.07708
7.624 0.719159
7.64 1.04757
7.656 0.8951
7.672 0.996657
7.688 1.16185
7.704 1.00698
7.72 0.794013
7.736 0.850045
7.752 0.630937
7.768 1.65046
7.784 0.96398
7.8 1.06035
7.816 0.806854
7.832 1.01841
7.848 1.34057
7.864 0.864519
7.88 1.04942
7.896 0.427835
7.912 0.731218
7.928 0.928349
7.944 0.693706
7.96 1.00578
7.976 0.784605
7.992 0.917805
