0.0764623 0.626077
0.0999892 0.169562
0.147043 0.513767
0.158806 0.119666
0.20586 0.0940717
0.217624 0.331827
0.229387 0.0824522
0.264677 0.084695
0.288204 0.185044
0.299968 0.147108
0.311731 0.115247
0.323494 0.100653
0.370548 0.156284
0.394075 0.122944
0.417602 0.0363995
0.429365 0.0419484
0.441129 0.390582
0.452892 0.2041
0.464656 0.0251205
0.476419 0.0531501
0.488183 0.0477845
0.511709 0.251319
0.523473 0.265065
0.535236 0.0712083
0.558763 0.0842359
0.570527 0.115386
0.58229 0.302991
0.594053 0.241846
0.605817 0.0709651
0.629344 0.162838
0.652871 0.298392
0.664634 2.63218
0.676397 0.581138
0.688161 0.19896
0.699924 0.281978
0.723451 0.276125
0.735215 0.248027
0.746978 0.374114
0.758741 0.194788
0.770505 0.57978
0.782268 0.595242
0.794032 0.408684
0.805795 0.11165
0.817559 0.675201
0.829322 1.92327
0.841086 4.84376
0.852849 3.62585
0.864612 0.503445
0.888139 0.43988
0.899903 0.377167
0.911666 0.0888469
0.92343 0.527774
0.935193 0.352355
0.946956 0.250422
0.95872 0.292529
0.970483 0.631193
0.982247 0.494884
0.99401 0.166902
1.00577 0.372318
1.01754 0.398544
1.0293 0.421816
1.04106 0.272151
1.05283 0.209577
1.06459 0.671881
1.07635 0.509249
1.08812 0.75014
1.09988 1.16773
1.11164 0.326343
1.12341 0.743946
1.14693 0.543304
1.1587 0.450902
1.18223 0.30675
1.19399 0.610518
1.20575 0.502401
1.21752 0.979455
1.22928 0.909219
1.25281 3.38136
1.26457 0.274279
1.2881 4.58939
1.29986 0.45756
1.31162 1.61519
1.32339 1.81682
1.33515 1.86863
1.34691 2.7641
1.35868 1.17786
1.37044 1.78359
1.3822 0.784488
1.39397 1.17871
1.40573 1.49803
1.41749 1.78387
1.42926 1.42145
1.44102 3.24384
1.45278 1.70788
1.46455 1.13414
1.47631 0.620168
1.48807 0.933946
1.49984 1.89595
1.5116 0.776647
1.53513 0.25814
1.54689 0.716304
1.55865 5.20566
1.57042 0.892168
1.58218 0.608159
1.59395 0.102469
1.60571 1.23808
1.61747 0.557597
1.62924 1.0243
1.641 0.724634
1.65276 0.499881
1.66453 0.295144
1.67629 1.9058
1.68805 0.403776
1.69982 0.791599
1.71158 1.60286
1.72334 0.522891
1.73511 0.27446
1.74687 0.354529
1.75863 0.696782
1.7704 0.223729
1.78216 0.978489
1.79392 0.201511
1.80569 0.309086
1.81745 1.10632
1.82921 0.533748
1.84098 0.440072
1.85274 0.364267
1.8645 0.966819
1.87627 0.406978
1.88803 0.537333
1.89979 0.272609
1.91156 0.613444
1.92332 0.205748
1.93508 0.393258
1.94685 0.825812
1.95861 1.21856
1.97038 0.555792
1.98214 1.53728
1.9939 3.9365
2.00567 0.540166
2.01743 1.38826
2.02919 0.526503
2.04096 0.563466
2.05272 0.285872
2.06448 0.476869
2.07625 0.942093
2.08801 0.433773
2.09977 0.396258
2.11154 1.12475
2.1233 2.23029
2.13506 0.615255
2.14683 0.826917
2.15859 1.20677
2.17035 0.650101
2.18212 0.497554
2.19388 0.437709
2.20564 0.540655
2.21741 0.820472
2.22917 0.333377
2.24093 0.726828
2.2527 0.624601
2.26446 0.426629
2.27622 0.945428
2.28799 0.717272
2.29975 0.873637
2.31151 0.495895
2.32328 0.802553
2.33504 0.548738
2.34681 2.16576
2.35857 0.646156
2.37033 0.77968
2.3821 0.473822
2.39386 1.38754
2.40562 0.452583
2.41739 0.615106
2.42915 1.20401
2.44091 1.1664
2.45268 0.456896
2.46444 0.595921
2.4762 0.572946
2.48797 0.573473
2.49973 1.73617
2.51149 5.26326
2.52326 0.547466
2.53502 1.62919
2.54678 0.663366
2.55855 0.9535
2.57031 1.53801
2.58207 1.65348
2.59384 1.4623
2.6056 1.8946
2.61736 0.283572
2.62913 0.635733
2.64089 2.6424
2.65265 1.00049
2.66442 1.02903
2.67618 0.829814
2.68794 4.03307
2.69971 0.799008
2.71147 1.10003
2.72323 0.452878
2.735 1.26511
2.74676 0.763344
2.75853 1.28163
2.77029 0.810159
2.78205 0.579512
2.79382 0.720693
2.80558 0.416164
2.81734 0.694954
2.82911 1.62502
2.84087 0.495971
2.85263 1.23089
2.8644 0.655401
2.87616 0.913138
2.88792 0.443012
2.89969 0.556907
2.91145 0.922043
2.92321 1.61391
2.93498 0.608378
2.94674 0.894328
2.9585 0.787719
2.97027 0.565893
2.98203 0.708763
2.99379 1.49272
3.00556 1.45972
3.01732 0.660345
3.02908 0.643374
3.04085 1.1638
3.05261 0.66238
3.06437 0.47305
3.07614 1.36952
3.0879 0.514291
3.09966 0.475007
3.11143 0.653814
3.12319 1.46974
3.13496 1.41114
3.14672 0.93572
3.15848 1.17257
3.17025 1.37259
3.18201 0.624228
3.19377 1.24593
3.20554 0.784696
3.2173 0.99686
3.22906 0.847928
3.24083 0.742778
3.25259 1.26284
3.26435 0.99006
3.27612 1.83583
3.28788 0.763104
3.29964 0.887647
3.31141 1.05499
3.32317 0.524221
3.33493 1.48746
3.3467 0.77528
3.35846 1.81186
3.37022 0.894205
3.38199 0.832096
3.39375 0.75575
3.40551 1.14839
3.41728 0.798331
3.42904 0.863596
3.4408 0.869811
3.45257 1.03326
3.46433 1.06935
3.47609 0.828857
3.48786 0.815295
3.49962 0.50065
3.51139 0.850419
3.52315 0.815501
3.53491 0.818551
3.54668 0.922324
3.55844 0.808882
3.5702 0.789535
3.58197 1.21121
3.59373 1.05031
3.60549 0.558254
3.61726 0.946417
3.62902 0.591854
3.64078 1.26027
3.65255 1.62838
3.66431 0.664016
3.67607 0.438937
3.68784 1.22213
3.6996 0.751018
3.71136 1.5934
3.72313 1.14609
3.73489 0.508823
3.74665 1.39239
3.75842 1.43483
3.77018 0.695397
3.78194 1.35268
3.79371 1.08358
3.80547 0.567232
3.81723 1.23536
3.829 0.828746
3.84076 0.934127
3.85252 1.52655
3.86429 0.645505
3.87605 1.0218
3.88781 0.740185
3.89958 1.29885
3.91134 1.14835
3.92311 1.87581
3.93487 0.80097
3.94663 0.679359
3.9584 0.660705
3.97016 1.00323
3.98192 1.34841
3.99369 2.36589
4.00545 1.11064
4.01721 0.956585
4.02898 0.767125
4.04074 0.914537
4.0525 1.46531
4.06427 1.411
4.07603 0.621183
4.08779 1.08246
4.09956 1.19007
4.11132 1.01745
4.12308 1.33006
4.13485 1.67215
4.14661 1.21433
4.15837 0.725737
4.17014 1.01823
4.1819 0.891965
4.19366 1.05252
4.20543 1.19503
4.21719 0.935633
4.22895 0.618243
4.24072 1.29288
4.25248 0.845209
4.26424 1.05753
4.27601 0.819344
4.28777 0.770223
4.29954 0.829953
4.3113 0.73686
4.32306 1.07863
4.33483 0.82725
4.34659 0.817727
4.35835 0.903481
4.37012 0.760621
4.38188 0.848896
4.39364 0.639623
4.40541 0.506219
4.41717 0.876801
4.42893 0.987428
4.4407 0.880051
4.45246 0.845864
4.46422 0.749168
4.47599 0.810224
4.48775 1.12156
4.49951 0.87396
4.51128 0.832941
4.52304 0.696142
4.5348 1.1389
4.54657 0.818058
4.55833 1.00051
4.57009 0.978832
4.58186 1.02726
4.59362 0.764872
4.60538 0.81275
4.61715 0.649868
4.62891 1.08733
4.64067 0.670975
4.65244 1.13611
4.6642 0.743463
4.67596 0.821888
4.68773 1.16951
4.69949 0.883452
4.71126 1.03562
4.72302 0.905445
4.73478 0.688999
4.74655 1.50864
4.75831 0.79556
4.77007 1.08865
4.78184 0.994678
4.7936 0.876885
4.80536 0.905985
4.81713 1.51796
4.82889 1.43618
4.84065 1.17036
4.85242 1.06827
4.86418 0.748215
4.87594 0.765269
4.88771 1.62269
4.89947 0.9605
4.91123 0.860225
4.923 1.14425
4.93476 1.26765
4.94652 1.3315
4.95829 1.40602
4.97005 0.989852
4.98181 1.03904
4.99358 1.18831
5.00534 1.21009
5.0171 1.20259
5.02887 1.23281
5.04063 0.884863
5.05239 1.07882
5.06416 1.31199
5.07592 0.801627
5.08769 0.815879
5.09945 1.5953
5.11121 1.34779
5.12298 1.46979
5.13474 0.523954
5.1465 1.2531
5.15827 1.06852
5.17003 0.853832
5.18179 1.095
5.19356 1.39517
5.20532 0.962264
5.21708 0.978255
5.22885 0.894479
5.24061 0.851604
5.25237 0.884877
5.26414 0.857662
5.2759 0.714167
5.28766 0.964531
5.29943 0.811823
5.31119 0.975918
5.32295 0.787948
5.33472 0.969844
5.34648 0.779386
5.35824 1.19837
5.37001 0.973626
5.38177 0.853201
5.39353 0.971043
5.4053 1.13196
5.41706 0.778365
5.42882 0.906618
5.44059 1.07022
5.45235 0.751929
5.46412 0.663327
5.47588 1.15013
5.48764 0.769719
5.49941 0.684478
5.51117 0.65071
5.52293 0.849445
5.5347 0.919436
5.54646 0.970215
5.55822 0.938602
5.56999 0.689778
5.58175 1.13898
5.59351 1.04445
5.60528 1.18722
5.61704 0.841736
5.6288 1.08861
5.64057 0.843698
5.65233 1.21141
5.66409 0.809214
5.67586 0.886676
5.68762 0.887242
5.69938 1.27316
5.71115 0.988158
5.72291 0.874184
5.73467 0.608461
5.74644 0.859124
5.7582 0.881642
5.76996 1.12579
5.78173 1.15912
5.79349 1.01414
5.80525 0.567322
5.81702 0.805703
5.82878 0.837768
5.84054 0.864333
5.85231 1.06073
5.86407 0.619963
5.87584 1.20758
