0.104 0.126228
0.136 0.0913282
0.2 0.115126
0.216 0.0488938
0.28 0.0133224
0.296 0.028084
0.312 0.0818898
0.36 0.0629634
0.392 0.075344
0.408 0.107298
0.424 0.113967
0.44 0.232392
0.504 0.100699
0.536 0.264104
0.568 0.282169
0.584 0.23111
0.6 0.100769
0.616 0.201359
0.632 0.585487
0.648 0.163867
0.664 0.167466
0.696 0.209162
0.712 0.287677
0.728 0.405653
0.76 0.306114
0.776 1.12484
0.792 0.279719
0.808 0.766725
0.824 1.25436
0.856 0.612658
0.888 0.517341
0.904 0.98045
0.92 0.94732
0.936 1.37386
0.952 0.254524
0.984 0.941265
1 0.995736
1.016 0.894116
1.032 1.04052
1.048 1.71472
1.064 1.08592
1.08 2.03789
1.096 2.56576
1.112 1.8111
1.128 1.55339
1.144 2.37026
1.16 2.19785
1.176 1.5574
1.208 1.27929
1.224 0.629097
1.24 1.21324
1.256 1.31968
1.272 0.756645
1.288 1.52874
1.304 1.16726
1.32 0.910916
1.336 0.600968
1.352 0.965138
1.368 1.30758
1.384 0.288903
1.4 1.09729
1.416 0.89328
1.432 1.58123
1.448 1.0661
1.464 1.08646
1.48 1.08724
1.496 0.792631
1.512 1.59378
1.528 1.18585
1.56 1.03191
1.576 0.729371
1.608 0.621715
1.624 0.853386
1.64 0.40247
1.656 0.828313
1.672 0.482559
1.704 1.04912
1.72 1.40048
1.752 0.823485
1.768 1.08504
1.784 1.2273
1.8 0.814236
1.816 0.892375
1.832 1.18021
1.848 0.953782
1.864 1.07769
1.88 0.674175
1.896 0.755067
1.912 1.0006
1.928 1.14472
1.944 1.1151
1.96 0.95423
1.976 0.628724
1.992 0.841205
2.008 1.00538
2.024 0.753995
2.04 0.750205
2.056 0.607148
2.088 0.539641
2.104 1.3242
2.12 0.827842
2.136 1.56967
2.152 1.17432
2.168 1.72596
2.184 1.26612
2.2 1.08946
2.216 1.08369
2.232 0.924481
2.248 0.641009
2.264 0.811235
2.28 1.01183
2.296 0.597668
2.312 0.854359
2.328 1.0885
2.344 0.942006
2.36 0.920708
2.376 0.722688
2.392 0.83806
2.408 1.00549
2.424 1.47651
2.44 0.752485
2.456 1.58109
2.472 0.55862
2.488 1.47584
2.504 1.29959
2.52 0.749552
2.536 0.669426
2.552 1.04699
2.568 0.905676
2.584 0.433381
2.6 1.42022
2.616 0.830626
2.632 1.2489
2.648 1.36249
2.664 1.09822
2.68 0.415555
2.696 0.71184
2.712 1.5308
2.728 0.991926
2.744 0.955009
2.76 0.934917
2.776 0.976901
2.792 1.0709
2.808 1.04254
2.824 1.0838
2.84 1.15441
2.856 0.627499
2.872 1.02729
2.888 0.677926
2.904 1.20486
2.92 0.774844
2.936 0.742423
2.952 1.27996
2.968 1.09572
2.984 0.637251
3 1.27174
3.016 1.25544
3.032 1.49878
3.048 0.765058
3.064 1.0884
3.08 0.868081
3.096 0.866334
3.112 0.706607
3.128 0.821318
3.144 1.20554
3.16 1.19336
3.176 0.851276
3.192 1.15624
3.208 1.07308
3.224 0.742815
3.24 0.849859
3.256 1.10734
3.272 1.05127
3.288 1.45732
3.304 0.91074
3.32 1.07269
3.336 1.00103
3.352 0.886683
3.368 1.52526
3.384 2.45398
3.4 0.696008
3.416 0.949392
3.432 0.611204
3.448 0.86759
3.464 0.853569
3.48 1.01544
3.496 0.643411
3.512 1.05195
3.528 1.27118
3.544 0.961123
3.56 0.395558
3.576 0.981816
3.592 1.01741
3.608 0.869232
3.624 1.06134
3.64 0.81898
3.656 1.21154
3.672 1.19063
3.688 0.818493
3.704 1.21882
3.72 1.24889
3.736 0.75834
3.752 0.845256
3.768 0.971973
3.784 1.86154
3.8 0.964955
3.816 0.701026
3.832 1.02352
3.848 0.952604
3.864 0.778237
3.88 0.722018
3.896 1.24174
3.912 0.932967
3.928 0.976462
3.944 1.10141
3.96 0.985552
3.976 0.807914
3.992 1.2557
4.008 0.971319
4.024 0.842993
4.04 0.889619
4.056 1.15869
4.072 0.733615
4.088 1.12767
4.104 0.989021
4.12 0.922142
4.136 0.947277
4.152 1.75598
4.168 0.928951
4.184 1.20897
4.2 1.05283
4.216 0.769353
4.232 0.694868
4.248 1.15248
4.264 1.02002
4.28 0.792143
4.296 1.02625
4.312 0.889728
4.328 1.06036
4.344 0.750235
4.36 1.1155
4.376 1.46103
4.392 1.09238
4.408 0.748255
4.424 0.762412
4.44 0.860007
4.456 0.983164
4.472 1.34722
4.488 1.24647
4.504 0.810845
4.52 1.26301
4.536 0.861225
4.552 0.549648
4.568 0.747336
4.584 1.43284
4.6 1.2038
4.616 1.01005
4.632 0.865285
4.648 0.925252
4.664 1.03283
4.68 1.15041
4.696 0.813106
4.712 0.994992
4.728 1.34538
4.744 1.10589
4.76 1.14833
4.776 1.18928
4.792 1.23062
4.808 0.890827
4.824 0.796811
4.84 0.888106
4.856 0.675145
4.872 1.05175
4.888 1.26401
4.904 0.936669
4.92 0.762081
4.936 1.40351
4.952 0.874876
4.968 0.882885
4.984 0.777859
5 0.767192
5.016 0.97646
5.032 0.818067
5.048 1.30408
5.064 1.16122
5.08 1.11256
5.096 0.825857
5.112 1.22697
5.128 1.08995
5.144 0.696293
5.16 1.098
5.176 0.398919
5.192 0.872324
5.208 0.968835
5.224 1.1216
5.24 0.954108
5.256 1.34016
5.272 1.29646
5.288 0.841295
5.304 1.2854
5.32 1.18002
5.336 0.844785
5.352 0.649986
5.368 0.97642
5.384 0.871216
5.4 1.37665
5.416 0.87001
5.432 0.28705
5.448 0.831426
5.464 0.908353
5.48 1.06092
5.496 1.32632
5.512 1.03511
5.528 1.12957
5.544 1.41341
5.56 0.896166
5.576 0.911985
5.592 0.884333
5.608 1.29954
5.624 0.854099
5.64 0.734601
5.656 0.980156
5.672 0.653896
5.688 0.705975
5.704 0.880729
5.72 0.885044
5.736 0.949925
5.752 0.925175
5.768 0.970057
5.784 1.22519
5.8 0.734295
5.816 1.45283
5.832 1.36408
5.848 0.855193
5.864 1.03768
5.88 0.98183
5.896 1.27678
5.912 1.21441
5.928 1.16701
5.944 1.28667
5.96 1.24344
5.976 0.781151
5.992 0.973174
6.008 1.01536
6.024 0.778133
6.04 1.08634
6.056 0.613267
6.072 0.847176
6.088 0.870881
6.104 1.06706
6.12 0.951842
6.136 1.18717
6.152 1.12892
6.168 0.895494
6.184 0.953678
6.2 0.986059
6.216 0.883241
6.232 0.931549
6.248 1.46428
6.264 0.981098
6.28 0.857926
6.296 0.933412
6.312 0.918666
6.328 0.99212
6.344 0.836162
6.36 1.09638
6.376 0.947147
6.392 1.4251
6.408 0.813773
6.424 1.02289
6.44 1.05769
6.456 0.933424
6.472 0.942098
6.488 0.811405
6.504 0.922978
6.52 0.7397
6.536 1.15579
6.552 1.2198
6.568 0.934563
6.584 0.870734
6.6 1.20078
6.616 1.00996
6.632 1.08103
6.648 1.03224
6.664 0.994493
6.68 1.17662
6.696 1.11885
6.712 0.762222
6.728 1.0819
6.744 1.16451
6.76 0.696869
6.776 0.978534
6.792 0.609112
6.808 1.36098
6.824 1.05995
6.84 0.942448
6.856 0.94085
6.872 0.855093
6.888 0.890155
6.904 1.05823
6.92 0.921966
6.936 0.925989
6.952 1.19774
6.968 0.777825
6.984 0.934176
7 1.19741
7.016 1.14564
7.032 1.12132
7.048 0.891703
7.064 1.1347
7.08 1.19692
7.096 0.665969
7.112 0.917181
7.128 0.8581
7.144 1.05613
7.16 1.07304
7.176 1.40539
7.192 0.72317
7.208 0.816632
7.224 0.846008
7.24 1.0458
7.256 1.21894
7.272 0.546828
7.288 1.07452
7.304 1.15126
7.32 0.829188
7.336 1.03932
7.352 1.08782
7.368 0.918674
7.384 1.1907
7.4 1.17097
7.416 0.9286
7.432 0.885611
7.448 1.04157
7.464 1.06242
7.48 0.803988
7.496 1.22711
7.512 1.05323
7.528 0.818375
7.544 1.02487
7.56 1.00676
7.576 1.31449
7.592 1.03403
7.608 0.904042
7.624 0.789646
7.64 1.3234
7.656 0.81615
7.672 1.26951
7.688 1.00228
7.704 1.20027
7.72 0.612692
7.736 1.14358
7.752 1.21668
7.768 1.07124
7.784 0.855087
7.8 0.726155
7.816 0.867178
7.832 1.1603
7.848 1.16427
7.864 0.668815
7.88 1.13271
7.896 0.537912
7.912 0.881521
7.928 0.800882
7.944 0.953428
7.96 0.77409
7.976 0.804212
7.992 0.861923
