0.1517 0.0332293
0.198376 0.0618195
0.29173 0.0931935
0.315068 0.313037
0.408422 0.122824
0.43176 0.713566
0.455099 0.193378
0.525114 0.20471
0.571791 0.0751136
0.595129 0.712793
0.618468 0.524492
0.641806 0.565401
0.73516 0.360791
0.781836 1.19611
0.828513 0.256677
0.851852 0.770033
0.87519 0.0797061
0.898528 0.953777
0.921867 1.55561
0.945205 0.954978
0.968544 0.451153
1.01522 2.66928
1.03856 0.59111
1.0619 1.2601
1.10857 1.01125
1.13191 1.67209
1.15525 2.62763
1.17859 2.15709
1.20193 1.14045
1.2486 0.767097
1.29528 0.402723
1.31862 0.482904
1.34196 0.76999
1.3653 0.46298
1.38863 0.422679
1.43531 1.70368
1.45865 0.890529
1.48199 1.87271
1.50533 0.646258
1.52867 0.651401
1.552 0.70237
1.57534 0.548914
1.59868 0.0798568
1.62202 0.821245
1.64536 1.21893
1.6687 0.870439
1.69203 1.32165
1.71537 1.17889
1.76205 1.0706
1.78539 0.764315
1.80873 0.705168
1.83206 2.3872
1.8554 0.571535
1.87874 2.07318
1.90208 1.2602
1.92542 1.28359
1.94876 1.27115
1.97209 0.467449
1.99543 0.934033
2.01877 1.16927
2.04211 1.6144
2.06545 0.580857
2.08879 1.65858
2.11213 0.917682
2.13546 0.668241
2.1588 0.394324
2.18214 1.10859
2.20548 0.975363
2.22882 1.29339
2.27549 1.57903
2.29883 1.80385
2.34551 0.752087
2.36885 0.773966
2.39219 1.38158
2.41552 0.822083
2.43886 0.614721
2.48554 0.861729
2.50888 0.576732
2.55555 0.950198
2.57889 1.30424
2.60223 0.890894
2.62557 0.858336
2.64891 0.801668
2.67225 0.892711
2.69559 0.55187
2.71892 1.4537
2.74226 0.960482
2.7656 1.15311
2.78894 0.466873
2.81228 0.675644
2.83562 0.931538
2.85895 1.34472
2.88229 1.58422
2.90563 1.25552
2.92897 0.806677
2.95231 0.550453
2.97565 2.09903
2.99898 0.990245
3.04566 1.02009
3.069 0.99229
3.09234 1.48202
3.11568 1.47161
3.13901 0.623593
3.16235 1.42336
3.18569 0.838087
3.20903 1.09872
3.23237 0.934021
3.25571 0.968805
3.27905 0.752326
3.30238 1.501
3.32572 1.20128
3.34906 0.533375
3.3724 0.563628
3.39574 0.881097
3.41908 0.876877
3.44241 0.865298
3.46575 1.10911
3.48909 0.613243
3.51243 0.910096
3.53577 0.840052
3.55911 1.0263
3.58244 0.9963
3.60578 0.807807
3.62912 0.769712
3.65246 1.30412
3.6758 0.395006
3.69914 0.467385
3.72247 1.23893
3.74581 0.716787
3.76915 0.491974
3.79249 1.64751
3.81583 0.550392
3.83917 0.927825
3.8625 0.954687
3.88584 0.900232
3.90918 0.518695
3.93252 0.916812
3.95586 1.35214
3.9792 1.19749
4.00254 1.78302
4.02587 0.910678
4.04921 1.01846
4.07255 0.7974
4.09589 0.738607
4.11923 1.04251
4.14257 1.41706
4.1659 0.866158
4.18924 1.25546
4.21258 0.807288
4.23592 0.87613
4.25926 1.39791
4.2826 0.33113
4.30593 1.17019
4.32927 1.23286
4.35261 0.615733
4.37595 0.937317
4.39929 0.724657
4.42263 0.574455
4.44596 1.30703
4.4693 0.905431
4.49264 1.05626
4.51598 0.391368
4.53932 1.07269
4.56266 0.94461
4.586 0.882122
4.60933 0.973045
4.63267 1.05781
4.65601 1.40947
4.67935 0.588403
4.70269 1.30471
4.72603 1.25839
4.74936 1.25077
4.7727 1.36906
4.79604 0.392317
4.81938 0.907366
4.84272 1.03085
4.86606 1.13184
4.88939 0.615302
4.91273 0.825201
4.93607 0.86542
4.95941 1.35636
4.98275 1.1649
5.00609 1.06541
5.02942 0.722544
5.05276 0.661376
5.0761 0.571316
5.09944 1.03765
5.12278 0.805521
5.14612 1.15891
5.16946 0.798495
5.19279 0.783955
5.21613 0.835054
5.23947 0.988491
5.26281 1.0604
5.28615 1.15424
5.30949 1.04176
5.33282 0.912916
5.35616 0.876367
5.3795 1.07194
5.40284 0.731071
5.42618 0.905903
5.44952 1.59096
5.47285 1.04251
5.49619 0.96178
5.51953 1.313
5.54287 1.15417
5.56621 1.2249
5.58955 0.693776
5.61288 1.0364
5.63622 0.783226
5.65956 0.716417
5.6829 1.00505
5.70624 0.929968
5.72958 0.868028
5.75292 1.6388
5.77625 0.914141
5.79959 0.966359
5.82293 0.927483
5.84627 0.548552
5.86961 1.16393
5.89295 0.778774
5.91628 0.677153
5.93962 1.73285
5.96296 1.00695
5.9863 1.19024
6.00964 1.00107
6.03298 1.67624
6.05631 0.908706
6.07965 1.04359
6.10299 0.878537
6.12633 1.22802
6.14967 0.988823
6.17301 0.974816
6.19634 0.703955
6.21968 1.0551
6.24302 1.08044
6.26636 0.975945
6.2897 1.07993
6.31304 0.950902
6.33638 0.788848
6.35971 0.868446
6.38305 0.683267
6.40639 1.33117
6.42973 0.859721
6.45307 0.864589
6.47641 0.780215
6.49974 0.732785
6.52308 1.23015
6.54642 0.903037
6.56976 0.604037
6.5931 1.01466
6.61644 0.628794
6.63977 0.806606
6.66311 1.05085
6.68645 1.27506
6.70979 1.48996
6.73313 1.24065
6.75647 1.00846
6.7798 0.807513
6.80314 0.951082
6.82648 0.802699
6.84982 1.22174
6.87316 1.30036
6.8965 0.764912
6.91984 1.23668
6.94317 1.05392
6.96651 0.92239
6.98985 0.848886
7.01319 0.903315
7.03653 1.07358
7.05987 0.794616
7.0832 1.01739
7.10654 0.969945
7.12988 0.817047
7.15322 1.21119
7.17656 1.19667
7.1999 0.820155
7.22323 0.689564
7.24657 0.91377
7.26991 0.855944
7.29325 1.00206
7.31659 0.862622
7.33993 0.767096
7.36326 0.906934
7.3866 0.828853
7.40994 1.3043
7.43328 1.10781
7.45662 0.913961
7.47996 1.06227
7.5033 0.919207
7.52663 0.897055
7.54997 1.16163
7.57331 0.951766
7.59665 1.05763
7.61999 0.669705
7.64333 0.845571
7.66666 1.33062
7.69 1.31545
7.71334 0.966858
7.73668 0.893495
7.76002 1.08691
7.78336 0.840886
7.80669 1.52702
7.83003 0.940547
7.85337 0.883328
7.87671 1.60338
7.90005 0.870877
7.92339 0.982158
7.94672 1.00808
7.97006 1.21341
7.9934 1.12968
8.01674 1.0225
8.04008 0.83009
8.06342 1.04835
8.08676 0.966149
8.11009 1.11612
8.13343 1.04175
8.15677 1.01661
8.18011 1.03047
8.20345 1.29246
8.22679 0.843804
8.25012 1.10388
8.27346 1.03365
8.2968 0.908705
8.32014 1.304
8.34348 1.15679
8.36682 1.16565
8.39015 1.0083
8.41349 1.02105
8.43683 0.924181
8.46017 1.215
8.48351 1.04827
8.50685 1.14796
8.53018 0.829534
8.55352 0.782967
8.57686 0.866845
8.6002 0.823463
8.62354 1.017
8.64688 0.893074
8.67022 0.774834
8.69355 0.788465
8.71689 1.01579
8.74023 0.877013
8.76357 0.758564
8.78691 0.789627
8.81025 0.661156
8.83358 0.985184
8.85692 1.26448
8.88026 1.08178
8.9036 0.841843
8.92694 1.31152
8.95028 1.02264
8.97361 0.888975
8.99695 1.27259
9.02029 1.0004
9.04363 1.33755
9.06697 0.815998
9.09031 1.2646
9.11364 0.848999
9.13698 1.01821
9.16032 0.639483
9.18366 1.16866
9.207 1.05966
9.23034 1.12201
9.25368 1.32645
9.27701 0.707075
9.30035 0.685606
9.32369 0.962784
9.34703 1.0686
9.37037 1.242
9.39371 1.22572
9.41704 0.927027
9.44038 0.547397
9.46372 0.810823
9.48706 1.01421
9.5104 1.07067
9.53374 1.3635
9.55707 0.983347
9.58041 0.975804
9.60375 0.778696
9.62709 0.91573
9.65043 1.02201
9.67377 0.984788
9.6971 1.14245
9.72044 0.919785
9.74378 0.91723
9.76712 1.01036
9.79046 1.06982
9.8138 1.2172
9.83714 0.952918
9.86047 1.28613
9.88381 0.932741
9.90715 0.881784
9.93049 1.07341
9.95383 0.746843
9.97717 1.02547
10.0005 1.1123
10.0238 0.842893
10.0472 1.02212
10.0705 1.13329
10.0939 0.919026
10.1172 0.954258
10.1405 0.757796
10.1639 0.997796
10.1872 0.84818
10.2105 0.824614
10.2339 0.970937
10.2572 0.976414
10.2806 0.852684
10.3039 1.07751
10.3272 0.943281
10.3506 0.796558
10.3739 1.09063
10.3973 1.55764
10.4206 1.55149
10.4439 0.920029
10.4673 1.15996
10.4906 1.08675
10.5139 0.845815
10.5373 0.850377
10.5606 1.0783
10.584 0.992565
10.6073 1.15639
10.6306 1.11373
10.654 0.958529
10.6773 0.728366
10.7007 1.25576
10.724 0.997833
10.7473 1.02033
10.7707 0.686809
10.794 0.964415
10.8173 1.23489
10.8407 0.896872
10.864 1.16693
10.8874 0.691785
10.9107 1.17525
10.934 1.05476
10.9574 0.611582
10.9807 0.809721
11.0041 1.00007
11.0274 0.913073
11.0507 0.957093
11.0741 1.34353
11.0974 0.817186
11.1207 0.975243
11.1441 1.23828
11.1674 1.00293
11.1908 0.912683
11.2141 0.899353
11.2374 1.29699
11.2608 1.23532
11.2841 1.13489
11.3075 0.834878
11.3308 0.931879
11.3541 0.970935
11.3775 0.981318
11.4008 1.32575
11.4241 1.24497
11.4475 0.863598
11.4708 1.06207
11.4942 0.921888
11.5175 0.839101
11.5408 1.24704
11.5642 0.939602
11.5875 1.0026
11.6109 0.915865
11.6342 1.55639
11.6575 0.923861
