0.105596 0.0997826
0.138087 0.0184601
0.203069 0.225264
0.219315 0.0929475
0.284297 0.341197
0.300542 0.0869793
0.316788 0.0655644
0.365525 0.0602049
0.398016 0.198996
0.414261 0.204148
0.430507 0.0591353
0.446752 0.0790647
0.511734 0.0451405
0.544226 0.0900424
0.576717 0.0691188
0.592962 0.0985146
0.609208 0.125545
0.625453 0.138431
0.641699 0.0636327
0.657944 0.0798717
0.67419 0.205247
0.706681 0.145405
0.722926 0.397748
0.739172 0.192577
0.771663 0.299583
0.787909 0.693041
0.804154 0.878042
0.8204 0.541684
0.836645 0.396122
0.869136 0.354533
0.901627 1.03803
0.917873 0.470029
0.934118 1.33829
0.950364 2.16757
0.96661 4.38914
0.999101 1.7447
1.01535 1.88346
1.03159 2.45898
1.04784 0.925739
1.06408 0.620507
1.08033 1.02411
1.09657 1.40092
1.11282 0.523682
1.12906 1.3178
1.14531 0.286558
1.16156 1.19233
1.1778 1.06486
1.19405 1.87826
1.22654 1.56734
1.24278 0.97711
1.25903 1.24841
1.27527 1.39891
1.29152 1.09672
1.30777 0.801538
1.32401 1.34994
1.34026 1.16279
1.3565 1.50854
1.37275 0.258812
1.38899 2.02437
1.40524 0.987822
1.42148 0.92807
1.43773 1.32952
1.45398 0.955223
1.47022 1.18121
1.48647 0.305532
1.50271 1.21999
1.51896 0.489734
1.5352 1.21318
1.55145 1.00201
1.58394 0.868645
1.60019 1.15348
1.63268 0.412554
1.64892 0.809128
1.66517 0.747399
1.68141 0.713633
1.69766 1.7108
1.73015 1.00745
1.7464 0.688926
1.77889 0.644832
1.79513 0.751685
1.81138 0.417118
1.82762 0.958037
1.84387 1.38417
1.86011 0.605882
1.87636 0.616677
1.89261 1.32443
1.90885 0.598554
1.9251 0.807586
1.94134 1.03207
1.95759 0.581163
1.97383 0.816042
1.99008 0.667726
2.00632 0.528063
2.02257 1.16592
2.03882 1.11897
2.05506 1.0277
2.07131 1.04613
2.08755 1.17507
2.12004 1.05567
2.13629 1.10453
2.15253 0.751637
2.16878 0.71423
2.18502 0.627736
2.20127 0.550721
2.21752 1.06056
2.23376 0.907414
2.25001 0.894946
2.26625 0.761698
2.2825 0.951321
2.29874 1.43089
2.31499 0.967214
2.33123 0.943526
2.34748 1.4597
2.36373 1.03604
2.37997 0.989824
2.39622 0.99276
2.41246 1.08865
2.42871 0.603742
2.44495 0.946073
2.4612 0.910316
2.47744 0.691655
2.49369 1.64194
2.50994 1.43576
2.52618 1.36433
2.54243 1.0082
2.55867 1.29605
2.57492 2.07151
2.59116 0.943149
2.60741 1.09698
2.62365 0.749129
2.6399 1.45892
2.65615 1.9297
2.67239 1.41528
2.68864 1.23157
2.70488 1.18335
2.72113 1.39539
2.73737 1.31292
2.75362 1.23796
2.76986 1.2943
2.78611 1.26302
2.80236 0.543631
2.8186 1.50449
2.83485 0.852476
2.85109 0.944594
2.86734 0.656339
2.88358 1.25532
2.89983 0.88168
2.91607 0.753074
2.93232 0.726082
2.94857 0.760396
2.96481 0.745893
2.98106 1.20362
2.9973 1.01341
3.01355 0.914791
3.02979 1.09868
3.04604 0.72122
3.06228 0.78226
3.07853 0.94638
3.09478 0.505998
3.11102 0.884831
3.12727 0.408689
3.14351 1.04109
3.15976 0.768081
3.176 0.585416
3.19225 0.552951
3.20849 1.19137
3.22474 0.570571
3.24098 0.923015
3.25723 0.94425
3.27348 1.08454
3.28972 0.755158
3.30597 0.690215
3.32221 0.831588
3.33846 0.879649
3.3547 0.71374
3.37095 0.940824
3.38719 1.25254
3.40344 0.7116
3.41969 0.787399
3.43593 1.38918
3.45218 0.913476
3.46842 1.18906
3.48467 0.852024
3.50091 1.09381
3.51716 0.96592
3.5334 0.944698
3.54965 0.974922
3.5659 1.06768
3.58214 1.17467
3.59839 0.824391
3.61463 1.47402
3.63088 1.34243
3.64712 0.920717
3.66337 1.57594
3.67961 1.50197
3.69586 1.32397
3.71211 1.89494
3.72835 1.31531
3.7446 0.954549
3.76084 1.22034
3.77709 1.26482
3.79333 1.03152
3.80958 1.22566
3.82582 1.22502
3.84207 0.917641
3.85832 1.19707
3.87456 0.675718
3.89081 1.38484
3.90705 1.24074
3.9233 0.971901
3.93954 0.93113
3.95579 1.16114
3.97203 1.04103
3.98828 1.16133
4.00453 1.0382
4.02077 0.608922
4.03702 0.953147
4.05326 0.910067
4.06951 0.998766
4.08575 0.899092
4.102 0.625449
4.11824 0.618926
4.13449 0.906222
4.15074 0.877851
4.16698 0.730971
4.18323 0.853385
4.19947 0.870792
4.21572 0.72872
4.23196 1.20857
4.24821 0.850177
4.26445 1.23537
4.2807 0.727623
4.29694 0.900425
4.31319 0.871797
4.32944 1.47102
4.34568 0.802716
4.36193 0.553362
4.37817 0.615833
4.39442 0.581039
4.41066 1.17532
4.42691 0.929717
4.44315 0.888796
4.4594 0.755892
4.47565 0.558122
4.49189 0.849899
4.50814 0.744186
4.52438 0.678034
4.54063 0.917105
4.55687 0.929919
4.57312 0.847463
4.58936 1.17071
4.60561 1.01052
4.62186 0.85271
4.6381 1.07838
4.65435 1.35942
4.67059 1.30856
4.68684 1.11822
4.70308 0.844389
4.71933 1.18977
4.73557 1.05678
4.75182 1.22927
4.76807 1.33044
4.78431 1.09148
4.80056 1.32322
4.8168 1.24098
4.83305 1.63063
4.84929 1.10161
4.86554 1.10536
4.88178 0.882552
4.89803 1.28104
4.91428 0.924365
4.93052 0.764009
4.94677 1.52855
4.96301 1.09744
4.97926 1.08518
4.9955 1.49058
5.01175 1.15695
5.02799 1.29485
5.04424 1.05765
5.06049 1.15209
5.07673 0.972737
5.09298 1.17528
5.10922 1.01759
5.12547 0.978521
5.14171 1.15438
5.15796 0.864873
5.1742 0.972373
5.19045 1.00494
5.2067 1.02781
5.22294 0.671518
5.23919 1.28272
5.25543 0.32786
5.27168 0.794481
5.28792 0.998939
5.30417 0.822616
5.32041 1.06688
5.33666 1.08503
5.3529 0.723598
5.36915 0.922943
5.3854 0.638744
5.40164 0.959671
5.41789 0.8956
5.43413 0.870031
5.45038 0.736063
5.46662 0.847852
5.48287 0.506207
5.49911 0.790604
5.51536 1.51999
5.53161 1.01124
5.54785 0.840998
5.5641 0.446284
5.58034 0.599113
5.59659 0.889086
5.61283 0.956977
5.62908 0.768564
5.64532 0.662196
5.66157 0.954214
5.67782 0.986896
5.69406 0.943859
5.71031 0.960026
5.72655 1.06642
5.7428 0.934551
5.75904 0.995236
5.77529 0.837434
5.79153 0.777211
5.80778 1.09065
5.82403 1.25857
5.84027 0.879952
5.85652 1.17206
5.87276 1.0675
5.88901 1.03685
5.90525 1.49779
5.9215 1.07862
5.93774 1.10034
5.95399 1.12457
5.97024 1.01282
5.98648 0.972302
6.00273 1.43474
6.01897 0.994748
6.03522 1.14133
6.05146 1.19093
6.06771 1.05365
6.08395 0.771137
6.1002 1.07693
6.11645 1.15372
6.13269 1.03313
6.14894 1.2351
6.16518 1.23447
6.18143 1.75004
6.19767 1.33016
6.21392 1.0111
6.23016 0.964198
6.24641 1.13091
6.26266 0.923838
6.2789 1.38123
6.29515 1.30427
6.31139 1.16842
6.32764 0.920913
6.34388 1.10053
6.36013 1.01823
6.37637 0.817865
6.39262 1.0655
6.40886 0.758035
6.42511 1.09673
6.44136 0.953936
6.4576 0.83877
6.47385 0.870849
6.49009 0.939093
6.50634 1.04708
6.52258 0.955435
6.53883 0.884251
6.55507 0.755739
6.57132 0.953488
6.58757 0.695673
6.60381 0.934359
6.62006 0.861375
6.6363 0.615779
6.65255 0.775528
6.66879 0.98282
6.68504 0.651195
6.70128 0.77032
6.71753 0.99098
6.73378 1.05115
6.75002 0.812699
6.76627 0.769218
6.78251 0.86958
6.79876 0.651711
6.815 0.8751
6.83125 1.09945
6.84749 0.807353
6.86374 0.995084
6.87999 0.551081
6.89623 0.900493
6.91248 1.1315
6.92872 1.05098
6.94497 0.657438
6.96121 0.953886
6.97746 0.551146
6.9937 1.03876
7.00995 0.908852
7.0262 1.087
7.04244 1.17728
7.05869 1.17623
7.07493 0.948222
7.09118 1.3506
7.10742 1.26456
7.12367 0.938251
7.13991 1.49778
7.15616 1.16642
7.17241 0.96326
7.18865 1.32827
7.2049 0.847861
7.22114 1.21089
7.23739 1.33164
7.25363 1.20283
7.26988 1.35115
7.28612 0.972755
7.30237 1.10593
7.31862 1.20232
7.33486 1.44475
7.35111 1.09791
7.36735 1.0533
7.3836 1.41886
7.39984 1.28846
7.41609 1.10884
7.43233 1.13481
7.44858 1.1905
7.46483 0.804588
7.48107 0.658295
7.49732 0.899435
7.51356 1.1032
7.52981 1.14287
7.54605 0.935131
7.5623 0.889202
7.57854 1.0485
7.59479 1.07682
7.61103 0.875996
7.62728 1.06132
7.64353 1.23846
7.65977 0.852016
7.67602 0.784797
7.69226 0.878975
7.70851 0.774287
7.72475 0.81415
7.741 0.799643
7.75724 0.670513
7.77349 0.864889
7.78974 1.04889
7.80598 1.0006
7.82223 0.884749
7.83847 0.786371
7.85472 0.841561
7.87096 0.740172
7.88721 1.03173
7.90345 0.966234
7.9197 1.03452
7.93595 0.92624
7.95219 0.891347
7.96844 0.777766
7.98468 0.862393
8.00093 1.04375
8.01717 0.288892
8.03342 0.906561
8.04966 0.781525
8.06591 1.17945
8.08216 1.15048
8.0984 1.59959
8.11465 0.721311
