0.126119 0.000780701
0.164924 0.000605012
0.242536 0.000875174
0.261938 0.00205149
0.33955 0.0174485
0.358953 0.0124111
0.378356 0.0158032
0.436564 0.0563722
0.47537 0.0945583
0.494773 0.0265094
0.514176 0.0380163
0.533578 0.0930865
0.61119 0.174155
0.649995 0.370159
0.688801 0.115986
0.708204 0.308205
0.727607 0.196537
0.74701 0.496862
0.766413 0.372334
0.785815 0.313414
0.805218 0.590161
0.844024 0.620566
0.863427 0.694711
0.88283 0.571792
0.921635 1.39606
0.941038 2.04923
0.960441 2.24407
0.979844 1.05806
0.999247 1.46649
1.03805 0.971663
1.07686 2.31923
1.09626 0.942328
1.11566 1.24504
1.13507 2.22342
1.15447 5.32247
1.19328 1.88246
1.21268 1.79839
1.23208 3.22064
1.25148 0.792939
1.27089 0.611685
1.29029 0.583842
1.30969 1.02534
1.3291 0.715748
1.3485 0.924141
1.3679 0.350346
1.3873 1.07783
1.40671 0.336346
1.42611 1.21065
1.46492 1.21671
1.48432 0.431108
1.50372 0.650372
1.52312 1.7899
1.54253 0.447376
1.56193 0.579477
1.58133 0.487785
1.60074 0.502941
1.62014 1.33564
1.63954 0.196623
1.65894 1.12687
1.67835 0.645189
1.69775 0.482474
1.71715 1.10387
1.73656 0.498634
1.75596 0.772436
1.77536 0.384497
1.79476 0.733286
1.81417 0.353146
1.83357 1.28896
1.85297 0.673923
1.89178 0.780054
1.91118 1.00329
1.94999 0.623817
1.96939 0.904286
1.98879 1.22277
2.00819 1.1615
2.0276 1.48479
2.0664 1.0222
2.08581 0.798194
2.12461 0.666407
2.14401 1.30496
2.16342 0.601826
2.18282 1.83188
2.20222 1.63362
2.22163 1.15378
2.24103 1.43209
2.26043 2.02204
2.27983 0.87762
2.29924 0.853639
2.31864 1.77836
2.33804 1.00283
2.35745 0.790402
2.37685 0.913422
2.39625 0.658104
2.41565 1.77717
2.43506 1.14822
2.45446 1.14842
2.47386 1.53575
2.49327 1.19564
2.53207 0.8506
2.55147 1.50626
2.57088 0.814534
2.59028 0.580632
2.60968 0.717519
2.62909 0.320228
2.64849 1.01189
2.66789 0.996546
2.68729 0.822266
2.7067 1.03803
2.7261 0.77543
2.7455 0.979061
2.76491 0.817769
2.78431 0.727307
2.80371 0.931651
2.82311 0.982828
2.84252 1.13898
2.86192 0.931648
2.88132 0.926157
2.90073 0.672236
2.92013 0.494846
2.93953 0.555575
2.95893 0.739597
2.97834 1.02237
2.99774 1.03303
3.01714 1.30504
3.03655 0.914416
3.05595 0.778298
3.07535 1.35273
3.09475 1.0627
3.11416 0.701138
3.13356 0.355352
3.15296 0.866338
3.17237 1.13038
3.19177 1.12864
3.21117 0.99243
3.23057 0.887954
3.24998 0.753367
3.26938 1.20549
3.28878 1.51508
3.30819 1.03865
3.32759 1.33239
3.34699 0.793152
3.36639 1.19986
3.3858 1.14573
3.4052 1.03607
3.4246 0.909957
3.44401 1.69472
3.46341 0.978804
3.48281 0.940415
3.50221 0.88755
3.52162 1.08347
3.54102 1.15472
3.56042 1.32825
3.57983 1.39998
3.59923 1.11795
3.61863 1.76023
3.63803 1.15852
3.65744 1.28648
3.67684 1.72773
3.69624 0.746729
3.71565 0.625863
3.73505 0.634813
3.75445 1.28927
3.77385 0.86114
3.79326 0.694529
3.81266 0.79753
3.83206 1.42069
3.85147 0.741416
3.87087 1.09925
3.89027 0.919249
3.90967 1.06449
3.92908 0.596701
3.94848 0.615378
3.96788 0.611526
3.98729 1.16956
4.00669 0.86371
4.02609 0.941453
4.04549 1.18683
4.0649 0.697323
4.0843 0.833297
4.1037 1.70208
4.12311 0.878123
4.14251 1.0461
4.16191 0.480078
4.18131 0.844001
4.20072 0.900638
4.22012 0.716165
4.23952 1.07596
4.25893 0.842099
4.27833 0.827751
4.29773 0.816812
4.31713 0.739488
4.33654 0.961676
4.35594 1.31979
4.37534 1.51134
4.39475 1.06774
4.41415 1.08327
4.43355 1.26194
4.45295 1.23345
4.47236 0.742216
4.49176 1.01984
4.51116 0.894215
4.53057 1.07181
4.54997 0.929465
4.56937 0.961238
4.58877 0.870367
4.60818 1.16598
4.62758 1.05382
4.64698 1.10377
4.66639 1.18569
4.68579 0.935261
4.70519 0.906174
4.72459 1.21877
4.744 0.832304
4.7634 0.959354
4.7828 0.984575
4.80221 0.792163
4.82161 1.05654
4.84101 1.13443
4.86041 1.11348
4.87982 0.836001
4.89922 0.861098
4.91862 1.00005
4.93803 0.939719
4.95743 1.08931
4.97683 0.756467
4.99623 0.943872
5.01564 0.86085
5.03504 1.26996
5.05444 0.923588
5.07385 1.0098
5.09325 1.37183
5.11265 1.11509
5.13205 1.34427
5.15146 0.847287
5.17086 1.65875
5.19026 0.822613
5.20967 0.777065
5.22907 0.71089
5.24847 1.0431
5.26787 1.56305
5.28728 1.15407
5.30668 1.07184
5.32608 1.126
5.34549 0.733372
5.36489 0.852472
5.38429 1.0175
5.40369 0.967784
5.4231 0.941314
5.4425 1.05
5.4619 1.182
5.48131 1.07014
5.50071 0.81038
5.52011 0.814188
5.53951 0.70599
5.55892 0.985224
5.57832 1.05245
5.59772 0.922992
5.61713 0.593368
5.63653 1.20038
5.65593 1.03072
5.67533 1.11139
5.69474 1.23115
5.71414 0.966698
5.73354 0.922118
5.75295 1.20699
5.77235 1.42102
5.79175 0.909049
5.81115 1.0235
5.83056 0.73597
5.84996 1.12165
5.86936 0.83499
5.88876 0.521551
5.90817 1.37423
5.92757 0.985855
5.94697 0.94423
5.96638 1.08221
5.98578 0.88074
6.00518 1.27213
6.02458 0.933925
6.04399 0.94428
6.06339 0.991527
6.08279 1.09599
6.1022 0.749864
6.1216 0.97282
6.141 0.884494
6.1604 0.795923
6.17981 1.18028
6.19921 1.06801
6.21861 0.924457
6.23802 1.10071
6.25742 1.17419
6.27682 0.527089
6.29622 0.921725
6.31563 1.03251
6.33503 0.997676
6.35443 1.17824
6.37384 1.0327
6.39324 1.26167
6.41264 0.977771
6.43204 0.820066
6.45145 1.04286
6.47085 1.39234
6.49025 1.19343
6.50966 1.01405
6.52906 0.843593
6.54846 0.88388
6.56786 0.781953
6.58727 1.65531
6.60667 1.25195
6.62607 0.920338
6.64548 0.444587
6.66488 0.642711
6.68428 1.11051
6.70368 1.15634
6.72309 0.944891
6.74249 0.898883
6.76189 1.09803
6.7813 0.857877
6.8007 0.894088
6.8201 0.86482
6.8395 1.15008
6.85891 1.21506
6.87831 1.03233
6.89771 0.909447
6.91712 0.714686
6.93652 1.07936
6.95592 1.22391
6.97532 0.866573
6.99473 0.987309
7.01413 1.02567
7.03353 0.866552
7.05294 1.49988
7.07234 1.13888
7.09174 1.23282
7.11114 0.915645
7.13055 0.804553
7.14995 0.833377
7.16935 1.32657
7.18876 0.904274
7.20816 0.90393
7.22756 1.11205
7.24696 1.0131
7.26637 0.623278
7.28577 0.967892
7.30517 1.06167
7.32458 0.794732
7.34398 0.787289
7.36338 1.22382
7.38278 1.33974
7.40219 1.03361
7.42159 0.910015
7.44099 0.797681
7.4604 1.11026
7.4798 0.79387
7.4992 1.23887
7.5186 1.3105
7.53801 1.17213
7.55741 0.829326
7.57681 1.06476
7.59622 1.11854
7.61562 0.851289
7.63502 1.21087
7.65442 0.801759
7.67383 1.23965
7.69323 1.09314
7.71263 0.699187
7.73204 1.04857
7.75144 0.961893
7.77084 1.1391
7.79024 1.16065
7.80965 0.884035
7.82905 0.915082
7.84845 0.963084
7.86786 0.938148
7.88726 1.08634
7.90666 1.06793
7.92606 0.684355
7.94547 0.854639
7.96487 1.46835
7.98427 0.921565
8.00368 0.960237
8.02308 0.962771
8.04248 1.30467
8.06188 1.02079
8.08129 0.952916
8.10069 0.93207
8.12009 0.918405
8.1395 0.870325
8.1589 0.931411
8.1783 0.995571
8.1977 1.22237
8.21711 0.759595
8.23651 0.897821
8.25591 1.07629
8.27532 1.0791
8.29472 0.893369
8.31412 1.11559
8.33352 0.628742
8.35293 1.04223
8.37233 0.76316
8.39173 1.13476
8.41114 1.05113
8.43054 1.06805
8.44994 0.854283
8.46934 1.39178
8.48875 1.1579
8.50815 0.800058
8.52755 0.733013
8.54696 1.10689
8.56636 1.03186
8.58576 1.01981
8.60516 0.773735
8.62457 1.17553
8.64397 1.32515
8.66337 1.12262
8.68278 0.982509
8.70218 0.800662
8.72158 1.16955
8.74098 1.15199
8.76039 1.3528
8.77979 0.788957
8.79919 0.832435
8.8186 1.4186
8.838 1.02972
8.8574 1.02329
8.8768 0.969466
8.89621 1.00242
8.91561 0.910392
8.93501 0.885909
8.95442 0.80562
8.97382 0.970701
8.99322 1.00466
9.01262 0.976351
9.03203 0.789523
9.05143 1.14184
9.07083 1.2746
9.09024 0.838663
9.10964 1.07808
9.12904 1.22498
9.14844 0.840646
9.16785 0.946902
9.18725 1.0054
9.20665 0.989456
9.22606 1.00037
9.24546 0.867854
9.26486 0.766054
9.28426 0.862442
9.30367 1.31474
9.32307 1.19034
9.34247 1.19262
9.36188 1.03442
9.38128 0.754317
9.40068 0.977585
9.42008 0.966372
9.43949 0.93742
9.45889 1.16841
9.47829 1.04481
9.4977 1.10084
9.5171 0.933257
9.5365 1.03307
9.5559 0.971192
9.57531 0.482286
9.59471 1.0819
9.61411 0.760077
9.63352 0.987726
9.65292 0.975319
9.67232 1.90662
9.69172 0.633653
