0.0428525 0.186353
0.0560378 0.128929
0.0824086 0.193439
0.0890012 0.148178
0.115372 0.137147
0.121965 0.124819
0.128557 0.0615938
0.148335 0.0573197
0.161521 0.0301186
0.168113 0.0200364
0.174706 0.0443211
0.181299 0.0343888
0.20767 0.0601244
0.220855 0.116647
0.23404 0.0895055
0.240633 0.0382788
0.247226 0.156804
0.253818 0.125195
0.260411 0.0533628
0.267004 0.0857117
0.273596 0.0510417
0.286782 0.446183
0.293374 0.108854
0.299967 0.137225
0.313153 0.090561
0.319745 0.030538
0.326338 0.189966
0.332931 0.0518291
0.339523 0.0241982
0.352709 0.0710663
0.365894 0.0829844
0.372487 0.249342
0.379079 0.0520565
0.385672 0.0385606
0.392265 0.106768
0.40545 0.0457426
0.412043 0.12728
0.418636 0.0441108
0.425228 0.139304
0.431821 0.00755105
0.438414 0.044313
0.445006 0.0442505
0.451599 0.581476
0.458192 0.0981271
0.464784 0.109932
0.471377 0.086324
0.47797 0.137386
0.484562 0.0659215
0.497748 0.142219
0.50434 0.198282
0.510933 0.132246
0.517526 0.0831878
0.524118 0.119557
0.530711 0.153347
0.537304 0.127144
0.543897 0.551956
0.550489 0.217564
0.557082 0.377175
0.563675 0.16606
0.570267 0.339613
0.57686 0.268862
0.583453 0.209886
0.590045 0.331027
0.596638 0.462559
0.603231 0.499488
0.609823 0.223171
0.616416 0.492957
0.623009 0.494544
0.629601 0.449452
0.642787 0.451812
0.649379 0.656898
0.662565 0.972772
0.669158 0.811916
0.67575 0.485632
0.682343 0.964621
0.688936 0.947183
0.702121 0.975893
0.708714 0.838
0.721899 1.51435
0.728492 0.832415
0.735084 1.18097
0.741677 1.0804
0.74827 0.320952
0.754862 1.40632
0.761455 0.574179
0.768048 1.22584
0.774641 1.07067
0.781233 1.26483
0.787826 0.346267
0.794419 1.49667
0.801011 0.880236
0.807604 0.868173
0.814197 0.933099
0.820789 0.948148
0.827382 0.774272
0.833975 0.67937
0.840567 0.472739
0.84716 1.11641
0.860345 0.772696
0.866938 0.569375
0.873531 0.549375
0.880123 0.588932
0.886716 0.494358
0.893309 0.239295
0.899902 0.0471688
0.906494 0.422205
0.913087 0.550934
0.91968 0.381877
0.926272 0.794952
0.932865 0.469976
0.939458 0.375913
0.94605 0.282216
0.952643 0.286674
0.959236 0.368999
0.965828 0.501597
0.972421 0.111136
0.979014 0.355395
0.985606 0.3781
0.992199 0.543724
0.998792 0.44514
1.00538 0.393309
1.01198 0.296778
1.01857 0.570198
1.02516 0.418241
1.03176 0.388264
1.03835 0.537816
1.04494 0.512009
1.05153 0.870199
1.05813 0.858819
1.06472 0.549736
1.07131 0.693665
1.0779 0.567562
1.0845 0.826232
1.09109 1.27897
1.09768 0.627131
1.10427 0.925339
1.11087 0.736997
1.11746 0.705351
1.12405 0.8444
1.13065 1.49235
1.13724 1.34263
1.14383 1.05003
1.15042 1.13706
1.15702 0.412987
1.16361 1.2992
1.1702 1.47999
1.17679 0.853976
1.18339 0.823513
1.18998 1.06094
1.19657 0.962149
1.20317 1.39574
1.20976 1.20782
1.21635 1.12781
1.22294 1.55794
1.22954 1.82843
1.23613 1.79138
1.24272 1.11088
1.24931 1.49691
1.25591 1.06196
1.2625 0.796384
1.26909 1.33568
1.27568 0.750549
1.28228 1.81187
1.28887 1.35968
1.29546 1.86634
1.30206 1.20899
1.30865 0.908779
1.31524 1.91949
1.32183 1.79831
1.32843 1.77086
1.33502 1.36303
1.34161 1.63508
1.3482 1.08108
1.3548 1.4772
1.36139 1.76758
1.36798 2.26058
1.37457 1.43171
1.38117 2.73402
1.38776 1.43242
1.39435 2.51199
1.40095 2.26984
1.40754 1.36273
1.41413 2.58161
1.42072 1.84725
1.42732 2.11807
1.43391 1.38624
1.4405 2.56834
1.44709 2.3204
1.45369 2.01119
1.46028 1.83732
1.46687 2.13954
1.47347 1.67419
1.48006 1.59685
1.48665 1.45519
1.49324 1.33331
1.49984 1.67755
1.50643 1.60707
1.51302 1.153
1.51961 1.80739
1.52621 1.50253
1.5328 1.54275
1.53939 0.721634
1.54598 1.02808
1.55258 1.3412
1.55917 1.6504
1.56576 1.20988
1.57236 0.677651
1.57895 1.53764
1.58554 0.827008
1.59213 1.07211
1.59873 1.14261
1.60532 1.23439
1.61191 0.539682
1.6185 1.06396
1.6251 0.919347
1.63169 0.859065
1.63828 0.927301
1.64487 0.37934
1.65147 0.599289
1.65806 0.800598
1.66465 0.974245
1.67125 0.552697
1.67784 0.490926
1.68443 0.805625
1.69102 0.679655
1.69762 0.617727
1.70421 0.599668
1.7108 0.535361
1.71739 0.691256
1.72399 0.780038
1.73058 0.450919
1.73717 0.509313
1.74377 0.498347
1.75036 0.517831
1.75695 0.68547
1.76354 0.589376
1.77014 0.42676
1.77673 0.622777
1.78332 0.49324
1.78991 0.720506
1.79651 0.473955
1.8031 0.569044
1.80969 0.576528
1.81628 0.765368
1.82288 0.603071
1.82947 0.667139
1.83606 0.798219
1.84266 0.568006
1.84925 0.42804
1.85584 0.462261
1.86243 0.520585
1.86903 0.693114
1.87562 0.6
1.88221 0.480428
1.8888 0.784707
1.8954 0.586016
1.90199 0.665939
1.90858 0.762687
1.91518 0.607098
1.92177 0.321415
1.92836 0.954488
1.93495 0.892719
1.94155 0.577923
1.94814 0.850951
1.95473 0.748216
1.96132 0.657566
1.96792 0.565708
1.97451 0.637902
1.9811 0.661779
1.98769 0.74644
1.99429 0.681315
2.00088 0.611734
2.00747 0.638337
2.01407 0.632719
2.02066 0.959419
2.02725 0.808511
2.03384 0.619731
2.04044 0.811948
2.04703 0.902009
2.05362 0.645508
2.06021 0.626504
2.06681 0.61153
2.0734 0.92774
2.07999 1.09838
2.08658 0.965638
2.09318 0.521319
2.09977 1.33991
2.10636 0.808598
2.11296 1.19883
2.11955 1.0612
2.12614 0.913812
2.13273 0.80795
2.13933 0.921521
2.14592 1.49772
2.15251 1.35362
2.1591 1.14044
2.1657 0.829299
2.17229 1.29419
2.17888 0.909184
2.18548 1.53869
2.19207 1.09458
2.19866 1.18758
2.20525 0.894523
2.21185 1.04954
2.21844 1.60651
2.22503 1.11027
2.23162 1.13024
2.23822 1.14185
2.24481 1.05981
2.2514 1.14769
2.25799 1.06165
2.26459 0.947004
2.27118 1.14955
2.27777 1.38261
2.28437 1.26905
2.29096 1.19374
2.29755 0.804366
2.30414 1.26376
2.31074 0.991056
2.31733 0.676956
2.32392 1.05749
2.33051 0.908531
2.33711 1.28051
2.3437 1.26743
2.35029 0.930668
2.35688 0.950751
2.36348 0.921198
2.37007 0.891538
2.37666 1.25739
2.38326 1.23699
2.38985 0.836862
2.39644 1.19599
2.40303 1.28084
2.40963 0.841859
2.41622 1.15848
2.42281 0.860194
2.4294 1.09322
2.436 0.649384
2.44259 1.00899
2.44918 0.993044
2.45578 1.17429
2.46237 1.17334
2.46896 1.32236
2.47555 1.12509
2.48215 1.34121
2.48874 1.12143
2.49533 1.33378
2.50192 0.95858
2.50852 1.63622
2.51511 1.12611
2.5217 1.19792
2.52829 1.16532
2.53489 1.22779
2.54148 1.29408
2.54807 1.20106
2.55467 1.38243
2.56126 0.941132
2.56785 1.26145
2.57444 1.25797
2.58104 0.864272
2.58763 1.07869
2.59422 0.969678
2.60081 0.954626
2.60741 0.69143
2.614 0.746249
2.62059 0.888944
2.62719 1.28555
2.63378 1.28612
2.64037 0.85728
2.64696 1.16275
2.65356 1.17129
2.66015 0.794252
2.66674 0.938177
2.67333 1.22062
2.67993 0.862847
2.68652 1.2999
2.69311 1.14825
2.6997 1.36404
2.7063 0.907827
2.71289 0.915947
2.71948 1.21608
2.72608 1.10003
2.73267 1.10382
2.73926 0.926875
2.74585 1.10951
2.75245 1.09744
2.75904 0.913077
2.76563 1.1064
2.77222 1.07217
2.77882 0.946883
2.78541 0.985559
2.792 1.06365
2.79859 0.824793
2.80519 1.15575
2.81178 0.8808
2.81837 1.2149
2.82497 0.915563
2.83156 1.15257
2.83815 1.02889
2.84474 0.992361
2.85134 1.07757
2.85793 0.87951
2.86452 1.01799
2.87111 1.06691
2.87771 0.893752
2.8843 0.842168
2.89089 0.873483
2.89749 1.14779
2.90408 1.36056
2.91067 1.28174
2.91726 1.18295
2.92386 1.0362
2.93045 0.80148
2.93704 0.987203
2.94363 1.02798
2.95023 1.1686
2.95682 0.893695
2.96341 0.779817
2.97 0.820082
2.9766 0.868802
2.98319 0.985727
2.98978 1.07001
2.99638 0.787859
3.00297 1.06747
3.00956 1.00944
3.01615 0.784173
3.02275 0.98389
3.02934 0.874052
3.03593 0.906361
3.04252 1.01059
3.04912 0.919795
3.05571 1.13544
3.0623 0.946368
3.06889 1.00613
3.07549 0.727716
3.08208 1.06594
3.08867 0.814486
3.09527 0.900763
3.10186 0.837364
3.10845 1.29411
3.11504 0.822496
3.12164 1.0016
3.12823 0.936021
3.13482 0.932708
3.14141 1.11989
3.14801 0.970285
3.1546 0.797466
3.16119 0.934948
3.16779 0.759227
3.17438 0.84625
3.18097 1.11148
3.18756 0.595216
3.19416 1.15525
3.20075 0.849686
3.20734 0.994997
3.21393 1.06096
3.22053 0.832367
3.22712 0.732079
3.23371 0.917543
3.2403 1.333
3.2469 1.08082
3.25349 0.684022
3.26008 0.744923
3.26668 1.30436
3.27327 1.26638
3.27986 1.02347
3.28645 0.959745
3.29305 0.913894
