2
299

200
0.0288187
0.132971
0.803404	0.155392
0.683315	0.997658
0.451501	0.941321
0.976512	0.441383
0.957654	0.0538503
0.882073	0.619333
0.416599	0.386548
0.869733	0.785669
0.436624	0.510926
0.966171	0.164193
0.650856	0.616373
0.964463	0.335387
0.256253	0.773685
0.724435	0.351784
0.85415	0.249591
0.470845	0.762961
0.433146	0.822921
0.567115	0.395452
0.146824	0.754642
0.876784	0.0734146
0.142487	0.902032
0.0142132	0.920443
0.295671	0.325732
0.871598	0.354849
0.797707	0.404168
0.862733	0.717521
0.590614	0.278444
0.67778	0.778896
0.13442	0.210631
0.585691	0.802975
0.673264	0.869273
0.891249	0.44514
0.255476	0.249753
0.507473	0.523904
0.645787	0.159942
0.736371	0.455408
0.837285	0.519938
0.31718	0.523808
0.578342	0.911601
0.485839	0.332729
0.898696	0.907058
0.76094	0.715121
0.118479	0.596919
0.137614	0.492803
0.64481	0.339335
0.220083	0.129012
0.592511	0.50796
0.935958	0.796366
0.626747	0.693428
0.0750745	0.264441
0.615345	0.0893138
0.314473	0.902204
0.0270133	0.163393
0.474853	0.458603
0.479255	0.0789998
0.502802	0.64004
0.508047	0.974221
0.0673904	0.655648
0.77617	0.847911
0.355542	0.418695
0.261534	0.405571
0.530999	0.296442
0.595133	0.205839
0.710326	0.0817016
0.076298	0.0290582
0.205578	0.958819
0.202104	0.0229759
0.397131	0.289226
0.738782	0.224545
0.109723	0.324679
0.93119	0.669361
0.271334	0.854021
0.0961085	0.445249
0.593812	0.603951
0.516682	0.237164
0.784337	0.0522699
0.391816	0.936867
0.837229	0.908222
0.337154	0.848219
0.755389	0.631769
0.0718754	0.898914
0.944695	0.858702
0.643963	0.475362
0.561336	0.45541
0.0209757	0.807668
0.29024	0.602411
0.413809	0.700468
0.389111	0.593661
0.115364	0.141633
0.179647	0.624583
0.810889	0.288742
0.637784	0.245254
0.0191284	0.0655163
0.0765829	0.726969
0.231866	0.350327
0.0913439	0.960949
0.00284705	0.0042292
0.553202	0.100702
0.334925	0.0365289
0.462384	0.14917
0.352194	0.250007
0.432433	0.633566
0.203654	0.403115
0.96353	0.502121
0.30629	0.208175
0.562789	0.741439
0.486554	0.847226
0.293731	0.958221
0.051484	0.49771
0.942688	0.982803
0.143337	0.818428
0.810245	0.780162
0.139937	0.00198197
0.31619	0.76326
0.389192	0.135011
0.518347	0.583762
0.983504	0.242642
0.395907	0.998117
0.991685	0.607169
0.743343	0.282426
0.27735	0.0545285
0.723433	0.165934
0.888202	0.55239
0.937019	0.586493
0.308428	0.114245
0.746802	0.897829
0.550782	0.672269
0.383269	0.751306
0.851276	0.191141
0.232431	0.520517
0.684255	0.549773
0.168008	0.0855276
0.237654	0.46118
0.621695	0.00910569
0.435065	0.884557
0.912336	0.243966
0.631116	0.939411
0.460149	0.211166
0.37773	0.522048
0.228525	0.898934
0.743907	0.565683
0.884424	0.0155594
0.297338	0.463428
0.166822	0.258308
0.0187375	0.369755
0.692507	0.402688
0.814828	0.684743
0.316904	0.687711
0.457897	0.0134473
0.365037	0.360499
0.033065	0.564627
0.123621	0.393015
0.177874	0.684964
0.964872	0.744287
0.699743	0.718669
0.800166	0.956969
0.622342	0.75774
0.735967	0.972649
0.79013	0.486381
0.0346062	0.438493
0.682588	0.294176
0.527453	0.790504
0.485948	0.707298
0.571591	0.976881
0.406703	0.45093
0.210765	0.57428
0.01234	0.292953
0.376939	0.655345
0.503734	0.39899
0.863137	0.855516
0.557406	0.161848
0.384773	0.072714
0.0605274	0.108884
0.929946	0.118592
0.249507	0.704079
0.0182702	0.721318
0.170118	0.320571
0.833236	0.580623
0.467809	0.272851
0.752689	0.774114
0.155528	0.547966
0.932873	0.398661
0.89599	0.301715
0.206659	0.197489
0.00280671	0.663725
0.51988	0.903792
0.693611	0.659177
0.080627	0.829412
0.195904	0.84268
0.537222	0.0446628
0.400409	0.193199
0.761971	0.108088
0.860344	0.961598
0.0788937	0.194758
0.463369	0.563146
0.660799	0.0515093
0.250984	0.646042
0.611026	0.857317
0.799015	0.218669
0.118157	0.68626
//###########################


99
0.0115275
0.188997
0.705058	0.928738
0.447145	0.417824
0.975359	0.945264
0.814746	0.86425
0.595451	0.0451611
0.560581	0.628058
0.825668	0.371258
0.653211	0.815787
0.963825	0.283877
0.33685	0.970898
0.856762	0.466969
0.428461	0.121939
0.954408	0.702574
0.282364	0.286359
0.108921	0.87277
0.0114991	0.872399
0.547823	0.517664
0.481775	0.804251
0.0682484	0.149039
0.5629	0.853379
0.353077	0.712511
0.528524	0.361979
0.116276	0.277216
0.492168	0.934833
0.261417	0.134138
0.896434	0.202048
0.926379	0.533441
0.774342	0.441612
0.894008	0.823457
0.343594	0.190755
0.44334	0.326896
0.705747	0.249002
0.841275	0.0266087
0.561659	0.228646
0.0262096	0.767028
0.805208	0.73915
0.358556	0.813107
0.67929	0.363616
0.267254	0.989083
0.739198	0.519102
0.265157	0.563898
0.454528	0.675955
0.42108	0.0547513
0.974562	0.102774
0.0653575	0.409924
0.984492	0.396277
0.518627	0.440853
0.339005	0.458738
0.314087	0.642342
0.429978	0.589324
0.655273	0.723468
0.186549	0.734413
0.0552839	0.617001
0.85242	0.295468
0.770735	0.324944
0.610451	0.131997
0.863827	0.120693
0.819626	0.635455
0.742889	0.025849
0.689448	0.595153
0.51895	0.749876
0.122581	0.0982449
0.496768	0.0334738
0.628166	0.898451
0.426482	0.245696
0.0506069	0.995608
0.273469	0.911737
0.737346	0.67542
0.0987137	0.551692
0.195634	0.443226
0.276603	0.365207
0.700917	0.126117
0.208965	0.656939
0.183558	0.899229
0.0104665	0.516228
0.342698	0.322871
0.0497612	0.315457
0.237351	0.829177
0.618737	0.43256
0.155869	0.359892
0.111254	0.783196
0.520831	0.142541
0.390923	0.886354
0.767051	0.190494
0.717166	0.848904
0.933553	0.627539
0.206096	0.0642839
0.189909	0.518294
0.171353	0.164072
0.345897	0.0854534
0.206145	0.238869
0.0281637	0.232682
0.632298	0.524099
0.608523	0.321063
0.648238	0.977677
0.931532	0.453371
0.91827	0.0386266
0.913028	0.34459
0.274036	0.73613
//###########################


