0.0779513 0.00125752
0.101936 0.00212612
0.149906 0.00627863
0.161899 0.0125182
0.209869 0.0432705
0.221861 0.0212128
0.233854 0.0407807
0.269831 0.0452443
0.293816 0.00499123
0.305809 0.0268801
0.317801 0.0254203
0.329794 0.0268337
0.377764 0.0647805
0.401749 0.0585155
0.425734 0.0188545
0.437727 0.0617606
0.449719 0.235517
0.461712 0.0666408
0.473704 0.178943
0.485697 0.101705
0.497689 0.0713278
0.521674 0.635173
0.533667 0.18001
0.545659 0.310556
0.569644 0.148022
0.581637 0.297107
0.593629 0.629331
0.605622 0.368304
0.617614 0.479651
0.641599 0.48901
0.665584 0.481904
0.677577 0.721223
0.689569 0.513009
0.701562 1.34629
0.713554 0.574165
0.737539 0.689161
0.749532 0.345909
0.761524 0.603214
0.773517 0.522441
0.785509 0.175728
0.797502 0.762636
0.809494 0.829816
0.821487 0.687874
0.833479 0.892402
0.845472 0.207212
0.857464 1.12793
0.869457 1.97795
0.881449 2.86834
0.905434 1.63786
0.917427 1.51075
0.929419 1.65831
0.941412 1.43399
0.953404 0.558258
0.965397 0.551085
0.977389 0.612941
0.989382 0.733405
1.00137 0.770396
1.01337 0.931003
1.02536 0.57104
1.03735 0.232303
1.04934 0.914986
1.06134 0.603643
1.07333 0.93588
1.08532 1.15532
1.09731 0.77599
1.10931 1.12722
1.1213 0.810741
1.13329 1.23786
1.14528 0.536833
1.16927 1.11664
1.18126 0.419896
1.20525 0.636823
1.21724 0.869832
1.22923 0.43436
1.24122 1.19885
1.25322 1.34473
1.2772 1.18911
1.28919 0.542537
1.31318 1.115
1.32517 0.57611
1.33716 1.16153
1.34916 0.851935
1.36115 1.30303
1.37314 1.68577
1.38513 1.19667
1.39713 1.172
1.40912 2.35601
1.42111 0.95618
1.4331 0.582685
1.4451 1.48755
1.45709 0.949257
1.46908 1.6613
1.48107 2.1408
1.49307 0.934026
1.50506 1.61136
1.51705 1.38378
1.52904 3.14294
1.54104 1.64887
1.56502 1.19931
1.57701 1.34908
1.58901 1.19965
1.601 1.59243
1.61299 1.10661
1.62498 1.66797
1.63698 1.43489
1.64897 1.12586
1.66096 1.16498
1.67295 1.38636
1.68495 1.47289
1.69694 0.863226
1.70893 0.888088
1.72092 1.04277
1.73292 1.25449
1.74491 1.19187
1.7569 1.44244
1.76889 1.38068
1.78089 0.537967
1.79288 1.11439
1.80487 1.23967
1.81686 0.928006
1.82886 0.621634
1.84085 0.9115
1.85284 1.17069
1.86483 0.667277
1.87683 0.805383
1.88882 0.972201
1.90081 1.01203
1.9128 1.04145
1.9248 1.01475
1.93679 0.440342
1.94878 0.804034
1.96077 0.535536
1.97277 0.521971
1.98476 0.951116
1.99675 0.58416
2.00874 0.515293
2.02074 0.518588
2.03273 0.683348
2.04472 0.76548
2.05671 0.734372
2.06871 0.740687
2.0807 0.605096
2.09269 1.10034
2.10468 0.908007
2.11668 0.659295
2.12867 0.872287
2.14066 0.932145
2.15266 1.27085
2.16465 0.638579
2.17664 0.662251
2.18863 0.725469
2.20063 0.504852
2.21262 0.827848
2.22461 0.702696
2.2366 0.485616
2.2486 0.635137
2.26059 0.560218
2.27258 0.588548
2.28457 0.880388
2.29657 0.572445
2.30856 0.887374
2.32055 1.14438
2.33254 0.873618
2.34454 0.56302
2.35653 0.930683
2.36852 1.07114
2.38051 1.18581
2.39251 0.914692
2.4045 0.928884
2.41649 0.934898
2.42848 0.868116
2.44048 0.910129
2.45247 1.07679
2.46446 0.908841
2.47645 1.05634
2.48845 0.809713
2.50044 1.27039
2.51243 0.804596
2.52442 0.821028
2.53642 0.907636
2.54841 1.23942
2.5604 1.01467
2.57239 1.30231
2.58439 0.773939
2.59638 1.22645
2.60837 1.5603
2.62036 1.00507
2.63236 1.41862
2.64435 1.11138
2.65634 1.55969
2.66833 0.627024
2.68033 1.04276
2.69232 1.31607
2.70431 1.48151
2.7163 1.73681
2.7283 0.983123
2.74029 0.965462
2.75228 0.866802
2.76427 1.07293
2.77627 1.02626
2.78826 1.44465
2.80025 1.57327
2.81224 1.03969
2.82424 1.34649
2.83623 0.648801
2.84822 0.979317
2.86021 1.40711
2.87221 1.24299
2.8842 1.34044
2.89619 1.43997
2.90818 0.472527
2.92018 0.990362
2.93217 1.22929
2.94416 1.51042
2.95615 1.41164
2.96815 1.09133
2.98014 1.15143
2.99213 1.23423
3.00412 1.16836
3.01612 1.03034
3.02811 1.47883
3.0401 1.02842
3.05209 1.83867
3.06409 0.886942
3.07608 0.936052
3.08807 0.870023
3.10006 1.10246
3.11206 1.44253
3.12405 0.951875
3.13604 0.825275
3.14803 0.970821
3.16003 1.41361
3.17202 0.785723
3.18401 0.877532
3.196 0.777868
3.208 0.674765
3.21999 1.25458
3.23198 1.25616
3.24397 0.714126
3.25597 0.770806
3.26796 0.786077
3.27995 0.771943
3.29194 0.662077
3.30394 0.766934
3.31593 1.10554
3.32792 0.608093
3.33991 0.757706
3.35191 0.817454
3.3639 0.676139
3.37589 0.677239
3.38788 1.2278
3.39988 0.883504
3.41187 0.78673
3.42386 0.625293
3.43585 0.597297
3.44785 1.11804
3.45984 0.699846
3.47183 0.766789
3.48382 1.10992
3.49582 0.627581
3.50781 0.802609
3.5198 1.01744
3.53179 1.05617
3.54379 0.654554
3.55578 1.00763
3.56777 1.49863
3.57976 0.973223
3.59176 0.882775
3.60375 0.693615
3.61574 0.802983
3.62773 0.823844
3.63973 0.650031
3.65172 0.76969
3.66371 1.00134
3.6757 0.960915
3.6877 0.892423
3.69969 0.751292
3.71168 1.10094
3.72367 0.977074
3.73567 0.831285
3.74766 0.884424
3.75965 0.918189
3.77164 0.750855
3.78364 0.775658
3.79563 0.810074
3.80762 0.846629
3.81961 0.894329
3.83161 0.94081
3.8436 0.742898
3.85559 0.928231
3.86758 0.796479
3.87958 1.20077
3.89157 1.23394
3.90356 0.904813
3.91555 0.939681
3.92755 1.104
3.93954 0.928882
3.95153 1.36184
3.96352 0.891347
3.97552 1.05853
3.98751 0.978264
3.9995 1.41786
4.01149 1.04947
4.02349 1.08436
4.03548 1.0475
4.04747 1.55572
4.05946 1.13884
4.07146 1.15491
4.08345 1.11962
4.09544 1.465
4.10743 1.15366
4.11943 1.09309
4.13142 1.37907
4.14341 1.45215
4.1554 1.24153
4.1674 1.03598
4.17939 0.667076
4.19138 1.20299
4.20337 1.33151
4.21537 0.739124
4.22736 1.25768
4.23935 1.00174
4.25134 1.10148
4.26334 1.23641
4.27533 1.18551
4.28732 1.15536
4.29931 0.944442
4.31131 1.08885
4.3233 1.11111
4.33529 0.588071
4.34728 1.03767
4.35928 0.791554
4.37127 1.28594
4.38326 1.12683
4.39525 1.23746
4.40725 1.72173
4.41924 1.07975
4.43123 1.00934
4.44322 0.961982
4.45522 1.0125
4.46721 1.38117
4.4792 1.31067
4.49119 1.14761
4.50319 1.22926
4.51518 0.845746
4.52717 1.07272
4.53916 0.885308
4.55116 1.39297
4.56315 0.851371
4.57514 0.906407
4.58713 1.28601
4.59913 0.885877
4.61112 0.890715
4.62311 0.843109
4.6351 0.892966
4.6471 0.917916
4.65909 0.954352
4.67108 0.893547
4.68307 0.632018
4.69507 0.993305
4.70706 0.899143
4.71905 0.97718
4.73104 0.983036
4.74304 0.742615
4.75503 1.56659
4.76702 1.1007
4.77901 0.980467
4.79101 0.760672
4.803 0.949988
4.81499 0.801835
4.82698 0.783374
4.83898 0.775741
4.85097 0.738971
4.86296 0.914125
4.87495 0.641135
4.88695 0.879542
4.89894 0.737939
4.91093 0.625885
4.92292 0.617133
4.93492 0.607195
4.94691 0.926311
4.9589 0.742287
4.97089 1.3371
4.98289 0.715342
4.99488 0.82965
5.00687 0.963871
5.01886 0.696332
5.03086 0.817187
5.04285 0.85024
5.05484 0.772412
5.06683 0.957771
5.07883 0.930807
5.09082 0.92792
5.10281 0.845371
5.1148 0.776653
5.1268 0.874933
5.13879 0.766961
5.15078 0.833462
5.16277 0.818324
5.17477 1.10838
5.18676 0.717308
5.19875 0.889957
5.21074 0.83544
5.22274 0.970301
5.23473 1.15066
5.24672 0.76608
5.25871 1.15313
5.27071 1.22111
5.2827 0.967813
5.29469 1.19327
5.30668 1.10638
5.31868 1.16482
5.33067 1.20781
5.34266 1.08304
5.35465 1.00197
5.36665 1.04107
5.37864 1.35743
5.39063 1.14398
5.40262 1.4215
5.41462 0.98718
5.42661 1.2133
5.4386 1.50124
5.45059 0.857223
5.46259 1.03545
5.47458 1.33177
5.48657 0.927974
5.49856 1.14838
5.51056 1.13299
5.52255 1.40172
5.53454 0.921458
5.54653 0.984728
5.55853 1.31942
5.57052 1.35303
5.58251 0.978712
5.5945 0.893467
5.6065 1.24411
5.61849 0.961636
5.63048 0.911098
5.64247 1.22256
5.65447 1.05366
5.66646 1.19516
5.67845 1.3759
5.69044 1.04048
5.70244 1.18948
5.71443 0.988301
5.72642 1.15166
5.73841 1.00397
5.75041 1.22647
5.7624 1.1023
5.77439 1.21699
5.78638 0.767519
5.79838 0.979126
5.81037 1.39139
5.82236 0.836946
5.83435 1.21824
5.84635 0.941838
5.85834 1.05245
5.87033 1.17657
5.88232 0.9656
5.89432 1.23133
5.90631 1.19572
5.9183 1.07953
5.93029 0.976856
5.94229 1.03463
5.95428 0.860795
5.96627 0.833053
5.97826 0.88408
5.99026 0.805444
