0.042962 0.302045
0.0561811 0.296049
0.0826192 0.117026
0.0892288 0.100811
0.115667 0.0112174
0.122276 0.1594
0.128886 0.103861
0.148715 0.0283322
0.161934 0.159197
0.168543 0.0239407
0.175153 0.0358686
0.181762 0.0203591
0.2082 0.094208
0.22142 0.0533279
0.234639 0.0114233
0.241248 0.04163
0.247858 0.327363
0.254467 0.0478825
0.261077 0.0689215
0.267686 0.0285968
0.274296 0.0330722
0.287515 0.325905
0.294124 0.039371
0.300734 0.0812707
0.313953 0.0890644
0.320563 0.0581611
0.327172 0.337795
0.333782 0.0530433
0.340391 0.0671053
0.35361 0.0630592
0.366829 0.0978474
0.373439 0.192062
0.380048 0.0813934
0.386658 0.0390677
0.393268 0.0515847
0.406487 0.0777803
0.413096 0.21833
0.419706 0.0731683
0.426315 0.0942905
0.432925 0.0545405
0.439534 0.0929515
0.446144 0.051865
0.452753 0.242742
0.459363 0.0681312
0.465973 0.0695816
0.472582 0.0803333
0.479192 0.0720557
0.485801 0.0553416
0.49902 0.110656
0.50563 0.0941248
0.512239 0.112887
0.518849 0.0853113
0.525458 0.117023
0.532068 0.11258
0.538677 0.171367
0.545287 0.207851
0.551897 0.231044
0.558506 0.238677
0.565116 0.120449
0.571725 0.273042
0.578335 0.333967
0.584944 0.223142
0.591554 0.260616
0.598163 0.212361
0.604773 0.189829
0.611382 0.48548
0.617992 0.356365
0.624601 0.472727
0.631211 0.420199
0.64443 0.554121
0.65104 0.756645
0.664259 1.02947
0.670868 0.847495
0.677478 0.988886
0.684087 1.61035
0.690697 1.02929
0.703916 0.918841
0.710525 0.988447
0.723745 0.81939
0.730354 0.754838
0.736964 0.771018
0.743573 0.680737
0.750183 0.834441
0.756792 0.855987
0.763402 1.20472
0.770011 1.01727
0.776621 0.571047
0.78323 1.15109
0.78984 0.675727
0.796449 1.4499
0.803059 0.825452
0.809669 1.37295
0.816278 1.20438
0.822888 0.934591
0.829497 0.924579
0.836107 1.08067
0.842716 0.17868
0.849326 0.754588
0.862545 1.15543
0.869154 0.786248
0.875764 0.856626
0.882373 0.740709
0.888983 0.4011
0.895593 0.498349
0.902202 0.366094
0.908812 0.470388
0.915421 0.321024
0.922031 0.347903
0.92864 0.587174
0.93525 0.528027
0.941859 0.307654
0.948469 0.53299
0.955078 0.342256
0.961688 0.453484
0.968297 0.478307
0.974907 0.43672
0.981517 0.37752
0.988126 0.42994
0.994736 0.461368
1.00135 0.527234
1.00795 0.335196
1.01456 0.373055
1.02117 0.499115
1.02778 0.30474
1.03439 0.468707
1.041 0.900334
1.04761 0.454752
1.05422 0.690028
1.06083 0.554324
1.06744 0.635734
1.07405 0.396587
1.08066 0.914446
1.08727 0.413859
1.09388 0.673061
1.10049 0.977376
1.1071 0.968605
1.11371 0.817431
1.12032 0.55322
1.12693 0.715066
1.13354 0.862912
1.14015 1.38254
1.14676 1.13334
1.15336 0.533321
1.15997 1.04539
1.16658 1.08706
1.17319 1.7856
1.1798 1.21174
1.18641 1.31035
1.19302 0.854969
1.19963 1.3434
1.20624 1.21143
1.21285 1.42229
1.21946 0.821014
1.22607 1.83455
1.23268 2.06955
1.23929 1.67657
1.2459 1.15106
1.25251 1.43148
1.25912 1.56661
1.26573 1.54991
1.27234 1.66718
1.27895 1.71794
1.28556 1.62289
1.29216 1.70884
1.29877 1.42746
1.30538 1.45293
1.31199 2.23093
1.3186 1.34018
1.32521 1.44645
1.33182 1.53754
1.33843 1.98484
1.34504 1.33299
1.35165 1.917
1.35826 2.92549
1.36487 1.74209
1.37148 2.33315
1.37809 1.13721
1.3847 1.26694
1.39131 1.86883
1.39792 2.0672
1.40453 1.89202
1.41114 1.4177
1.41775 0.562992
1.42436 1.44917
1.43097 2.1795
1.43757 1.29743
1.44418 2.12242
1.45079 1.66541
1.4574 1.32506
1.46401 1.48545
1.47062 0.525721
1.47723 2.0654
1.48384 2.67444
1.49045 1.61532
1.49706 1.68447
1.50367 0.916128
1.51028 1.59298
1.51689 1.4324
1.5235 1.54639
1.53011 1.73143
1.53672 1.91748
1.54333 1.53877
1.54994 0.836263
1.55655 1.01241
1.56316 1.03025
1.56977 1.40335
1.57638 1.08846
1.58298 2.03225
1.58959 1.22112
1.5962 0.745513
1.60281 0.640405
1.60942 0.650808
1.61603 1.18133
1.62264 0.859741
1.62925 0.514546
1.63586 0.892619
1.64247 0.843268
1.64908 0.803424
1.65569 0.55907
1.6623 0.697692
1.66891 0.610935
1.67552 0.887581
1.68213 0.468439
1.68874 0.732106
1.69535 0.627387
1.70196 0.575551
1.70857 0.633318
1.71518 0.557297
1.72178 0.651096
1.72839 0.622401
1.735 0.52994
1.74161 0.496929
1.74822 0.405887
1.75483 0.631144
1.76144 0.539176
1.76805 0.419311
1.77466 0.549725
1.78127 0.36429
1.78788 0.516599
1.79449 0.475319
1.8011 0.47388
1.80771 0.391133
1.81432 0.656617
1.82093 0.755554
1.82754 0.550745
1.83415 0.513036
1.84076 0.664382
1.84737 0.835282
1.85398 0.549018
1.86059 0.548639
1.86719 0.762598
1.8738 0.607278
1.88041 0.556032
1.88702 0.711645
1.89363 0.552115
1.90024 0.665629
1.90685 0.689009
1.91346 0.560621
1.92007 0.562329
1.92668 0.649784
1.93329 0.478909
1.9399 0.631275
1.94651 0.690338
1.95312 0.719456
1.95973 0.635993
1.96634 1.08313
1.97295 0.787713
1.97956 0.995818
1.98617 0.681425
1.99278 0.692465
1.99939 0.750039
2.006 0.823777
2.0126 0.785824
2.01921 0.802836
2.02582 0.835073
2.03243 0.897673
2.03904 0.65109
2.04565 0.761285
2.05226 0.905519
2.05887 0.941492
2.06548 0.619096
2.07209 0.76118
2.0787 0.895934
2.08531 1.10806
2.09192 0.763494
2.09853 1.10238
2.10514 1.15228
2.11175 0.91103
2.11836 0.906154
2.12497 0.908556
2.13158 1.01549
2.13819 0.58946
2.1448 1.10214
2.1514 0.648716
2.15801 1.17508
2.16462 1.22192
2.17123 1.01151
2.17784 1.08117
2.18445 1.20422
2.19106 1.37716
2.19767 0.884994
2.20428 1.06173
2.21089 0.878967
2.2175 0.873197
2.22411 0.989706
2.23072 1.50587
2.23733 1.05817
2.24394 0.91283
2.25055 1.44685
2.25716 1.12728
2.26377 1.3525
2.27038 0.981911
2.27699 0.998581
2.2836 1.00866
2.29021 1.07024
2.29681 1.00528
2.30342 0.983368
2.31003 0.904657
2.31664 1.1607
2.32325 1.08589
2.32986 1.31907
2.33647 1.13393
2.34308 0.82469
2.34969 0.976559
2.3563 0.935231
2.36291 1.18596
2.36952 1.34767
2.37613 0.901371
2.38274 1.22601
2.38935 1.11228
2.39596 1.3955
2.40257 1.00421
2.40918 1.18671
2.41579 1.02955
2.4224 0.978458
2.42901 1.00823
2.43562 1.08585
2.44222 1.14468
2.44883 1.16607
2.45544 0.921878
2.46205 0.99945
2.46866 1.28654
2.47527 1.40086
2.48188 1.30978
2.48849 1.14428
2.4951 1.16739
2.50171 1.05934
2.50832 0.973977
2.51493 1.41954
2.52154 0.918597
2.52815 1.28515
2.53476 1.0773
2.54137 0.796513
2.54798 1.19252
2.55459 1.6696
2.5612 1.24937
2.56781 1.04633
2.57442 0.908387
2.58103 1.70031
2.58763 0.946421
2.59424 0.809041
2.60085 1.34162
2.60746 1.19702
2.61407 1.16467
2.62068 1.05251
2.62729 1.2095
2.6339 0.687736
2.64051 1.03374
2.64712 1.03252
2.65373 0.848625
2.66034 0.943538
2.66695 1.03596
2.67356 0.879344
2.68017 0.978238
2.68678 1.35511
2.69339 1.04195
2.7 1.12529
2.70661 0.693176
2.71322 1.29138
2.71983 1.39928
2.72643 1.36716
2.73304 1.09003
2.73965 0.922938
2.74626 1.12843
2.75287 0.813157
2.75948 0.981414
2.76609 0.957428
2.7727 0.902643
2.77931 0.965863
2.78592 1.03242
2.79253 1.30192
2.79914 0.942849
2.80575 0.791941
2.81236 0.724379
2.81897 1.08538
2.82558 0.993544
2.83219 1.12269
2.8388 0.735156
2.84541 0.928595
2.85202 0.975765
2.85863 1.05768
2.86524 1.11996
2.87184 1.10276
2.87845 1.04917
2.88506 0.669393
2.89167 1.06085
2.89828 1.15932
2.90489 0.939225
2.9115 0.927682
2.91811 0.672354
2.92472 0.935507
2.93133 0.907201
2.93794 0.846192
2.94455 1.06008
2.95116 1.11041
2.95777 1.15064
2.96438 1.10586
2.97099 1.18599
2.9776 1.13981
2.98421 1.09818
2.99082 0.793568
2.99743 1.13373
3.00404 0.796837
3.01065 0.98437
3.01725 1.15346
3.02386 1.0317
3.03047 0.99811
3.03708 0.896353
3.04369 0.785203
3.0503 1.10681
3.05691 0.995801
3.06352 0.639394
3.07013 0.909629
3.07674 0.726355
3.08335 0.794918
3.08996 0.854322
3.09657 0.867099
3.10318 1.15706
3.10979 1.15008
3.1164 0.742815
3.12301 1.07457
3.12962 0.756679
3.13623 1.02493
3.14284 0.811779
3.14945 0.916328
3.15605 1.14309
3.16266 1.07436
3.16927 0.655991
3.17588 1.14737
3.18249 0.825079
3.1891 0.716067
3.19571 1.29502
3.20232 1.32323
3.20893 1.21508
3.21554 0.857865
3.22215 0.800642
3.22876 0.796299
3.23537 0.779588
3.24198 0.964744
3.24859 1.18935
3.2552 1.04219
3.26181 1.31831
3.26842 0.963171
3.27503 0.801148
3.28164 0.7756
3.28825 0.9079
3.29486 0.824485
3.30146 0.882177
