0.0735391 0.000670379
0.0961665 0.000267979
0.141421 0.000654798
0.152735 0.000676998
0.19799 0.000526956
0.209304 0.000680907
0.220617 0.000393497
0.254558 0.00223512
0.277186 0.00121473
0.2885 0.00446794
0.299813 0.00260475
0.311127 0.0072203
0.356382 0.0155478
0.379009 0.0313452
0.401637 0.0343569
0.41295 0.0319717
0.424264 0.0574629
0.435578 0.0198065
0.446891 0.0252629
0.458205 0.0266219
0.469519 0.0142971
0.492146 0.0237819
0.50346 0.0257325
0.514774 0.0109103
0.537401 0.0382458
0.548715 0.0364378
0.560029 0.13796
0.571342 0.176439
0.582656 0.136436
0.605283 0.326381
0.627911 0.921846
0.639225 0.384451
0.650538 0.467261
0.661852 0.514316
0.673166 0.703764
0.695793 0.237353
0.707107 0.503674
0.71842 0.681555
0.729734 0.317888
0.741048 0.388374
0.752362 0.273721
0.763675 0.465269
0.774989 0.655932
0.786303 0.713896
0.797616 0.275027
0.80893 0.73504
0.820244 0.884169
0.831558 0.64844
0.854185 1.43239
0.865499 1.35672
0.876812 3.42668
0.888126 1.47155
0.89944 1.61517
0.910754 1.07387
0.922067 0.882055
0.933381 0.888063
0.944695 0.625873
0.956008 1.33358
0.967322 0.84053
0.978636 0.421388
0.989949 0.396856
1.00126 0.711069
1.01258 0.607148
1.02389 0.787698
1.0352 0.221147
1.04652 0.764889
1.05783 0.518755
1.06915 0.431907
1.08046 0.852344
1.10309 1.06498
1.1144 1.29298
1.13703 1.291
1.14834 1.8877
1.15966 0.42987
1.17097 3.05268
1.18228 1.37208
1.20491 1.99243
1.21622 2.28569
1.23885 1.34947
1.25016 1.05193
1.26148 1.67964
1.27279 0.812187
1.28411 0.53915
1.29542 1.33936
1.30673 1.18775
1.31805 1.11277
1.32936 0.701989
1.34067 1.53107
1.35199 0.955805
1.3633 1.78861
1.37462 1.23636
1.38593 1.4218
1.39724 1.76278
1.40856 1.5591
1.41987 2.53594
1.43118 1.64923
1.4425 1.009
1.45381 1.21984
1.47644 1.5771
1.48775 1.11304
1.49907 1.30952
1.51038 1.11613
1.52169 0.70787
1.53301 1.04468
1.54432 0.295124
1.55563 0.620848
1.56695 1.3053
1.57826 0.464365
1.58958 0.81106
1.60089 0.703369
1.6122 0.639567
1.62352 0.76724
1.63483 0.340513
1.64614 0.926116
1.65746 0.566013
1.66877 1.21706
1.68009 0.740911
1.6914 0.445334
1.70271 0.543429
1.71403 0.608825
1.72534 0.572628
1.73665 0.535144
1.74797 0.559506
1.75928 0.702593
1.7706 0.740928
1.78191 0.421711
1.79322 0.488686
1.80454 0.638591
1.81585 0.706732
1.82716 0.90661
1.83848 0.392286
1.84979 1.1903
1.86111 0.441561
1.87242 0.541434
1.88373 0.448519
1.89505 0.619647
1.90636 0.71395
1.91767 1.11044
1.92899 1.05874
1.9403 0.632757
1.95161 1.2175
1.96293 0.607493
1.97424 1.36026
1.98556 1.5023
1.99687 0.893102
2.00818 1.4477
2.0195 0.315891
2.03081 0.753916
2.04212 1.14417
2.05344 1.09204
2.06475 1.08072
2.07607 1.00587
2.08738 1.0106
2.09869 1.31826
2.11001 1.53435
2.12132 0.787935
2.13263 0.806506
2.14395 0.967493
2.15526 1.16538
2.16658 1.40715
2.17789 0.765203
2.1892 1.35538
2.20052 1.45146
2.21183 1.31786
2.22314 1.04992
2.23446 1.76033
2.24577 1.34524
2.25708 0.969205
2.2684 1.25184
2.27971 1.19095
2.29103 0.546139
2.30234 0.905563
2.31365 0.689425
2.32497 1.15767
2.33628 1.05166
2.34759 1.44899
2.35891 0.870106
2.37022 1.12126
2.38154 1.12495
2.39285 0.816351
2.40416 0.856577
2.41548 1.03164
2.42679 0.782102
2.4381 0.945616
2.44942 0.924081
2.46073 1.03514
2.47205 0.961618
2.48336 1.04964
2.49467 1.14622
2.50599 1.43679
2.5173 1.04706
2.52861 1.52277
2.53993 1.12488
2.55124 0.971729
2.56255 0.67528
2.57387 0.934206
2.58518 1.09513
2.5965 0.993417
2.60781 0.596077
2.61912 0.917308
2.63044 1.14294
2.64175 0.805633
2.65306 0.87749
2.66438 1.05385
2.67569 0.996636
2.68701 1.30406
2.69832 0.664532
2.70963 1.13434
2.72095 0.86465
2.73226 0.806362
2.74357 1.55754
2.75489 1.20776
2.7662 1.42838
2.77752 1.11706
2.78883 1.06612
2.80014 1.0025
2.81146 0.953978
2.82277 1.29976
2.83408 0.543399
2.8454 0.941448
2.85671 0.471543
2.86803 0.844818
2.87934 1.03035
2.89065 0.995788
2.90197 0.993265
2.91328 1.07578
2.92459 1.11418
2.93591 0.704586
2.94722 0.797908
2.95853 1.50682
2.96985 1.10746
2.98116 1.07367
2.99248 0.378721
3.00379 0.883903
3.0151 0.326417
3.02642 0.908937
3.03773 0.866929
3.04904 0.994716
3.06036 0.911852
3.07167 0.944041
3.08299 0.790408
3.0943 0.994572
3.10561 0.63954
3.11693 0.718758
3.12824 0.953879
3.13955 1.07365
3.15087 1.41581
3.16218 0.842228
3.1735 0.884861
3.18481 0.624734
3.19612 0.944982
3.20744 0.878176
3.21875 0.64833
3.23006 0.674839
3.24138 0.611916
3.25269 0.848875
3.264 1.11824
3.27532 0.741259
3.28663 0.850259
3.29795 1.00762
3.30926 0.813742
3.32057 0.828284
3.33189 1.0086
3.3432 0.8305
3.35451 0.983254
3.36583 1.28994
3.37714 1.21497
3.38846 1.15385
3.39977 1.29292
3.41108 1.38953
3.4224 0.947645
3.43371 1.50436
3.44502 0.958335
3.45634 1.12921
3.46765 0.991783
3.47897 1.09455
3.49028 1.19305
3.50159 0.83469
3.51291 0.945271
3.52422 0.838051
3.53553 1.84093
3.54685 1.01857
3.55816 1.2196
3.56948 0.898499
3.58079 0.958702
3.5921 0.771954
3.60342 0.853587
3.61473 0.849218
3.62604 0.978567
3.63736 1.25544
3.64867 0.883018
3.65998 0.982059
3.6713 0.972051
3.68261 1.13277
3.69393 1.25842
3.70524 1.15671
3.71655 1.6022
3.72787 0.708864
3.73918 0.98708
3.75049 0.844999
3.76181 0.818353
3.77312 0.943714
3.78444 0.663128
3.79575 1.29527
3.80706 0.999771
3.81838 1.00197
3.82969 1.21274
3.841 0.783321
3.85232 0.92534
3.86363 0.876919
3.87495 1.20764
3.88626 0.913972
3.89757 0.887579
3.90889 0.892404
3.9202 1.07104
3.93151 0.953525
3.94283 0.938001
3.95414 0.874044
3.96545 1.14778
3.97677 0.920117
3.98808 0.834886
3.9994 0.905185
4.01071 0.998355
4.02202 1.05999
4.03334 1.03019
4.04465 1.05631
4.05596 0.73421
4.06728 1.07559
4.07859 1.23075
4.08991 1.30188
4.10122 1.15037
4.11253 0.872761
4.12385 1.03876
4.13516 1.44447
4.14647 1.03836
4.15779 1.17488
4.1691 0.842278
4.18042 0.916059
4.19173 0.945792
4.20304 0.882758
4.21436 1.28721
4.22567 1.21591
4.23698 0.861048
4.2483 1.11627
4.25961 0.757637
4.27092 0.874999
4.28224 0.598459
4.29355 1.11245
4.30487 0.791541
4.31618 0.940517
4.32749 0.692921
4.33881 0.925853
4.35012 1.16192
4.36143 0.603523
4.37275 0.788866
4.38406 1.1563
4.39538 1.11027
4.40669 0.87671
4.418 0.951868
4.42932 1.38264
4.44063 0.482231
4.45194 0.984901
4.46326 0.95983
4.47457 0.740385
4.48589 1.24691
4.4972 0.792957
4.50851 0.685283
4.51983 0.829432
4.53114 0.919172
4.54245 1.05583
4.55377 1.12365
4.56508 0.890089
4.5764 0.793192
4.58771 0.949782
4.59902 1.0612
4.61034 0.639548
4.62165 1.09125
4.63296 1.3188
4.64428 0.851211
4.65559 1.23766
4.6669 1.29312
4.67822 1.137
4.68953 1.51276
4.70085 0.743615
4.71216 0.886528
4.72347 1.20208
4.73479 1.15127
4.7461 0.97344
4.75741 0.84741
4.76873 1.14241
4.78004 1.2267
4.79136 0.815353
4.80267 0.929114
4.81398 1.1124
4.8253 1.13234
4.83661 0.7335
4.84792 1.14771
4.85924 1.58755
4.87055 1.40611
4.88187 0.999772
4.89318 0.946716
4.90449 1.03815
4.91581 1.78172
4.92712 0.732584
4.93843 1.00458
4.94975 1.09835
4.96106 1.03382
4.97237 1.03259
4.98369 1.05667
4.995 0.884936
5.00632 0.938873
5.01763 0.710587
5.02894 1.13026
5.04026 0.891898
5.05157 0.628909
5.06288 1.09049
5.0742 1.2226
5.08551 0.831926
5.09683 0.819608
5.10814 1.37114
5.11945 0.995128
5.13077 0.756872
5.14208 0.745735
5.15339 1.15252
5.16471 1.08219
5.17602 1.06777
5.18734 0.901491
5.19865 0.948673
5.20996 1.31393
5.22128 0.915246
5.23259 0.957237
5.2439 0.888398
5.25522 0.943881
5.26653 1.20651
5.27785 0.872552
5.28916 1.00388
5.30047 0.978756
5.31179 0.859738
5.3231 0.838548
5.33441 1.35349
5.34573 0.961278
5.35704 0.921477
5.36835 0.967081
5.37967 0.923124
5.39098 0.742791
5.4023 1.10679
5.41361 0.946154
5.42492 1.03635
5.43624 1.20895
5.44755 1.4238
5.45886 1.12958
5.47018 0.81151
5.48149 0.860981
5.49281 0.757935
5.50412 1.10049
5.51543 1.37761
5.52675 0.659816
5.53806 0.847914
5.54937 0.986111
5.56069 1.14205
5.572 0.78242
5.58332 1.25664
5.59463 0.942575
5.60594 1.21128
5.61726 1.11033
5.62857 0.834996
5.63988 1.11997
5.6512 0.822089
