0.990963 0.365198433333
0.416118333333 0.990265
0.0187579333333 0.595253666667
0.0111896076667 0.467671333333
0.00841433433333 0.296786
0.019766201 0.222458666667
0.0250181333333 0.659125666667
0.987573666667 0.532467666667
0.985949666667 0.625507
0.981566 0.758784
0.674758333333 0.268039
0.0542006333333 0.0830762333333
0.0211758666667 0.500001
0.0340748333333 0.520808333333
0.0393000333333 0.449576
0.052199 0.470383333333
0.0608657 0.545121
0.0953762666667 0.516223333333
0.0449254 0.407742
0.02154906 0.354798333333
0.02861016 0.313031333333
0.0973879333333 0.476767666667
0.0810015333333 0.455240333333
0.0340318333333 0.7164
0.0574185666667 0.683325333333
0.0250125 0.878932333333
0.106268666667 0.976269333333
0.938470666667 0.270652
0.987130333333 0.167908766667
0.980468 0.261238333333
0.963842333333 0.691811666667
0.955191666667 0.724149333333
0.928667 0.740553333333
0.622735666667 0.531087333333
0.58898 0.471026
0.590665666667 0.503097333333
0.555841666667 0.516526333333
0.904126333333 0.258248666667
0.845991666667 0.955684333333
0.929734666667 0.949217333333
0.929920333333 0.781717
0.584675666667 0.986171666667
0.637119666667 0.976233333333
0.688638 0.964152666667
0.720804666667 0.956307666667
0.0961665 0.592740333333
0.0903444333333 0.630605666667
0.0599759333333 0.637232
0.0390661 0.60279
0.0613862666667 0.577659666667
0.123771333333 0.531879333333
0.124041 0.575857666667
0.155196333333 0.642812333333
0.122173266667 0.684241666667
0.121277266667 0.650087333333
0.102713966667 0.704716
0.0760514333333 0.712755333333
0.0406650333333 0.813745333333
0.0448102 0.771821333333
0.0703317 0.755441666667
0.148873666667 0.948917
0.121559333333 0.91505
0.0338418333333 0.930850333333
0.938237 0.501827333333
0.968541 0.0342883666667
0.983904333333 0.0631480333333
0.949024 0.673273
0.913292666667 0.669643666667
0.886958666667 0.728464333333
0.681929666667 0.598212
0.633564 0.641765333333
0.646974333333 0.606174
0.674751666667 0.519086
0.649470666667 0.515753
0.755056666667 0.379408333333
0.644742333333 0.292203
0.662703666667 0.23152
0.901952 0.789447333333
0.875942 0.752239666667
0.829363333333 0.803075
0.868809 0.930580666667
0.903282333333 0.932681333333
0.970795 0.886808
0.956021666667 0.922092666667
0.929569333333 0.905556666667
0.919221666667 0.876801
0.966171 0.806922333333
0.94105 0.813451333333
0.967036666667 0.849696333333
0.941915666667 0.856225333333
0.174727333333 0.983425333333
0.569732333333 0.892104666667
0.59465 0.929072
0.571060333333 0.955622666667
0.369695333333 0.913735333333
0.757563666667 0.948186
0.789379666667 0.964251
0.815479333333 0.940382
0.131971666667 0.449382666667
0.176138 0.617868666667
0.160754666667 0.585
0.401774666667 0.584088333333
0.0844278666667 0.839744666667
0.0601848333333 0.840548666667
0.0755902 0.882051
0.0513471666667 0.882855
0.138477666667 0.885472666667
0.0939500666667 0.929429
0.0730806 0.917073
0.0643760666667 0.97335
0.0435066 0.960994
0.952346666667 0.399062333333
0.935964666667 0.423221666667
0.973580333333 0.439196666667
0.957198333333 0.463356
0.872331333333 0.495990333333
0.905726 0.486996666667
0.910460333333 0.43929
0.944703 0.305097
0.920335333333 0.32782
0.972366 0.334888
0.954405333333 0.368693333333
0.921645666667 0.360504
0.870918666667 0.278445666667
0.795526 0.306231666667
0.944121666667 0.532419
0.973584666667 0.574858666667
0.877637666667 0.678352
0.86301 0.70223
0.858836333333 0.639290666667
0.825819 0.623369
0.742961333333 0.483871
0.740059 0.591439
0.735290333333 0.518481333333
0.698266666667 0.577483333333
0.695885333333 0.541552333333
0.706709 0.633655666667
0.739913333333 0.626138666667
0.645553333333 0.663839
0.697182 0.690194
0.683743 0.663691333333
0.616731666667 0.559604
0.623731666667 0.588054333333
0.639885 0.337395
0.610855666667 0.345573666667
0.716838666667 0.407169333333
0.710476 0.462878333333
0.728079333333 0.437929
0.681671333333 0.475022333333
0.656390333333 0.471689333333
0.627969666667 0.454952333333
0.626961333333 0.420294666667
0.811588 0.503188
0.853261 0.517326
0.85701 0.554443666667
0.90729 0.628677
0.874213 0.612087
0.880481333333 0.573276666667
0.552321666667 0.811771
0.688588 0.926757333333
0.628492666667 0.920132333333
0.656421333333 0.934602333333
0.754681 0.908551333333
0.93571 0.0152585666667
0.864765 0.008026684
0.706843666667 0.337861666667
0.701642666667 0.294102333333
0.725967333333 0.282742333333
0.742905666667 0.347238333333
0.754950666667 0.319303
0.428721333333 0.0352687
0.38499 0.0433889333333
0.876923666667 0.867734
0.874902 0.826728
0.840304 0.825471666667
0.852798 0.894389
0.822811 0.900249
0.799466 0.853749333333
0.793828666667 0.884483333333
0.349936666667 0.972038666667
0.376287 0.952257333333
0.2934 0.990239333333
0.241965333333 0.990204333333
0.1062072 0.818320333333
0.168351333333 0.806250666667
0.149306 0.763858
0.135157333333 0.843405333333
0.160767333333 0.836638666667
0.120626366667 0.743169666667
0.100140233333 0.771063
0.309098666667 0.962759666667
0.258015666667 0.970871333333
0.504961 0.872467666667
0.534537 0.892245
0.396764333333 0.905437333333
0.464897333333 0.896243333333
0.428440333333 0.963775666667
0.403356 0.943959333333
0.340186333333 0.900592333333
0.30594 0.929835333333
0.341581333333 0.861317333333
0.0651506666667 0.1056755
0.0430254266667 0.278088333333
0.0473161933333 0.245528
0.121491766667 0.244538
0.353754666667 0.0567137333333
0.179710666667 0.179316333333
0.153922666667 0.166294333333
0.217586333333 0.176301333333
0.230246666667 0.143412466667
0.0687752 0.379241666667
0.0919523666667 0.405932666667
0.119462433333 0.407615
0.0558636666667 0.345734666667
0.277305 0.210128666667
0.239278333333 0.211671666667
0.250108666667 0.357607
0.215562 0.622737333333
0.281063 0.609859
0.246932 0.595903666667
0.871349 0.430182
0.847925 0.460442
0.777831333333 0.437511333333
0.812795 0.468707
0.783002666667 0.461220333333
0.786873333333 0.761942
0.828265 0.775435
0.838929666667 0.752035666667
0.806809 0.649233666667
0.768029 0.648641
0.825198666667 0.689033333333
0.812135 0.715063666667
0.784483333333 0.72139
0.756014666667 0.707298666667
0.748263666667 0.682660666667
0.681135333333 0.714754666667
0.71762 0.730700333333
0.650007 0.763736
0.642855333333 0.736315333333
0.561014333333 0.757490333333
0.571842666667 0.78681
0.579986333333 0.574746666667
0.586986333333 0.603197
0.68528 0.397644
0.654265666667 0.402448666667
0.687436 0.360506333333
0.656421666667 0.365311
0.809214333333 0.589324666667
0.822886666667 0.565368666667
0.768002 0.579330666667
0.765614666667 0.542304
0.796154333333 0.531559666667
0.934691666667 0.556203333333
0.91196 0.569817666667
0.930096333333 0.606078666667
0.961701333333 0.630752666667
0.964154666667 0.598643
0.584886333333 0.869949
0.577041666667 0.840402666667
0.624410333333 0.887388666667
0.690690666667 0.778063666667
0.720023666667 0.766588666667
0.760808333333 0.783739
0.779872 0.813364
0.763438666667 0.838061666667
0.700117333333 0.896006
0.729451333333 0.885921666667
0.732571666667 0.846166
0.379286333333 0.606448
0.379653333333 0.640450333333
0.345250333333 0.612371666667
0.345617333333 0.646374
0.521866666667 0.815822
0.501856666667 0.846832
0.443571666667 0.757738666667
0.510628 0.714125333333
0.519295 0.747511333333
0.499668333333 0.780882
0.46778 0.783893333333
0.441688 0.870419333333
0.408013333333 0.872259666667
0.460495 0.840743666667
0.448616666667 0.812745
0.382339333333 0.841282666667
0.586580333333 0.404034666667
0.591256 0.369471333333
0.476382 0.508955666667
0.732600333333 0.256347
0.819517333333 0.154023666667
0.159709666667 0.701109666667
0.178862333333 0.679041666667
0.16893 0.742272333333
0.330408666667 0.671966
0.196124666667 0.806463333333
0.227754666667 0.831415
0.199849333333 0.766145666667
0.225650333333 0.750286
0.230337 0.867332
0.268137333333 0.881726666667
0.267609 0.914711
0.191123 0.872768333333
0.178544 0.896103666667
0.529720666667 0.953977666667
0.518115 0.927567333333
0.496513 0.974504
0.462996 0.952133666667
0.47237 0.924963666667
0.179564333333 0.209196666667
0.158209333333 0.239267
0.219479 0.2307
0.0685728333333 0.221221666667
0.0976923333333 0.211916666667
0.113081566667 0.178283666667
0.0973153 0.152806333333
0.0611881 0.141822666667
0.030763141 0.165515
0.041022841 0.198152333333
0.288514666667 0.178029
0.263148333333 0.146683133333
0.126131066667 0.1228991
0.16012 0.134509433333
0.1107272 0.0972229333333
0.312514 0.0451854
0.208059333333 0.02127378
0.252202 0.0204385466667
0.135425766667 0.377231
0.110681433333 0.280091
0.135406666667 0.311341
0.1176041 0.335729333333
0.0760901666667 0.291212666667
0.0781098333333 0.325060333333
0.383869666667 0.372512
0.259598666667 0.300471333333
0.272623333333 0.334020333333
0.309729 0.348702666667
0.177175666667 0.559000666667
0.198677333333 0.545472333333
0.148240666667 0.524384
0.169742333333 0.510855666667
0.331234666667 0.583999666667
0.303178 0.582423666667
0.886074333333 0.370492333333
0.863340666667 0.393733
0.828652333333 0.331008
0.884764 0.337808333333
0.868016666667 0.313509
0.608716 0.688562666667
0.605873333333 0.722507333333
0.572423666667 0.733597666667
0.540351 0.700764666667
0.541009666667 0.660681
0.596726666667 0.666489
0.573391666667 0.646040333333
0.510227333333 0.624986333333
0.438903 0.590259666667
0.448894333333 0.56307
0.645967 0.857961
0.681632666667 0.857051333333
0.6441 0.788396333333
0.684783666667 0.802724
0.702313333333 0.828978333333
0.614327 0.801385666667
0.615641333333 0.830570333333
0.403655333333 0.703590666667
0.441476 0.724815
0.406091333333 0.65732
0.521323333333 0.374546333333
0.548974333333 0.405852
0.733863666667 0.221616666667
0.791839 0.159276
0.765568333333 0.254388333333
0.799510666667 0.267712333333
0.785481 0.200695333333
0.766831666667 0.219658
0.835539 0.257425333333
0.813159333333 0.195443
0.795134666667 0.0190595173333
0.839082333333 0.0329747333333
0.586223 0.02419805
0.504481333333 0.0246532833333
0.380363333333 0.0146291633333
0.511676333333 0.00458224733333
0.954842 0.235815666667
0.969176333333 0.196611
0.956139666667 0.0905185333333
0.940776333333 0.0616588666667
0.907945333333 0.0426290666667
0.880948 0.0493124
0.271844 0.705016
0.235164 0.709848
0.270973333333 0.642196
0.291895333333 0.668724666667
0.228225666667 0.649688666667
0.212467666667 0.681049333333
0.377197333333 0.716751
0.343147 0.703207666667
0.262382666667 0.825217333333
0.313858666667 0.846229
0.288309 0.858131333333
0.231613333333 0.957469
0.244365333333 0.934233
0.19093 0.942670666667
0.203682 0.919434666667
0.225792333333 0.293608
0.215653666667 0.265455
0.17692 0.274695333333
0.164927666667 0.311216333333
0.191961666667 0.324639
0.280747666667 0.123803466667
0.273635666667 0.0787177333333
0.303617666667 0.0733820333333
0.218204666667 0.105356033333
0.189205666667 0.105786666667
0.191211666667 0.0663976
0.243994333333 0.0635409666667
0.229026666667 0.0425004333333
0.160708666667 0.0538672
0.159377666667 0.0233540133333
0.121824133333 0.0690984333333
0.0889105 0.0528067333333
0.1124327 0.02853348
0.169609666667 0.391369
0.214731666667 0.371824666667
0.190813333333 0.358480666667
0.342553666667 0.546918666667
0.379057666667 0.552931
0.286549333333 0.542315666667
0.228424 0.535957333333
0.253675666667 0.555520666667
0.309246 0.524575666667
0.818540666667 0.362001666667
0.830074666667 0.389345
0.786247666667 0.383006666667
0.797781666667 0.41035
0.511818 0.595443333333
0.541176666667 0.551676333333
0.547906 0.578553666667
0.495308666667 0.547046333333
0.479751666667 0.569282666667
0.486875666667 0.696534
0.461558666667 0.700007666667
0.485816333333 0.647478666667
0.455339 0.626947333333
0.440728 0.656622333333
0.429755 0.0531716666667
0.473486333333 0.0450514333333
0.490655 0.243497
0.464757666667 0.24681
0.283574666667 0.281212666667
0.291620333333 0.238051333333
0.309507333333 0.281717666667
0.317553 0.238556333333
0.463363666667 0.376464333333
0.491498 0.388829333333
0.427055 0.390999
0.679754 0.202077666667
0.717396666667 0.192506333333
0.655935 0.175930333333
0.648102333333 0.146387333333
0.674227333333 0.127886666667
0.775496666667 0.132797
0.744618 0.0860769333333
0.716061666667 0.124363
0.732265 0.150104666667
0.620130333333 0.193296666667
0.622993333333 0.222816
0.690178 0.026454634
0.730602 0.038580684
0.725170666667 0.0730619
0.673554 0.0985403
0.927243333333 0.209452333333
0.895798666667 0.230764
0.849055333333 0.232638333333
0.841968666667 0.202942666667
0.846546 0.131791
0.852043333333 0.0907356666667
0.879233666667 0.0860949333333
0.86724 0.166746
0.374329666667 0.753196333333
0.377022 0.813121333333
0.333091666667 0.812563666667
0.402883333333 0.772959666667
0.406986666667 0.798926
0.336851333333 0.105852766667
0.366629333333 0.0875937
0.327885 0.157832666667
0.322797333333 0.132807666667
0.439838333333 0.491985666667
0.427907666667 0.523863666667
0.395199333333 0.519896
0.445363333333 0.456963
0.228027666667 0.498241
0.210943 0.421458333333
0.187952 0.432634666667
0.166277333333 0.460264333333
0.181590333333 0.489777
0.303817 0.494833333333
0.257970666667 0.480242666667
0.505009 0.0581221333333
0.541985666667 0.0478841666667
0.384272333333 0.339951333333
0.403276333333 0.264005333333
0.435456 0.272317
0.368959 0.273124666667
0.340396 0.329235666667
0.340922666667 0.292395333333
0.515459333333 0.266723666667
0.586434333333 0.315323666667
0.508909666667 0.310759
0.566834666667 0.339221333333
0.534508 0.342479
0.410435666667 0.192698666667
0.402897 0.229854
0.359987666667 0.169863
0.387517 0.156598333333
0.348589 0.215082666667
0.368579666667 0.238973333333
0.496144 0.425810666667
0.549996333333 0.463406
0.534801333333 0.433392
0.477747333333 0.452884
0.531151 0.490130666667
0.497559333333 0.48719
0.788854666667 0.0979219
0.774179333333 0.0769435
0.825671333333 0.0751095666667
0.810996 0.0541311666667
0.643682 0.0909971666667
0.573382333333 0.062958
0.925137 0.182786333333
0.898657333333 0.160405666667
0.905153666667 0.120809933333
0.959162666667 0.148171666667
0.94096 0.1159276
0.315404333333 0.731952333333
0.332033 0.757831333333
0.282614666667 0.737002
0.311067666667 0.792345333333
0.254084 0.763632333333
0.265908333333 0.793096666667
0.303778666667 0.383522333333
0.268460333333 0.390552
0.239947333333 0.429299666667
0.262212333333 0.451990333333
0.366461 0.482879666667
0.326954 0.476777
0.316301333333 0.415777333333
0.303248 0.445497666667
0.496123666667 0.201935333333
0.423430333333 0.324000333333
0.43977 0.302325666667
0.459336333333 0.342026333333
0.475676 0.320351666667
0.55462 0.229411
0.544095666667 0.256429
0.595549 0.238198
0.605243333333 0.271066
0.575964666667 0.286008
0.654832666667 0.03421165
0.64304 0.0585029666667
0.617577666667 0.0200908166667
0.605785 0.0443821333333
0.376266666667 0.454981333333
0.41074 0.418484
0.419310666667 0.445009666667
0.367554666667 0.399997
0.349813 0.419158333333
0.555084333333 0.189054
0.605894666667 0.138147666667
0.593150333333 0.168321666667
0.602147666667 0.112103866667
0.569103 0.0981855333333
0.452266666667 0.196371666667
0.470303666667 0.173253666667
0.427450666667 0.172159
0.433583333333 0.0849420333333
0.401693 0.106039266667
0.404532 0.136058666667
0.484689333333 0.143228
0.536015666667 0.115438333333
0.503318333333 0.0904487666667
0.475624 0.109148433333
0.510509333333 0.171909666667
0.534141333333 0.162819666667
