0.0735391 0.0026569
0.0961665 0.00150636
0.141421 0.000243546
0.152735 0.000510875
0.19799 0.00172535
0.209304 0.00281115
0.220617 0.00247175
0.254558 0.00265222
0.277186 0.00116778
0.2885 0.00598653
0.299813 0.000618509
0.311127 0.0053821
0.356382 0.0417424
0.379009 0.0221282
0.401637 0.0445709
0.41295 0.0542825
0.424264 0.00666338
0.435578 0.0438606
0.446891 0.0263538
0.458205 0.0209162
0.469519 0.126119
0.492146 0.0332442
0.50346 0.0219875
0.514774 0.0380227
0.537401 0.110354
0.548715 0.099902
0.560029 0.0994147
0.571342 0.194322
0.582656 0.0984731
0.605283 0.354994
0.627911 0.157807
0.639225 0.403969
0.650538 0.750546
0.661852 0.583685
0.673166 0.270784
0.695793 0.437352
0.707107 0.570619
0.71842 0.23132
0.729734 0.66747
0.741048 0.320058
0.752362 0.485286
0.763675 0.443114
0.774989 1.34474
0.786303 0.619824
0.797616 0.612415
0.80893 0.528461
0.820244 0.243969
0.831558 0.791802
0.854185 0.929277
0.865499 1.16099
0.876812 3.35085
0.888126 2.53915
0.89944 1.54614
0.910754 1.74806
0.922067 1.08593
0.933381 2.72178
0.944695 0.810036
0.956008 1.72736
0.967322 0.748138
0.978636 0.719749
0.989949 0.799652
1.00126 0.681371
1.01258 0.479443
1.02389 0.287562
1.0352 0.233807
1.04652 0.746101
1.05783 1.05261
1.06915 1.42804
1.08046 0.953408
1.10309 1.03603
1.1144 0.937893
1.13703 1.92914
1.14834 1.011
1.15966 1.45907
1.17097 1.777
1.18228 0.713824
1.20491 1.29633
1.21622 1.76647
1.23885 1.31945
1.25016 0.879161
1.26148 2.0709
1.27279 1.12129
1.28411 0.492944
1.29542 0.852765
1.30673 1.17634
1.31805 1.26056
1.32936 0.999077
1.34067 0.93235
1.35199 0.831655
1.3633 1.71645
1.37462 2.07605
1.38593 2.82359
1.39724 1.57731
1.40856 0.890256
1.41987 1.35327
1.43118 1.36883
1.4425 1.64665
1.45381 1.34163
1.47644 0.854211
1.48775 1.93621
1.49907 1.47673
1.51038 1.27601
1.52169 0.714839
1.53301 0.419823
1.54432 0.437659
1.55563 0.836504
1.56695 0.566647
1.57826 0.479755
1.58958 1.07215
1.60089 0.744116
1.6122 0.791302
1.62352 0.618641
1.63483 0.920195
1.64614 0.438366
1.65746 0.398982
1.66877 1.27183
1.68009 0.635995
1.6914 1.15552
1.70271 0.712697
1.71403 1.3217
1.72534 0.605846
1.73665 0.580399
1.74797 0.649172
1.75928 0.697692
1.7706 0.857827
1.78191 0.812641
1.79322 0.571346
1.80454 0.585102
1.81585 0.564525
1.82716 0.427661
1.83848 0.433573
1.84979 0.647962
1.86111 0.773197
1.87242 0.903165
1.88373 0.53152
1.89505 0.50898
1.90636 1.04335
1.91767 0.907142
1.92899 1.06313
1.9403 0.937527
1.95161 0.970571
1.96293 1.06999
1.97424 0.833259
1.98556 0.907082
1.99687 0.992671
2.00818 1.2873
2.0195 1.06969
2.03081 1.1348
2.04212 1.14265
2.05344 1.27696
2.06475 0.758322
2.07607 0.866472
2.08738 1.06303
2.09869 1.33231
2.11001 1.25033
2.12132 1.25581
2.13263 0.961833
2.14395 0.371067
2.15526 0.879725
2.16658 1.01538
2.17789 1.11249
2.1892 1.22127
2.20052 1.65085
2.21183 1.26875
2.22314 1.42971
2.23446 0.742699
2.24577 1.57232
2.25708 1.51502
2.2684 0.982394
2.27971 1.38445
2.29103 0.433665
2.30234 1.07973
2.31365 0.863103
2.32497 0.874949
2.33628 0.521034
2.34759 0.923856
2.35891 0.708802
2.37022 0.856072
2.38154 0.768534
2.39285 0.923055
2.40416 0.940416
2.41548 1.01715
2.42679 2.11119
2.4381 1.30764
2.44942 1.19602
2.46073 0.93399
2.47205 0.923889
2.48336 1.3465
2.49467 1.42034
2.50599 1.32321
2.5173 0.61996
2.52861 0.943566
2.53993 0.761665
2.55124 0.631813
2.56255 0.842795
2.57387 0.885555
2.58518 1.19305
2.5965 0.875709
2.60781 1.09744
2.61912 0.882141
2.63044 0.84052
2.64175 1.04982
2.65306 1.14248
2.66438 1.09852
2.67569 1.92365
2.68701 1.05856
2.69832 0.882937
2.70963 0.892659
2.72095 0.77365
2.73226 1.77663
2.74357 1.36794
2.75489 1.24595
2.7662 1.06485
2.77752 1.43807
2.78883 1.42136
2.80014 1.02065
2.81146 0.737979
2.82277 0.570382
2.83408 1.10012
2.8454 0.818272
2.85671 0.674279
2.86803 1.00245
2.87934 1.54404
2.89065 0.640133
2.90197 0.984087
2.91328 0.997865
2.92459 0.680135
2.93591 0.943222
2.94722 1.06143
2.95853 0.883268
2.96985 0.830855
2.98116 0.641166
2.99248 0.95891
3.00379 0.906513
3.0151 0.734888
3.02642 0.82379
3.03773 0.918831
3.04904 0.971619
3.06036 1.10928
3.07167 1.05079
3.08299 0.977468
3.0943 1.01417
3.10561 1.02036
3.11693 0.981825
3.12824 1.05287
3.13955 0.733552
3.15087 0.833816
3.16218 0.823576
3.1735 1.03691
3.18481 1.23672
3.19612 0.947844
3.20744 1.11748
3.21875 0.612925
3.23006 0.913005
3.24138 0.923847
3.25269 0.702686
3.264 0.839341
3.27532 0.997436
3.28663 0.959098
3.29795 1.10547
3.30926 1.2448
3.32057 0.768765
3.33189 0.863255
3.3432 0.901371
3.35451 0.933928
3.36583 0.854839
3.37714 0.714463
3.38846 0.7497
3.39977 1.12244
3.41108 1.52413
3.4224 1.29885
3.43371 0.792682
3.44502 1.10374
3.45634 0.984426
3.46765 1.13752
3.47897 1.03822
3.49028 1.40096
3.50159 1.10929
3.51291 1.72363
3.52422 1.26044
3.53553 0.978991
3.54685 1.12739
3.55816 0.951028
3.56948 0.828642
3.58079 1.23635
3.5921 1.21749
3.60342 1.06469
3.61473 1.07728
3.62604 1.45624
3.63736 0.978439
3.64867 0.910318
3.65998 0.685098
3.6713 0.801559
3.68261 0.912492
3.69393 1.23006
3.70524 0.721715
3.71655 1.0165
3.72787 1.69912
3.73918 1.02771
3.75049 0.79599
3.76181 0.914745
3.77312 1.19123
3.78444 1.00831
3.79575 0.704361
3.80706 0.828587
3.81838 1.32463
3.82969 1.07867
3.841 1.50196
3.85232 0.842688
3.86363 0.826953
3.87495 0.865241
3.88626 0.89071
3.89757 0.894283
3.90889 0.659032
3.9202 1.18354
3.93151 0.956361
3.94283 1.03245
3.95414 0.987484
3.96545 0.737817
3.97677 1.07045
3.98808 0.912983
3.9994 1.30687
4.01071 0.762503
4.02202 1.01694
4.03334 1.00963
4.04465 1.12252
4.05596 0.946279
4.06728 0.835418
4.07859 1.01513
4.08991 0.935245
4.10122 1.15593
4.11253 1.02685
4.12385 0.958407
4.13516 1.25284
4.14647 1.17258
4.15779 1.14798
4.1691 1.21099
4.18042 0.794143
4.19173 1.09226
4.20304 1.10651
4.21436 0.834058
4.22567 1.0276
4.23698 1.27629
4.2483 0.879616
4.25961 0.844996
4.27092 0.847034
4.28224 0.789599
4.29355 0.98886
4.30487 0.933508
4.31618 1.16909
4.32749 1.19757
4.33881 0.949156
4.35012 1.11664
4.36143 1.02298
4.37275 0.686286
4.38406 1.08177
4.39538 1.14974
4.40669 1.00076
4.418 0.852255
4.42932 0.999354
4.44063 1.01952
4.45194 1.31887
4.46326 0.917257
4.47457 1.19091
4.48589 0.698959
4.4972 0.991434
4.50851 0.967913
4.51983 0.873824
4.53114 0.946715
4.54245 1.02636
4.55377 0.807204
4.56508 0.891123
4.5764 1.08306
4.58771 0.933863
4.59902 0.916435
4.61034 1.29016
4.62165 0.979783
4.63296 0.734503
4.64428 0.809404
4.65559 0.959546
4.6669 1.17054
4.67822 0.833582
4.68953 0.956476
4.70085 0.825836
4.71216 0.867422
4.72347 0.916393
4.73479 0.92322
4.7461 1.12846
4.75741 1.10312
4.76873 0.750459
4.78004 1.00749
4.79136 0.624405
4.80267 1.01113
4.81398 1.1492
4.8253 0.848546
4.83661 1.05001
4.84792 1.22912
4.85924 1.10901
4.87055 0.976793
4.88187 1.13938
4.89318 1.25923
4.90449 0.811565
4.91581 1.07907
4.92712 1.26126
4.93843 1.06011
4.94975 1.19389
4.96106 0.95895
4.97237 0.81558
4.98369 1.37781
4.995 1.46669
5.00632 1.20017
5.01763 0.798274
5.02894 0.89736
5.04026 0.928784
5.05157 0.846501
5.06288 1.02962
5.0742 0.806918
5.08551 1.06271
5.09683 1.14674
5.10814 0.837197
5.11945 1.09325
5.13077 0.737803
5.14208 0.996547
5.15339 0.847689
5.16471 1.13729
5.17602 0.82696
5.18734 1.01168
5.19865 0.91743
5.20996 0.661699
5.22128 0.914628
5.23259 0.861887
5.2439 0.775224
5.25522 0.916753
5.26653 0.831044
5.27785 0.955181
5.28916 0.78445
5.30047 0.72232
5.31179 1.07692
5.3231 1.06177
5.33441 1.29232
5.34573 0.942626
5.35704 1.19878
5.36835 0.77681
5.37967 1.12684
5.39098 1.31769
5.4023 1.13571
5.41361 0.908522
5.42492 1.36652
5.43624 1.28205
5.44755 0.787333
5.45886 0.895462
5.47018 0.998644
5.48149 1.44561
5.49281 1.08988
5.50412 1.10015
5.51543 0.770744
5.52675 0.880186
5.53806 0.619371
5.54937 1.01008
5.56069 1.28408
5.572 0.922467
5.58332 1.15397
5.59463 0.988912
5.60594 1.25183
5.61726 1.13716
5.62857 1.27157
5.63988 1.06744
5.6512 0.824404
