0.0430355 0.274567
0.0562772 0.120322
0.0827606 0.199571
0.0893814 0.0866132
0.115865 0.073209
0.122486 0.150963
0.129107 0.0505422
0.148969 0.0140568
0.162211 0.2867
0.168832 0.0434759
0.175452 0.0399191
0.182073 0.0690009
0.208557 0.0690614
0.221798 0.0613486
0.23504 0.136555
0.241661 0.0442164
0.248282 0.279188
0.254903 0.102727
0.261523 0.0565169
0.268144 0.0530051
0.274765 0.0344051
0.288007 0.144813
0.294628 0.0583266
0.301249 0.0699119
0.31449 0.0630494
0.321111 0.0176836
0.327732 0.301603
0.334353 0.073621
0.340974 0.051763
0.354215 0.0510996
0.367457 0.0887265
0.374078 0.102744
0.380699 0.0558754
0.38732 0.0521362
0.39394 0.0867377
0.407182 0.0427008
0.413803 0.134584
0.420424 0.0908606
0.427045 0.0758472
0.433665 0.0517953
0.440286 0.230211
0.446907 0.0574622
0.453528 0.129968
0.460149 0.0749988
0.46677 0.0708403
0.473391 0.0747381
0.480011 0.0252364
0.486632 0.0867183
0.499874 0.122039
0.506495 0.14283
0.513116 0.295283
0.519736 0.153647
0.526357 0.358271
0.532978 0.11497
0.539599 0.109783
0.54622 0.336481
0.552841 0.114243
0.559462 0.119916
0.566082 0.267413
0.572703 0.204325
0.579324 0.326332
0.585945 0.148169
0.592566 0.174303
0.599187 0.126776
0.605808 0.111627
0.612428 0.295389
0.619049 0.596227
0.62567 0.422519
0.632291 0.52323
0.645533 0.646662
0.652153 0.459845
0.665395 0.922867
0.672016 0.500605
0.678637 1.24266
0.685258 0.991949
0.691879 0.934082
0.70512 0.971373
0.711741 1.39031
0.724983 1.30772
0.731604 0.549277
0.738224 0.865464
0.744845 0.771687
0.751466 0.55902
0.758087 0.768661
0.764708 1.54117
0.771329 0.991215
0.77795 1.13457
0.78457 1.00399
0.791191 0.939772
0.797812 1.12409
0.804433 1.39595
0.811054 2.86204
0.817675 1.26201
0.824295 1.01494
0.830916 0.957278
0.837537 0.625875
0.844158 1.36112
0.850779 0.723937
0.864021 0.879408
0.870641 0.696733
0.877262 0.602315
0.883883 0.622629
0.890504 0.309717
0.897125 0.482498
0.903746 0.939343
0.910366 0.452339
0.916987 0.324628
0.923608 0.377269
0.930229 0.222998
0.93685 0.409206
0.943471 0.374224
0.950092 0.451208
0.956712 0.462919
0.963333 0.410531
0.969954 0.282092
0.976575 0.383763
0.983196 0.579246
0.989817 0.117618
0.996437 0.61938
1.00306 0.781362
1.00968 0.44466
1.0163 0.305359
1.02292 0.366662
1.02954 0.552543
1.03616 0.573886
1.04278 0.700135
1.0494 0.494761
1.05603 0.474177
1.06265 0.682035
1.06927 0.841441
1.07589 0.525222
1.08251 0.532295
1.08913 0.566644
1.09575 0.623366
1.10237 0.527762
1.10899 0.865418
1.11561 0.946947
1.12223 0.576314
1.12885 1.13969
1.13548 1.04683
1.1421 1.17485
1.14872 0.888948
1.15534 0.534968
1.16196 0.920346
1.16858 1.07272
1.1752 1.30975
1.18182 0.896311
1.18844 1.20406
1.19506 2.00722
1.20168 1.01194
1.2083 0.909927
1.21493 1.03169
1.22155 1.52844
1.22817 1.21592
1.23479 1.32674
1.24141 1.65345
1.24803 1.04454
1.25465 2.12145
1.26127 1.32145
1.26789 1.07975
1.27451 1.29234
1.28113 2.11457
1.28775 1.39145
1.29438 1.37191
1.301 1.71274
1.30762 1.70769
1.31424 1.40895
1.32086 2.47865
1.32748 1.37192
1.3341 1.76556
1.34072 1.83555
1.34734 2.57578
1.35396 2.20787
1.36058 2.67129
1.3672 1.9486
1.37383 2.60013
1.38045 1.46679
1.38707 1.78905
1.39369 1.46966
1.40031 0.888162
1.40693 2.03822
1.41355 2.07206
1.42017 1.31963
1.42679 2.2291
1.43341 1.01784
1.44003 1.27853
1.44666 1.53128
1.45328 2.04089
1.4599 1.48272
1.46652 2.004
1.47314 2.72413
1.47976 1.86133
1.48638 1.67332
1.493 1.67583
1.49962 1.15396
1.50624 1.21939
1.51286 1.70378
1.51948 1.05865
1.52611 1.78663
1.53273 1.58761
1.53935 1.3183
1.54597 1.18874
1.55259 1.01489
1.55921 1.08726
1.56583 1.65922
1.57245 1.39046
1.57907 1.07386
1.58569 0.862094
1.59231 0.77789
1.59893 1.12184
1.60556 1.02324
1.61218 1.12096
1.6188 0.887237
1.62542 0.763456
1.63204 1.08841
1.63866 0.909234
1.64528 0.755553
1.6519 0.507791
1.65852 0.880064
1.66514 0.610253
1.67176 1.00901
1.67838 0.675157
1.68501 0.86808
1.69163 0.637325
1.69825 0.648356
1.70487 0.613799
1.71149 0.658657
1.71811 0.487477
1.72473 0.501862
1.73135 0.746457
1.73797 0.644502
1.74459 0.547935
1.75121 0.252484
1.75783 0.683516
1.76446 0.358705
1.77108 0.498094
1.7777 0.573142
1.78432 0.595965
1.79094 0.785293
1.79756 0.723952
1.80418 0.483994
1.8108 0.514724
1.81742 0.497711
1.82404 0.534673
1.83066 0.629901
1.83729 0.7249
1.84391 0.608329
1.85053 0.489597
1.85715 0.371423
1.86377 0.654463
1.87039 0.631822
1.87701 0.806704
1.88363 0.622932
1.89025 0.64839
1.89687 0.857658
1.90349 0.619885
1.91011 0.579661
1.91674 0.464233
1.92336 0.668145
1.92998 0.836307
1.9366 0.353625
1.94322 0.723119
1.94984 0.537676
1.95646 0.83524
1.96308 0.726983
1.9697 0.795453
1.97632 0.693184
1.98294 0.582634
1.98956 0.706992
1.99619 0.87722
2.00281 0.844065
2.00943 0.654738
2.01605 0.684413
2.02267 0.636366
2.02929 0.845166
2.03591 0.839984
2.04253 0.764631
2.04915 0.954753
2.05577 0.985137
2.06239 0.995459
2.06901 1.01145
2.07564 1.13319
2.08226 1.00596
2.08888 1.01189
2.0955 0.908484
2.10212 1.27368
2.10874 0.969669
2.11536 1.07575
2.12198 1.01096
2.1286 1.03115
2.13522 1.08925
2.14184 0.69631
2.14846 0.856912
2.15509 0.817666
2.16171 0.727479
2.16833 0.911415
2.17495 1.25224
2.18157 0.625186
2.18819 0.845557
2.19481 1.22078
2.20143 1.16878
2.20805 0.787534
2.21467 0.886753
2.22129 1.09883
2.22792 0.743339
2.23454 0.721513
2.24116 0.867562
2.24778 1.03827
2.2544 0.886621
2.26102 1.32338
2.26764 1.03515
2.27426 0.971551
2.28088 1.15804
2.2875 1.10518
2.29412 0.976915
2.30074 0.769199
2.30737 1.42689
2.31399 1.04213
2.32061 0.941655
2.32723 1.54505
2.33385 1.21107
2.34047 1.13175
2.34709 1.06135
2.35371 1.34926
2.36033 0.995672
2.36695 1.15444
2.37357 1.17471
2.38019 1.00057
2.38682 1.19424
2.39344 1.59092
2.40006 0.995587
2.40668 1.31384
2.4133 0.975509
2.41992 1.10117
2.42654 1.66223
2.43316 1.28092
2.43978 1.05442
2.4464 1.28991
2.45302 0.766518
2.45964 1.21934
2.46627 0.901626
2.47289 1.14652
2.47951 0.796957
2.48613 1.32854
2.49275 0.784832
2.49937 1.18009
2.50599 1.02132
2.51261 1.85114
2.51923 1.10621
2.52585 0.975309
2.53247 1.05028
2.53909 1.24914
2.54572 1.04991
2.55234 1.42772
2.55896 1.4528
2.56558 1.3273
2.5722 0.949182
2.57882 1.18801
2.58544 1.00187
2.59206 0.853642
2.59868 1.2724
2.6053 0.954573
2.61192 1.03666
2.61855 0.615937
2.62517 0.989693
2.63179 0.908333
2.63841 1.39993
2.64503 0.761418
2.65165 0.89425
2.65827 1.80937
2.66489 0.84282
2.67151 1.14526
2.67813 1.4214
2.68475 1.09476
2.69137 0.874256
2.698 1.03856
2.70462 1.14148
2.71124 1.06951
2.71786 1.06275
2.72448 1.16828
2.7311 0.897385
2.73772 1.08749
2.74434 0.772641
2.75096 0.939774
2.75758 0.966357
2.7642 1.02833
2.77082 1.21862
2.77745 1.10129
2.78407 1.29523
2.79069 1.08921
2.79731 0.825108
2.80393 0.885724
2.81055 1.58843
2.81717 0.888728
2.82379 1.29474
2.83041 1.26909
2.83703 0.935626
2.84365 0.94139
2.85027 1.17635
2.8569 0.902036
2.86352 0.899713
2.87014 1.18787
2.87676 0.751494
2.88338 1.0729
2.89 1.0777
2.89662 1.10183
2.90324 1.07658
2.90986 0.897803
2.91648 0.660002
2.9231 0.684723
2.92972 1.02106
2.93635 1.45381
2.94297 1.12953
2.94959 0.8603
2.95621 0.992798
2.96283 0.859397
2.96945 0.824278
2.97607 0.974205
2.98269 0.982729
2.98931 1.00277
2.99593 0.935128
3.00255 1.04499
3.00918 0.853005
3.0158 0.806914
3.02242 0.893437
3.02904 0.7977
3.03566 0.932709
3.04228 0.96014
3.0489 1.03546
3.05552 1.03804
3.06214 1.10389
3.06876 0.7645
3.07538 0.804219
3.082 1.0534
3.08863 0.872915
3.09525 0.756767
3.10187 0.838293
3.10849 0.929386
3.11511 1.05734
3.12173 0.599708
3.12835 0.872177
3.13497 0.903674
3.14159 0.821067
3.14821 0.90768
3.15483 1.19853
3.16145 1.17297
3.16808 1.05429
3.1747 0.951122
3.18132 0.813719
3.18794 0.851213
3.19456 1.32022
3.20118 0.892382
3.2078 0.997993
3.21442 0.78824
3.22104 1.01891
3.22766 0.954146
3.23428 0.705269
3.2409 0.853704
3.24753 0.81314
3.25415 1.22792
3.26077 1.16734
3.26739 1.43822
3.27401 1.20733
3.28063 0.824104
3.28725 1.17652
3.29387 0.908398
3.30049 0.959944
3.30711 0.685556
