0.0688757 0.000139195
0.0900682 5.3655e-05
0.132453 0.000271284
0.143049 0.000281375
0.185435 0.000170379
0.196031 0.000516261
0.206627 0.00136992
0.238416 0.00298344
0.259608 0.00581784
0.270205 0.00143062
0.280801 0.00241001
0.291397 0.00489779
0.333782 0.00781541
0.354975 0.0104949
0.376167 0.00231582
0.386763 0.0194336
0.39736 0.00992712
0.407956 0.0492498
0.418552 0.0400964
0.429148 0.0640072
0.439745 0.0304379
0.460937 0.0121429
0.471534 0.0705785
0.48213 0.0980371
0.503322 0.108578
0.513919 0.165723
0.524515 0.044596
0.535111 0.394441
0.545707 0.192383
0.5669 0.569207
0.588092 0.725773
0.598689 0.317388
0.609285 0.394944
0.619881 0.745043
0.630477 0.505003
0.65167 0.297704
0.662266 0.394228
0.672862 0.721119
0.683459 0.843541
0.694055 0.316002
0.704651 0.961965
0.715247 1.04806
0.725844 1.47036
0.73644 0.818891
0.747036 1.12902
0.757633 0.811965
0.768229 0.253688
0.778825 0.325202
0.800018 0.655717
0.810614 0.464907
0.82121 1.11581
0.831806 1.1262
0.842403 1.3701
0.852999 1.24057
0.863595 1.94747
0.874191 1.11889
0.884788 2.0679
0.895384 0.759949
0.90598 1.87676
0.916576 2.40641
0.927173 0.661334
0.937769 0.776865
0.948365 1.36221
0.958961 1.01532
0.969558 0.22025
0.980154 0.639643
0.99075 0.504872
1.00135 0.420361
1.01194 0.897935
1.03314 0.583608
1.04373 0.194357
1.06492 0.854023
1.07552 0.692852
1.08612 0.667804
1.09671 0.666789
1.10731 0.720729
1.1285 0.727012
1.1391 0.65426
1.16029 0.540222
1.17089 0.730163
1.18148 0.818123
1.19208 0.578775
1.20268 0.667916
1.21327 0.741342
1.22387 1.00261
1.23446 1.01299
1.24506 0.605363
1.25566 0.816023
1.26625 0.822948
1.27685 1.17429
1.28745 1.0979
1.29804 2.86426
1.30864 0.639502
1.31923 1.4774
1.32983 1.11704
1.34043 1.11624
1.35102 0.785044
1.36162 1.39654
1.38281 0.818878
1.39341 1.36264
1.404 1.34413
1.4146 2.15862
1.4252 1.3179
1.43579 2.5979
1.44639 1.64413
1.45699 1.12025
1.46758 1.08498
1.47818 1.81948
1.48877 1.02923
1.49937 0.871001
1.50997 1.36627
1.52056 1.04239
1.53116 1.40244
1.54176 2.22704
1.55235 1.84631
1.56295 1.18505
1.57354 0.900982
1.58414 2.06266
1.59474 1.38164
1.60533 1.3389
1.61593 1.68957
1.62653 0.835945
1.63712 0.456509
1.64772 0.638339
1.65831 1.18372
1.66891 0.891526
1.67951 1.69876
1.6901 1.12812
1.7007 1.24483
1.7113 1.88152
1.72189 1.52639
1.73249 1.10963
1.74308 1.3656
1.75368 2.00086
1.76428 0.929131
1.77487 0.850691
1.78547 1.10863
1.79607 0.671021
1.80666 0.864622
1.81726 0.677175
1.82785 0.694488
1.83845 0.559517
1.84905 1.12391
1.85964 0.715247
1.87024 0.990058
1.88084 0.500082
1.89143 0.881871
1.90203 1.11427
1.91262 1.10829
1.92322 1.26513
1.93382 1.02646
1.94441 0.995547
1.95501 1.22035
1.96561 0.840429
1.9762 1.10928
1.9868 0.77859
1.99739 0.772639
2.00799 1.02767
2.01859 0.69588
2.02918 0.489305
2.03978 0.825015
2.05038 1.03257
2.06097 0.752113
2.07157 0.733428
2.08216 0.755578
2.09276 0.701828
2.10336 0.857136
2.11395 1.46082
2.12455 0.765175
2.13515 0.62053
2.14574 0.458859
2.15634 0.799908
2.16693 0.534075
2.17753 0.776362
2.18813 0.789981
2.19872 0.75839
2.20932 0.988201
2.21992 1.02593
2.23051 0.538782
2.24111 0.839743
2.25171 0.981454
2.2623 0.605661
2.2729 0.536268
2.28349 0.827741
2.29409 0.697772
2.30469 1.40116
2.31528 0.96255
2.32588 0.631608
2.33648 0.964489
2.34707 0.710157
2.35767 0.979174
2.36826 0.73982
2.37886 0.817212
2.38946 1.03164
2.40005 1.19547
2.41065 0.902986
2.42125 0.653274
2.43184 0.822717
2.44244 1.03629
2.45303 1.09404
2.46363 0.752751
2.47423 0.815891
2.48482 0.814011
2.49542 0.997011
2.50602 0.470512
2.51661 0.972403
2.52721 1.21814
2.5378 0.842083
2.5484 0.753632
2.559 1.12244
2.56959 0.563135
2.58019 0.781103
2.59079 1.20922
2.60138 1.29738
2.61198 1.17938
2.62257 0.630711
2.63317 0.766219
2.64377 0.848328
2.65436 0.830619
2.66496 0.937401
2.67556 1.61255
2.68615 0.762316
2.69675 1.33699
2.70734 1.08393
2.71794 1.04922
2.72854 1.64373
2.73913 1.28021
2.74973 1.35603
2.76033 1.17376
2.77092 1.36025
2.78152 1.16214
2.79211 1.16154
2.80271 0.654259
2.81331 1.10201
2.8239 1.70452
2.8345 1.08641
2.8451 1.39965
2.85569 0.934968
2.86629 1.22649
2.87688 1.27474
2.88748 0.939374
2.89808 1.13306
2.90867 1.10511
2.91927 1.13025
2.92987 0.869193
2.94046 1.39472
2.95106 0.813278
2.96165 1.10444
2.97225 1.23591
2.98285 1.04734
2.99344 1.52575
3.00404 1.36208
3.01464 1.06803
3.02523 1.10154
3.03583 1.05447
3.04642 1.22857
3.05702 0.886046
3.06762 1.47169
3.07821 1.36659
3.08881 0.92937
3.09941 1.29717
3.11 1.00132
3.1206 1.02364
3.13119 0.711185
3.14179 0.901732
3.15239 1.29022
3.16298 0.820933
3.17358 1.0044
3.18418 0.999462
3.19477 1.20003
3.20537 0.899875
3.21596 0.994646
3.22656 1.27436
3.23716 0.778727
3.24775 1.24438
3.25835 0.993099
3.26895 1.06216
3.27954 1.05489
3.29014 1.03033
3.30073 1.25354
3.31133 1.01268
3.32193 0.988323
3.33252 0.838932
3.34312 0.915281
3.35372 0.937423
3.36431 0.613372
3.37491 0.908842
3.3855 1.04511
3.3961 0.980468
3.4067 1.02963
3.41729 0.910087
3.42789 1.02874
3.43849 1.11257
3.44908 0.987066
3.45968 0.833871
3.47027 0.974952
3.48087 0.871349
3.49147 1.24191
3.50206 0.591935
3.51266 0.962744
3.52326 0.992419
3.53385 1.00206
3.54445 0.830767
3.55504 1.0861
3.56564 1.18671
3.57624 0.930208
3.58683 0.955265
3.59743 0.724402
3.60803 0.839798
3.61862 0.845394
3.62922 0.782198
3.63981 0.835219
3.65041 0.766552
3.66101 0.991861
3.6716 1.13018
3.6822 0.98656
3.6928 1.03329
3.70339 0.869675
3.71399 0.969902
3.72458 0.758372
3.73518 0.800229
3.74578 1.13606
3.75637 0.889539
3.76697 0.632055
3.77757 0.541841
3.78816 1.00316
3.79876 0.897842
3.80936 0.813185
3.81995 0.678206
3.83055 0.81794
3.84114 0.834073
3.85174 0.960638
3.86234 0.995438
3.87293 0.542982
3.88353 0.687114
3.89413 1.03507
3.90472 0.96583
3.91532 0.632415
3.92591 0.82261
3.93651 1.1504
3.94711 1.03715
3.9577 1.00969
3.9683 1.0481
3.9789 0.995022
3.98949 0.750206
4.00009 0.904257
4.01068 0.932363
4.02128 0.785031
4.03188 0.637161
4.04247 1.25442
4.05307 0.906734
4.06367 0.78463
4.07426 1.09667
4.08486 1.10351
4.09545 1.21547
4.10605 1.05672
4.11665 1.21927
4.12724 0.887881
4.13784 0.903736
4.14844 0.842555
4.15903 1.2371
4.16963 1.10149
4.18022 1.06479
4.19082 1.40167
4.20142 1.13273
4.21201 1.16518
4.22261 1.12966
4.23321 0.903474
4.2438 1.13057
4.2544 0.887932
4.26499 1.11169
4.27559 1.26539
4.28619 1.02992
4.29678 1.05293
4.30738 1.305
4.31798 1.04666
4.32857 0.918187
4.33917 1.17285
4.34976 1.10791
4.36036 0.942213
4.37096 1.29368
4.38155 0.875546
4.39215 1.19566
4.40275 1.48052
4.41334 1.19543
4.42394 1.16016
4.43453 1.10157
4.44513 1.23321
4.45573 1.2931
4.46632 0.934262
4.47692 1.2153
4.48752 1.1188
4.49811 1.35315
4.50871 1.28999
4.5193 0.974972
4.5299 0.684143
4.5405 0.966347
4.55109 1.12668
4.56169 1.27768
4.57229 1.12283
4.58288 1.11334
4.59348 1.09027
4.60407 0.651736
4.61467 0.834605
4.62527 0.927955
4.63586 0.962763
4.64646 1.22758
4.65706 1.37595
4.66765 1.18258
4.67825 1.06551
4.68884 1.02217
4.69944 0.895154
4.71004 1.024
4.72063 1.06429
4.73123 0.908646
4.74183 0.888163
4.75242 0.999182
4.76302 0.950929
4.77361 1.22826
4.78421 0.886058
4.79481 0.962837
4.8054 1.37283
4.816 0.57515
4.8266 0.7835
4.83719 0.84482
4.84779 1.25511
4.85838 0.959496
4.86898 1.00735
4.87958 0.909793
4.89017 0.927112
4.90077 0.727938
4.91137 1.0338
4.92196 1.00168
4.93256 0.759428
4.94315 0.737014
4.95375 0.856006
4.96435 1.13051
4.97494 0.986918
4.98554 1.00845
4.99614 0.835822
5.00673 0.929672
5.01733 0.715675
5.02792 0.958534
5.03852 1.11145
5.04912 1.02057
5.05971 1.00808
5.07031 0.893753
5.08091 0.935446
5.0915 0.742292
5.1021 0.804035
5.11269 1.04735
5.12329 0.614318
5.13389 0.941453
5.14448 0.77017
5.15508 1.16062
5.16568 0.62309
5.17627 1.1042
5.18687 1.07759
5.19746 0.915711
5.20806 0.651535
5.21866 0.667895
5.22925 0.615892
5.23985 0.734231
5.25045 1.12203
5.26104 0.840387
5.27164 0.931621
5.28224 0.842586
5.29283 0.871392
