0.164438 0.029089
0.215035 0.0563758
0.316228 0.180169
0.341526 0.642873
0.442719 0.386637
0.468017 1.06555
0.493315 0.285031
0.56921 0.57293
0.619806 0.615707
0.645105 0.697566
0.670403 1.26268
0.695701 0.642598
0.796894 0.695246
0.84749 0.880827
0.898087 2.03677
0.923385 1.20198
0.948683 0.562428
0.973982 0.95173
0.99928 1.19899
1.02458 0.686963
1.04988 0.615306
1.10047 1.16211
1.12577 1.15318
1.15107 1.19927
1.20167 0.84886
1.22696 0.707266
1.25226 0.830395
1.27756 1.31713
1.30286 0.89782
1.35345 0.918078
1.40405 0.873865
1.42935 0.633567
1.45465 0.968605
1.47995 1.12141
1.50524 1.12772
1.55584 0.295411
1.58114 0.777029
1.60644 0.893888
1.63174 0.506513
1.65703 0.417517
1.68233 0.492711
1.70763 1.04927
1.73293 0.418832
1.75823 0.707066
1.78352 0.489671
1.80882 0.558453
1.83412 0.449631
1.85942 0.886693
1.91002 1.46277
1.93531 1.15109
1.96061 1.2829
1.98591 3.32409
2.01121 1.15546
2.03651 1.88765
2.06181 1.09063
2.0871 0.822445
2.1124 0.679929
2.1377 1.23619
2.163 1.34264
2.1883 1.82044
2.21359 1.37616
2.23889 1.19981
2.26419 1.25532
2.28949 0.904654
2.31479 0.344925
2.34009 1.25872
2.36538 0.710944
2.39068 1.02568
2.41598 0.872016
2.46658 0.612589
2.49187 0.815444
2.54247 1.16508
2.56777 0.788245
2.59307 1.03758
2.61837 0.53364
2.64366 1.69516
2.69426 0.673676
2.71956 0.976319
2.77016 0.616029
2.79545 1.37059
2.82075 1.06022
2.84605 1.17018
2.87135 1.24062
2.89665 1.13875
2.92194 0.966504
2.94724 1.22554
2.97254 0.947374
2.99784 1.14881
3.02314 1.19005
3.04844 0.954441
3.07373 1.39806
3.09903 1.48048
3.12433 1.65994
3.14963 0.781443
3.17493 0.93349
3.20022 0.439793
3.22552 1.10661
3.25082 1.38014
3.30142 0.632074
3.32672 0.791931
3.35201 0.740436
3.37731 0.830391
3.40261 1.88194
3.42791 1.14895
3.45321 0.549876
3.47851 0.918236
3.5038 1.02319
3.5291 0.864004
3.5544 1.07624
3.5797 0.365027
3.605 0.851756
3.63029 0.980818
3.65559 0.908955
3.68089 0.882446
3.70619 1.36483
3.73149 0.851538
3.75679 0.541578
3.78208 1.15879
3.80738 0.840075
3.83268 1.04425
3.85798 1.34673
3.88328 1.18869
3.90858 0.731364
3.93387 0.6168
3.95917 1.04057
3.98447 1.16579
4.00977 2.10865
4.03507 0.849685
4.06036 1.45742
4.08566 0.343214
4.11096 0.990447
4.13626 0.928146
4.16156 1.03992
4.18686 1.34868
4.21215 0.876353
4.23745 0.886421
4.26275 0.980424
4.28805 0.90198
4.31335 0.9702
4.33864 1.03912
4.36394 0.754581
4.38924 1.15854
4.41454 0.690258
4.43984 0.615863
4.46514 0.834808
4.49043 1.41344
4.51573 1.12434
4.54103 0.977062
4.56633 0.362264
4.59163 1.15641
4.61693 0.840194
4.64222 0.940122
4.66752 0.446772
4.69282 1.17111
4.71812 1.20392
4.74342 0.975973
4.76871 1.20716
4.79401 0.657155
4.81931 1.0469
4.84461 1.34029
4.86991 0.551948
4.89521 0.962524
4.9205 0.837964
4.9458 1.28493
4.9711 1.36131
4.9964 0.735423
5.0217 0.579681
5.047 1.29811
5.07229 0.927173
5.09759 1.25223
5.12289 1.17542
5.14819 1.24867
5.17349 0.915595
5.19878 1.18343
5.22408 1.06644
5.24938 1.0626
5.27468 0.526825
5.29998 1.35969
5.32528 0.708308
5.35057 1.31268
5.37587 0.945548
5.40117 1.03102
5.42647 2.10569
5.45177 1.04111
5.47706 1.04884
5.50236 0.983376
5.52766 0.761138
5.55296 0.670338
5.57826 1.25335
5.60356 1.00597
5.62885 1.32825
5.65415 1.23301
5.67945 1.37986
5.70475 0.835642
5.73005 1.20727
5.75535 1.49371
5.78064 1.46481
5.80594 0.470481
5.83124 0.613049
5.85654 1.28058
5.88184 1.01354
5.90713 0.670008
5.93243 0.961566
5.95773 1.11083
5.98303 1.10444
6.00833 1.28913
6.03363 1.04887
6.05892 0.851684
6.08422 0.87255
6.10952 0.573869
6.13482 1.11348
6.16012 0.963038
6.18542 0.898714
6.21071 0.947451
6.23601 1.35547
6.26131 0.915609
6.28661 0.948604
6.31191 1.28421
6.3372 0.851916
6.3625 1.02354
6.3878 1.37205
6.4131 1.29186
6.4384 0.685539
6.4637 1.08717
6.48899 0.93174
6.51429 0.829361
6.53959 0.962235
6.56489 0.981074
6.59019 1.13317
6.61548 0.893289
6.64078 0.927332
6.66608 0.864271
6.69138 0.449508
6.71668 0.915855
6.74198 1.42865
6.76727 0.962461
6.79257 1.10377
6.81787 0.693215
6.84317 1.04097
6.86847 1.41398
6.89377 0.679258
6.91906 1.31048
6.94436 0.648717
6.96966 1.31192
6.99496 1.09428
7.02026 1.35169
7.04555 0.916051
7.07085 1.26818
7.09615 0.923614
7.12145 0.801703
7.14675 0.857075
7.17205 0.997524
7.19734 0.674612
7.22264 0.863141
7.24794 0.703585
7.27324 0.686433
7.29854 0.887872
7.32384 0.879665
7.34913 0.849418
7.37443 1.23241
7.39973 1.04343
7.42503 1.20305
7.45033 0.909388
7.47562 1.28122
7.50092 1.26798
7.52622 1.2576
7.55152 1.07575
7.57682 0.907143
7.60212 0.941511
7.62741 0.963191
7.65271 0.817404
7.67801 1.13135
7.70331 0.763583
7.72861 1.41787
7.7539 0.91181
7.7792 0.960089
7.8045 0.744021
7.8298 1.18136
7.8551 1.27969
7.8804 0.571059
7.90569 1.19408
7.93099 1.09605
7.95629 0.78909
7.98159 0.8677
8.00689 0.843816
8.03219 0.861576
8.05748 0.957746
8.08278 1.14999
8.10808 1.43264
8.13338 1.14484
8.15868 1.05304
8.18397 1.00205
8.20927 1.34472
8.23457 1.09698
8.25987 0.58296
8.28517 1.15199
8.31047 0.996094
8.33576 1.7205
8.36106 1.08165
8.38636 0.96149
8.41166 0.995218
8.43696 0.592753
8.46226 0.6579
8.48755 1.09484
8.51285 1.12023
8.53815 0.965142
8.56345 0.808944
8.58875 0.968274
8.61404 1.24711
8.63934 0.625729
8.66464 0.724285
8.68994 1.15024
8.71524 0.89706
8.74054 0.797903
8.76583 0.951196
8.79113 0.891505
8.81643 0.852725
8.84173 0.798848
8.86703 1.08164
8.89232 1.42928
8.91762 1.10825
8.94292 1.14487
8.96822 0.756094
8.99352 0.714394
9.01882 0.973341
9.04411 1.18332
9.06941 1.03051
9.09471 1.32211
9.12001 0.869805
9.14531 1.11747
9.17061 0.961637
9.1959 0.847032
9.2212 1.10829
9.2465 0.890235
9.2718 0.800752
9.2971 0.760562
9.32239 0.898327
9.34769 1.1251
9.37299 1.05916
9.39829 1.206
9.42359 1.06906
9.44889 0.912148
9.47418 1.0407
9.49948 0.88994
9.52478 0.865493
9.55008 0.973054
9.57538 0.487848
9.60067 1.19781
9.62597 1.42666
9.65127 0.955463
9.67657 1.03817
9.70187 0.873832
9.72717 1.06786
9.75246 1.21124
9.77776 1.32488
9.80306 0.853174
9.82836 1.12941
9.85366 0.854996
9.87896 1.01319
9.90425 0.99799
9.92955 0.859441
9.95485 1.01146
9.98015 0.779675
10.0054 1.00592
10.0307 0.821144
10.056 1.36995
10.0813 0.965851
10.1066 0.899504
10.1319 0.778524
10.1572 1.18271
10.1825 0.855341
10.2078 1.00546
10.2331 1.26169
10.2584 0.749914
10.2837 1.33256
10.309 0.868864
10.3343 0.913594
10.3596 1.06255
10.3849 1.36268
10.4102 0.879831
10.4355 0.884302
10.4608 0.644219
10.4861 1.12069
10.5114 1.17008
10.5367 1.01027
10.562 1.09381
10.5873 0.583294
10.6126 0.903539
10.6379 0.966242
10.6632 1.01296
10.6885 1.22205
10.7138 1.3714
10.7391 0.911887
10.7644 1.08171
10.7897 1.29073
10.815 0.62097
10.8403 0.973798
10.8656 0.765522
10.8909 1.3653
10.9162 1.01062
10.9415 1.22097
10.9668 1.15762
10.9921 1.27472
11.0174 0.981799
11.0427 1.19342
11.068 0.935814
11.0933 0.885109
11.1186 0.834082
11.1439 0.973037
11.1692 1.22273
11.1945 0.902298
11.2198 0.932242
11.2451 1.02151
11.2704 1.0056
11.2957 1.00622
11.321 1.03514
11.3463 0.874559
11.3716 1.01885
11.3968 1.01262
11.4221 1.08653
11.4474 0.90446
11.4727 0.888263
11.498 1.01439
11.5233 1.12481
11.5486 0.854831
11.5739 1.23752
11.5992 1.0481
11.6245 1.01099
11.6498 1.02892
11.6751 0.952352
11.7004 1.04504
11.7257 0.750409
11.751 0.899388
11.7763 1.0391
11.8016 1.24296
11.8269 0.899536
11.8522 0.907001
11.8775 1.04527
11.9028 0.750173
11.9281 1.02914
11.9534 1.30458
11.9787 0.91006
12.004 1.20631
12.0293 0.731098
12.0546 1.1738
12.0799 0.821588
12.1052 1.02054
12.1305 0.797704
12.1558 0.984796
12.1811 0.801127
12.2064 1.14514
12.2317 0.929443
12.257 0.761771
12.2823 0.974342
12.3076 1.16417
12.3329 1.11597
12.3582 0.529817
12.3835 1.19649
12.4088 1.42242
12.4341 0.961543
12.4594 0.936025
12.4847 1.27999
12.51 0.733796
12.5353 0.693001
12.5606 0.93315
12.5859 1.55829
12.6112 1.08782
12.6365 0.936147
