0.0431465 0.299786
0.0564223 0.09613
0.082974 0.275125
0.0896119 0.0822917
0.116164 0.0234331
0.122801 0.319337
0.129439 0.0898997
0.149353 0.067675
0.162629 0.231087
0.169267 0.0501881
0.175905 0.0251524
0.182543 0.0329227
0.209094 0.106019
0.22237 0.0458509
0.235646 0.0420241
0.242284 0.0802239
0.248922 0.28109
0.25556 0.0366373
0.262198 0.037976
0.268836 0.0338866
0.275474 0.0634122
0.288749 0.415246
0.295387 0.0824802
0.302025 0.0610111
0.315301 0.0263505
0.321939 0.0139001
0.328577 0.382972
0.335215 0.0641688
0.341853 0.0406345
0.355129 0.061568
0.368404 0.0337322
0.375042 0.119658
0.38168 0.0346836
0.388318 0.0544758
0.394956 0.0348016
0.408232 0.0951584
0.41487 0.184346
0.421508 0.0244065
0.428146 0.0547205
0.434784 0.0527489
0.441422 0.060239
0.448059 0.0696298
0.454697 0.487404
0.461335 0.0675801
0.467973 0.081521
0.474611 0.0350458
0.481249 0.122203
0.487887 0.0483407
0.501163 0.104767
0.507801 0.123801
0.514439 0.161957
0.521077 0.118993
0.527715 0.153304
0.534352 0.328899
0.54099 0.157776
0.547628 0.13399
0.554266 0.087663
0.560904 0.117007
0.567542 0.215181
0.57418 0.236499
0.580818 0.359211
0.587456 0.222926
0.594094 0.160717
0.600732 0.287828
0.60737 0.090015
0.614007 0.338292
0.620645 0.455494
0.627283 0.405608
0.633921 0.472498
0.647197 0.418086
0.653835 0.416576
0.667111 1.19783
0.673749 0.768807
0.680387 1.03581
0.687025 1.41297
0.693662 0.761106
0.706938 0.941964
0.713576 0.867895
0.726852 0.860626
0.73349 1.05628
0.740128 0.784367
0.746766 0.668278
0.753404 0.394241
0.760042 0.900669
0.76668 1.00203
0.773318 1.54007
0.779955 0.93915
0.786593 1.11873
0.793231 0.875563
0.799869 1.04086
0.806507 1.39538
0.813145 1.41598
0.819783 1.4228
0.826421 1.64473
0.833059 1.00094
0.839697 0.617409
0.846335 0.883101
0.852973 0.783833
0.866248 0.723528
0.872886 0.496707
0.879524 0.680646
0.886162 0.578997
0.8928 0.496154
0.899438 0.643865
0.906076 0.331307
0.912714 0.379504
0.919352 0.533923
0.92599 0.576481
0.932628 0.487093
0.939265 0.640397
0.945903 0.47662
0.952541 0.406956
0.959179 0.383202
0.965817 0.267522
0.972455 0.533935
0.979093 0.864345
0.985731 0.378717
0.992369 0.613802
0.999007 0.503586
1.00564 0.363384
1.01228 0.404108
1.01892 0.295314
1.02556 0.598712
1.0322 0.758856
1.03883 0.564216
1.04547 0.544293
1.05211 0.696291
1.05875 0.587384
1.06539 0.418137
1.07202 0.735273
1.07866 0.692864
1.0853 0.897963
1.09194 0.57997
1.09858 0.694222
1.10521 0.847398
1.11185 0.774505
1.11849 0.789052
1.12513 0.440724
1.13177 0.806361
1.1384 0.721498
1.14504 1.26903
1.15168 0.706192
1.15832 1.72904
1.16495 0.773471
1.17159 1.06992
1.17823 1.18643
1.18487 0.826229
1.19151 0.768751
1.19814 1.5604
1.20478 1.28033
1.21142 1.23283
1.21806 0.858874
1.2247 1.47059
1.23133 1.60983
1.23797 0.873235
1.24461 1.54541
1.25125 1.8117
1.25789 1.15171
1.26452 1.48214
1.27116 1.94761
1.2778 1.56361
1.28444 1.4907
1.29108 1.80844
1.29771 1.74483
1.30435 1.73734
1.31099 1.94768
1.31763 1.57636
1.32426 2.10233
1.3309 1.66297
1.33754 2.20539
1.34418 1.12239
1.35082 0.851322
1.35745 1.97671
1.36409 1.89834
1.37073 1.80727
1.37737 2.93154
1.38401 2.72848
1.39064 1.6454
1.39728 1.70214
1.40392 1.69282
1.41056 1.47851
1.4172 1.61212
1.42383 1.59114
1.43047 1.81115
1.43711 1.21387
1.44375 1.63705
1.45039 2.20123
1.45702 1.31707
1.46366 1.56101
1.4703 1.58638
1.47694 2.88364
1.48357 1.06274
1.49021 1.04989
1.49685 1.35096
1.50349 0.952896
1.51013 1.60006
1.51676 2.17417
1.5234 1.10896
1.53004 0.934942
1.53668 1.04956
1.54332 1.46149
1.54995 1.62279
1.55659 1.66519
1.56323 1.0908
1.56987 1.71487
1.57651 1.08536
1.58314 1.0106
1.58978 1.17071
1.59642 0.91744
1.60306 0.955588
1.6097 1.69382
1.61633 0.837006
1.62297 1.26765
1.62961 1.20269
1.63625 0.614354
1.64288 0.66947
1.64952 0.714187
1.65616 0.991746
1.6628 0.811245
1.66944 0.611508
1.67607 0.637281
1.68271 0.724237
1.68935 0.8313
1.69599 0.533371
1.70263 0.681256
1.70926 0.648847
1.7159 0.810851
1.72254 0.577096
1.72918 0.620329
1.73582 0.569405
1.74245 0.51521
1.74909 0.870224
1.75573 0.270632
1.76237 0.672135
1.76901 0.499011
1.77564 0.544672
1.78228 0.600999
1.78892 0.551758
1.79556 0.621936
1.80219 0.72329
1.80883 0.437257
1.81547 0.379697
1.82211 0.561569
1.82875 0.592708
1.83538 0.586311
1.84202 0.578133
1.84866 0.395332
1.8553 0.761057
1.86194 0.584383
1.86857 0.785247
1.87521 0.634749
1.88185 0.600976
1.88849 0.884538
1.89513 0.690356
1.90176 0.449214
1.9084 0.496898
1.91504 0.703941
1.92168 0.719993
1.92832 0.614734
1.93495 0.759097
1.94159 0.623049
1.94823 0.497891
1.95487 0.652712
1.9615 0.459718
1.96814 0.785319
1.97478 0.618202
1.98142 0.962973
1.98806 0.78725
1.99469 0.9794
2.00133 0.74852
2.00797 0.513102
2.01461 1.34796
2.02125 1.08487
2.02788 1.05409
2.03452 0.904232
2.04116 0.813525
2.0478 0.951006
2.05444 1.05137
2.06107 0.715316
2.06771 0.72905
2.07435 0.76235
2.08099 0.954258
2.08763 0.794793
2.09426 1.00297
2.1009 0.802557
2.10754 0.993664
2.11418 1.00387
2.12081 0.67085
2.12745 0.881543
2.13409 0.646716
2.14073 1.14491
2.14737 1.32331
2.154 1.04469
2.16064 1.11383
2.16728 0.712466
2.17392 0.793186
2.18056 1.1058
2.18719 0.95791
2.19383 1.07061
2.20047 0.858734
2.20711 1.14212
2.21375 1.05263
2.22038 0.498672
2.22702 0.873562
2.23366 1.05527
2.2403 0.807315
2.24694 1.1678
2.25357 1.64246
2.26021 0.849353
2.26685 1.05419
2.27349 0.894304
2.28013 1.17823
2.28676 0.903842
2.2934 0.852474
2.30004 1.23462
2.30668 1.01436
2.31331 1.43191
2.31995 1.106
2.32659 1.00817
2.33323 0.883249
2.33987 1.18773
2.3465 0.951509
2.35314 1.04223
2.35978 1.14555
2.36642 1.27488
2.37306 1.12263
2.37969 1.18006
2.38633 0.949335
2.39297 1.07709
2.39961 1.58674
2.40625 1.33593
2.41288 1.23805
2.41952 0.816544
2.42616 1.08401
2.4328 0.9617
2.43944 1.03369
2.44607 0.885936
2.45271 1.16911
2.45935 0.776636
2.46599 1.43631
2.47262 1.34367
2.47926 1.18576
2.4859 1.30249
2.49254 1.23632
2.49918 1.06935
2.50581 1.22899
2.51245 0.83986
2.51909 1.16808
2.52573 1.06217
2.53237 1.3262
2.539 1.04506
2.54564 1.16792
2.55228 1.46955
2.55892 1.12007
2.56556 1.22789
2.57219 0.767549
2.57883 0.839017
2.58547 1.40577
2.59211 1.34691
2.59875 0.906635
2.60538 1.30975
2.61202 0.926349
2.61866 0.812813
2.6253 1.09327
2.63193 1.20931
2.63857 0.872498
2.64521 0.958983
2.65185 1.43273
2.65849 1.07127
2.66512 0.959205
2.67176 0.975958
2.6784 1.15359
2.68504 1.28766
2.69168 0.881831
2.69831 1.33372
2.70495 0.742544
2.71159 1.24358
2.71823 1.41963
2.72487 1.17353
2.7315 1.10437
2.73814 1.25895
2.74478 1.16554
2.75142 1.05166
2.75806 1.10572
2.76469 1.11933
2.77133 1.39981
2.77797 1.13618
2.78461 0.875551
2.79124 0.989911
2.79788 0.548434
2.80452 1.25562
2.81116 1.05337
2.8178 1.12497
2.82443 0.933343
2.83107 0.822047
2.83771 1.21932
2.84435 1.04723
2.85099 1.39119
2.85762 0.855507
2.86426 1.04006
2.8709 0.715407
2.87754 0.928873
2.88418 0.842558
2.89081 0.585687
2.89745 1.19317
2.90409 1.03828
2.91073 0.890598
2.91737 1.06137
2.924 1.17484
2.93064 0.899508
2.93728 1.0443
2.94392 1.35185
2.95055 1.11502
2.95719 0.801622
2.96383 0.947453
2.97047 0.863676
2.97711 1.04709
2.98374 1.08688
2.99038 0.810219
2.99702 1.02761
3.00366 1.01956
3.0103 0.587885
3.01693 1.2476
3.02357 0.963434
3.03021 1.11065
3.03685 0.85836
3.04349 0.935431
3.05012 0.94763
3.05676 0.871246
3.0634 0.972017
3.07004 1.17239
3.07668 0.672729
3.08331 0.932409
3.08995 0.944005
3.09659 0.979158
3.10323 0.90553
3.10986 0.888015
3.1165 0.905078
3.12314 1.01603
3.12978 0.81634
3.13642 1.1542
3.14305 1.12675
3.14969 0.609796
3.15633 0.814145
3.16297 1.17277
3.16961 0.871783
3.17624 0.947852
3.18288 0.856611
3.18952 0.905875
3.19616 0.878229
3.2028 0.755826
3.20943 0.689277
3.21607 1.07987
3.22271 0.938723
3.22935 0.823284
3.23599 0.743159
3.24262 1.01462
3.24926 0.846613
3.2559 1.04793
3.26254 0.979073
3.26917 0.835645
3.27581 0.855398
3.28245 0.806464
3.28909 1.28508
3.29573 0.910177
3.30236 0.819215
3.309 1.20434
3.31564 0.754228
