0.124304 0.000403622
0.162551 0.000725762
0.239046 0.000430848
0.258169 0.00339071
0.334664 0.0147058
0.353788 0.0507864
0.372911 0.0250136
0.430282 0.0167086
0.46853 0.00379968
0.487653 0.0256449
0.506777 0.0250328
0.525901 0.0537501
0.602395 0.137349
0.640643 0.263801
0.67889 0.301418
0.698014 0.34606
0.717137 0.288363
0.736261 0.126561
0.755384 0.337077
0.774508 0.278393
0.793632 0.129537
0.831879 0.540329
0.851003 0.820743
0.870126 0.726033
0.908374 1.69361
0.927497 0.863236
0.946621 0.610403
0.965745 1.44527
0.984868 0.990596
1.02312 1.22502
1.06136 1.9952
1.08049 1.20623
1.09961 3.53173
1.11873 2.77613
1.13786 3.97964
1.1761 0.933528
1.19523 1.58512
1.21435 1.64294
1.23348 1.0506
1.2526 0.867959
1.27172 1.85057
1.29085 0.475532
1.30997 0.176601
1.32909 1.13667
1.34822 0.333086
1.36734 0.714828
1.38647 0.460182
1.40559 0.991643
1.44384 0.871518
1.46296 1.03873
1.48208 1.63421
1.50121 1.05211
1.52033 0.719146
1.53945 1.12965
1.55858 0.575344
1.5777 1.02665
1.59683 0.390088
1.61595 0.359663
1.63507 1.04722
1.6542 0.518607
1.67332 0.905589
1.69244 0.908911
1.71157 0.392706
1.73069 0.535259
1.74981 0.377516
1.76894 0.812323
1.78806 0.980785
1.80719 0.784793
1.82631 0.778077
1.86456 0.676941
1.88368 0.56534
1.92193 0.479793
1.94105 1.40318
1.96017 0.916087
1.9793 0.874319
1.99842 0.804517
2.03667 0.858028
2.05579 1.01604
2.09404 1.8783
2.11316 0.414199
2.13229 0.995442
2.15141 1.44545
2.17054 1.03626
2.18966 1.50927
2.20878 1.73836
2.22791 0.52397
2.24703 0.822456
2.26615 1.55248
2.28528 1.46798
2.3044 1.40355
2.32352 2.0153
2.34265 2.46931
2.36177 0.767619
2.3809 1.5842
2.40002 1.01033
2.41914 0.698988
2.43827 1.20607
2.45739 1.45564
2.49564 1.50278
2.51476 0.85172
2.53388 1.07597
2.55301 1.11763
2.57213 0.923056
2.59126 0.551646
2.61038 2.25636
2.6295 0.630611
2.64863 0.655351
2.66775 0.622856
2.68687 0.414071
2.706 0.702148
2.72512 0.982113
2.74424 1.01944
2.76337 0.730124
2.78249 0.555713
2.80162 1.19237
2.82074 0.45854
2.83986 0.397416
2.85899 0.559217
2.87811 0.744323
2.89723 0.910149
2.91636 0.348091
2.93548 0.981021
2.95461 1.19285
2.97373 1.43526
2.99285 1.2142
3.01198 1.22215
3.0311 0.986307
3.05022 0.967221
3.06935 0.833698
3.08847 1.32453
3.10759 0.804202
3.12672 1.31475
3.14584 1.03723
3.16497 1.31753
3.18409 1.32637
3.20321 1.06406
3.22234 1.29097
3.24146 1.48416
3.26058 1.29205
3.27971 0.823257
3.29883 1.00403
3.31795 0.929989
3.33708 1.00132
3.3562 1.22202
3.37533 0.724328
3.39445 1.34848
3.41357 1.3999
3.4327 0.964217
3.45182 0.883045
3.47094 1.09689
3.49007 0.842151
3.50919 1.17096
3.52831 0.777768
3.54744 0.833687
3.56656 0.862637
3.58569 1.03974
3.60481 0.54045
3.62393 0.830398
3.64306 0.94044
3.66218 1.00017
3.6813 1.65852
3.70043 1.14463
3.71955 0.830989
3.73868 1.22803
3.7578 1.29118
3.77692 0.944879
3.79605 0.697083
3.81517 1.64851
3.83429 1.36193
3.85342 0.980574
3.87254 0.768752
3.89166 0.528563
3.91079 1.44629
3.92991 0.613515
3.94904 0.885374
3.96816 0.847698
3.98728 1.08795
4.00641 0.732525
4.02553 0.65481
4.04465 0.898402
4.06378 1.03399
4.0829 1.40955
4.10202 1.13818
4.12115 0.763506
4.14027 0.938334
4.1594 0.694365
4.17852 0.644769
4.19764 0.996786
4.21677 0.773876
4.23589 1.32557
4.25501 0.351489
4.27414 0.655835
4.29326 1.35022
4.31238 0.728845
4.33151 1.14239
4.35063 1.24503
4.36976 0.972838
4.38888 0.982685
4.408 1.02868
4.42713 1.16082
4.44625 0.817647
4.46537 0.852153
4.4845 0.899398
4.50362 0.60632
4.52275 1.06239
4.54187 1.07745
4.56099 1.55374
4.58012 0.995232
4.59924 1.03405
4.61836 1.38532
4.63749 1.07023
4.65661 0.960738
4.67573 1.08201
4.69486 1.08408
4.71398 1.17666
4.73311 0.943195
4.75223 1.1917
4.77135 1.47792
4.79048 1.14532
4.8096 1.05884
4.82872 0.952126
4.84785 0.81225
4.86697 1.22313
4.88609 1.29579
4.90522 1.02252
4.92434 1.05645
4.94347 1.00523
4.96259 0.756364
4.98171 1.04087
5.00084 0.931886
5.01996 0.841487
5.03908 0.890055
5.05821 0.83973
5.07733 0.926364
5.09645 0.599552
5.11558 0.530876
5.1347 0.885561
5.15383 0.764685
5.17295 1.44396
5.19207 1.30625
5.2112 1.01358
5.23032 0.808056
5.24944 0.810086
5.26857 1.08035
5.28769 1.19966
5.30682 0.766477
5.32594 1.10349
5.34506 1.1102
5.36419 1.0477
5.38331 0.745541
5.40243 0.681568
5.42156 0.816539
5.44068 1.42445
5.4598 1.13907
5.47893 1.22266
5.49805 1.07876
5.51718 0.826171
5.5363 1.6394
5.55542 0.976661
5.57455 0.924722
5.59367 0.995141
5.61279 0.975219
5.63192 1.16046
5.65104 0.735964
5.67016 0.952984
5.68929 1.55673
5.70841 0.882814
5.72754 0.677399
5.74666 0.97485
5.76578 1.36168
5.78491 0.68472
5.80403 1.04188
5.82315 1.12298
5.84228 0.856783
5.8614 0.925177
5.88052 0.918609
5.89965 0.705762
5.91877 0.803667
5.9379 0.913718
5.95702 0.591452
5.97614 1.57256
5.99527 0.971513
6.01439 0.925215
6.03351 1.02456
6.05264 1.43592
6.07176 1.03135
6.09088 1.20774
6.11001 1.45919
6.12913 0.820522
6.14826 0.758747
6.16738 0.958358
6.1865 1.50514
6.20563 0.893201
6.22475 0.802321
6.24387 1.11839
6.263 0.896764
6.28212 1.09316
6.30125 1.04562
6.32037 0.915085
6.33949 0.885056
6.35862 1.11203
6.37774 1.07137
6.39686 1.15452
6.41599 0.810695
6.43511 0.758854
6.45423 0.795627
6.47336 0.90204
6.49248 1.37934
6.51161 1.00034
6.53073 1.14993
6.54985 0.837301
6.56898 1.04137
6.5881 0.817248
6.60722 0.962018
6.62635 0.986976
6.64547 0.862467
6.66459 0.921694
6.68372 1.11156
6.70284 0.797993
6.72197 0.774662
6.74109 1.05867
6.76021 1.25907
6.77934 1.01433
6.79846 0.833226
6.81758 1.05627
6.83671 1.39328
6.85583 1.09065
6.87495 1.15438
6.89408 0.685466
6.9132 1.07645
6.93233 1.01569
6.95145 0.863298
6.97057 1.06965
6.9897 1.10089
7.00882 1.01071
7.02794 0.566234
7.04707 1.31728
7.06619 1.14732
7.08532 0.953086
7.10444 1.12419
7.12356 0.849865
7.14269 1.28336
7.16181 0.695098
7.18093 1.07795
7.20006 1.17776
7.21918 0.776526
7.2383 0.923047
7.25743 0.946596
7.27655 0.924211
7.29568 1.02848
7.3148 1.41257
7.33392 0.91663
7.35305 1.00282
7.37217 0.880792
7.39129 1.06599
7.41042 0.903214
7.42954 1.04999
7.44866 0.945947
7.46779 0.855498
7.48691 1.34556
7.50604 0.970496
7.52516 0.99917
7.54428 0.86838
7.56341 0.776914
7.58253 0.975716
7.60165 1.12515
7.62078 1.24089
7.6399 1.49995
7.65902 0.75107
7.67815 0.735324
7.69727 0.827518
7.7164 1.34614
7.73552 0.921819
7.75464 0.946871
7.77377 1.00706
7.79289 0.893496
7.81201 0.927707
7.83114 1.09946
7.85026 0.907422
7.86939 1.04139
7.88851 1.0045
7.90763 0.98909
7.92676 0.875845
7.94588 0.872031
7.965 1.19164
7.98413 1.09543
8.00325 0.927514
8.02237 0.99355
8.0415 0.789582
8.06062 1.21471
8.07975 0.801087
8.09887 1.02066
8.11799 0.776411
8.13712 1.04283
8.15624 1.20593
8.17536 0.896081
8.19449 1.07904
8.21361 0.83637
8.23273 0.901161
8.25186 1.15546
8.27098 0.873412
8.29011 1.07647
8.30923 1.01911
8.32835 0.802721
8.34748 1.01267
8.3666 0.930238
8.38572 0.818034
8.40485 1.10896
8.42397 0.874362
8.44309 1.09103
8.46222 1.61641
8.48134 0.887711
8.50047 0.899437
8.51959 1.12893
8.53871 1.42978
8.55784 1.11618
8.57696 1.25371
8.59608 0.869141
8.61521 0.937909
8.63433 1.03522
8.65346 0.863755
8.67258 0.922513
8.6917 1.19061
8.71083 0.946816
8.72995 1.07754
8.74907 1.1318
8.7682 0.887576
8.78732 0.653073
8.80644 0.944529
8.82557 1.04938
8.84469 0.742854
8.86382 0.874279
8.88294 1.08517
8.90206 1.04131
8.92119 1.00679
8.94031 0.786145
8.95943 0.853292
8.97856 1.14773
8.99768 1.33417
9.0168 0.918812
9.03593 0.973412
9.05505 0.945487
9.07418 1.30091
9.0933 1.09732
9.11242 0.912812
9.13155 0.969332
9.15067 0.961053
9.16979 1.06448
9.18892 1.04676
9.20804 0.787461
9.22716 0.897279
9.24629 1.2888
9.26541 1.02552
9.28454 0.852638
9.30366 1.18244
9.32278 0.912459
9.34191 0.979638
9.36103 0.71235
9.38015 0.971229
9.39928 0.857028
9.4184 1.07883
9.43753 0.901183
9.45665 0.905017
9.47577 0.807893
9.4949 1.12474
9.51402 1.03101
9.53314 1.53442
9.55227 1.02594
