0.0735391 0.000235053
0.0961665 0.000191156
0.141421 0.00041642
0.152735 0.000464246
0.19799 0.000892429
0.209304 0.000283386
0.220617 0.00118674
0.254558 0.00194903
0.277186 0.000269913
0.2885 0.00257531
0.299813 0.00744798
0.311127 0.0101393
0.356382 0.0109201
0.379009 0.0131881
0.401637 0.0287189
0.41295 0.0081248
0.424264 0.0121596
0.435578 0.0125191
0.446891 0.017063
0.458205 0.0130982
0.469519 0.0154787
0.492146 0.00197272
0.50346 0.018833
0.514774 0.0151708
0.537401 0.09537
0.548715 0.0213937
0.560029 0.114018
0.571342 0.081423
0.582656 0.115113
0.605283 0.130772
0.627911 0.163461
0.639225 0.221975
0.650538 0.556666
0.661852 0.283851
0.673166 0.365955
0.695793 0.357533
0.707107 0.30378
0.71842 0.152186
0.729734 0.210866
0.741048 0.287808
0.752362 0.273963
0.763675 0.136582
0.774989 0.380444
0.786303 0.565871
0.797616 0.311723
0.80893 0.760188
0.820244 0.579176
0.831558 0.459475
0.854185 1.07363
0.865499 1.65916
0.876812 4.26951
0.888126 1.33409
0.89944 3.14128
0.910754 2.43015
0.922067 0.748009
0.933381 1.66536
0.944695 0.824109
0.956008 1.39993
0.967322 0.809064
0.978636 0.647428
0.989949 0.223324
1.00126 0.523847
1.01258 0.448094
1.02389 0.568213
1.0352 0.222603
1.04652 1.11327
1.05783 0.789106
1.06915 0.467252
1.08046 0.995093
1.10309 1.62707
1.1144 1.07578
1.13703 2.92053
1.14834 2.58563
1.15966 0.89853
1.17097 2.34402
1.18228 2.80463
1.20491 1.69002
1.21622 1.01411
1.23885 1.53418
1.25016 1.13986
1.26148 1.17361
1.27279 1.02538
1.28411 0.364597
1.29542 0.909471
1.30673 0.765128
1.31805 0.782853
1.32936 1.37867
1.34067 0.789914
1.35199 1.11296
1.3633 1.44724
1.37462 2.10317
1.38593 1.21889
1.39724 1.58715
1.40856 1.29088
1.41987 1.283
1.43118 1.04226
1.4425 1.64722
1.45381 0.97506
1.47644 1.14549
1.48775 1.02134
1.49907 0.765419
1.51038 1.19214
1.52169 0.620469
1.53301 0.532896
1.54432 0.309886
1.55563 0.504445
1.56695 0.909942
1.57826 0.886478
1.58958 0.438277
1.60089 0.548561
1.6122 1.00876
1.62352 0.94136
1.63483 0.408769
1.64614 0.585598
1.65746 0.81132
1.66877 0.482649
1.68009 1.00707
1.6914 0.817363
1.70271 1.00089
1.71403 0.746514
1.72534 0.601681
1.73665 0.661097
1.74797 0.664636
1.75928 0.853676
1.7706 0.894216
1.78191 0.674178
1.79322 0.512861
1.80454 0.475712
1.81585 0.75623
1.82716 0.964655
1.83848 0.387117
1.84979 0.386775
1.86111 0.525431
1.87242 0.925233
1.88373 0.804475
1.89505 0.331212
1.90636 0.905453
1.91767 0.866494
1.92899 0.886404
1.9403 0.994761
1.95161 1.13382
1.96293 0.610502
1.97424 0.801772
1.98556 1.42202
1.99687 1.31516
2.00818 1.49161
2.0195 1.37843
2.03081 1.02151
2.04212 0.593278
2.05344 1.19888
2.06475 0.895555
2.07607 1.00107
2.08738 0.930956
2.09869 1.08118
2.11001 0.910636
2.12132 0.942521
2.13263 0.650693
2.14395 0.254091
2.15526 1.11164
2.16658 1.43556
2.17789 1.70239
2.1892 1.30239
2.20052 1.65117
2.21183 1.37843
2.22314 1.11134
2.23446 1.16541
2.24577 0.923471
2.25708 1.02839
2.2684 1.73306
2.27971 0.82373
2.29103 0.83178
2.30234 0.919739
2.31365 1.07425
2.32497 1.42062
2.33628 1.26889
2.34759 1.08062
2.35891 0.861776
2.37022 1.33381
2.38154 1.58921
2.39285 0.696241
2.40416 1.28311
2.41548 0.956694
2.42679 1.30243
2.4381 1.28672
2.44942 0.987216
2.46073 1.22879
2.47205 0.929886
2.48336 0.914862
2.49467 1.04758
2.50599 1.15202
2.5173 0.711909
2.52861 1.31306
2.53993 0.701938
2.55124 0.672166
2.56255 0.797326
2.57387 1.00367
2.58518 0.319603
2.5965 0.730577
2.60781 0.699229
2.61912 0.99697
2.63044 1.09758
2.64175 1.22968
2.65306 0.855315
2.66438 1.16322
2.67569 1.17545
2.68701 0.975906
2.69832 0.635025
2.70963 0.94811
2.72095 0.885231
2.73226 0.765074
2.74357 0.949983
2.75489 0.97501
2.7662 1.08265
2.77752 1.10559
2.78883 1.22575
2.80014 0.842071
2.81146 1.50645
2.82277 0.92304
2.83408 0.798348
2.8454 0.926184
2.85671 1.01854
2.86803 1.13421
2.87934 0.686252
2.89065 0.729926
2.90197 0.906714
2.91328 0.835902
2.92459 0.746726
2.93591 0.69265
2.94722 1.51896
2.95853 0.813471
2.96985 1.01038
2.98116 1.3339
2.99248 1.34606
3.00379 1.29334
3.0151 1.11099
3.02642 0.595558
3.03773 0.907477
3.04904 1.1016
3.06036 0.671212
3.07167 1.02867
3.08299 0.876097
3.0943 1.14134
3.10561 0.947037
3.11693 0.743051
3.12824 0.61782
3.13955 0.857052
3.15087 0.898004
3.16218 0.918756
3.1735 0.741521
3.18481 0.944974
3.19612 1.15901
3.20744 1.03269
3.21875 1.24409
3.23006 1.04334
3.24138 0.978884
3.25269 0.982358
3.264 1.29013
3.27532 0.71432
3.28663 1.18584
3.29795 1.10283
3.30926 1.45953
3.32057 1.09702
3.33189 1.06851
3.3432 0.696194
3.35451 0.87456
3.36583 1.09654
3.37714 0.664793
3.38846 0.714207
3.39977 1.05036
3.41108 0.900378
3.4224 0.936639
3.43371 0.940975
3.44502 0.915018
3.45634 1.00826
3.46765 0.7964
3.47897 1.1425
3.49028 1.21404
3.50159 0.632718
3.51291 1.12077
3.52422 1.04008
3.53553 0.960597
3.54685 1.11741
3.55816 0.966595
3.56948 1.38589
3.58079 1.1654
3.5921 2.43917
3.60342 0.901483
3.61473 1.17831
3.62604 1.15368
3.63736 0.907953
3.64867 0.771494
3.65998 0.989959
3.6713 0.77913
3.68261 0.947076
3.69393 0.949035
3.70524 0.857354
3.71655 1.23166
3.72787 1.66704
3.73918 1.03541
3.75049 0.965866
3.76181 1.00703
3.77312 1.26983
3.78444 1.41367
3.79575 0.900012
3.80706 1.25615
3.81838 1.17831
3.82969 0.681547
3.841 0.888764
3.85232 1.46378
3.86363 1.08516
3.87495 0.630265
3.88626 0.873029
3.89757 0.832018
3.90889 0.74526
3.9202 1.27888
3.93151 0.927902
3.94283 1.10203
3.95414 1.01425
3.96545 1.18659
3.97677 0.862164
3.98808 0.988323
3.9994 0.767745
4.01071 1.15796
4.02202 0.80449
4.03334 0.863068
4.04465 0.729352
4.05596 1.17727
4.06728 0.703267
4.07859 1.09138
4.08991 0.994218
4.10122 1.01698
4.11253 1.08192
4.12385 0.935523
4.13516 1.22061
4.14647 0.940166
4.15779 0.775352
4.1691 0.998103
4.18042 0.929376
4.19173 0.601506
4.20304 0.969696
4.21436 1.09487
4.22567 0.699758
4.23698 0.985226
4.2483 0.936311
4.25961 0.653605
4.27092 1.22412
4.28224 1.36504
4.29355 0.974662
4.30487 1.05311
4.31618 1.1949
4.32749 1.0732
4.33881 1.00226
4.35012 1.09536
4.36143 1.02278
4.37275 1.3173
4.38406 0.994194
4.39538 1.20113
4.40669 0.940698
4.418 0.721818
4.42932 1.07183
4.44063 1.16624
4.45194 1.2375
4.46326 0.846076
4.47457 0.811919
4.48589 0.898111
4.4972 1.15849
4.50851 1.04767
4.51983 0.859215
4.53114 1.16148
4.54245 1.31248
4.55377 0.951486
4.56508 1.2055
4.5764 1.33957
4.58771 0.955511
4.59902 1.14433
4.61034 0.738516
4.62165 1.01654
4.63296 0.606373
4.64428 0.794201
4.65559 0.956377
4.6669 1.04432
4.67822 0.994548
4.68953 0.756184
4.70085 1.06824
4.71216 0.7684
4.72347 0.894848
4.73479 0.965857
4.7461 1.18008
4.75741 0.916053
4.76873 0.701332
4.78004 1.26674
4.79136 1.12202
4.80267 1.0558
4.81398 0.774945
4.8253 1.18666
4.83661 0.76109
4.84792 0.800129
4.85924 1.26655
4.87055 0.957225
4.88187 1.10847
4.89318 0.885741
4.90449 1.30137
4.91581 0.940107
4.92712 1.0926
4.93843 0.885572
4.94975 1.10823
4.96106 1.01092
4.97237 1.16744
4.98369 0.679904
4.995 1.03011
5.00632 0.955558
5.01763 0.808534
5.02894 1.03725
5.04026 1.02059
5.05157 0.809709
5.06288 1.27878
5.0742 0.893632
5.08551 1.08067
5.09683 1.26066
5.10814 0.767485
5.11945 1.17409
5.13077 0.976177
5.14208 1.10457
5.15339 1.12005
5.16471 1.05707
5.17602 1.03841
5.18734 1.19578
5.19865 1.04429
5.20996 0.788613
5.22128 0.956816
5.23259 1.08539
5.2439 0.806966
5.25522 0.771245
5.26653 0.895021
5.27785 0.937387
5.28916 0.802248
5.30047 0.801205
5.31179 0.842399
5.3231 0.867236
5.33441 0.67093
5.34573 0.973373
5.35704 0.913894
5.36835 0.695016
5.37967 0.789167
5.39098 0.937193
5.4023 1.29658
5.41361 1.11765
5.42492 1.42535
5.43624 1.00143
5.44755 1.27922
5.45886 1.02171
5.47018 0.870032
5.48149 0.657547
5.49281 1.24953
5.50412 0.731893
5.51543 0.97687
5.52675 0.870374
5.53806 0.645026
5.54937 0.832928
5.56069 1.012
5.572 0.933531
5.58332 1.14815
5.59463 0.916059
5.60594 0.903185
5.61726 0.963427
5.62857 1.06491
5.63988 1.22463
5.6512 0.875579
