0.0600444 0.000115191
0.0785196 0.000247531
0.11547 0.000469073
0.124708 0.000777307
0.161658 0.00121846
0.170896 0.0025143
0.180133 0.0014649
0.207846 0.0113904
0.226321 0.0117951
0.235559 0.00500461
0.244797 0.00119291
0.254034 0.0196728
0.290985 0.0192869
0.30946 0.017708
0.327935 0.0218456
0.337173 0.0362099
0.34641 0.0333807
0.355648 0.0599884
0.364885 0.0592504
0.374123 0.0423742
0.383361 0.0651708
0.401836 0.0414286
0.411073 0.0423409
0.420311 0.0996802
0.438786 0.0469616
0.448024 0.111877
0.457261 0.03518
0.466499 0.0853554
0.475737 0.0697043
0.494212 0.0802753
0.512687 0.112549
0.521925 0.0916351
0.531162 0.182377
0.5404 0.254773
0.549637 0.170056
0.568113 0.140794
0.57735 0.166355
0.586588 0.20899
0.595825 0.194802
0.605063 0.238748
0.614301 0.215686
0.623538 0.218607
0.632776 0.183264
0.642013 0.185632
0.651251 0.17643
0.660489 0.149664
0.669726 0.288903
0.678964 0.160017
0.697439 0.332543
0.706677 0.206837
0.715914 0.493174
0.725152 0.0943264
0.73439 0.456707
0.743627 0.693407
0.752865 0.279534
0.762102 0.293508
0.77134 0.694517
0.780578 0.626147
0.789815 0.285329
0.799053 0.240026
0.80829 0.193262
0.817528 0.253437
0.826766 0.230164
0.836003 0.57121
0.845241 0.189664
0.854478 0.519279
0.863716 0.443295
0.872954 0.242948
0.882191 0.428069
0.900666 1.19672
0.909904 1.14606
0.928379 2.28133
0.937617 1.2903
0.946854 0.438463
0.956092 1.73958
0.96533 1.75011
0.983805 1.45488
0.993042 1.4758
1.01152 1.47449
1.02076 1.27886
1.02999 0.918708
1.03923 1.13055
1.04847 0.385322
1.05771 1.02674
1.06694 0.705609
1.07618 1.09329
1.08542 1.80208
1.09466 1.0051
1.10389 1.57202
1.11313 2.39823
1.12237 2.89372
1.13161 2.03589
1.14084 2.38966
1.15008 1.94776
1.15932 1.47924
1.16856 1.5966
1.17779 1.71826
1.18703 1.77786
1.20551 2.37397
1.21474 1.82601
1.22398 1.88681
1.23322 2.09429
1.24246 1.2461
1.2517 1.1593
1.26093 0.689185
1.27017 0.929496
1.27941 1.62567
1.28865 1.25525
1.29788 1.44064
1.30712 1.23743
1.31636 1.67949
1.3256 1.32852
1.33483 0.701206
1.34407 0.993687
1.35331 1.78433
1.36255 0.578034
1.37178 1.70379
1.38102 0.498333
1.39026 1.12824
1.3995 1.06975
1.40873 1.06292
1.41797 0.598257
1.42721 0.598613
1.43645 1.19723
1.44569 1.26614
1.45492 1.09974
1.46416 0.547559
1.4734 0.707065
1.48264 0.978407
1.49187 1.17954
1.50111 0.454326
1.51035 0.783105
1.51959 0.611991
1.52882 0.83762
1.53806 0.943831
1.5473 0.386079
1.55654 0.848785
1.56577 0.878838
1.57501 0.929056
1.58425 1.17722
1.59349 0.712779
1.60272 0.697948
1.61196 0.478981
1.6212 0.762738
1.63044 1.0141
1.63967 1.18371
1.64891 0.815542
1.65815 0.956791
1.66739 0.579802
1.67663 0.945013
1.68586 0.588103
1.6951 0.589188
1.70434 0.560358
1.71358 0.753429
1.72281 0.428321
1.73205 0.729804
1.74129 0.710106
1.75053 0.283614
1.75976 0.564142
1.769 1.20138
1.77824 0.932094
1.78748 0.721189
1.79671 0.735687
1.80595 0.658734
1.81519 1.0958
1.82443 0.579592
1.83366 0.67376
1.8429 0.566935
1.85214 0.973244
1.86138 0.613181
1.87061 0.540307
1.87985 0.605987
1.88909 0.665077
1.89833 0.790133
1.90757 0.78735
1.9168 0.787394
1.92604 0.60582
1.93528 0.857644
1.94452 0.908574
1.95375 0.821507
1.96299 0.952645
1.97223 0.53993
1.98147 1.69386
1.9907 0.912749
1.99994 0.715294
2.00918 0.806228
2.01842 0.728873
2.02765 0.724805
2.03689 0.873748
2.04613 1.04835
2.05537 1.53375
2.0646 0.889986
2.07384 0.952135
2.08308 0.979032
2.09232 0.754656
2.10155 0.7175
2.11079 0.556786
2.12003 0.774588
2.12927 0.777425
2.13851 1.2899
2.14774 0.995289
2.15698 0.691301
2.16622 0.980739
2.17546 1.2069
2.18469 0.952811
2.19393 1.11995
2.20317 0.851031
2.21241 1.47092
2.22164 1.43646
2.23088 0.940051
2.24012 0.851092
2.24936 1.2661
2.25859 1.36163
2.26783 1.17035
2.27707 1.36921
2.28631 0.924986
2.29554 1.63381
2.30478 1.24219
2.31402 0.906477
2.32326 1.3965
2.3325 1.37691
2.34173 1.46894
2.35097 1.30338
2.36021 1.07562
2.36945 1.41546
2.37868 1.27631
2.38792 0.825196
2.39716 0.962474
2.4064 1.69717
2.41563 1.1278
2.42487 1.24624
2.43411 1.76391
2.44335 1.62791
2.45258 2.05203
2.46182 1.6479
2.47106 1.12419
2.4803 0.935448
2.48953 1.88581
2.49877 0.803376
2.50801 1.30626
2.51725 1.02115
2.52648 1.41998
2.53572 1.16958
2.54496 0.83848
2.5542 0.908488
2.56344 0.958192
2.57267 0.597263
2.58191 1.05046
2.59115 0.961681
2.60039 1.1649
2.60962 1.29203
2.61886 1.09327
2.6281 1.37817
2.63734 1.07099
2.64657 1.40704
2.65581 0.896457
2.66505 1.47733
2.67429 1.05482
2.68352 0.983818
2.69276 1.36749
2.702 1.31119
2.71124 0.776247
2.72047 0.990723
2.72971 0.645802
2.73895 0.875673
2.74819 1.28276
2.75742 0.638984
2.76666 0.510491
2.7759 0.817217
2.78514 0.696981
2.79438 0.65126
2.80361 0.579485
2.81285 0.677196
2.82209 0.658628
2.83133 0.760327
2.84056 0.909839
2.8498 0.627815
2.85904 0.71517
2.86828 0.87978
2.87751 1.09822
2.88675 0.651453
2.89599 0.887528
2.90523 0.879368
2.91446 0.731408
2.9237 0.645498
2.93294 1.4281
2.94218 0.686456
2.95141 0.957494
2.96065 0.944478
2.96989 0.791307
2.97913 0.64159
2.98836 0.665891
2.9976 0.417145
3.00684 0.642288
3.01608 0.651724
3.02532 0.639337
3.03455 0.789015
3.04379 1.06894
3.05303 0.615621
3.06227 0.971902
3.0715 0.658354
3.08074 0.865156
3.08998 0.901613
3.09922 0.624881
3.10845 0.990808
3.11769 1.00755
3.12693 0.609727
3.13617 0.464305
3.1454 0.903228
3.15464 0.940479
3.16388 0.582786
3.17312 0.926262
3.18235 0.965877
3.19159 0.588203
3.20083 1.14619
3.21007 0.812566
3.21931 1.10542
3.22854 0.998602
3.23778 0.967647
3.24702 0.719467
3.25626 1.05517
3.26549 0.730029
3.27473 1.26776
3.28397 0.820051
3.29321 1.04735
3.30244 0.75353
3.31168 1.10355
3.32092 0.961435
3.33016 1.1503
3.33939 0.913417
3.34863 0.998861
3.35787 1.12496
3.36711 1.14127
3.37634 0.98058
3.38558 1.10055
3.39482 1.15389
3.40406 1.03198
3.41329 1.36018
3.42253 0.92995
3.43177 1.2078
3.44101 1.55621
3.45025 0.679496
3.45948 1.03198
3.46872 1.23362
3.47796 1.21061
3.4872 1.5483
3.49643 1.32678
3.50567 1.14523
3.51491 1.24313
3.52415 1.56578
3.53338 1.06465
3.54262 1.44415
3.55186 1.37737
3.5611 1.37248
3.57033 1.63511
3.57957 1.24027
3.58881 1.53408
3.59805 1.40279
3.60728 0.827428
3.61652 1.12264
3.62576 1.54765
3.635 1.78418
3.64423 1.03805
3.65347 1.09258
3.66271 1.16229
3.67195 1.51769
3.68119 1.475
3.69042 0.820668
3.69966 1.31901
3.7089 1.46801
3.71814 1.14233
3.72737 1.32055
3.73661 1.16378
3.74585 0.908673
3.75509 1.00824
3.76432 0.984083
3.77356 0.954912
3.7828 0.897609
3.79204 0.836249
3.80127 1.05424
3.81051 1.07417
3.81975 0.931272
3.82899 0.536695
3.83822 0.93202
3.84746 0.759099
3.8567 1.16216
3.86594 0.963874
3.87518 1.17613
3.88441 0.952073
3.89365 0.715317
3.90289 1.23822
3.91213 1.1098
3.92136 0.88789
3.9306 0.677238
3.93984 0.984248
3.94908 0.784562
3.95831 0.713692
3.96755 0.86509
3.97679 0.922358
3.98603 0.957918
3.99526 0.707768
4.0045 1.01772
4.01374 1.00073
4.02298 0.732322
4.03221 0.751183
4.04145 0.763897
4.05069 0.870511
4.05993 0.706248
4.06916 0.632092
4.0784 0.701813
4.08764 0.594444
4.09688 0.809647
4.10612 0.696561
4.11535 0.911114
4.12459 0.688456
4.13383 0.804051
4.14307 0.690462
4.1523 0.741165
4.16154 0.824318
4.17078 0.635174
4.18002 0.790904
4.18925 0.618207
4.19849 0.80721
4.20773 0.813603
4.21697 0.789865
4.2262 0.880145
4.23544 0.990858
4.24468 0.918981
4.25392 0.618469
4.26315 0.757911
4.27239 1.03418
4.28163 0.947456
4.29087 0.718506
4.3001 0.91511
4.30934 1.06274
4.31858 0.822685
4.32782 0.593521
4.33706 0.515327
4.34629 0.763191
4.35553 0.582537
4.36477 0.94796
4.37401 0.78161
4.38324 0.802471
4.39248 0.709839
4.40172 0.89185
4.41096 1.03525
4.42019 1.08484
4.42943 1.53273
4.43867 0.99804
4.44791 1.03899
4.45714 1.06279
4.46638 1.13984
4.47562 1.01981
4.48486 1.43752
4.49409 0.973189
4.50333 1.22577
4.51257 1.11385
4.52181 0.76798
4.53104 1.06566
4.54028 1.4163
4.54952 0.946316
4.55876 1.13924
4.568 0.853477
4.57723 1.17297
4.58647 1.52756
4.59571 1.29785
4.60495 0.974596
4.61418 0.803763
