0.104 0.00070346
0.136 0.00256564
0.2 0.00201572
0.216 0.00207001
0.28 0.00088006
0.296 0.00892026
0.312 0.0171064
0.36 0.0252364
0.392 0.0497313
0.408 0.0391303
0.424 0.0216758
0.44 0.0344
0.504 0.0588473
0.536 0.0952575
0.568 0.0789425
0.584 0.143658
0.6 0.175526
0.616 0.167838
0.632 0.280943
0.648 0.175085
0.664 0.138298
0.696 0.157694
0.712 0.258914
0.728 0.186918
0.76 0.245616
0.776 0.335897
0.792 0.162884
0.808 0.330032
0.824 0.465647
0.856 0.484517
0.888 0.753972
0.904 2.38218
0.92 0.759175
0.936 1.92402
0.952 1.38643
0.984 1.54907
1 1.36194
1.016 1.25639
1.032 1.49218
1.048 1.23787
1.064 2.01893
1.08 2.97642
1.096 0.486323
1.112 2.253
1.128 0.956596
1.144 1.89426
1.16 1.40653
1.176 1.59587
1.208 2.01459
1.224 1.3958
1.24 0.999037
1.256 0.823146
1.272 1.90998
1.288 1.28633
1.304 1.5405
1.32 0.668182
1.336 1.02943
1.352 0.641222
1.368 0.614056
1.384 0.775625
1.4 0.405354
1.416 1.1159
1.432 1.4521
1.448 0.260483
1.464 0.79112
1.48 0.726989
1.496 0.538521
1.512 0.289196
1.528 0.601703
1.56 0.635137
1.576 0.505986
1.608 0.565373
1.624 0.426371
1.64 1.00406
1.656 0.940447
1.672 0.699343
1.704 0.528147
1.72 0.32605
1.752 0.688889
1.768 0.729495
1.784 1.23745
1.8 0.775051
1.816 0.91675
1.832 0.921937
1.848 0.727002
1.864 0.459033
1.88 0.932668
1.896 1.23646
1.912 0.492411
1.928 1.14786
1.944 0.874746
1.96 2.42242
1.976 0.691712
1.992 1.28096
2.008 1.17273
2.024 1.22482
2.04 0.803937
2.056 1.0458
2.088 1.43551
2.104 1.08535
2.12 1.31528
2.136 0.74946
2.152 1.32577
2.168 1.42728
2.184 1.66525
2.2 1.51277
2.216 1.74942
2.232 1.86055
2.248 0.585627
2.264 0.946234
2.28 1.15878
2.296 1.53798
2.312 1.2321
2.328 0.924172
2.344 1.15006
2.36 1.24227
2.376 0.525219
2.392 0.845903
2.408 0.882137
2.424 1.10278
2.44 0.799658
2.456 0.996977
2.472 1.1405
2.488 1.28879
2.504 0.969177
2.52 0.649087
2.536 0.852604
2.552 1.26415
2.568 0.838839
2.584 0.829523
2.6 1.31669
2.616 0.989543
2.632 0.818131
2.648 0.438615
2.664 0.621505
2.68 0.591551
2.696 0.80218
2.712 0.898672
2.728 0.892103
2.744 0.555462
2.76 0.731385
2.776 1.09137
2.792 0.587942
2.808 1.08173
2.824 0.898886
2.84 0.688203
2.856 0.940986
2.872 0.814091
2.888 0.311286
2.904 0.868377
2.92 0.945467
2.936 1.0055
2.952 1.01174
2.968 0.789975
2.984 1.2332
3 0.94414
3.016 0.792131
3.032 1.24259
3.048 0.870153
3.064 1.24547
3.08 0.749445
3.096 1.44457
3.112 1.47884
3.128 1.08967
3.144 1.3102
3.16 1.24073
3.176 1.19626
3.192 0.746329
3.208 0.856599
3.224 1.08827
3.24 1.19756
3.256 1.25114
3.272 1.08447
3.288 0.923978
3.304 1.51223
3.32 0.930642
3.336 0.830932
3.352 0.923293
3.368 1.27095
3.384 1.20787
3.4 1.03204
3.416 1.19805
3.432 0.290315
3.448 0.680943
3.464 1.03049
3.48 0.755355
3.496 1.07752
3.512 1.83139
3.528 1.25714
3.544 1.26373
3.56 0.727847
3.576 0.741568
3.592 0.945092
3.608 0.958187
3.624 0.549167
3.64 0.705438
3.656 1.03608
3.672 1.24179
3.688 1.04562
3.704 1.00756
3.72 0.859981
3.736 1.20523
3.752 0.633651
3.768 1.00654
3.784 1.23689
3.8 0.930742
3.816 0.724734
3.832 1.20938
3.848 1.13478
3.864 0.783457
3.88 1.05926
3.896 0.77839
3.912 0.726069
3.928 0.702797
3.944 0.890191
3.96 0.705504
3.976 0.890833
3.992 1.09594
4.008 0.996983
4.024 1.00257
4.04 1.66663
4.056 1.17976
4.072 0.78257
4.088 0.709597
4.104 0.938434
4.12 0.767876
4.136 0.871954
4.152 0.887253
4.168 0.988176
4.184 1.22801
4.2 1.04817
4.216 0.956355
4.232 1.74275
4.248 1.32922
4.264 0.956202
4.28 1.18943
4.296 0.758241
4.312 0.850376
4.328 1.12785
4.344 1.32425
4.36 1.24675
4.376 1.66782
4.392 0.813972
4.408 0.674111
4.424 1.32655
4.44 1.2547
4.456 0.691755
4.472 0.969554
4.488 0.955309
4.504 0.887308
4.52 1.07591
4.536 1.30511
4.552 0.990626
4.568 1.25528
4.584 1.4628
4.6 1.44823
4.616 1.10709
4.632 0.879678
4.648 0.841474
4.664 0.964362
4.68 1.10568
4.696 0.813954
4.712 1.11232
4.728 0.847805
4.744 0.786374
4.76 0.701446
4.776 1.14017
4.792 0.730384
4.808 0.799144
4.824 0.807509
4.84 1.17343
4.856 0.915756
4.872 0.865915
4.888 0.966351
4.904 0.913692
4.92 0.757286
4.936 1.11293
4.952 0.940408
4.968 0.866062
4.984 1.12002
5 0.689519
5.016 0.904002
5.032 0.698268
5.048 1.22111
5.064 0.995654
5.08 0.703826
5.096 1.01644
5.112 1.27113
5.128 0.813257
5.144 1.00877
5.16 0.797827
5.176 1.36351
5.192 1.02047
5.208 0.974995
5.224 0.882945
5.24 1.21125
5.256 1.38309
5.272 0.79043
5.288 1.15089
5.304 1.03818
5.32 1.2033
5.336 0.825365
5.352 1.09958
5.368 0.952399
5.384 1.36578
5.4 0.866183
5.416 0.936134
5.432 1.0824
5.448 1.0759
5.464 0.901472
5.48 1.23803
5.496 1.12031
5.512 0.954279
5.528 0.971196
5.544 1.32195
5.56 1.4481
5.576 1.09384
5.592 0.867378
5.608 0.924751
5.624 0.908087
5.64 1.10337
5.656 0.953611
5.672 0.891235
5.688 0.933689
5.704 1.41078
5.72 1.43241
5.736 0.923688
5.752 1.00855
5.768 0.683346
5.784 0.786009
5.8 0.996733
5.816 0.709896
5.832 0.894145
5.848 1.10036
5.864 0.890134
5.88 0.992708
5.896 0.998628
5.912 0.957128
5.928 0.72082
5.944 0.988871
5.96 0.861698
5.976 1.06588
5.992 0.895106
6.008 1.16629
6.024 1.05871
6.04 1.08994
6.056 0.562998
6.072 0.771108
6.088 0.817155
6.104 0.75605
6.12 0.831443
6.136 0.814004
6.152 0.841479
6.168 1.06671
6.184 0.964894
6.2 1.0111
6.216 0.940858
6.232 1.06361
6.248 0.916193
6.264 1.06847
6.28 0.984571
6.296 1.10017
6.312 1.31367
6.328 0.968781
6.344 1.23449
6.36 1.06616
6.376 1.12332
6.392 1.10688
6.408 1.03229
6.424 1.25975
6.44 1.1599
6.456 0.975454
6.472 0.714265
6.488 1.67044
6.504 0.937632
6.52 0.725885
6.536 1.27968
6.552 0.92566
6.568 0.768715
6.584 1.03966
6.6 1.21302
6.616 1.21392
6.632 0.780711
6.648 1.10566
6.664 0.908029
6.68 0.9915
6.696 1.09968
6.712 0.733946
6.728 0.733967
6.744 0.762771
6.76 1.19826
6.776 0.851813
6.792 1.12344
6.808 0.790953
6.824 0.984012
6.84 1.04187
6.856 0.878543
6.872 0.921309
6.888 0.809015
6.904 0.720371
6.92 1.02702
6.936 1.11049
6.952 0.971562
6.968 1.19195
6.984 0.694345
7 1.00154
7.016 1.14226
7.032 1.01632
7.048 1.45058
7.064 0.790828
7.08 1.3772
7.096 0.985523
7.112 1.13284
7.128 0.844044
7.144 0.892234
7.16 1.13682
7.176 0.99333
7.192 0.797568
7.208 0.894972
7.224 1.09
7.24 0.98938
7.256 0.885922
7.272 1.25027
7.288 1.09018
7.304 0.953295
7.32 0.825509
7.336 0.883421
7.352 0.951637
7.368 1.20338
7.384 1.36556
7.4 0.953174
7.416 1.06659
7.432 1.09455
7.448 0.735288
7.464 1.35702
7.48 0.929657
7.496 1.10271
7.512 0.900481
7.528 1.09505
7.544 1.27302
7.56 1.06105
7.576 0.959398
7.592 1.07018
7.608 1.49009
7.624 0.665324
7.64 0.767477
7.656 1.05446
7.672 0.703973
7.688 0.936977
7.704 1.22494
7.72 0.772513
7.736 1.11982
7.752 0.807727
7.768 1.06135
7.784 0.895955
7.8 0.939303
7.816 0.976672
7.832 1.07928
7.848 0.78513
7.864 0.92566
7.88 1.0979
7.896 1.07941
7.912 0.982201
7.928 1.42315
7.944 1.22043
7.96 0.481243
7.976 0.668207
7.992 0.912571
