0.0431836 0.422717
0.0564709 0.216347
0.0830455 0.263124
0.0896891 0.0771699
0.116264 0.0448959
0.122907 0.25657
0.129551 0.103779
0.149482 0.0417562
0.162769 0.170981
0.169413 0.106253
0.176056 0.0627841
0.1827 0.0386122
0.209275 0.0899908
0.222562 0.05756
0.235849 0.105111
0.242493 0.0603321
0.249136 0.131637
0.25578 0.113035
0.262424 0.102406
0.269067 0.150608
0.275711 0.0445815
0.288998 0.178304
0.295642 0.087316
0.302286 0.040521
0.315573 0.0364235
0.322216 0.0449913
0.32886 0.210994
0.335504 0.0643149
0.342147 0.108869
0.355435 0.0742135
0.368722 0.10242
0.375366 0.188425
0.382009 0.0811784
0.388653 0.243574
0.395296 0.0819029
0.408584 0.0508671
0.415227 0.111249
0.421871 0.0697601
0.428515 0.0172961
0.435158 0.0761558
0.441802 0.0189786
0.448446 0.0295551
0.455089 0.0907836
0.461733 0.0647444
0.468377 0.0501863
0.47502 0.083495
0.481664 0.0920926
0.488307 0.0252377
0.501595 0.152432
0.508238 0.145224
0.514882 0.0982182
0.521526 0.261482
0.528169 0.175666
0.534813 0.156382
0.541457 0.495861
0.5481 0.233212
0.554744 0.324275
0.561387 0.104133
0.568031 0.211355
0.574675 0.141794
0.581318 0.261192
0.587962 0.265509
0.594606 0.413575
0.601249 0.238648
0.607893 0.371129
0.614537 0.278824
0.62118 0.235785
0.627824 0.291641
0.634467 0.519322
0.647755 0.549777
0.654398 0.990524
0.667686 1.30698
0.674329 1.53959
0.680973 1.93265
0.687617 2.50858
0.69426 0.421594
0.707547 1.20604
0.714191 0.67785
0.727478 0.81148
0.734122 0.527589
0.740766 0.639856
0.747409 0.805566
0.754053 0.350902
0.760697 0.544999
0.76734 0.234408
0.773984 0.801149
0.780628 0.680085
0.787271 0.854393
0.793915 0.916998
0.800558 1.30011
0.807202 0.577843
0.813846 1.21459
0.820489 0.665737
0.827133 1.4566
0.833777 0.600006
0.84042 1.53478
0.847064 0.486312
0.853708 0.730413
0.866995 0.755233
0.873638 0.587238
0.880282 0.412753
0.886926 0.297327
0.893569 0.34296
0.900213 0.205653
0.906857 0.698443
0.9135 0.543965
0.920144 0.692349
0.926788 0.344939
0.933431 0.256329
0.940075 0.361152
0.946718 0.753545
0.953362 0.447292
0.960006 0.449679
0.966649 0.302004
0.973293 0.341472
0.979937 0.49787
0.98658 0.276946
0.993224 0.0631932
0.999868 0.419425
1.00651 0.432069
1.01315 0.710981
1.0198 0.422272
1.02644 0.595409
1.03309 0.294336
1.03973 0.52761
1.04637 0.343378
1.05302 0.838488
1.05966 0.611083
1.0663 0.781335
1.07295 0.758685
1.07959 0.61144
1.08623 0.768298
1.09288 0.81736
1.09952 0.651922
1.10617 1.4401
1.11281 0.965919
1.11945 0.870055
1.1261 0.696801
1.13274 0.976452
1.13938 0.950488
1.14603 0.858332
1.15267 0.930706
1.15931 1.06258
1.16596 1.00797
1.1726 1.16823
1.17925 1.03724
1.18589 1.70581
1.19253 0.688787
1.19918 1.00083
1.20582 1.37122
1.21246 1.35205
1.21911 0.913362
1.22575 1.27373
1.23239 1.4923
1.23904 1.63237
1.24568 1.67858
1.25233 1.41577
1.25897 1.77408
1.26561 1.3432
1.27226 1.56498
1.2789 1.43794
1.28554 1.0498
1.29219 1.61121
1.29883 2.01791
1.30547 1.70907
1.31212 0.939442
1.31876 1.50631
1.32541 1.74579
1.33205 0.720243
1.33869 1.69425
1.34534 1.71778
1.35198 1.57963
1.35862 1.95719
1.36527 0.849386
1.37191 1.93928
1.37855 1.70737
1.3852 1.79021
1.39184 1.94344
1.39849 1.30224
1.40513 1.64004
1.41177 2.00487
1.41842 1.74382
1.42506 3.21084
1.4317 1.19671
1.43835 1.42974
1.44499 1.32564
1.45163 2.23684
1.45828 1.42343
1.46492 1.24542
1.47157 1.45526
1.47821 0.986471
1.48485 1.37835
1.4915 1.53713
1.49814 2.12159
1.50478 1.093
1.51143 1.74238
1.51807 1.53837
1.52472 1.96197
1.53136 1.51032
1.538 0.981973
1.54465 1.54181
1.55129 1.42627
1.55793 1.32483
1.56458 1.26681
1.57122 1.54725
1.57786 0.998844
1.58451 1.1151
1.59115 1.16375
1.5978 1.08065
1.60444 0.69704
1.61108 0.874297
1.61773 1.11018
1.62437 1.28373
1.63101 0.620472
1.63766 1.02284
1.6443 0.929062
1.65094 1.2827
1.65759 0.732011
1.66423 1.37992
1.67088 1.16246
1.67752 0.729968
1.68416 0.734971
1.69081 1.0601
1.69745 0.438733
1.70409 0.717386
1.71074 0.986781
1.71738 0.649539
1.72402 0.804292
1.73067 0.46589
1.73731 0.600812
1.74396 0.777525
1.7506 0.623066
1.75724 0.470838
1.76389 0.587097
1.77053 0.555371
1.77717 0.64122
1.78382 0.580441
1.79046 0.366072
1.7971 0.588542
1.80375 0.499718
1.81039 0.921295
1.81704 0.61537
1.82368 0.574113
1.83032 0.922459
1.83697 0.78595
1.84361 0.889777
1.85025 0.347278
1.8569 0.610178
1.86354 0.735029
1.87018 0.733426
1.87683 0.789213
1.88347 0.72167
1.89012 0.910901
1.89676 0.557676
1.9034 0.839279
1.91005 0.489599
1.91669 0.587965
1.92333 0.57185
1.92998 0.425932
1.93662 0.552243
1.94326 0.739852
1.94991 0.479344
1.95655 0.545763
1.9632 0.977956
1.96984 0.658657
1.97648 0.787444
1.98313 0.809702
1.98977 1.27645
1.99641 0.662831
2.00306 0.941152
2.0097 0.979801
2.01634 1.29443
2.02299 1.34432
2.02963 0.855428
2.03628 0.580424
2.04292 0.850905
2.04956 0.436877
2.05621 0.702944
2.06285 0.808617
2.06949 0.56773
2.07614 0.939582
2.08278 1.08892
2.08942 0.707541
2.09607 0.962738
2.10271 0.808142
2.10936 0.938526
2.116 0.945645
2.12264 1.2023
2.12929 0.855317
2.13593 0.981951
2.14257 1.07029
2.14922 0.385321
2.15586 0.783032
2.1625 0.812752
2.16915 0.961774
2.17579 0.878123
2.18244 1.24532
2.18908 1.09976
2.19572 1.08346
2.20237 1.05899
2.20901 1.30744
2.21565 0.782906
2.2223 1.444
2.22894 1.06676
2.23558 0.788739
2.24223 1.10224
2.24887 1.05836
2.25552 0.89245
2.26216 0.939728
2.2688 1.12729
2.27545 1.25292
2.28209 1.18961
2.28873 0.892093
2.29538 1.06877
2.30202 0.933326
2.30866 0.77219
2.31531 0.798145
2.32195 1.01028
2.3286 1.07092
2.33524 1.02745
2.34188 1.02429
2.34853 1.22564
2.35517 1.64856
2.36181 1.21933
2.36846 0.984327
2.3751 1.12877
2.38174 1.13878
2.38839 0.771956
2.39503 1.19143
2.40168 0.838665
2.40832 0.91502
2.41496 1.04061
2.42161 1.20495
2.42825 0.775824
2.43489 1.11274
2.44154 1.06816
2.44818 1.25329
2.45482 1.15757
2.46147 0.765515
2.46811 0.976146
2.47476 1.12642
2.4814 0.861988
2.48804 0.912088
2.49469 0.831624
2.50133 0.902259
2.50797 1.04686
2.51462 0.998888
2.52126 1.31298
2.5279 1.10624
2.53455 0.782696
2.54119 0.869405
2.54784 1.36429
2.55448 1.3327
2.56112 1.17567
2.56777 0.901444
2.57441 1.06295
2.58105 0.872139
2.5877 1.08241
2.59434 0.90761
2.60098 1.16462
2.60763 1.15474
2.61427 1.22597
2.62092 1.30535
2.62756 1.22036
2.6342 0.666187
2.64085 0.984536
2.64749 1.30585
2.65413 1.24311
2.66078 0.77002
2.66742 1.12199
2.67406 1.01548
2.68071 1.23887
2.68735 1.59562
2.694 0.96706
2.70064 0.75271
2.70728 0.935076
2.71393 0.915581
2.72057 1.36683
2.72721 1.43419
2.73386 0.919325
2.7405 1.31195
2.74714 1.11304
2.75379 1.3863
2.76043 0.847614
2.76708 0.781974
2.77372 1.21043
2.78036 1.05614
2.78701 1.06941
2.79365 0.942261
2.80029 1.15519
2.80694 0.937076
2.81358 1.2315
2.82022 1.16684
2.82687 1.02043
2.83351 1.05592
2.84016 0.991035
2.8468 1.13573
2.85344 0.977709
2.86009 1.09549
2.86673 0.893242
2.87337 1.22711
2.88002 1.2681
2.88666 0.838958
2.8933 1.38309
2.89995 1.2627
2.90659 1.10033
2.91324 1.10083
2.91988 0.983681
2.92652 0.877788
2.93317 0.986787
2.93981 1.03917
2.94645 1.03154
2.9531 1.31248
2.95974 0.91427
2.96638 0.802387
2.97303 0.931188
2.97967 1.08812
2.98632 1.00411
2.99296 1.01163
2.9996 0.774029
3.00625 1.13095
3.01289 0.931938
3.01953 0.965928
3.02618 1.07687
3.03282 1.13833
3.03946 0.970725
3.04611 1.14168
3.05275 0.961833
3.0594 1.13685
3.06604 0.852742
3.07268 1.00658
3.07933 0.936251
3.08597 1.13542
3.09261 1.08141
3.09926 1.08213
3.1059 1.15923
3.11254 1.07587
3.11919 0.98619
3.12583 1.10222
3.13248 1.04774
3.13912 0.973908
3.14576 0.914182
3.15241 1.10856
3.15905 0.860211
3.16569 0.963917
3.17234 0.663393
3.17898 0.985686
3.18562 0.946049
3.19227 1.36347
3.19891 0.958097
3.20556 0.807713
3.2122 0.775918
3.21884 0.785523
3.22549 0.640824
3.23213 0.914886
3.23877 0.965799
3.24542 0.945602
3.25206 0.863889
3.2587 1.10632
3.26535 0.763825
3.27199 1.04141
3.27864 1.12024
3.28528 1.12626
3.29192 0.88206
3.29857 0.610601
3.30521 1.54569
3.31185 1.29042
3.3185 0.914488
