0.52 0.872113
0.68 0.324471
1 1.84691
1.08 1.16698
1.4 1.02143
1.48 0.639337
1.56 0.640262
1.8 1.20337
1.96 0.238387
2.04 0.728681
2.12 0.775642
2.2 0.98523
2.52 0.680053
2.68 1.42888
2.84 2.5583
2.92 0.622368
3 1.36983
3.08 1.03281
3.16 1.51451
3.24 1.53666
3.32 0.519119
3.48 0.293665
3.56 0.524475
3.64 1.26994
3.8 1.29376
3.88 1.12766
3.96 2.03224
4.04 1.41191
4.12 1.32651
4.28 0.722968
4.44 0.691449
4.52 0.632242
4.6 0.996224
4.68 0.828343
4.76 0.761842
4.92 0.489916
5 1.11811
5.08 1.28961
5.16 0.527213
5.24 0.625628
5.32 1.43028
5.4 1.31212
5.48 1.08511
5.56 0.865917
5.64 0.926048
5.72 0.711673
5.8 1.55615
5.88 0.874329
6.04 0.851269
6.12 0.866527
6.2 1.54185
6.28 0.789952
6.36 1.54666
6.44 1.31282
6.52 1.33508
6.6 0.495171
6.68 1.28324
6.76 0.833842
6.84 0.748827
6.92 1.35566
7 1.03944
7.08 1.17585
7.16 1.13683
7.24 0.662959
7.32 0.662439
7.4 1.0787
7.48 0.697152
7.56 0.803515
7.64 0.850295
7.8 0.830212
7.88 0.863069
8.04 1.12228
8.12 1.4238
8.2 0.860016
8.28 0.297458
8.36 1.11773
8.52 0.848557
8.6 0.805082
8.76 0.41468
8.84 1.21781
8.92 1.72282
9 1.18606
9.08 0.756305
9.16 1.47637
9.24 0.736139
9.32 1.55592
9.4 0.751176
9.48 1.10192
9.56 0.635215
9.64 1.05228
9.72 1.04575
9.8 0.874374
9.88 1.00821
9.96 1.273
10.04 1.16751
10.12 1.31633
10.2 1.86301
10.28 0.770432
10.44 0.829195
10.52 1.05749
10.6 1.15144
10.68 0.968582
10.76 0.557441
10.84 0.649824
10.92 1.07784
11 1.01064
11.08 1.08886
11.16 0.882744
11.24 0.55758
11.32 0.920019
11.4 0.723959
11.48 0.838091
11.56 1.22697
11.64 0.887517
11.72 1.09384
11.8 1.47597
11.88 1.04025
11.96 0.973345
12.04 1.07297
12.12 1.47119
12.2 0.511689
12.28 0.863968
12.36 1.10973
12.44 1.37021
12.52 0.790949
12.6 0.987653
12.68 0.99808
12.76 1.54929
12.84 0.751212
12.92 2.38428
13 0.951077
13.08 1.06417
13.16 0.994372
13.24 0.967604
13.32 1.03708
13.4 0.69704
13.48 1.21148
13.56 0.362366
13.64 1.05058
13.72 0.835264
13.8 0.708413
13.88 0.763104
13.96 0.850269
14.04 0.786869
14.12 0.977782
14.2 1.17396
14.28 1.18089
14.36 0.889179
14.44 1.18603
14.52 1.16448
14.6 0.734877
14.68 1.29814
14.76 0.671939
14.84 0.482776
14.92 1.52993
15 1.16021
15.08 1.10278
15.16 0.514092
15.24 1.01805
15.32 1.30282
15.4 0.888007
15.48 1.28167
15.56 1.29165
15.64 0.822047
15.72 1.24967
15.8 0.726925
15.88 0.89475
15.96 1.02185
16.04 1.41075
16.12 0.704636
16.2 0.737019
16.28 1.04748
16.36 1.32484
16.44 0.951063
16.52 0.744774
16.6 0.957282
16.68 0.998496
16.76 0.787745
16.84 0.934328
16.92 0.913421
17 0.882727
17.08 1.24305
17.16 1.30014
17.24 0.935639
17.32 1.00526
17.4 1.32909
17.48 0.824745
17.56 0.715688
17.64 0.821974
17.72 0.978948
17.8 0.848288
17.88 0.971764
17.96 0.8019
18.04 1.07669
18.12 1.55885
18.2 1.20754
18.28 1.10863
18.36 1.08045
18.44 0.979459
18.52 1.04664
18.6 0.767383
18.68 0.806265
18.76 1.24248
18.84 0.906501
18.92 0.906482
19 1.29248
19.08 0.87228
19.16 0.711632
19.24 1.16181
19.32 1.1801
19.4 1.38123
19.48 0.98706
19.56 1.01272
19.64 0.765119
19.72 0.63075
19.8 1.14751
19.88 0.732515
19.96 1.00509
20.04 1.25667
20.12 0.957966
20.2 1.01139
20.28 0.714853
20.36 1.2139
20.44 1.03034
20.52 0.788973
20.6 1.02593
20.68 1.19077
20.76 0.555808
20.84 0.868719
20.92 1.08144
21 1.11837
21.08 1.29658
21.16 1.29892
21.24 0.931358
21.32 0.810318
21.4 0.957079
21.48 0.935007
21.56 1.18606
21.64 0.936689
21.72 0.816253
21.8 1.18691
21.88 1.36291
21.96 0.949478
22.04 1.14926
22.12 1.16154
22.2 0.853709
22.28 0.739974
22.36 1.15712
22.44 1.12459
22.52 0.881861
22.6 0.953947
22.68 0.803375
22.76 0.735783
22.84 1.07437
22.92 0.909335
23 0.993327
23.08 0.734455
23.16 1.10518
23.24 1.11593
23.32 1.24578
23.4 1.13294
23.48 0.721392
23.56 0.903908
23.64 0.690551
23.72 0.863838
23.8 1.21904
23.88 0.861451
23.96 0.660862
24.04 1.29986
24.12 0.998486
24.2 1.13223
24.28 1.0211
24.36 1.08132
24.44 1.21465
24.52 0.794125
24.6 1.13527
24.68 0.946273
24.76 0.958204
24.84 0.991573
24.92 0.883167
25 1.19264
25.08 1.11217
25.16 1.22589
25.24 1.11726
25.32 0.938779
25.4 0.613333
25.48 0.915558
25.56 0.943616
25.64 1.04269
25.72 1.07629
25.8 0.679874
25.88 1.0522
25.96 0.984411
26.04 1.15741
26.12 1.0358
26.2 1.08744
26.28 0.659154
26.36 0.990463
26.44 1.20606
26.52 0.93343
26.6 0.742182
26.68 0.797242
26.76 0.754797
26.84 1.26773
26.92 0.677546
27 1.18488
27.08 1.13773
27.16 1.20922
27.24 0.938869
27.32 1.03071
27.4 1.52372
27.48 0.783706
27.56 0.931317
27.64 1.02361
27.72 0.773916
27.8 1.36727
27.88 0.957018
27.96 1.26461
28.04 1.01378
28.12 0.998748
28.2 1.0101
28.28 1.01113
28.36 1.17306
28.44 0.998834
28.52 0.756812
28.6 0.752976
28.68 0.962304
28.76 1.1346
28.84 1.02434
28.92 0.947018
29 0.998866
29.08 1.26306
29.16 0.913301
29.24 0.997387
29.32 0.786422
29.4 0.77944
29.48 1.03394
29.56 0.783376
29.64 0.900069
29.72 1.09711
29.8 0.918868
29.88 1.16486
29.96 1.26881
30.04 0.951891
30.12 0.91205
30.2 1.06128
30.28 0.928106
30.36 1.2016
30.44 1.12735
30.52 0.90628
30.6 1.17106
30.68 0.78036
30.76 1.45101
30.84 0.96057
30.92 1.16289
31 1.13094
31.08 1.04901
31.16 0.922218
31.24 1.18905
31.32 0.916602
31.4 1.02066
31.48 0.989597
31.56 0.96547
31.64 1.14574
31.72 0.60747
31.8 0.888096
31.88 0.898166
31.96 1.08601
32.04 1.14224
32.12 0.9729
32.2 1.03241
32.28 0.768251
32.36 1.05439
32.44 1.04475
32.52 0.788346
32.6 0.773744
32.68 1.10488
32.76 0.990092
32.84 1.13433
32.92 0.998088
33 1.14332
33.08 1.21008
33.16 0.895521
33.24 0.819341
33.32 1.1855
33.4 1.10593
33.48 0.709544
33.56 1.01034
33.64 1.1045
33.72 0.868116
33.8 1.30605
33.88 1.13317
33.96 0.876907
34.04 0.952513
34.12 1.22237
34.2 0.941343
34.28 1.20642
34.36 1.00414
34.44 1.24815
34.52 0.868186
34.6 0.920974
34.68 0.880175
34.76 0.90229
34.84 0.988818
34.92 0.973148
35 1.04973
35.08 0.790886
35.16 0.97634
35.24 1.24743
35.32 1.05357
35.4 0.967492
35.48 0.780092
35.56 1.09953
35.64 0.76603
35.72 0.886572
35.8 1.04657
35.88 0.822955
35.96 1.12405
36.04 1.10857
36.12 1.24115
36.2 0.936739
36.28 0.701834
36.36 0.972951
36.44 1.05281
36.52 0.903964
36.6 1.15157
36.68 1.02334
36.76 1.13714
36.84 1.04214
36.92 1.3618
37 1.05965
37.08 1.07903
37.16 0.87156
37.24 0.987045
37.32 1.08037
37.4 1.06548
37.48 0.908851
37.56 0.972008
37.64 0.984907
37.72 1.03145
37.8 0.882744
37.88 0.918852
37.96 1.08071
38.04 0.873515
38.12 1.08358
38.2 0.715939
38.28 1.03639
38.36 1.30161
38.44 0.970941
38.52 0.986179
38.6 0.939783
38.68 0.736669
38.76 1.04943
38.84 1.32152
38.92 0.946912
39 0.424383
39.08 1.1404
39.16 1.12056
39.24 1.1063
39.32 0.849292
39.4 1.17137
39.48 1.01515
39.56 1.23222
39.64 1.13019
39.72 1.23027
39.8 0.906751
39.88 1.07378
39.96 0.889602
