0.11024 0.0405237
0.14416 0.0154413
0.212 0.0779582
0.22896 0.0486038
0.296799 0.0371324
0.313759 0.0317218
0.330719 0.0188965
0.381599 0.0371942
0.415519 0.0154482
0.432479 0.0231421
0.449439 0.0252797
0.466399 0.0504533
0.534239 0.0201911
0.568159 0.0221981
0.602079 0.0620807
0.619039 0.0336077
0.635999 0.0310635
0.652959 0.0904466
0.669919 0.105552
0.686879 0.043412
0.703839 0.0321302
0.737759 0.0427507
0.754718 0.02744
0.771678 0.0741077
0.805598 0.106914
0.822558 0.366969
0.839518 0.85393
0.856478 1.69258
0.873438 2.27247
0.907358 1.67196
0.941278 0.77378
0.958238 0.911531
0.975198 0.447069
0.992158 0.318312
1.00912 0.634616
1.04304 1.53527
1.06 1.47292
1.07696 2.22158
1.09392 2.95561
1.11088 6.57462
1.12784 4.3451
1.1448 2.93321
1.16176 1.0634
1.17872 2.35989
1.19568 0.847621
1.21264 0.632531
1.2296 0.883669
1.24656 0.677075
1.28048 0.50726
1.29744 0.675978
1.3144 0.361064
1.33136 0.708276
1.34832 0.542423
1.36528 0.58783
1.38224 1.53101
1.3992 2.11073
1.41616 0.971821
1.43312 0.678005
1.45008 0.775534
1.46704 0.417787
1.484 0.344995
1.50096 0.581508
1.51792 0.412927
1.53488 0.531049
1.55184 0.521207
1.5688 0.795319
1.58576 0.658571
1.60272 0.173214
1.61968 0.869885
1.6536 0.511604
1.67056 0.562844
1.70448 0.588893
1.72144 0.380837
1.7384 1.35468
1.75536 0.383455
1.77232 0.373438
1.80624 0.616312
1.8232 0.794612
1.85712 0.71306
1.87408 1.355
1.89104 1.05312
1.908 1.33007
1.92496 0.952866
1.94192 1.90749
1.95888 1.14491
1.97584 1.34444
1.9928 1.15356
2.00976 1.09845
2.02672 1.11628
2.04368 0.887807
2.06064 1.53518
2.0776 0.825174
2.09456 0.727498
2.11152 0.939439
2.12848 1.29876
2.14544 1.96539
2.1624 2.01154
2.17936 1.43183
2.21328 1.26529
2.23024 1.86439
2.2472 1.20084
2.26416 0.691467
2.28112 0.868276
2.29808 1.10501
2.31504 1.33627
2.332 0.582883
2.34896 0.661347
2.36592 1.00533
2.38288 0.516529
2.39984 1.03929
2.4168 1.11159
2.43376 1.07943
2.45072 0.869979
2.46768 0.862901
2.48464 1.6237
2.50159 0.480132
2.51855 0.834719
2.53551 0.617437
2.55247 0.751184
2.56943 0.886726
2.58639 0.484137
2.60335 0.886114
2.62031 0.755176
2.63727 1.98756
2.65423 0.825397
2.67119 0.864296
2.68815 1.24041
2.70511 0.973198
2.72207 1.98459
2.73903 1.32
2.75599 0.94011
2.77295 0.692997
2.78991 0.606611
2.80687 0.823482
2.82383 0.96073
2.84079 1.25852
2.85775 0.629718
2.87471 1.25729
2.89167 1.0037
2.90863 0.98299
2.92559 1.06979
2.94255 0.832851
2.95951 0.949327
2.97647 1.10134
2.99343 1.41115
3.01039 0.950329
3.02735 0.7973
3.04431 1.0842
3.06127 0.86365
3.07823 1.13035
3.09519 0.880287
3.11215 0.910996
3.12911 0.975746
3.14607 1.42099
3.16303 0.689521
3.17999 0.754558
3.19695 1.1209
3.21391 0.948796
3.23087 1.14356
3.24783 1.37709
3.26479 1.38652
3.28175 1.62847
3.29871 0.877155
3.31567 1.22343
3.33263 0.740238
3.34959 0.406171
3.36655 1.19769
3.38351 0.714295
3.40047 1.08916
3.41743 0.657018
3.43439 0.893096
3.45135 1.00932
3.46831 0.953843
3.48527 1.64505
3.50223 0.943707
3.51919 1.02787
3.53615 0.665275
3.55311 0.940475
3.57007 0.583471
3.58703 1.53063
3.60399 0.791005
3.62095 0.761937
3.63791 0.899246
3.65487 1.07347
3.67183 0.750627
3.68879 0.821861
3.70575 1.04226
3.72271 1.05877
3.73967 1.15376
3.75663 1.74893
3.77359 0.785426
3.79055 0.901429
3.80751 0.903813
3.82447 1.11637
3.84143 1.21151
3.85839 1.04872
3.87535 1.02853
3.89231 1.10214
3.90927 0.880008
3.92623 1.04789
3.94319 0.899754
3.96015 1.3037
3.97711 1.31746
3.99407 0.981508
4.01103 0.68922
4.02799 1.22485
4.04495 0.690977
4.06191 0.67777
4.07887 0.521391
4.09583 1.02822
4.11279 0.6172
4.12975 0.785226
4.14671 0.979793
4.16367 0.957166
4.18063 1.0168
4.19759 1.2617
4.21455 1.11537
4.23151 1.70449
4.24847 1.19033
4.26543 0.869279
4.28239 0.866106
4.29935 0.882434
4.31631 0.779665
4.33327 0.887058
4.35023 1.05018
4.36719 0.726876
4.38415 0.723834
4.40111 1.00639
4.41807 1.25508
4.43503 0.987201
4.45199 0.90333
4.46895 0.795804
4.48591 1.08937
4.50287 0.791379
4.51983 0.996685
4.53679 1.35404
4.55375 1.08945
4.57071 0.868507
4.58767 0.873322
4.60463 1.13487
4.62159 1.15033
4.63855 0.609461
4.65551 0.945259
4.67247 1.28826
4.68943 1.10279
4.70639 0.711349
4.72335 1.30475
4.74031 1.06
4.75727 0.928445
4.77423 0.919739
4.79119 0.995805
4.80815 1.25619
4.82511 0.864874
4.84207 1.36147
4.85903 1.06555
4.87599 0.955821
4.89295 0.90411
4.90991 1.2478
4.92687 1.13592
4.94383 0.889623
4.96079 0.762685
4.97775 0.945735
4.99471 0.884616
5.01167 1.00462
5.02863 1.00325
5.04559 1.00917
5.06255 1.33735
5.07951 1.28638
5.09647 1.06609
5.11343 1.04736
5.13039 0.692331
5.14735 0.931892
5.16431 0.874879
5.18127 1.1485
5.19823 1.0995
5.21519 0.868882
5.23215 1.01129
5.24911 0.977642
5.26607 1.38673
5.28303 0.778975
5.29999 1.09222
5.31695 0.974534
5.33391 0.950101
5.35087 1.30481
5.36783 1.00912
5.38479 1.6072
5.40175 0.722455
5.41871 1.00618
5.43567 0.790923
5.45263 0.843038
5.46959 0.712194
5.48655 1.15215
5.50351 1.05259
5.52047 0.926212
5.53743 0.841179
5.55439 1.34774
5.57135 0.909584
5.58831 1.13603
5.60527 1.00594
5.62223 0.676276
5.63919 0.833602
5.65615 0.813955
5.67311 1.08322
5.69007 1.04501
5.70703 0.806744
5.72399 1.01534
5.74095 1.02558
5.75791 1.58641
5.77487 0.961635
5.79183 0.958104
5.80879 1.11935
5.82575 1.13452
5.84271 0.993518
5.85967 0.920996
5.87663 1.13785
5.89359 0.671227
5.91055 0.955225
5.92751 0.946808
5.94447 1.15291
5.96143 0.834151
5.97839 1.24206
5.99535 0.822094
6.01231 1.34197
6.02927 0.941199
6.04623 1.06525
6.06319 1.00046
6.08015 0.985123
6.09711 1.01865
6.11407 0.797652
6.13103 1.03478
6.14799 1.00053
6.16495 1.08126
6.18191 1.14832
6.19887 0.805951
6.21583 0.795263
6.23279 0.7422
6.24975 1.05491
6.26671 0.800595
6.28367 1.45406
6.30063 1.38395
6.31759 1.10087
6.33455 0.858804
6.35151 0.99471
6.36847 0.852908
6.38543 0.701562
6.40239 0.985025
6.41935 1.29995
6.43631 1.50247
6.45327 0.98255
6.47023 1.04153
6.48719 0.62563
6.50415 1.022
6.52111 0.711661
6.53807 0.989663
6.55503 1.00578
6.57199 1.00033
6.58895 1.44416
6.60591 1.08769
6.62287 0.79415
6.63983 0.944631
6.65679 1.2874
6.67375 0.919641
6.69071 1.29998
6.70767 0.950714
6.72463 1.43383
6.74159 0.764299
6.75855 0.975163
6.77551 1.16281
6.79247 0.964459
6.80943 1.12526
6.82639 0.841842
6.84335 0.860045
6.86031 1.16983
6.87727 0.724402
6.89423 1.03525
6.91119 0.858077
6.92815 0.699454
6.94511 0.849031
6.96207 0.772026
6.97903 0.969082
6.99599 0.963043
7.01295 0.882822
7.02991 1.14448
7.04687 1.01812
7.06383 0.978446
7.08079 0.960387
7.09775 1.35484
7.11471 0.918092
7.13167 0.789543
7.14863 1.25735
7.16559 0.986311
7.18255 0.930709
7.19951 1.00619
7.21647 0.898124
7.23343 1.17196
7.25039 0.832861
7.26735 1.16374
7.28431 1.10084
7.30127 0.781109
7.31823 1.35629
7.33519 1.07311
7.35215 1.12555
7.36911 1.06013
7.38607 1.04176
7.40303 0.83141
7.41999 0.880298
7.43695 1.34851
7.45391 0.676977
7.47087 1.28364
7.48783 0.87151
7.50478 1.04238
7.52174 1.11257
7.5387 1.02812
7.55566 1.0214
7.57262 1.0432
7.58958 0.992966
7.60654 1.15571
7.6235 0.800387
7.64046 0.910061
7.65742 1.15102
7.67438 0.867905
7.69134 1.01351
7.7083 1.08531
7.72526 1.03856
7.74222 1.04409
7.75918 1.09951
7.77614 1.15718
7.7931 0.884723
7.81006 0.973656
7.82702 0.620005
7.84398 0.914718
7.86094 1.27283
7.8779 1.05048
7.89486 0.941575
7.91182 1.27876
7.92878 0.54339
7.94574 0.817993
7.9627 1.10557
7.97966 1.1254
7.99662 1.12655
8.01358 0.854268
8.03054 0.82572
8.0475 1.20463
8.06446 0.838061
8.08142 1.16366
8.09838 1.08779
8.11534 0.843259
8.1323 1.70326
8.14926 0.895932
8.16622 0.710653
8.18318 0.897519
8.20014 0.914363
8.2171 0.980689
8.23406 1.12348
8.25102 1.19151
8.26798 1.01617
8.28494 0.85721
8.3019 1.21579
8.31886 0.849244
8.33582 0.737206
8.35278 1.21931
8.36974 0.796441
8.3867 1.3625
8.40366 1.04122
8.42062 0.981684
8.43758 0.954879
8.45454 0.760587
8.4715 0.94446
