0.346667 0.171337
0.453333 1.72334
0.666667 0.230933
0.72 1.07602
0.933333 0.520906
0.986667 0.235819
1.04 1.03817
1.2 0.370845
1.30667 1.45136
1.36 0.850723
1.41333 1.3154
1.46667 0.528324
1.68 0.971592
1.78667 1.26507
1.89333 0.684328
1.94667 0.447431
2 0.105011
2.05333 1.71439
2.10667 1.78078
2.16 1.5198
2.21333 0.938269
2.32 2.45137
2.37333 1.32881
2.42667 0.468413
2.53333 0.926213
2.58667 2.10665
2.64 2.02714
2.69333 0.685623
2.74667 0.541563
2.85333 0.997971
2.96 0.586985
3.01333 0.663326
3.06667 1.2871
3.12 1.44976
3.17333 0.768891
3.28 0.753686
3.33333 0.862291
3.38667 0.62629
3.44 0.547658
3.49333 0.543962
3.54667 0.852979
3.6 0.808524
3.65333 1.0498
3.70667 1.04497
3.76 0.479682
3.81333 1.16049
3.86667 1.58812
3.92 2.28344
4.02667 1.03035
4.08 0.971714
4.13333 1.02246
4.18667 1.5004
4.24 0.688107
4.29333 0.560686
4.34667 1.67743
4.4 1.00717
4.45333 1.08721
4.50667 0.867381
4.56 0.438834
4.61333 0.75094
4.66667 0.769131
4.72 0.914019
4.77333 0.663021
4.82667 1.2754
4.88 0.49549
4.93333 0.99828
4.98667 1.02324
5.04 0.402704
5.09333 0.458293
5.2 1.61035
5.25333 0.862782
5.36 1.27904
5.41333 0.669149
5.46667 1.28762
5.52 0.685051
5.57333 0.69754
5.68 1.26717
5.73333 1.04133
5.84 1.01177
5.89333 1.8833
5.94667 0.959879
6 1.25711
6.05333 1.45854
6.10667 0.721124
6.16 0.820757
6.21333 0.820059
6.26667 0.617479
6.32 0.489391
6.37333 0.457228
6.42667 1.58637
6.48 1.4003
6.53333 1.1188
6.58667 0.606622
6.64 0.918707
6.69333 0.654667
6.74667 0.493814
6.8 0.790093
6.85333 0.755646
6.96 1.54693
7.01333 1.07866
7.06667 1.04103
7.12 2.36677
7.17333 0.999425
7.22667 1.27718
7.28 0.464241
7.33333 0.96154
7.38667 0.601109
7.44 0.505529
7.49333 0.848073
7.54667 1.21429
7.6 0.618498
7.65333 1.17426
7.70667 1.66393
7.76 1.13856
7.81333 1.34192
7.86667 1.24842
7.92 1.56808
7.97333 1.63622
8.02667 1.1247
8.08 1.09276
8.13333 0.867826
8.18667 1.00875
8.24 0.738777
8.29333 0.769905
8.34667 1.02621
8.4 0.828792
8.45333 0.709284
8.50667 0.877718
8.56 0.745699
8.61333 0.333772
8.66667 0.919038
8.72 1.10709
8.77333 0.793735
8.82667 0.7634
8.88 0.997767
8.93333 1.47881
8.98667 0.931892
9.04 0.752182
9.09333 0.947266
9.14667 1.05915
9.2 1.3216
9.25333 0.690688
9.30667 0.74535
9.36 1.63412
9.41333 0.660732
9.46667 1.83039
9.52 1.35416
9.57333 0.996651
9.62667 1.59484
9.68 1.06006
9.73333 1.25342
9.78667 0.80718
9.84 0.811076
9.89333 0.691389
9.94667 1.63304
10 0.980561
10.0533 1.06284
10.1067 0.699649
10.16 1.07044
10.2133 1.1735
10.2667 1.14691
10.32 1.29873
10.3733 0.875484
10.4267 0.626959
10.48 1.04318
10.5333 0.723223
10.5867 0.693376
10.64 0.922312
10.6933 0.777379
10.7467 0.941787
10.8 1.09027
10.8533 1.20155
10.9067 1.19825
10.96 0.51474
11.0133 1.06743
11.0667 1.25937
11.12 0.664725
11.1733 0.620409
11.2267 1.04833
11.28 0.561763
11.3333 0.967779
11.3867 1.22848
11.44 1.6792
11.4933 1.15029
11.5467 0.533368
11.6 1.30081
11.6533 0.902842
11.7067 1.15167
11.76 1.01813
11.8133 1.4164
11.8667 0.833126
11.92 1.05692
11.9733 0.725595
12.0267 0.980644
12.08 0.834695
12.1333 1.084
12.1867 1.07302
12.24 1.08057
12.2933 1.41747
12.3467 0.912038
12.4 1.03064
12.4533 0.946518
12.5067 0.677414
12.56 0.742757
12.6133 1.18048
12.6667 1.11946
12.72 0.652553
12.7733 1.1018
12.8267 1.14627
12.88 0.800887
12.9333 1.07361
12.9867 1.11731
13.04 0.955153
13.0933 1.12224
13.1467 1.09131
13.2 0.735764
13.2533 1.05042
13.3067 1.13123
13.36 1.25915
13.4133 0.96511
13.4667 1.08861
13.52 1.12627
13.5733 0.64566
13.6267 0.431037
13.68 1.08576
13.7333 0.880585
13.7867 1.03274
13.84 1.13817
13.8933 1.13909
13.9467 1.22495
14 0.784501
14.0533 1.06314
14.1067 0.859086
14.16 1.20863
14.2133 0.359595
14.2667 1.17323
14.32 0.79602
14.3733 1.10543
14.4267 1.00352
14.48 0.93943
14.5333 0.506536
14.5867 0.592883
14.64 1.0318
14.6933 0.817178
14.7467 1.18794
14.8 1.77821
14.8533 1.03194
14.9067 1.07021
14.96 0.987656
15.0133 1.13534
15.0667 0.894709
15.12 1.05335
15.1733 0.864989
15.2267 1.24841
15.28 0.748682
15.3333 0.779634
15.3867 1.04298
15.44 1.99636
15.4933 0.984877
15.5467 0.902257
15.6 0.917193
15.6533 0.943909
15.7067 0.79905
15.76 0.543858
15.8133 1.09685
15.8667 1.12919
15.92 1.3723
15.9733 0.692867
16.0267 0.754618
16.08 0.803003
16.1333 1.08024
16.1867 1.02555
16.24 1.1198
16.2933 1.12098
16.3467 0.880092
16.4 1.06233
16.4533 1.22333
16.5067 0.865577
16.56 1.00779
16.6133 1.13642
16.6667 0.883647
16.72 0.906419
16.7733 1.30436
16.8267 1.20907
16.88 0.826494
16.9333 1.15663
16.9867 0.922151
17.04 1.19081
17.0933 0.589238
17.1467 1.16473
17.2 0.896824
17.2533 1.06262
17.3067 1.2023
17.36 1.14106
17.4133 1.00476
17.4667 1.16029
17.52 1.30875
17.5733 0.458206
17.6267 0.703552
17.68 0.774676
17.7333 1.39237
17.7867 0.999461
17.84 0.54112
17.8933 0.837416
17.9467 1.21108
18 1.07671
18.0533 0.938082
18.1067 1.30912
18.16 1.01518
18.2133 0.943874
18.2667 0.77304
18.32 0.850467
18.3733 0.773653
18.4267 1.01982
18.48 1.14687
18.5333 1.201
18.5867 0.582518
18.64 1.01546
18.6933 0.995571
18.7467 1.01226
18.8 1.20572
18.8533 0.838211
18.9067 0.850333
18.96 0.992705
19.0133 1.12295
19.0667 1.22588
19.12 1.18188
19.1733 0.73378
19.2267 0.81681
19.28 1.40143
19.3333 1.03469
19.3867 0.931795
19.44 0.910692
19.4933 1.14235
19.5467 0.802809
19.6 1.13136
19.6533 0.817242
19.7067 1.07317
19.76 1.64247
19.8133 0.975914
19.8667 0.916041
19.92 0.753612
19.9733 0.746717
20.0267 0.891523
20.08 1.3221
20.1333 1.18222
20.1867 0.714752
20.24 0.809277
20.2933 0.96041
20.3467 0.911525
20.4 0.948079
20.4533 0.989177
20.5067 0.782433
20.56 1.08863
20.6133 0.900371
20.6667 1.17745
20.72 0.75227
20.7733 1.12243
20.8267 1.04181
20.88 1.04839
20.9333 0.826424
20.9867 1.02181
21.04 1.20536
21.0933 0.903956
21.1467 1.17569
21.2 0.841033
21.2533 1.1149
21.3067 0.85305
21.36 0.861552
21.4133 1.17041
21.4667 1.19126
21.52 0.648773
21.5733 0.614892
21.6267 1.37636
21.68 0.833481
21.7333 0.888109
21.7867 1.45125
21.84 1.15718
21.8933 1.36249
21.9467 1.05338
22 1.16665
22.0533 0.8796
22.1067 0.830845
22.16 0.781021
22.2133 1.02689
22.2667 1.1078
22.32 1.03356
22.3733 0.806221
22.4267 1.03976
22.48 1.12246
22.5333 0.732206
22.5867 0.80239
22.64 0.830306
22.6933 1.17758
22.7467 1.09592
22.8 1.02648
22.8533 1.01072
22.9067 0.992286
22.96 0.840711
23.0133 0.905059
23.0667 1.23595
23.12 0.803157
23.1733 1.38386
23.2267 1.11146
23.28 1.15959
23.3333 1.03818
23.3867 0.936729
23.44 1.09907
23.4933 0.962173
23.5467 0.790842
23.6 0.974454
23.6533 0.703203
23.7067 1.05397
23.76 1.00413
23.8133 0.966488
23.8667 1.17883
23.92 1.33169
23.9733 0.925453
24.0267 0.84789
24.08 1.13339
24.1333 1.07788
24.1867 1.20832
24.24 0.5639
24.2933 1.08954
24.3467 1.15156
24.4 1.18598
24.4533 0.860672
24.5067 0.928505
24.56 1.10098
24.6133 1.14385
24.6667 0.932024
24.72 0.624132
24.7733 1.04704
24.8267 0.951435
24.88 0.811165
24.9333 0.922112
24.9867 1.06864
25.04 1.29715
25.0933 0.993322
25.1467 1.05864
25.2 0.831657
25.2533 1.00172
25.3067 0.691583
25.36 1.1122
25.4133 1.09892
25.4667 1.01969
25.52 1.14816
25.5733 0.769173
25.6267 1.08764
25.68 0.661221
25.7333 1.1644
25.7867 0.911408
25.84 0.919135
25.8933 1.39115
25.9467 0.771592
26 1.10828
26.0533 1.18521
26.1067 0.946695
26.16 0.970981
26.2133 0.930636
26.2667 0.576905
26.32 1.36334
26.3733 1.07013
26.4267 1.14878
26.48 0.974281
26.5333 1.06118
26.5867 1.21248
26.64 1.24519
