0.104 0.000142359
0.136 0.00058984
0.2 0.000112612
0.216 0.000133911
0.28 0.000694633
0.296 0.00137928
0.312 0.00302889
0.36 0.00510982
0.392 0.00581032
0.408 0.00801435
0.424 0.00948935
0.44 0.00707784
0.504 0.0213668
0.536 0.034361
0.568 0.00581643
0.584 0.0777821
0.6 0.0959172
0.616 0.0752922
0.632 0.103644
0.648 0.412777
0.664 0.142048
0.696 0.145251
0.712 0.0824344
0.728 0.107892
0.76 0.200794
0.776 0.127091
0.792 0.331897
0.808 0.435279
0.824 0.481054
0.856 1.45521
0.888 0.823657
0.904 1.64288
0.92 1.05117
0.936 1.79514
0.952 1.44236
0.984 1.16362
1 1.43002
1.016 0.330146
1.032 0.906903
1.048 1.71075
1.064 0.348823
1.08 1.13401
1.096 0.337734
1.112 2.74397
1.128 2.32068
1.144 3.06815
1.16 2.90273
1.176 7.15453
1.208 1.29262
1.224 1.63642
1.24 1.2625
1.256 0.988184
1.272 0.83198
1.288 0.815437
1.304 1.19258
1.32 0.495731
1.336 0.882395
1.352 0.632278
1.368 0.616249
1.384 1.41481
1.4 0.724502
1.416 0.806701
1.432 0.391785
1.448 0.887399
1.464 0.708485
1.48 0.653834
1.496 0.662821
1.512 0.143233
1.528 0.719026
1.56 0.46508
1.576 0.220239
1.608 0.480607
1.624 0.456033
1.64 0.416993
1.656 0.774574
1.672 0.646024
1.704 1.00912
1.72 0.736953
1.752 0.945068
1.768 0.4744
1.784 0.677477
1.8 1.2264
1.816 0.620392
1.832 0.477589
1.848 0.832107
1.864 0.775214
1.88 1.29038
1.896 0.971272
1.912 1.0193
1.928 0.965238
1.944 1.72236
1.96 1.81204
1.976 0.60843
1.992 0.553639
2.008 0.839358
2.024 1.68293
2.04 1.39914
2.056 0.947763
2.088 0.720875
2.104 0.778923
2.12 1.03975
2.136 1.2959
2.152 1.17442
2.168 1.51129
2.184 0.620486
2.2 1.48707
2.216 1.62456
2.232 1.63034
2.248 1.08362
2.264 0.991241
2.28 2.22787
2.296 0.86967
2.312 1.30898
2.328 1.1459
2.344 1.02726
2.36 0.524967
2.376 1.26272
2.392 1.38723
2.408 1.13309
2.424 1.02632
2.44 0.94821
2.456 1.13091
2.472 0.873252
2.488 0.929342
2.504 0.999159
2.52 0.978539
2.536 0.450366
2.552 1.12871
2.568 0.558749
2.584 0.842225
2.6 0.694326
2.616 0.75781
2.632 1.02529
2.648 1.14536
2.664 1.09375
2.68 0.66487
2.696 0.68983
2.712 1.12805
2.728 0.853531
2.744 0.65023
2.76 0.65263
2.776 0.663215
2.792 0.72436
2.808 0.532807
2.824 1.1172
2.84 1.21734
2.856 1.06331
2.872 0.498674
2.888 0.820485
2.904 0.907604
2.92 0.862803
2.936 0.639894
2.952 0.671513
2.968 1.05452
2.984 0.514388
3 1.59224
3.016 0.629623
3.032 0.423757
3.048 1.01282
3.064 0.978814
3.08 1.37369
3.096 1.3715
3.112 0.790473
3.128 0.808897
3.144 0.639181
3.16 1.4704
3.176 1.19319
3.192 1.39427
3.208 1.04825
3.224 1.00939
3.24 0.644348
3.256 0.941349
3.272 0.92907
3.288 1.32528
3.304 1.34091
3.32 1.47547
3.336 1.09816
3.352 0.66549
3.368 1.38997
3.384 0.719858
3.4 0.921615
3.416 1.29682
3.432 2.64948
3.448 1.577
3.464 1.15004
3.48 0.890293
3.496 0.721112
3.512 0.851758
3.528 1.01627
3.544 0.655971
3.56 2.40002
3.576 1.018
3.592 0.730705
3.608 1.05191
3.624 1.06608
3.64 1.22954
3.656 0.499043
3.672 0.729876
3.688 0.820507
3.704 0.96297
3.72 0.812269
3.736 1.0511
3.752 0.866146
3.768 1.14158
3.784 1.2548
3.8 0.832216
3.816 1.21019
3.832 1.07376
3.848 1.36511
3.864 1.05525
3.88 2.03236
3.896 0.63881
3.912 0.935485
3.928 0.886215
3.944 0.882531
3.96 0.764462
3.976 0.686404
3.992 0.651146
4.008 0.671837
4.024 1.06837
4.04 1.30463
4.056 0.621208
4.072 0.575716
4.088 0.92267
4.104 1.22845
4.12 0.976641
4.136 1.16122
4.152 0.801597
4.168 1.00782
4.184 1.06947
4.2 1.03817
4.216 0.893211
4.232 0.817092
4.248 1.08837
4.264 1.13081
4.28 1.23982
4.296 1.0703
4.312 1.00028
4.328 0.975591
4.344 1.31837
4.36 1.30982
4.376 0.982897
4.392 0.89945
4.408 0.832847
4.424 1.34569
4.44 1.43153
4.456 1.14805
4.472 0.851084
4.488 0.886996
4.504 0.886219
4.52 1.10093
4.536 1.01199
4.552 1.3198
4.568 0.504417
4.584 1.19865
4.6 1.06648
4.616 1.02862
4.632 0.894608
4.648 1.30008
4.664 0.9485
4.68 0.864747
4.696 1.01979
4.712 1.08264
4.728 1.0914
4.744 1.04425
4.76 0.821036
4.776 0.87167
4.792 0.487001
4.808 0.677042
4.824 1.08036
4.84 1.12899
4.856 0.948079
4.872 0.894122
4.888 0.96941
4.904 1.28829
4.92 0.915539
4.936 0.714909
4.952 0.78196
4.968 1.26655
4.984 1.12637
5 1.07932
5.016 1.01668
5.032 1.02798
5.048 0.759836
5.064 0.830572
5.08 1.4386
5.096 0.953945
5.112 0.793691
5.128 0.96473
5.144 1.36706
5.16 0.744007
5.176 0.968039
5.192 1.12709
5.208 0.881773
5.224 1.47582
5.24 1.04508
5.256 1.03584
5.272 1.06241
5.288 0.823638
5.304 0.926693
5.32 1.20475
5.336 0.652868
5.352 1.48322
5.368 0.956706
5.384 0.738165
5.4 1.3487
5.416 0.9354
5.432 1.25989
5.448 1.15736
5.464 1.08575
5.48 0.976414
5.496 0.939027
5.512 0.875324
5.528 0.846065
5.544 0.963941
5.56 1.08279
5.576 0.594906
5.592 1.22868
5.608 0.639236
5.624 0.832609
5.64 0.911358
5.656 0.976231
5.672 0.872236
5.688 1.26808
5.704 1.156
5.72 1.1007
5.736 0.694712
5.752 1.24783
5.768 1.07673
5.784 0.844571
5.8 1.23488
5.816 1.07213
5.832 1.18281
5.848 1.07116
5.864 0.982311
5.88 0.785777
5.896 0.82536
5.912 0.969466
5.928 0.811593
5.944 1.19608
5.96 0.983133
5.976 1.1069
5.992 1.24566
6.008 0.89885
6.024 0.823726
6.04 1.02725
6.056 0.934448
6.072 0.826487
6.088 1.19564
6.104 1.1122
6.12 0.982964
6.136 0.878423
6.152 0.931697
6.168 0.936638
6.184 0.98843
6.2 0.840935
6.216 1.34257
6.232 0.824778
6.248 0.894335
6.264 1.01738
6.28 1.26084
6.296 1.10452
6.312 1.1391
6.328 1.27107
6.344 0.955573
6.36 0.906516
6.376 1.08528
6.392 0.779067
6.408 0.919219
6.424 0.959255
6.44 1.35234
6.456 0.550423
6.472 0.849879
6.488 0.768991
6.504 0.794285
6.52 1.40544
6.536 1.11641
6.552 1.196
6.568 0.834031
6.584 0.985935
6.6 0.894474
6.616 0.908477
6.632 0.815995
6.648 0.660854
6.664 1.1607
6.68 1.19118
6.696 0.866439
6.712 1.02974
6.728 1.03645
6.744 0.908434
6.76 1.02626
6.776 1.08965
6.792 0.717604
6.808 1.01876
6.824 1.08015
6.84 1.08428
6.856 0.739412
6.872 0.843739
6.888 0.998255
6.904 0.948096
6.92 1.03952
6.936 1.19535
6.952 1.17108
6.968 1.13228
6.984 1.03058
7 1.31107
7.016 0.911815
7.032 1.08726
7.048 1.09946
7.064 0.990948
7.08 1.18008
7.096 1.06426
7.112 0.871895
7.128 0.843724
7.144 0.824045
7.16 1.13808
7.176 0.865457
7.192 1.18102
7.208 0.995974
7.224 1.16874
7.24 1.06358
7.256 1.02173
7.272 0.963089
7.288 0.986928
7.304 1.02682
7.32 0.866061
7.336 0.805537
7.352 0.984557
7.368 0.875513
7.384 1.04819
7.4 0.850905
7.416 1.03482
7.432 1.1966
7.448 0.80056
7.464 0.713297
7.48 0.917933
7.496 0.91535
7.512 1.21412
7.528 0.820587
7.544 1.17125
7.56 1.24149
7.576 1.0827
7.592 0.791409
7.608 1.28665
7.624 0.593851
7.64 1.04125
7.656 1.1411
7.672 0.90225
7.688 1.09423
7.704 0.796812
7.72 1.03458
7.736 1.13831
7.752 0.881758
7.768 1.32871
7.784 0.894527
7.8 0.755753
7.816 1.17424
7.832 1.07226
7.848 0.968209
7.864 1.03752
7.88 0.619249
7.896 0.810951
7.912 0.803183
7.928 1.17578
7.944 0.962173
7.96 0.901741
7.976 0.813695
7.992 1.03243
