0.0728146 4.15456e-05
0.095219 5.62754e-05
0.140028 0.000124403
0.15123 0.000212463
0.196039 0.000605132
0.207241 0.000718229
0.218444 0.000400869
0.25205 0.002492
0.274455 0.00866848
0.285657 0.0020459
0.296859 0.000665827
0.308062 0.00323032
0.352871 0.00410146
0.375275 0.0145818
0.39768 0.0217765
0.408882 0.00489244
0.420084 0.0050438
0.431286 0.033445
0.442489 0.0883016
0.453691 0.0540894
0.464893 0.0589871
0.487297 0.036232
0.4985 0.0872069
0.509702 0.106612
0.532106 0.0327902
0.543309 0.079038
0.554511 0.0834533
0.565713 0.350852
0.576915 0.294239
0.59932 0.652537
0.621724 1.34546
0.632927 1.13
0.644129 3.25166
0.655331 0.778999
0.666533 0.608247
0.688938 0.891657
0.70014 0.651173
0.711342 0.126715
0.722545 0.82123
0.733747 0.24019
0.744949 0.920507
0.756151 0.833843
0.767353 0.891297
0.778556 1.49657
0.789758 0.600195
0.80096 1.25327
0.812162 1.05757
0.823365 2.27769
0.845769 1.45753
0.856971 2.11956
0.868174 0.312949
0.879376 0.75898
0.890578 0.382144
0.90178 1.09527
0.912983 0.374986
0.924185 0.8067
0.935387 0.41221
0.946589 0.638574
0.957792 0.57784
0.968994 0.430299
0.980196 0.94601
0.991398 0.834726
1.0026 0.621112
1.0138 0.61107
1.02501 0.428909
1.03621 0.699927
1.04741 0.555074
1.05861 0.545287
1.06981 0.50651
1.09222 0.42989
1.10342 0.471925
1.12583 0.621036
1.13703 0.582035
1.14823 1.18663
1.15943 0.401484
1.17063 0.29057
1.19304 0.998065
1.20424 0.555084
1.22665 0.878894
1.23785 0.753088
1.24905 0.723404
1.26025 0.684891
1.27145 0.721231
1.28266 0.579415
1.29386 0.717815
1.30506 0.550304
1.31626 0.672053
1.32747 1.2944
1.33867 1.04374
1.34987 0.791085
1.36107 1.41151
1.37227 0.641405
1.38348 1.51582
1.39468 1.66493
1.40588 1.14749
1.41708 1.20892
1.42829 0.626881
1.43949 1.42566
1.46189 1.38571
1.47309 0.821535
1.4843 1.29502
1.4955 2.74038
1.5067 1.19307
1.5179 2.17487
1.52911 0.877202
1.54031 1.15022
1.55151 1.54221
1.56271 1.34714
1.57391 1.61547
1.58512 0.931318
1.59632 1.05156
1.60752 1.22925
1.61872 1.45524
1.62993 1.04853
1.64113 0.947779
1.65233 1.06182
1.66353 1.89872
1.67473 1.07117
1.68594 1.51273
1.69714 1.64782
1.70834 1.41905
1.71954 1.52304
1.73075 1.42655
1.74195 1.12272
1.75315 1.39454
1.76435 0.783725
1.77556 1.23083
1.78676 0.965277
1.79796 0.969421
1.80916 0.931157
1.82036 1.21859
1.83157 0.730654
1.84277 1.18838
1.85397 0.826122
1.86517 0.895755
1.87638 1.05122
1.88758 0.512063
1.89878 0.960473
1.90998 0.826686
1.92118 0.654085
1.93239 0.719107
1.94359 0.855911
1.95479 1.69853
1.96599 0.654862
1.9772 1.25826
1.9884 1.02569
1.9996 0.590139
2.0108 1.18537
2.022 0.703441
2.03321 0.707865
2.04441 1.03812
2.05561 0.568538
2.06681 0.656914
2.07802 0.964236
2.08922 0.913742
2.10042 1.30286
2.11162 0.663632
2.12282 0.423896
2.13403 1.04283
2.14523 0.648675
2.15643 0.839794
2.16763 1.58886
2.17884 1.02872
2.19004 1.15914
2.20124 0.998835
2.21244 0.717635
2.22364 1.11706
2.23485 1.52203
2.24605 1.18506
2.25725 0.928182
2.26845 1.04879
2.27966 0.565764
2.29086 0.925227
2.30206 1.46736
2.31326 1.19128
2.32446 1.1622
2.33567 1.27259
2.34687 0.988403
2.35807 0.803427
2.36927 0.541656
2.38048 0.93688
2.39168 1.19952
2.40288 0.818354
2.41408 0.624245
2.42529 1.27468
2.43649 0.862281
2.44769 0.749278
2.45889 1.19066
2.47009 1.22325
2.4813 1.3041
2.4925 0.884825
2.5037 0.728801
2.5149 0.757723
2.52611 0.533323
2.53731 1.01767
2.54851 0.991352
2.55971 1.1362
2.57091 0.739064
2.58212 1.24203
2.59332 0.953835
2.60452 1.21171
2.61572 0.778797
2.62693 0.927758
2.63813 0.926687
2.64933 0.559133
2.66053 0.65266
2.67173 1.21264
2.68294 0.574453
2.69414 0.974024
2.70534 0.860827
2.71654 0.381674
2.72775 0.747468
2.73895 1.07716
2.75015 0.962448
2.76135 0.935909
2.77255 0.514619
2.78376 1.21953
2.79496 0.84038
2.80616 0.628544
2.81736 1.30232
2.82857 0.502505
2.83977 0.618436
2.85097 0.715539
2.86217 0.861313
2.87337 0.874171
2.88458 1.00244
2.89578 0.986789
2.90698 0.818285
2.91818 0.584446
2.92939 0.808191
2.94059 0.985495
2.95179 0.958495
2.96299 0.963735
2.97419 0.906691
2.9854 1.03998
2.9966 1.38413
3.0078 1.30894
3.019 1.25812
3.03021 0.984987
3.04141 1.03262
3.05261 1.08926
3.06381 1.06714
3.07502 0.858931
3.08622 0.823323
3.09742 1.18477
3.10862 0.93524
3.11982 1.12583
3.13103 0.824141
3.14223 0.947832
3.15343 0.916871
3.16463 1.2109
3.17584 1.52715
3.18704 1.02979
3.19824 0.601122
3.20944 1.46709
3.22064 0.83249
3.23185 1.15423
3.24305 0.742979
3.25425 1.2622
3.26545 1.05523
3.27666 0.886808
3.28786 0.954987
3.29906 1.06156
3.31026 1.84431
3.32146 1.66769
3.33267 0.82137
3.34387 0.629949
3.35507 0.817265
3.36627 1.27573
3.37748 1.09289
3.38868 0.678433
3.39988 0.994132
3.41108 0.764759
3.42228 1.0984
3.43349 1.83758
3.44469 1.27945
3.45589 1.02954
3.46709 0.605622
3.4783 0.931388
3.4895 1.46941
3.5007 1.03353
3.5119 0.93374
3.5231 1.04758
3.53431 0.948428
3.54551 1.0096
3.55671 1.23819
3.56791 1.15031
3.57912 1.21397
3.59032 1.23636
3.60152 0.972527
3.61272 0.993542
3.62392 0.259937
3.63513 0.92564
3.64633 1.28064
3.65753 0.861002
3.66873 0.97227
3.67994 0.723587
3.69114 0.833195
3.70234 0.942964
3.71354 1.22885
3.72475 1.11027
3.73595 1.56372
3.74715 1.14401
3.75835 0.691625
3.76955 1.3918
3.78076 0.963165
3.79196 1.00476
3.80316 0.777057
3.81436 1.29752
3.82557 0.768017
3.83677 1.17017
3.84797 1.18259
3.85917 1.32499
3.87037 0.958768
3.88158 1.57813
3.89278 1.38718
3.90398 1.12013
3.91518 0.833544
3.92639 0.7506
3.93759 1.00805
3.94879 0.805751
3.95999 0.977241
3.97119 0.780689
3.9824 0.921879
3.9936 0.996648
4.0048 0.973441
4.016 1.16405
4.02721 0.758359
4.03841 0.886097
4.04961 1.05892
4.06081 0.878553
4.07201 0.876443
4.08322 0.873327
4.09442 1.04382
4.10562 1.05006
4.11682 0.605253
4.12803 1.02134
4.13923 0.842855
4.15043 0.756051
4.16163 0.93732
4.17283 0.99759
4.18404 0.876831
4.19524 0.621028
4.20644 0.846633
4.21764 0.975877
4.22885 1.06256
4.24005 0.838915
4.25125 0.865214
4.26245 0.806645
4.27365 1.01013
4.28486 0.921827
4.29606 0.725317
4.30726 1.10099
4.31846 0.866162
4.32967 1.15092
4.34087 0.922488
4.35207 1.26109
4.36327 0.977515
4.37447 0.707107
4.38568 1.13181
4.39688 1.00128
4.40808 1.11538
4.41928 0.813551
4.43049 0.838288
4.44169 0.885173
4.45289 0.837612
4.46409 0.779044
4.4753 1.0332
4.4865 0.873887
4.4977 1.06587
4.5089 1.05847
4.5201 0.997748
4.53131 0.833255
4.54251 0.892039
4.55371 1.08214
4.56491 0.70378
4.57612 0.968225
4.58732 0.884833
4.59852 0.901667
4.60972 0.762732
4.62092 0.91483
4.63213 0.897607
4.64333 0.846227
4.65453 1.09559
4.66573 0.891066
4.67694 0.737534
4.68814 0.950849
4.69934 1.03593
4.71054 0.962488
4.72174 1.12495
4.73295 1.29865
4.74415 1.0653
4.75535 0.585469
4.76655 1.05372
4.77776 0.904259
4.78896 0.896948
4.80016 1.08562
4.81136 1.16666
4.82256 1.26896
4.83377 0.962436
4.84497 1.02542
4.85617 0.961536
4.86737 1.21159
4.87858 1.25181
4.88978 1.20943
4.90098 1.04597
4.91218 0.954064
4.92338 1.04727
4.93459 1.07462
4.94579 0.971591
4.95699 0.964718
4.96819 1.09998
4.9794 1.11623
4.9906 1.482
5.0018 1.2786
5.013 1.13353
5.0242 1.01996
5.03541 0.95255
5.04661 0.884261
5.05781 0.820375
5.06901 1.19139
5.08022 1.12815
5.09142 0.951964
5.10262 1.64658
5.11382 1.34205
5.12503 0.965105
5.13623 1.19911
5.14743 1.27003
5.15863 0.848058
5.16983 0.921375
5.18104 1.47017
5.19224 1.09811
5.20344 1.09832
5.21464 1.03341
5.22585 0.903305
5.23705 0.891137
5.24825 1.09306
5.25945 0.96854
5.27065 0.917425
5.28186 1.08276
5.29306 1.01145
5.30426 1.20709
5.31546 0.674083
5.32667 0.753519
5.33787 1.03963
5.34907 0.973131
5.36027 0.883955
5.37147 1.14479
5.38268 0.978624
5.39388 1.03247
5.40508 1.06503
5.41628 1.03319
5.42749 1.07933
5.43869 1.39605
5.44989 1.05725
5.46109 0.855074
5.47229 1.22968
5.4835 0.871526
5.4947 0.985181
5.5059 0.978087
5.5171 0.981627
5.52831 0.954233
5.53951 0.701942
5.55071 0.704214
5.56191 0.693202
5.57311 0.827959
5.58432 1.03643
5.59552 1.24557
