0.104 0.00409177
0.136 0.00278893
0.2 0.00164413
0.216 0.0019092
0.28 0.0271832
0.296 0.0138134
0.312 0.0249558
0.36 0.0375328
0.392 0.0359307
0.408 0.043852
0.424 0.0415999
0.44 0.0212865
0.504 0.0525608
0.536 0.0757832
0.568 0.0497139
0.584 0.107583
0.6 0.142725
0.616 0.0434333
0.632 0.0355507
0.648 0.176473
0.664 0.215514
0.696 0.318385
0.712 0.181385
0.728 0.237861
0.76 0.496122
0.776 0.0990202
0.792 0.460765
0.808 0.47475
0.824 0.462748
0.856 1.03218
0.888 1.81825
0.904 1.64249
0.92 1.28134
0.936 2.72911
0.952 1.77286
0.984 1.13308
1 0.979694
1.016 1.20692
1.032 0.811124
1.048 1.22374
1.064 1.56878
1.08 1.39352
1.096 1.14985
1.112 2.73428
1.128 3.08646
1.144 1.95351
1.16 0.820643
1.176 1.30326
1.208 1.50354
1.224 1.67085
1.24 2.12466
1.256 1.39249
1.272 1.56552
1.288 0.218831
1.304 0.948804
1.32 0.307462
1.336 0.704476
1.352 1.058
1.368 1.86729
1.384 0.621103
1.4 1.10329
1.416 0.604316
1.432 0.500541
1.448 0.575711
1.464 0.698037
1.48 0.502539
1.496 0.571869
1.512 0.591199
1.528 0.744496
1.56 0.753087
1.576 0.601531
1.608 0.541699
1.624 0.746756
1.64 1.10463
1.656 1.06036
1.672 0.696148
1.704 0.690999
1.72 0.371425
1.752 0.466605
1.768 0.807059
1.784 0.575766
1.8 0.746333
1.816 1.1063
1.832 1.07886
1.848 0.778373
1.864 0.653817
1.88 1.00436
1.896 1.23332
1.912 0.919874
1.928 0.993082
1.944 1.13206
1.96 1.97168
1.976 1.98448
1.992 2.53231
2.008 1.96087
2.024 1.60976
2.04 0.860034
2.056 1.37207
2.088 1.37662
2.104 0.940594
2.12 1.44683
2.136 0.770765
2.152 1.47115
2.168 1.72271
2.184 0.585391
2.2 0.88552
2.216 1.21585
2.232 0.89459
2.248 1.20917
2.264 0.476299
2.28 0.702479
2.296 1.23482
2.312 0.625751
2.328 0.660143
2.344 0.621236
2.36 0.980958
2.376 0.745474
2.392 1.22678
2.408 0.688526
2.424 0.934834
2.44 0.988348
2.456 1.24334
2.472 0.635457
2.488 1.40078
2.504 0.847043
2.52 0.739096
2.536 0.9139
2.552 0.831391
2.568 0.90068
2.584 0.977105
2.6 0.943302
2.616 1.36377
2.632 0.82497
2.648 0.666357
2.664 0.754646
2.68 1.14981
2.696 0.92584
2.712 0.842706
2.728 1.25871
2.744 1.30597
2.76 0.736223
2.776 0.721904
2.792 0.769393
2.808 0.484676
2.824 0.952416
2.84 1.22559
2.856 0.526899
2.872 1.04005
2.888 0.71619
2.904 1.33753
2.92 1.35472
2.936 1.18143
2.952 0.982389
2.968 1.03514
2.984 1.15064
3 1.4827
3.016 1.44957
3.032 1.29154
3.048 0.899738
3.064 1.31916
3.08 1.34693
3.096 1.5137
3.112 1.22695
3.128 1.03011
3.144 1.10656
3.16 1.18466
3.176 0.667851
3.192 1.70048
3.208 1.49471
3.224 0.861845
3.24 1.03252
3.256 0.973772
3.272 0.568181
3.288 0.755803
3.304 0.789519
3.32 1.01167
3.336 0.652023
3.352 0.612253
3.368 0.886957
3.384 0.663318
3.4 0.669984
3.416 0.794211
3.432 1.14254
3.448 0.999183
3.464 0.550817
3.48 0.499266
3.496 1.02748
3.512 0.60317
3.528 0.870764
3.544 1.15385
3.56 1.99981
3.576 1.13136
3.592 0.96274
3.608 1.10734
3.624 0.770396
3.64 0.785091
3.656 1.93952
3.672 1.34724
3.688 0.792554
3.704 1.26312
3.72 0.506169
3.736 0.805044
3.752 1.25661
3.768 1.07368
3.784 0.633328
3.8 1.24428
3.816 0.8946
3.832 0.702404
3.848 0.666496
3.864 0.937045
3.88 0.366076
3.896 1.18928
3.912 0.92022
3.928 1.10281
3.944 0.783743
3.96 0.677755
3.976 1.20701
3.992 0.957599
4.008 0.832094
4.024 1.06763
4.04 1.86769
4.056 1.39028
4.072 0.598658
4.088 1.23126
4.104 1.09825
4.12 1.12695
4.136 1.16353
4.152 0.942435
4.168 1.00082
4.184 1.13207
4.2 1.25252
4.216 0.728176
4.232 1.15476
4.248 0.928948
4.264 1.32282
4.28 0.942603
4.296 0.915224
4.312 1.12205
4.328 0.940837
4.344 1.09173
4.36 0.732437
4.376 1.41455
4.392 0.898661
4.408 0.83334
4.424 0.832571
4.44 0.973517
4.456 0.8423
4.472 1.06744
4.488 0.797918
4.504 0.797882
4.52 1.00375
4.536 0.889999
4.552 0.886378
4.568 0.634893
4.584 1.15333
4.6 0.940816
4.616 0.927303
4.632 0.619255
4.648 1.09287
4.664 0.965279
4.68 0.933811
4.696 0.910459
4.712 1.2947
4.728 0.999214
4.744 1.152
4.76 0.976226
4.776 0.781091
4.792 1.23736
4.808 1.03713
4.824 1.18862
4.84 1.08676
4.856 0.996602
4.872 0.833973
4.888 1.61553
4.904 1.16066
4.92 1.06135
4.936 0.973353
4.952 0.768378
4.968 1.14954
4.984 0.679473
5 1.20584
5.016 0.919664
5.032 0.864554
5.048 1.29028
5.064 1.19062
5.08 1.36552
5.096 0.960864
5.112 0.981838
5.128 0.984892
5.144 0.944875
5.16 1.32946
5.176 0.28437
5.192 0.71442
5.208 0.932327
5.224 1.13435
5.24 0.783276
5.256 0.818772
5.272 1.11499
5.288 0.738962
5.304 1.10122
5.32 0.810722
5.336 0.521083
5.352 0.828922
5.368 1.01557
5.384 0.852224
5.4 1.00672
5.416 1.01715
5.432 1.07794
5.448 1.00482
5.464 0.958017
5.48 0.64699
5.496 0.911616
5.512 1.00909
5.528 0.810401
5.544 1.10586
5.56 0.917231
5.576 1.037
5.592 1.17291
5.608 1.20016
5.624 0.951886
5.64 0.907133
5.656 0.837675
5.672 1.35057
5.688 1.09762
5.704 1.09003
5.72 1.23541
5.736 1.25401
5.752 0.770401
5.768 1.10997
5.784 1.07467
5.8 1.14005
5.816 0.911939
5.832 0.987194
5.848 1.18086
5.864 1.0211
5.88 1.06457
5.896 1.01821
5.912 1.21262
5.928 1.35558
5.944 0.964552
5.96 0.89543
5.976 1.08887
5.992 0.824379
6.008 0.75783
6.024 0.987424
6.04 0.833674
6.056 1.09285
6.072 1.08094
6.088 0.969986
6.104 1.00725
6.12 1.35006
6.136 1.31769
6.152 1.18422
6.168 0.878947
6.184 1.10192
6.2 0.968273
6.216 1.04907
6.232 0.659992
6.248 0.730616
6.264 0.926844
6.28 0.847801
6.296 0.879413
6.312 0.809985
6.328 0.897231
6.344 1.01511
6.36 1.16
6.376 0.947335
6.392 1.00167
6.408 1.01173
6.424 0.709068
6.44 1.05624
6.456 0.899422
6.472 0.716983
6.488 1.08984
6.504 1.09453
6.52 1.03513
6.536 0.896044
6.552 0.914932
6.568 1.1215
6.584 1.07374
6.6 1.04668
6.616 0.96443
6.632 0.820257
6.648 1.00659
6.664 0.981575
6.68 1.18302
6.696 1.37168
6.712 1.20064
6.728 0.819823
6.744 1.07274
6.76 1.05075
6.776 0.834417
6.792 0.821117
6.808 1.04923
6.824 1.1136
6.84 0.882058
6.856 1.23358
6.872 1.09004
6.888 1.50025
6.904 0.961944
6.92 1.44561
6.936 0.825075
6.952 0.939727
6.968 1.24018
6.984 0.93315
7 0.825571
7.016 1.06379
7.032 0.78983
7.048 1.16098
7.064 0.838942
7.08 0.76594
7.096 0.998452
7.112 0.816499
7.128 0.794635
7.144 0.757505
7.16 0.627341
7.176 0.771997
7.192 0.999554
7.208 0.941635
7.224 1.3485
7.24 1.11387
7.256 0.870167
7.272 1.2694
7.288 1.01879
7.304 0.951908
7.32 1.12393
7.336 1.2167
7.352 0.734124
7.368 0.910281
7.384 0.996626
7.4 1.01613
7.416 0.976092
7.432 0.765341
7.448 1.37446
7.464 0.932237
7.48 1.21186
7.496 0.883864
7.512 1.35581
7.528 1.08929
7.544 1.01872
7.56 1.20602
7.576 1.02427
7.592 1.00696
7.608 0.807811
7.624 1.124
7.64 0.960122
7.656 1.14706
7.672 1.17244
7.688 0.94275
7.704 1.14589
7.72 1.09806
7.736 0.982897
7.752 1.27535
7.768 0.956045
7.784 1.00172
7.8 1.04243
7.816 0.902036
7.832 1.04605
7.848 0.934372
7.864 0.683436
7.88 1.03972
7.896 1.24199
7.912 0.702601
7.928 1.08073
7.944 1.09158
7.96 0.955075
7.976 0.818387
7.992 1.20297
