0.0826999966667 0.958104666667
0.964415666667 0.858143666667
0.947638333333 0.882966333333
0.964907333333 0.913703666667
0.969685333333 0.88352
0.0369657066667 0.488767333333
0.0918384666667 0.01398313
0.113568 0.956432333333
0.00923923333333 0.814233666667
0.105299566667 0.570081666667
0.130652066667 0.333364
0.166658666667 0.322028333333
0.114392 0.533516666667
0.0878413 0.517893333333
0.0766714666667 0.489761333333
0.273722333333 0.410410666667
0.145659066667 0.359091
0.189957333333 0.413054333333
0.181665666667 0.347755333333
0.0201882733333 0.392616333333
0.03134194 0.440708
0.0539086333333 0.410065666667
0.0677495333333 0.379775666667
0.0527844333333 0.344767333333
0.00879764 0.317270666667
0.0131385066667 0.350074666667
0.0751323 0.197991
0.0530007333333 0.177997
0.0838061 0.152845
0.0704568333333 0.117141766667
0.0678948666667 0.0355867166667
0.0265139966667 0.879882
0.0480923333333 0.838983333333
0.0412049966667 0.925038333333
0.072073 0.923366
0.990156 0.741612333333
0.972024 0.824561666667
0.944711666667 0.802157666667
0.922157 0.900288
0.908911333333 0.962039666667
0.927773666667 0.939218666667
0.894083 0.876909
0.867891666667 0.895226666667
0.231037666667 0.0975179666667
0.235782666667 0.0216565133333
0.208702666667 0.02892578
0.756476 0.0211750133333
0.0463362333333 0.603586333333
0.0230162733333 0.527744333333
0.0529413666667 0.538317333333
0.0669959666667 0.570223
0.00653187666667 0.587075
0.0157972366667 0.631011333333
0.0340366333333 0.268675666667
0.0625603333333 0.225322666667
0.0296957666667 0.235871666667
0.0720550666667 0.316035333333
0.1073959 0.315485
0.0603570333333 0.282485333333
0.1115495 0.267837333333
0.0895052 0.252639333333
0.170792666667 0.292342666667
0.160275333333 0.226288333333
0.138939666667 0.256030666667
0.309166333333 0.402821
0.424394333333 0.391877333333
0.101520166667 0.459380333333
0.136176666667 0.458474
0.0843811 0.427744
0.098222 0.397454
0.133604733333 0.387622333333
0.154420333333 0.417006
0.258190333333 0.384859
0.269838 0.348521666667
0.241754666667 0.332938
0.211112 0.357480666667
0.219453666667 0.387986
0.0415106233333 0.0695621833333
0.0216357233333 0.165551666667
0.0384958233333 0.119572433333
0.00701753 0.281042333333
0.734436 0.291599666667
0.193941666667 0.445608666667
0.156703 0.475282
0.0970573333333 0.902467666667
0.252022666667 0.521836666667
0.262 0.453013
0.225493666667 0.463075333333
0.220804666667 0.49531
0.996235666667 0.550137666667
0.992740333333 0.630805
0.982419666667 0.393797666667
0.854369666667 0.920682666667
0.787016 0.944180333333
0.829487666667 0.964963
0.866968333333 0.950562333333
0.910299666667 0.813248666667
0.892760666667 0.837096333333
0.858853 0.817401
0.887619 0.774180333333
0.858976666667 0.776335333333
0.83649 0.870005333333
0.793095 0.904558333333
0.822968 0.895461333333
0.828773666667 0.831992333333
0.858133 0.702043333333
0.86854 0.671027666667
0.202358333333 0.231129333333
0.156928666667 0.199317666667
0.126120666667 0.186530333333
0.123437 0.158420333333
0.168095666667 0.0416249466667
0.188719666667 0.0767254333333
0.120117233333 0.0348025133333
0.1017504 0.0879509
0.0961736333333 0.0564061
0.697115 0.0814355666667
0.790937666667 0.303891333333
0.343458666667 0.217144333333
0.288042 0.0528232666667
0.262673 0.0935842333333
0.260962 0.0600925333333
0.393054333333 0.0900258666667
0.425662333333 0.0637933666667
0.214269333333 0.597811
0.246694333333 0.575496666667
0.233771666667 0.540342
0.151179666667 0.540450333333
0.170004 0.511254
0.202553666667 0.513815333333
0.0638651333333 0.630413666667
0.0333261366667 0.657838666667
0.04999227 0.677805333333
0.0229193033333 0.751181666667
0.0437470366667 0.714656333333
0.0468327333333 0.793447333333
0.141970566667 0.638517666667
0.103578533333 0.645841666667
0.0988967 0.672185666667
0.359229666667 0.397480666667
0.388019333333 0.413368333333
0.386045333333 0.45447
0.329974 0.422705666667
0.461269666667 0.411707333333
0.420704666667 0.359626
0.433278 0.336983
0.308154666667 0.288866333333
0.382229333333 0.342497666667
0.394802666667 0.319854666667
0.302323333333 0.329719666667
0.326119666667 0.358467333333
0.357129333333 0.358861333333
0.463248333333 0.323169333333
0.323142 0.02097308
0.545412333333 0.0119685933333
0.705728 0.0203865466667
0.502470333333 0.0518409666667
0.512583 0.157788333333
0.522712666667 0.117428266667
0.461186 0.0796564
0.493372666667 0.0795151
0.676688 0.330224
0.653388 0.320965
0.703477 0.291300666667
0.198161 0.920657666667
0.150819666667 0.957823
0.136754666667 0.918810666667
0.164616 0.906279333333
0.217415666667 0.89158
0.745925 0.952952
0.822485666667 0.74964
0.821473666667 0.712576666667
0.444305 0.600766
0.3618 0.66553
0.379309 0.698188666667
0.296670666667 0.644579
0.324807333333 0.668313
0.534002 0.464919
0.564366333333 0.410349666667
0.533496666667 0.416401333333
0.830463666667 0.313952666667
0.852480333333 0.294157666667
0.684906 0.362591
0.827664666667 0.461857666667
0.847684666667 0.428243666667
0.886655666667 0.359895333333
0.960005333333 0.593334
0.957828333333 0.470272
0.939556333333 0.507605
0.980375333333 0.512810333333
0.962103333333 0.550143333333
0.887518666667 0.501588333333
0.909253666667 0.525415
0.904522333333 0.740431666667
0.893547 0.711309333333
0.903954 0.680293666667
0.927778666667 0.657016
0.224695333333 0.200876666667
0.200111666667 0.181617
0.234502666667 0.132649666667
0.200522 0.146623333333
0.278887 0.272018333333
0.269127666667 0.246379333333
0.244972333333 0.297288
0.213976 0.27936
0.224206 0.247889
0.141037333333 0.134979666667
0.171659666667 0.127649333333
0.1327 0.100213466667
0.163322333333 0.0928831333333
0.719099666667 0.113410233333
0.879347 0.127992
0.987620666667 0.0486135466667
0.962686666667 0.0953365333333
0.930259 0.108714733333
0.906558666667 0.0919427333333
0.972790333333 0.0645667333333
0.967114333333 0.03694648
0.77608 0.124990433333
0.762381333333 0.101945
0.850649 0.116774433333
0.825418666667 0.260133333333
0.768059 0.258637
0.794744333333 0.264603
0.846576 0.210661
0.847994333333 0.249374
0.875056 0.283398333333
0.985086 0.230973133333
0.971904333333 0.1588288
0.479790333333 0.164740333333
0.337032333333 0.154719666667
0.318386333333 0.130995933333
0.287779666667 0.132960933333
0.271388666667 0.154634333333
0.320713333333 0.196119333333
0.284576333333 0.216610666667
0.261991666667 0.187867666667
0.399360666667 0.0481172666667
0.396085333333 0.0327943666667
0.443982 0.0363061666667
0.366752666667 0.0743497666667
0.318531 0.0559877666667
0.333819666667 0.0857320666667
0.165726333333 0.568449
0.183343666667 0.588093666667
0.1296269 0.588501333333
0.147244233333 0.608146
0.0768843333333 0.854979
0.0976756666667 0.872415666667
0.149724666667 0.728946333333
0.0811560666667 0.780860333333
0.0989623333333 0.812188
0.171508333333 0.668513666667
0.170448666667 0.70866
0.486825333333 0.391197
0.513085666667 0.392919666667
0.489713 0.348127666667
0.515973333333 0.349850333333
0.504841 0.481897666667
0.344814666667 0.251606666667
0.335888333333 0.277198333333
0.382566333333 0.270211
0.37364 0.295802666667
0.464539 0.208766333333
0.415769666667 0.260531666667
0.627357666667 0.338049666667
0.574752333333 0.375127666667
0.612737 0.378298
0.643948 0.133294666667
0.546952333333 0.109562133333
0.577578666667 0.132879533333
0.605881333333 0.1183952
0.56893 0.0467332
0.540046 0.0656713333333
0.163267333333 0.866537666667
0.194789333333 0.859749
0.156443666667 0.776815666667
0.136024333333 0.849017
0.130672333333 0.812172
0.360819333333 0.850596333333
0.391721333333 0.833943
0.360656333333 0.771153666667
0.274467666667 0.886073333333
0.247643 0.877333
0.249709 0.831034333333
0.583697666667 0.91385
0.29032 0.983313333333
0.248038333333 0.958718333333
0.190388666667 0.976643333333
0.209868666667 0.952009333333
0.288706 0.911368333333
0.280796333333 0.938414666667
0.323078 0.963009666667
0.431519 0.849396
0.498506666667 0.801579666667
0.726429666667 0.975327
0.790254333333 0.987299333333
0.605091666667 0.966150666667
0.613263 0.931829333333
0.679131333333 0.972329
0.640428333333 0.986477333333
0.312537666667 0.562853333333
0.283274 0.585801
0.301375333333 0.611403333333
0.284815333333 0.512163666667
0.314293333333 0.528924666667
0.290103666667 0.475574666667
0.346863333333 0.508212333333
0.322633666667 0.452857
0.349915333333 0.468733666667
0.375232333333 0.524212333333
0.438525666667 0.526808333333
0.378893 0.638033333333
0.409583 0.636916
0.346605 0.607640666667
0.349793666667 0.579193666667
0.379918333333 0.561265
0.419475666667 0.595396666667
0.410949666667 0.562187
0.317025666667 0.705071333333
0.3472 0.720952666667
0.341324666667 0.752386333333
0.292952666667 0.768284333333
0.592242666667 0.430967333333
0.623211666667 0.408063
0.65955 0.400142
0.473566666667 0.585624666667
0.713058333333 0.362491
0.765615666667 0.336748666667
0.735799333333 0.330423
0.901409666667 0.462340666667
0.88303 0.432598666667
0.895987333333 0.396429666667
0.927013 0.395873
0.954062666667 0.418535666667
0.941416666667 0.448834333333
0.831327 0.347190666667
0.855462 0.36211
0.829448333333 0.394289333333
0.783547 0.366132666667
0.788401666667 0.393048
0.913686 0.62074
0.928275 0.592514666667
0.900070333333 0.567134
0.808637333333 0.523927666667
0.837842 0.497836333333
0.860036 0.519821
0.957641666667 0.759975
0.940133 0.737317333333
0.952982333333 0.684917333333
0.981039 0.698876
0.97062 0.649460666667
0.923111 0.152096
0.94425 0.190543
0.933094333333 0.220260333333
0.888334 0.1592
0.883431333333 0.198773333333
0.907052666667 0.221386666667
0.843851 0.0719558666667
0.821074333333 0.187898333333
0.794747333333 0.184939
0.824458333333 0.1464571
0.798131333333 0.143497766667
0.945725 0.262604666667
0.919683333333 0.263731
0.906332 0.294361666667
0.970062333333 0.305031666667
0.968195333333 0.350459333333
0.940105666667 0.355771
0.915813333333 0.336144333333
0.369695 0.157197
0.375178333333 0.195123666667
0.409737666667 0.219906666667
0.433409666667 0.200612666667
0.0728767666667 0.728437
0.0863723666667 0.752375333333
0.105766033333 0.702705
0.119261633333 0.726643333333
0.198613 0.674433666667
0.261596666667 0.739691
0.279794333333 0.707911666667
0.217792333333 0.739791
0.197553333333 0.71458
0.460539333333 0.442791666667
0.477345 0.462741666667
0.446191 0.496001
0.42169 0.464063333333
0.413929 0.494327
0.469384333333 0.290630666667
0.451454666667 0.270713
0.476552 0.238241666667
0.511554 0.246169
0.513646333333 0.278044
0.533727 0.187240333333
0.537473666667 0.222977
0.574483 0.170197666667
0.547683666667 0.289387333333
0.543281666667 0.324339333333
0.573353666667 0.338153666667
0.603286 0.311961333333
0.660878666667 0.159202666667
0.604566333333 0.0614192666667
0.609273333333 0.0903811333333
0.640172333333 0.0423997333333
0.662879 0.0766626
0.64734 0.1052806
0.225398666667 0.808851333333
0.200706333333 0.823319
0.208764666667 0.772021333333
0.184072333333 0.786489
0.328027666667 0.832517
0.332341333333 0.799756666667
0.296590666667 0.852479666667
0.289928333333 0.792787666667
0.273855 0.818607666667
0.569085666667 0.879131666667
0.524940666667 0.826723
0.797665 0.769432666667
0.770572666667 0.769642
0.804076666667 0.810719333333
0.776984333333 0.810928666667
0.741572333333 0.747130333333
0.796065666667 0.698404333333
0.793390666667 0.670052666667
0.754483666667 0.713375666667
0.412817333333 0.713652666667
0.516798 0.773824
0.543232 0.798967333333
0.347435 0.950652666667
0.357589333333 0.892188666667
0.329955 0.913631
0.428619333333 0.988732
0.358019666667 0.994218333333
0.431401 0.996988666667
0.442632333333 0.826856
0.466769666667 0.802529333333
0.450992 0.765249333333
0.402834666667 0.811403
0.397569 0.778286333333
0.421589 0.756459333333
0.448214 0.876751
0.636508666667 0.470434333333
0.629348666667 0.503152666667
0.601899 0.457300333333
0.574528 0.485200333333
0.588228666667 0.512461666667
0.576476333333 0.550341666667
0.602816666667 0.578888333333
0.475954333333 0.531358333333
0.489175333333 0.559740333333
0.511115666667 0.519707
0.546476666667 0.554922666667
0.537047 0.577840333333
0.719644 0.402435
0.671358666667 0.453056
0.681383333333 0.419982333333
0.865356 0.584915333333
0.819053 0.565015333333
0.847056666667 0.561429
0.809080333333 0.642765333333
0.852381666667 0.641472333333
0.873703 0.614462333333
0.899019 0.0592812333333
0.865009333333 0.0505119333333
0.929984333333 0.03115478
0.895974666667 0.02238548
0.779918666667 0.0746041666667
0.813146333333 0.0557903666667
0.409647 0.112361233333
0.400574666667 0.144426333333
0.42973 0.163059
0.455591 0.107825233333
0.460273333333 0.139144
0.267869666667 0.652555
0.258775 0.679129333333
0.230008666667 0.632489666667
0.220914 0.659064
0.570458 0.226199
0.604106 0.269494
0.578575666667 0.260734333333
0.592049333333 0.189271666667
0.632142666667 0.18746
0.765642 0.188729
0.753095666667 0.225051
0.745268333333 0.156808666667
0.714906 0.149011666667
0.694313 0.171563
0.601262 0.776967666667
0.573633333333 0.803621333333
0.710059333333 0.757051666667
0.707768333333 0.788477666667
0.673179666667 0.744628666667
0.646064333333 0.775074
0.665151333333 0.796621666667
0.669103333333 0.933616
0.638571666667 0.913443
0.434345 0.942779666667
0.404228 0.969099666667
0.380355 0.950617
0.392988 0.910507666667
0.424137666667 0.90652
0.483379333333 0.880789333333
0.535331333333 0.874611666667
0.517255666667 0.854251
0.477789333333 0.977847333333
0.465596333333 0.950597666667
0.528330333333 0.984467333333
0.520508 0.916585333333
0.490554333333 0.918376333333
0.551315 0.934516333333
0.564625666667 0.965397666667
0.467450666667 0.728578333333
0.444866 0.701124
0.459642666667 0.648421
0.439986 0.666308
0.687789666667 0.557545333333
0.626441 0.567980333333
0.641220666667 0.530124666667
0.672915 0.528425666667
0.752048333333 0.660901
0.731121666667 0.687904666667
0.659441 0.608275333333
0.689095333333 0.599539333333
0.753561333333 0.579209
0.794640666667 0.589894
0.78769 0.617147666667
0.743827 0.631765333333
0.725923666667 0.609343333333
0.770679666667 0.419642666667
0.742594333333 0.426345666667
0.791706333333 0.454498
0.720871333333 0.0474073
0.760393333333 0.0520411333333
0.793621 0.0332273333333
0.802939 0.0214096133333
0.855291 0.02126638
0.631105 0.245771666667
0.647061333333 0.212699
0.656315333333 0.271154333333
0.691156666667 0.261593666667
0.707152333333 0.228306666667
0.688267333333 0.204794666667
0.736458333333 0.927718666667
0.706935 0.911380666667
0.767387333333 0.892341
0.637936 0.877823666667
0.598015333333 0.861491666667
0.602347333333 0.834097666667
0.649063 0.828991666667
0.667092333333 0.851410333333
0.653734333333 0.635882333333
0.613233666667 0.620520333333
0.587206666667 0.643552
0.741474333333 0.469213666667
0.701092 0.507003
0.708499333333 0.478376666667
0.74491 0.547982333333
0.715966666667 0.536122666667
0.775573666667 0.517579666667
0.76882 0.484128666667
0.697280333333 0.849801
0.714039 0.875398333333
0.753138333333 0.865169
0.754172333333 0.830447
0.721868 0.819238333333
0.528676333333 0.695422666667
0.525975 0.747562333333
0.505893666667 0.724469333333
0.492142666667 0.64977
0.517853333333 0.666064666667
0.502536666667 0.613381333333
0.540644333333 0.607849
0.550387333333 0.636509666667
0.692081 0.683291333333
0.669737666667 0.660505333333
0.670463333333 0.717292666667
0.593004 0.742258666667
0.566042333333 0.73191
0.63509 0.713029
0.634124666667 0.680364666667
0.592094333333 0.678773333333
0.566098 0.701089
