0.0429254 0.225107
0.0561332 0.173035
0.0825488 0.195064
0.0891527 0.129318
0.115568 0.117063
0.122172 0.140832
0.128776 0.0620905
0.148588 0.0573188
0.161796 0.281317
0.1684 0.120948
0.175004 0.148301
0.181607 0.162796
0.208023 0.126005
0.221231 0.0665131
0.234439 0.1287
0.241043 0.0551558
0.247647 0.0386714
0.25425 0.0770972
0.260854 0.0671547
0.267458 0.0577435
0.274062 0.104394
0.28727 0.156778
0.293874 0.10595
0.300478 0.0580508
0.313686 0.109415
0.320289 0.0730689
0.326893 0.11417
0.333497 0.0577382
0.340101 0.111742
0.353309 0.0803937
0.366517 0.0563747
0.373121 0.214827
0.379725 0.0941014
0.386329 0.0673827
0.392932 0.0965623
0.40614 0.103152
0.412744 0.122249
0.419348 0.0560739
0.425952 0.0807448
0.432556 0.0941651
0.43916 0.0990501
0.445764 0.11527
0.452368 0.495519
0.458972 0.0929646
0.465575 0.0765462
0.472179 0.092046
0.478783 0.0607902
0.485387 0.0830385
0.498595 0.146293
0.505199 0.139177
0.511803 0.0880145
0.518407 0.176117
0.525011 0.174841
0.531614 0.215176
0.538218 0.39101
0.544822 0.237139
0.551426 0.150562
0.55803 0.294737
0.564634 0.30811
0.571238 0.188948
0.577842 0.168363
0.584446 0.222567
0.59105 0.377411
0.597654 0.534697
0.604257 0.190371
0.610861 0.27665
0.617465 0.361394
0.624069 0.474501
0.630673 0.663868
0.643881 0.678124
0.650485 0.284812
0.663693 1.24993
0.670297 1.90346
0.6769 1.943
0.683504 1.70798
0.690108 2.33416
0.703316 0.886171
0.70992 0.533682
0.723128 0.814334
0.729732 0.503655
0.736336 0.365451
0.74294 0.574891
0.749543 0.208718
0.756147 0.577333
0.762751 0.723216
0.769355 0.883078
0.775959 0.598537
0.782563 1.05562
0.789167 0.268046
0.795771 1.16758
0.802375 1.1887
0.808979 0.59259
0.815582 0.950141
0.822186 0.957761
0.82879 0.772581
0.835394 0.854901
0.841998 0.421736
0.848602 0.93909
0.86181 0.528205
0.868414 0.652746
0.875018 0.640173
0.881622 0.636974
0.888225 0.481338
0.894829 0.3994
0.901433 0.808878
0.908037 0.54378
0.914641 0.496426
0.921245 0.417628
0.927849 0.216861
0.934453 0.465543
0.941057 0.622397
0.947661 0.696594
0.954265 0.485355
0.960868 0.512825
0.967472 0.439761
0.974076 0.559491
0.98068 0.65177
0.987284 0.257577
0.993888 0.352939
1.00049 0.545279
1.0071 0.299316
1.0137 0.933512
1.0203 0.572207
1.02691 0.56677
1.03351 0.956153
1.04012 0.328665
1.04672 0.283872
1.05332 0.731526
1.05993 0.806596
1.06653 1.00048
1.07313 0.656147
1.07974 0.490576
1.08634 1.15329
1.09295 0.538906
1.09955 0.882408
1.10615 0.856137
1.11276 0.830808
1.11936 0.855847
1.12597 1.0715
1.13257 1.15656
1.13917 1.87653
1.14578 1.48482
1.15238 0.728338
1.15899 0.612349
1.16559 1.01134
1.17219 1.35533
1.1788 1.79753
1.1854 0.946372
1.19201 0.9319
1.19861 1.22049
1.20521 1.28377
1.21182 1.21451
1.21842 1.21749
1.22502 1.78932
1.23163 0.937303
1.23823 1.13348
1.24484 1.35568
1.25144 0.800397
1.25804 0.880145
1.26465 0.982419
1.27125 1.18967
1.27786 0.948043
1.28446 1.14204
1.29106 1.31179
1.29767 1.18001
1.30427 1.80446
1.31088 1.64819
1.31748 1.42714
1.32408 1.5025
1.33069 1.41245
1.33729 0.910579
1.3439 1.40547
1.3505 1.64947
1.3571 1.6423
1.36371 1.40953
1.37031 2.0706
1.37691 2.1955
1.38352 2.20781
1.39012 1.29846
1.39673 1.48366
1.40333 1.55817
1.40993 1.39215
1.41654 1.17184
1.42314 1.85394
1.42975 2.17016
1.43635 3.44385
1.44295 1.8054
1.44956 1.50031
1.45616 1.10813
1.46277 1.74976
1.46937 1.21232
1.47597 1.05771
1.48258 1.60029
1.48918 1.77607
1.49578 2.07354
1.50239 1.43313
1.50899 0.70222
1.5156 1.64594
1.5222 2.25979
1.5288 1.59935
1.53541 1.53674
1.54201 0.918025
1.54862 1.27783
1.55522 0.94102
1.56182 2.06176
1.56843 0.980519
1.57503 1.63343
1.58164 1.16133
1.58824 1.42724
1.59484 0.964442
1.60145 1.13039
1.60805 1.0193
1.61466 0.73707
1.62126 1.40055
1.62786 0.930261
1.63447 0.919357
1.64107 0.780963
1.64767 1.11331
1.65428 0.879641
1.66088 0.692575
1.66749 1.46477
1.67409 0.899149
1.68069 0.758157
1.6873 0.625223
1.6939 1.01308
1.70051 0.862259
1.70711 0.781349
1.71371 0.743078
1.72032 0.735813
1.72692 0.724831
1.73353 0.635228
1.74013 0.748084
1.74673 1.01251
1.75334 0.832461
1.75994 0.512548
1.76655 0.557967
1.77315 0.736034
1.77975 0.67269
1.78636 0.8526
1.79296 0.896905
1.79956 0.284512
1.80617 0.789164
1.81277 0.79605
1.81938 0.738005
1.82598 0.357598
1.83258 0.681287
1.83919 0.412036
1.84579 0.756426
1.8524 0.591685
1.859 0.539791
1.8656 0.661364
1.87221 0.492856
1.87881 0.626929
1.88542 0.608767
1.89202 0.705364
1.89862 0.762676
1.90523 0.700192
1.91183 0.352133
1.91843 0.401291
1.92504 0.733448
1.93164 0.806425
1.93825 0.968655
1.94485 0.79313
1.95145 0.952173
1.95806 0.701291
1.96466 0.446607
1.97127 0.800025
1.97787 0.96792
1.98447 0.74999
1.99108 1.08537
1.99768 0.660281
2.00429 0.716695
2.01089 0.81356
2.01749 0.651965
2.0241 0.799244
2.0307 0.648265
2.03731 1.03229
2.04391 0.801952
2.05051 1.02363
2.05712 0.894454
2.06372 0.964718
2.07032 1.07495
2.07693 1.2059
2.08353 0.776405
2.09014 1.03147
2.09674 0.914917
2.10334 1.2284
2.10995 0.752451
2.11655 0.876889
2.12316 1.14379
2.12976 1.01324
2.13636 0.631899
2.14297 1.147
2.14957 0.908852
2.15618 1.14059
2.16278 0.896052
2.16938 1.15867
2.17599 0.765713
2.18259 1.02931
2.1892 0.814608
2.1958 0.962312
2.2024 1.24453
2.20901 0.885868
2.21561 1.03245
2.22221 0.903902
2.22882 1.07057
2.23542 0.955164
2.24203 0.970499
2.24863 1.03379
2.25523 1.17345
2.26184 0.8463
2.26844 0.848802
2.27505 1.01185
2.28165 0.785824
2.28825 0.690159
2.29486 1.03858
2.30146 0.791713
2.30807 0.902566
2.31467 0.809002
2.32127 1.34399
2.32788 0.926846
2.33448 1.15862
2.34108 1.0127
2.34769 0.935177
2.35429 1.47406
2.3609 0.921369
2.3675 1.028
2.3741 0.704336
2.38071 0.889432
2.38731 0.989353
2.39392 1.02604
2.40052 1.04828
2.40712 0.760804
2.41373 1.14984
2.42033 0.953462
2.42694 0.882801
2.43354 1.26427
2.44014 1.24702
2.44675 0.988434
2.45335 0.881154
2.45996 1.06885
2.46656 0.731525
2.47316 0.631146
2.47977 1.2101
2.48637 1.11253
2.49297 0.935475
2.49958 0.923625
2.50618 1.5466
2.51279 1.20346
2.51939 1.36714
2.52599 0.822434
2.5326 0.889811
2.5392 1.17748
2.54581 1.0107
2.55241 1.05642
2.55901 1.01555
2.56562 1.44273
2.57222 1.17659
2.57883 0.715772
2.58543 1.31635
2.59203 0.773856
2.59864 1.08231
2.60524 0.778829
2.61185 0.87925
2.61845 0.925826
2.62505 0.976609
2.63166 1.11581
2.63826 0.991376
2.64486 1.12085
2.65147 1.0168
2.65807 0.848307
2.66468 0.873727
2.67128 1.21658
2.67788 1.03808
2.68449 0.968249
2.69109 1.05961
2.6977 1.12268
2.7043 1.02026
2.7109 1.49746
2.71751 1.22148
2.72411 1.17405
2.73072 1.37266
2.73732 0.863186
2.74392 1.17059
2.75053 1.03395
2.75713 1.12863
2.76373 0.889204
2.77034 1.16621
2.77694 1.02677
2.78355 1.0317
2.79015 0.875207
2.79675 1.5174
2.80336 0.775219
2.80996 1.05488
2.81657 1.25123
2.82317 1.17236
2.82977 1.28897
2.83638 0.906406
2.84298 1.24142
2.84959 0.88069
2.85619 1.04362
2.86279 1.31372
2.8694 1.33101
2.876 1.28657
2.88261 1.01369
2.88921 0.987707
2.89581 1.07646
2.90242 1.101
2.90902 0.945308
2.91562 0.947354
2.92223 1.06854
2.92883 1.10925
2.93544 0.995438
2.94204 1.24158
2.94864 1.27852
2.95525 1.02479
2.96185 0.838706
2.96846 1.25003
2.97506 1.04996
2.98166 1.03318
2.98827 0.872744
2.99487 0.830726
3.00148 0.885706
3.00808 1.11345
3.01468 0.992044
3.02129 1.16143
3.02789 0.892764
3.0345 0.975089
3.0411 0.798104
3.0477 0.852466
3.05431 1.13862
3.06091 1.00714
3.06751 1.11369
3.07412 0.803729
3.08072 0.913558
3.08733 1.2546
3.09393 0.932675
3.10053 0.915101
3.10714 0.961031
3.11374 1.31245
3.12035 1.18564
3.12695 1.17654
3.13355 0.945956
3.14016 1.0366
3.14676 0.93042
3.15337 1.17373
3.15997 0.928776
3.16657 0.766545
3.17318 1.12159
3.17978 0.947502
3.18639 0.92041
3.19299 1.19305
3.19959 0.907093
3.2062 1.11633
3.2128 1.04862
3.2194 1.10986
3.22601 0.985365
3.23261 0.988328
3.23922 0.87017
3.24582 1.1875
3.25242 0.922435
3.25903 0.622477
3.26563 0.302581
3.27224 0.784137
3.27884 0.975252
3.28544 0.919807
3.29205 1.35693
3.29865 1.08551
