0.0600444 0.000203602
0.0785196 0.000117371
0.11547 0.000136304
0.124708 0.00050677
0.161658 0.00111185
0.170896 0.00317255
0.180133 0.00737976
0.207846 0.00205542
0.226321 0.00655733
0.235559 0.0087761
0.244797 0.0308684
0.254034 0.0110762
0.290985 0.0182689
0.30946 0.0543694
0.327935 0.0216113
0.337173 0.0942736
0.34641 0.0659592
0.355648 0.0415413
0.364885 0.0854634
0.374123 0.0380847
0.383361 0.0324031
0.401836 0.0119291
0.411073 0.125583
0.420311 0.0567013
0.438786 0.0755357
0.448024 0.0641938
0.457261 0.0364657
0.466499 0.0892053
0.475737 0.182788
0.494212 0.179658
0.512687 0.11005
0.521925 0.203194
0.531162 0.110718
0.5404 0.234905
0.549637 0.3583
0.568113 0.295597
0.57735 0.10295
0.586588 0.213533
0.595825 0.380812
0.605063 0.106643
0.614301 0.188172
0.623538 0.324113
0.632776 0.105732
0.642013 0.243887
0.651251 0.369243
0.660489 0.0816361
0.669726 0.307452
0.678964 0.134116
0.697439 0.232606
0.706677 0.227636
0.715914 0.106576
0.725152 0.523739
0.73439 0.388471
0.743627 0.681283
0.752865 0.52182
0.762102 0.25775
0.77134 0.604342
0.780578 0.632974
0.789815 0.482485
0.799053 0.290954
0.80829 0.292963
0.817528 0.368848
0.826766 0.277952
0.836003 0.600157
0.845241 0.109516
0.854478 0.433802
0.863716 0.725629
0.872954 0.552424
0.882191 0.709811
0.900666 0.934819
0.909904 0.540754
0.928379 2.13323
0.937617 3.23795
0.946854 2.53396
0.956092 2.0797
0.96533 2.27213
0.983805 1.38628
0.993042 1.08013
1.01152 0.918804
1.02076 0.776775
1.02999 0.831065
1.03923 0.878761
1.04847 0.625647
1.05771 0.924036
1.06694 1.03718
1.07618 1.26765
1.08542 1.11691
1.09466 1.37525
1.10389 0.647666
1.11313 1.4694
1.12237 2.25734
1.13161 0.972535
1.14084 1.81173
1.15008 2.42014
1.15932 1.32196
1.16856 0.928063
1.17779 1.66259
1.18703 2.04173
1.20551 1.73063
1.21474 1.39333
1.22398 1.25287
1.23322 0.875578
1.24246 1.026
1.2517 0.757184
1.26093 0.911284
1.27017 1.19963
1.27941 0.843683
1.28865 1.40026
1.29788 1.43762
1.30712 1.02082
1.31636 1.21405
1.3256 0.997637
1.33483 1.23048
1.34407 1.33921
1.35331 1.48181
1.36255 1.7293
1.37178 1.14837
1.38102 0.693283
1.39026 1.75769
1.3995 1.27239
1.40873 1.4927
1.41797 1.08722
1.42721 1.57991
1.43645 2.9262
1.44569 1.04856
1.45492 1.29894
1.46416 0.957238
1.4734 1.47883
1.48264 1.12585
1.49187 0.140669
1.50111 0.498076
1.51035 0.619066
1.51959 1.11626
1.52882 0.943473
1.53806 1.31722
1.5473 0.693267
1.55654 0.99523
1.56577 0.386254
1.57501 0.798783
1.58425 1.56554
1.59349 1.24523
1.60272 0.777264
1.61196 1.38467
1.6212 0.541595
1.63044 1.1076
1.63967 0.883173
1.64891 0.727437
1.65815 0.80992
1.66739 1.68403
1.67663 0.888025
1.68586 0.861511
1.6951 0.481761
1.70434 0.703207
1.71358 0.755778
1.72281 0.49251
1.73205 0.464101
1.74129 0.962714
1.75053 0.476632
1.75976 0.863694
1.769 0.812252
1.77824 1.03548
1.78748 0.790923
1.79671 0.90339
1.80595 0.768234
1.81519 1.26339
1.82443 1.27247
1.83366 1.12275
1.8429 0.678754
1.85214 0.779422
1.86138 1.01316
1.87061 0.78895
1.87985 0.89538
1.88909 0.857958
1.89833 0.750884
1.90757 0.671426
1.9168 0.597791
1.92604 0.582617
1.93528 0.63366
1.94452 0.558003
1.95375 0.507117
1.96299 0.591149
1.97223 0.858138
1.98147 0.467723
1.9907 0.51784
1.99994 0.706725
2.00918 0.68698
2.01842 0.553639
2.02765 0.744853
2.03689 0.974316
2.04613 0.759345
2.05537 0.702535
2.0646 0.7916
2.07384 0.976462
2.08308 0.748691
2.09232 0.73877
2.10155 0.74704
2.11079 0.302588
2.12003 0.597146
2.12927 1.24732
2.13851 0.880496
2.14774 0.635101
2.15698 0.640861
2.16622 0.748356
2.17546 0.870462
2.18469 0.526467
2.19393 0.949778
2.20317 0.717042
2.21241 0.553492
2.22164 1.03212
2.23088 0.922383
2.24012 1.02637
2.24936 0.822163
2.25859 1.32495
2.26783 1.07647
2.27707 0.730687
2.28631 0.869566
2.29554 0.731428
2.30478 1.72264
2.31402 1.38134
2.32326 1.40224
2.3325 1.19349
2.34173 1.2659
2.35097 1.46863
2.36021 0.625187
2.36945 1.13748
2.37868 1.42922
2.38792 1.81891
2.39716 0.669511
2.4064 1.27117
2.41563 2.08008
2.42487 0.690576
2.43411 1.71695
2.44335 2.86939
2.45258 1.34439
2.46182 1.59261
2.47106 1.00481
2.4803 1.21362
2.48953 1.78803
2.49877 1.7506
2.50801 1.30677
2.51725 1.63139
2.52648 1.72081
2.53572 1.32536
2.54496 1.02526
2.5542 1.3625
2.56344 1.4051
2.57267 1.10953
2.58191 1.57533
2.59115 0.891582
2.60039 1.49471
2.60962 0.971633
2.61886 1.54295
2.6281 0.946962
2.63734 0.814594
2.64657 0.947086
2.65581 1.3932
2.66505 1.05995
2.67429 1.31981
2.68352 1.70183
2.69276 1.36585
2.702 1.16708
2.71124 1.47919
2.72047 1.05732
2.72971 0.91995
2.73895 1.35684
2.74819 0.992047
2.75742 0.628802
2.76666 1.02494
2.7759 1.01185
2.78514 0.892943
2.79438 1.01879
2.80361 0.698617
2.81285 0.671863
2.82209 1.15344
2.83133 0.743983
2.84056 1.13343
2.8498 0.87909
2.85904 0.659012
2.86828 0.884097
2.87751 0.551406
2.88675 0.973273
2.89599 0.817745
2.90523 0.968187
2.91446 0.922979
2.9237 0.859691
2.93294 0.990781
2.94218 0.754887
2.95141 1.12336
2.96065 0.704358
2.96989 0.574564
2.97913 0.687662
2.98836 0.798386
2.9976 0.968852
3.00684 0.544154
3.01608 0.960866
3.02532 0.665167
3.03455 0.574655
3.04379 0.475166
3.05303 0.709795
3.06227 0.685518
3.0715 0.612308
3.08074 0.80049
3.08998 0.516406
3.09922 0.654176
3.10845 0.577939
3.11769 0.568015
3.12693 0.618781
3.13617 0.81651
3.1454 0.458933
3.15464 0.756972
3.16388 1.02541
3.17312 0.964297
3.18235 0.794471
3.19159 0.86761
3.20083 0.964812
3.21007 0.634051
3.21931 0.863381
3.22854 0.80628
3.23778 0.723083
3.24702 0.720716
3.25626 0.735494
3.26549 0.9407
3.27473 0.788675
3.28397 0.880854
3.29321 0.991619
3.30244 0.654292
3.31168 0.731166
3.32092 1.20274
3.33016 1.38812
3.33939 0.759317
3.34863 0.858404
3.35787 0.869102
3.36711 0.738906
3.37634 0.947224
3.38558 0.828186
3.39482 1.06472
3.40406 0.997756
3.41329 1.23426
3.42253 0.905944
3.43177 1.11471
3.44101 1.15727
3.45025 1.03713
3.45948 0.656843
3.46872 1.06661
3.47796 1.22966
3.4872 1.55988
3.49643 1.22789
3.50567 0.969988
3.51491 1.24621
3.52415 1.17584
3.53338 0.987155
3.54262 1.37912
3.55186 1.09845
3.5611 1.11083
3.57033 1.20397
3.57957 0.968627
3.58881 1.6081
3.59805 1.00624
3.60728 0.795314
3.61652 1.10447
3.62576 1.24934
3.635 1.35646
3.64423 1.26089
3.65347 1.43525
3.66271 1.8684
3.67195 1.33932
3.68119 1.33751
3.69042 1.45625
3.69966 1.65401
3.7089 1.28392
3.71814 1.2734
3.72737 1.48999
3.73661 1.29082
3.74585 1.2868
3.75509 1.2114
3.76432 1.57896
3.77356 1.07032
3.7828 0.945193
3.79204 1.25914
3.80127 1.09393
3.81051 1.38237
3.81975 1.18429
3.82899 0.763911
3.83822 1.11727
3.84746 0.88324
3.8567 1.08771
3.86594 1.04456
3.87518 1.12013
3.88441 0.950924
3.89365 0.932718
3.90289 1.02441
3.91213 0.714348
3.92136 1.4678
3.9306 1.1118
3.93984 0.842328
3.94908 1.00171
3.95831 0.803404
3.96755 0.991041
3.97679 0.888467
3.98603 1.04518
3.99526 0.744139
4.0045 0.683259
4.01374 1.14413
4.02298 0.944225
4.03221 0.974695
4.04145 0.856344
4.05069 1.03463
4.05993 1.38627
4.06916 0.919344
4.0784 0.901998
4.08764 1.00416
4.09688 0.518147
4.10612 0.881148
4.11535 0.747825
4.12459 0.844218
4.13383 0.78841
4.14307 0.971604
4.1523 0.948931
4.16154 0.984025
4.17078 0.86486
4.18002 0.745399
4.18925 0.812592
4.19849 0.584859
4.20773 0.831241
4.21697 0.774177
4.2262 0.78009
4.23544 0.691862
4.24468 0.753292
4.25392 0.785023
4.26315 0.739018
4.27239 0.914668
4.28163 0.773172
4.29087 0.837019
4.3001 0.698948
4.30934 0.734364
4.31858 1.17012
4.32782 0.855615
4.33706 0.666799
4.34629 0.98696
4.35553 0.854848
4.36477 0.780253
4.37401 0.769051
4.38324 0.751212
4.39248 0.739577
4.40172 0.896591
4.41096 0.72771
4.42019 0.78546
4.42943 0.890571
4.43867 1.16559
4.44791 0.820836
4.45714 0.920118
4.46638 0.696647
4.47562 0.636697
4.48486 0.989957
4.49409 0.837786
4.50333 0.847996
4.51257 1.04272
4.52181 0.591821
4.53104 0.912231
4.54028 0.647496
4.54952 1.14943
4.55876 0.710047
4.568 1.0976
4.57723 1.11135
4.58647 0.890285
4.59571 0.719879
4.60495 1.3751
4.61418 0.86071
