0.0531415 0.302454
0.0694928 0.0578374
0.102195 0.350242
0.110371 0.064855
0.143073 0.0551264
0.151249 0.242544
0.159425 0.0223031
0.183951 0.0356763
0.200303 0.28099
0.208478 0.0369687
0.216654 0.0131793
0.224829 0.0138763
0.257532 0.0694793
0.273883 0.0142759
0.290234 0.00946157
0.29841 0.0282112
0.306586 0.277223
0.314761 0.024134
0.322937 0.0460163
0.331113 0.0234645
0.339288 0.0391406
0.355639 0.351103
0.363815 0.0531343
0.371991 0.041388
0.388342 0.0370467
0.396517 0.0433989
0.404693 0.30888
0.412869 0.0248574
0.421044 0.0404618
0.437396 0.0263318
0.453747 0.0177838
0.461922 0.102274
0.470098 0.053018
0.478274 0.0528722
0.486449 0.0404619
0.502801 0.0470521
0.510976 0.0785127
0.519152 0.0469542
0.527327 0.0277926
0.535503 0.0479272
0.543679 0.12637
0.551854 0.0867724
0.56003 0.265652
0.568205 0.0760443
0.576381 0.0471157
0.584557 0.0755236
0.592732 0.0812767
0.600908 0.174755
0.617259 0.188114
0.625435 0.0562364
0.63361 0.338708
0.641786 0.88325
0.649962 4.33252
0.658137 0.0726144
0.666313 1.77596
0.674488 0.164756
0.682664 0.57426
0.69084 0.300142
0.699015 0.334361
0.707191 0.516662
0.715367 0.347229
0.723542 0.203041
0.731718 0.187285
0.739893 0.0967603
0.748069 0.576681
0.756245 0.307953
0.76442 0.413699
0.772596 0.303636
0.780772 0.237408
0.797123 0.593431
0.805298 0.644304
0.82165 6.5623
0.829825 0.403641
0.838001 3.23577
0.846176 1.75973
0.854352 0.302761
0.870703 0.367083
0.878879 0.292091
0.89523 0.413424
0.903406 0.0959081
0.911581 0.223731
0.919757 0.328248
0.927933 0.245855
0.936108 0.229438
0.944284 0.201142
0.95246 0.609326
0.960635 0.210586
0.968811 0.384486
0.976986 0.15232
0.985162 0.199694
0.993338 0.151057
1.00151 0.331266
1.00969 0.304246
1.01786 0.444417
1.02604 0.534953
1.03422 0.516048
1.04239 0.156526
1.05057 0.394226
1.06692 0.752431
1.07509 0.425571
1.08327 0.796085
1.09145 0.526244
1.09962 0.810531
1.1078 0.879122
1.11597 0.888953
1.12415 0.562216
1.13232 0.645981
1.1405 0.47643
1.14867 1.42006
1.15685 0.47369
1.16503 0.692338
1.1732 0.384315
1.18138 0.534416
1.18955 0.464257
1.19773 0.75598
1.2059 0.785367
1.21408 1.33606
1.22225 0.551282
1.23043 0.817511
1.23861 9.20479
1.24678 1.37655
1.25496 0.526554
1.26313 0.708399
1.27131 2.04674
1.27948 1.17604
1.28766 1.10615
1.29584 1.34634
1.30401 0.755067
1.31219 1.90713
1.32036 3.13604
1.32854 3.64638
1.33671 1.68307
1.34489 1.03683
1.35306 3.70464
1.36124 0.561411
1.36942 1.38889
1.37759 1.65954
1.38577 1.78439
1.39394 0.918158
1.40212 0.503695
1.41029 0.983764
1.41847 5.63693
1.42665 0.224065
1.43482 0.934639
1.443 2.77432
1.45117 0.51534
1.45935 0.608446
1.46752 0.566988
1.4757 0.852423
1.48387 2.33985
1.49205 0.677002
1.50023 0.861388
1.5084 0.762185
1.51658 3.37546
1.52475 0.239614
1.53293 3.03065
1.5411 0.486697
1.54928 0.409159
1.55746 0.546103
1.56563 0.307003
1.57381 0.666297
1.58198 0.842829
1.59016 0.225964
1.59833 0.335028
1.60651 0.835818
1.61468 0.432435
1.62286 0.273971
1.63104 0.508081
1.63921 0.685599
1.64739 3.5037
1.65556 0.995604
1.66374 0.703493
1.67191 0.553853
1.68009 0.5854
1.68827 0.568327
1.69644 0.731777
1.70462 0.488529
1.71279 0.368178
1.72097 0.263477
1.72914 0.344006
1.73732 0.502355
1.74549 0.230523
1.75367 0.527843
1.76185 0.324023
1.77002 0.340539
1.7782 0.479331
1.78637 0.369109
1.79455 0.769979
1.80272 0.662767
1.8109 0.4076
1.81908 0.344481
1.82725 0.338424
1.83543 0.518052
1.8436 0.645221
1.85178 0.207929
1.85995 0.63679
1.86813 0.188588
1.8763 0.776867
1.88448 0.547309
1.89266 0.558449
1.90083 0.868765
1.90901 0.681281
1.91718 1.22741
1.92536 1.74194
1.93353 0.32321
1.94171 0.544249
1.94988 2.17171
1.95806 0.850008
1.96624 0.806378
1.97441 1.44163
1.98259 0.66669
1.99076 1.26551
1.99894 1.96269
2.00711 0.459518
2.01529 0.613362
2.02347 0.495062
2.03164 0.81172
2.03982 0.863136
2.04799 0.95037
2.05617 0.535795
2.06434 0.579849
2.07252 0.67999
2.08069 0.35299
2.08887 0.513044
2.09705 0.61982
2.10522 0.856483
2.1134 2.01678
2.12157 0.672578
2.12975 0.495072
2.13792 0.760307
2.1461 1.45896
2.15428 0.607658
2.16245 0.403536
2.17063 1.03344
2.1788 0.565891
2.18698 0.541225
2.19515 0.727206
2.20333 1.22812
2.2115 0.685902
2.21968 0.403105
2.22786 1.14227
2.23603 0.670304
2.24421 0.433663
2.25238 0.621096
2.26056 0.47793
2.26873 1.68114
2.27691 0.907603
2.28509 1.81496
2.29326 0.624307
2.30144 0.93319
2.30961 2.30197
2.31779 0.771961
2.32596 2.46544
2.33414 0.430865
2.34231 0.630657
2.35049 0.781488
2.35867 0.498796
2.36684 0.326291
2.37502 1.24354
2.38319 0.743706
2.39137 0.431109
2.39954 0.942413
2.40772 0.749149
2.4159 0.663254
2.42407 0.672472
2.43225 1.28869
2.44042 1.45767
2.4486 0.821971
2.45677 0.749515
2.46495 1.39184
2.47312 10.1738
2.4813 1.18695
2.48948 0.61706
2.49765 0.526825
2.50583 1.27309
2.514 0.985939
2.52218 1.11425
2.53035 0.927584
2.53853 0.993341
2.54671 1.22843
2.55488 0.936497
2.56306 1.81025
2.57123 0.441955
2.57941 0.911161
2.58758 1.29633
2.59576 0.426704
2.60393 1.03011
2.61211 1.85273
2.62029 0.746145
2.62846 1.47918
2.63664 1.54804
2.64481 0.906694
2.65299 1.98448
2.66116 1.12026
2.66934 0.942267
2.67751 1.11451
2.68569 0.960696
2.69387 1.00915
2.70204 0.792689
2.71022 0.805386
2.71839 0.853535
2.72657 0.553564
2.73474 0.949845
2.74292 0.969318
2.7511 1.23736
2.75927 0.795227
2.76745 1.05299
2.77562 0.754611
2.7838 0.890536
2.79197 1.14797
2.80015 1.47064
2.80832 0.958421
2.8165 0.748073
2.82468 1.52701
2.83285 0.497934
2.84103 0.804322
2.8492 0.952368
2.85738 0.767948
2.86555 0.726349
2.87373 0.633983
2.88191 0.722532
2.89008 0.990176
2.89826 0.420063
2.90643 0.789137
2.91461 0.825624
2.92278 0.810212
2.93096 1.14411
2.93913 0.867808
2.94731 0.582837
2.95549 1.02588
2.96366 0.647356
2.97184 1.8982
2.98001 0.829501
2.98819 0.706808
2.99636 0.836017
3.00454 0.53822
3.01272 1.05091
3.02089 0.652905
3.02907 0.50683
3.03724 0.603936
3.04542 1.22537
3.05359 0.570092
3.06177 0.856279
3.06994 0.804952
3.07812 1.12462
3.0863 0.587292
3.09447 0.579805
3.10265 1.62638
3.11082 1.28858
3.119 1.07631
3.12717 0.731314
3.13535 0.894022
3.14353 0.709987
3.1517 1.05079
3.15988 0.490732
3.16805 0.916229
3.17623 0.983817
3.1844 1.1522
3.19258 0.544599
3.20075 0.58029
3.20893 1.34372
3.21711 1.81547
3.22528 1.00848
3.23346 1.0272
3.24163 0.703739
3.24981 1.08359
3.25798 1.03175
3.26616 1.04012
3.27434 1.31044
3.28251 1.22874
3.29069 0.890157
3.29886 1.39177
3.30704 0.592353
3.31521 0.699895
3.32339 1.0665
3.33156 0.822425
3.33974 0.803372
3.34792 0.686102
3.35609 0.668858
3.36427 0.672358
3.37244 0.650971
3.38062 0.886756
3.38879 1.07766
3.39697 1.42118
3.40514 1.04106
3.41332 1.15445
3.4215 1.25954
3.42967 1.26428
3.43785 1.21127
3.44602 0.733298
3.4542 1.59602
3.46237 0.972386
3.47055 0.848611
3.47873 1.05811
3.4869 1.05462
3.49508 1.33428
3.50325 0.665905
3.51143 0.912155
3.5196 0.78494
3.52778 0.882857
3.53595 1.12669
3.54413 0.708926
3.55231 0.809294
3.56048 1.11348
3.56866 1.01656
3.57683 1.34038
3.58501 1.18626
3.59318 0.452315
3.60136 2.18241
3.60954 1.57454
3.61771 1.37635
3.62589 0.958152
3.63406 0.959379
3.64224 0.931857
3.65041 0.666639
3.65859 1.40116
3.66676 0.634873
3.67494 0.863097
3.68312 0.93154
3.69129 1.11304
3.69947 0.960504
3.70764 1.1253
3.71582 1.16734
3.72399 0.700178
3.73217 0.837287
3.74035 1.17073
3.74852 1.53379
3.7567 0.690485
3.76487 0.794841
3.77305 1.72621
3.78122 0.625271
3.7894 0.801804
3.79757 1.66593
3.80575 1.07759
3.81393 0.549226
3.8221 0.988406
3.83028 0.888866
3.83845 0.647709
3.84663 0.919824
3.8548 0.914005
3.86298 0.809188
3.87116 1.28733
3.87933 0.594576
3.88751 0.953394
3.89568 0.670547
3.90386 1.17968
3.91203 0.654849
3.92021 1.54029
3.92838 1.0087
3.93656 0.952116
3.94474 0.842148
3.95291 1.26531
3.96109 0.983379
3.96926 0.572602
3.97744 0.953858
3.98561 2.12188
3.99379 1.22908
4.00197 1.64613
4.01014 0.842725
4.01832 1.17505
4.02649 1.33725
4.03467 1.1283
4.04284 1.33945
4.05102 0.914858
4.05919 0.870354
4.06737 1.41865
4.07555 1.23473
4.08372 1.67892
