0.0735391 0.000119848
0.0961665 0.000117103
0.141421 6.99385e-05
0.152735 6.25816e-05
0.19799 0.000457372
0.209304 7.43646e-05
0.220617 7.08157e-05
0.254558 0.000512291
0.277186 0.000207123
0.2885 0.000154424
0.299813 0.000464896
0.311127 0.000976617
0.356382 0.000804457
0.379009 0.000665818
0.401637 0.000122831
0.41295 0.000787916
0.424264 0.000231094
0.435578 0.000776776
0.446891 0.0084966
0.458205 0.000728629
0.469519 0.00196945
0.492146 0.000207347
0.50346 0.000740005
0.514774 0.00176914
0.537401 0.00202469
0.548715 0.00117809
0.560029 0.000567823
0.571342 0.00128831
0.582656 0.0025616
0.605283 0.00873714
0.627911 0.0301458
0.639225 0.00754175
0.650538 0.00386808
0.661852 0.0155956
0.673166 0.0256521
0.695793 0.148537
0.707107 0.00390643
0.71842 0.00443234
0.729734 0.0218182
0.741048 0.00939732
0.752362 0.0106939
0.763675 0.0280806
0.774989 0.0550126
0.786303 0.00959789
0.797616 0.0098987
0.80893 0.011939
0.820244 0.0118581
0.831558 0.0382074
0.854185 0.282386
0.865499 0.0372467
0.876812 0.476149
0.888126 1.31712
0.89944 9.83353
0.910754 0.0622235
0.922067 4.57692
0.933381 0.2605
0.944695 1.21362
0.956008 0.449237
0.967322 0.362976
0.978636 1.03454
0.989949 0.586951
1.00126 0.218416
1.01258 0.155127
1.02389 0.242403
1.0352 0.988288
1.04652 0.121791
1.05783 0.181958
1.06915 0.274852
1.08046 0.184308
1.10309 0.602619
1.1144 0.188652
1.13703 16.0566
1.14834 0.413963
1.15966 10.0821
1.17097 5.84899
1.18228 0.193732
1.20491 0.358651
1.21622 0.231285
1.23885 0.430299
1.25016 0.209419
1.26148 0.138415
1.27279 0.0863471
1.28411 0.0262818
1.29542 0.225454
1.30673 0.114976
1.31805 0.346985
1.32936 0.904129
1.34067 0.149049
1.35199 0.0299947
1.3633 0.404278
1.37462 0.24174
1.38593 0.495814
1.39724 1.22982
1.40856 0.538182
1.41987 0.805305
1.43118 0.252413
1.4425 0.0565886
1.45381 0.551298
1.47644 0.277364
1.48775 0.169282
1.49907 0.126554
1.51038 0.166815
1.52169 0.806748
1.53301 0.0374977
1.54432 0.42864
1.55563 0.235086
1.56695 0.0935825
1.57826 0.0853215
1.58958 0.542266
1.60089 0.148697
1.6122 0.2166
1.62352 0.229166
1.63483 0.32257
1.64614 0.156167
1.65746 0.585171
1.66877 0.725714
1.68009 4.22373
1.6914 0.0814581
1.70271 0.205343
1.71403 6.40391
1.72534 0.241089
1.73665 0.23785
1.74797 0.336401
1.75928 1.19838
1.7706 0.556585
1.78191 0.31377
1.79322 0.248262
1.80454 0.663833
1.81585 0.231668
1.82716 0.401592
1.83848 0.719277
1.84979 0.22135
1.86111 0.213203
1.87242 1.3911
1.88373 0.121576
1.89505 0.232813
1.90636 0.319075
1.91767 0.491136
1.92899 0.780269
1.9403 0.362936
1.95161 0.331683
1.96293 3.41794
1.97424 0.738048
1.98556 0.552037
1.99687 2.13145
2.00818 1.29825
2.0195 3.1845
2.03081 1.31192
2.04212 5.91978
2.05344 3.20958
2.06475 0.333826
2.07607 1.45467
2.08738 0.568573
2.09869 2.02343
2.11001 0.286686
2.12132 2.45877
2.13263 0.450457
2.14395 0.37029
2.15526 0.60065
2.16658 0.270359
2.17789 0.26513
2.1892 0.696731
2.20052 0.637796
2.21183 0.319742
2.22314 1.11091
2.23446 0.530039
2.24577 0.506168
2.25708 0.297375
2.2684 1.03081
2.27971 6.22899
2.29103 0.688259
2.30234 0.887772
2.31365 0.923607
2.32497 1.6392
2.33628 0.824325
2.34759 0.616773
2.35891 0.414627
2.37022 0.154408
2.38154 0.248382
2.39285 0.309802
2.40416 1.19613
2.41548 0.371355
2.42679 2.00373
2.4381 0.886535
2.44942 0.298565
2.46073 1.88043
2.47205 0.800163
2.48336 0.83829
2.49467 0.838315
2.50599 0.758034
2.5173 0.904067
2.52861 0.993592
2.53993 2.25144
2.55124 0.6881
2.56255 0.485379
2.57387 0.500129
2.58518 0.122221
2.5965 0.550145
2.60781 0.382822
2.61912 0.389781
2.63044 1.19597
2.64175 0.186373
2.65306 0.450448
2.66438 0.693538
2.67569 0.171232
2.68701 0.254677
2.69832 0.276816
2.70963 0.664772
2.72095 0.406452
2.73226 1.59464
2.74357 3.26526
2.75489 1.5567
2.7662 3.01958
2.77752 1.17411
2.78883 0.504185
2.80014 0.345244
2.81146 0.87112
2.82277 1.34886
2.83408 1.09915
2.8454 1.09092
2.85671 0.639783
2.86803 1.08878
2.87934 0.436664
2.89065 0.342101
2.90197 0.515473
2.91328 0.692627
2.92459 1.93105
2.93591 1.25588
2.94722 0.772731
2.95853 1.13562
2.96985 0.965311
2.98116 0.744111
2.99248 0.723182
3.00379 1.49015
3.0151 1.09678
3.02642 1.829
3.03773 0.762597
3.04904 1.64067
3.06036 1.34072
3.07167 0.684113
3.08299 0.610864
3.0943 1.05375
3.10561 0.442657
3.11693 0.847896
3.12824 1.31013
3.13955 0.689274
3.15087 0.903269
3.16218 1.84074
3.1735 0.562019
3.18481 1.61425
3.19612 2.71427
3.20744 0.723994
3.21875 2.06498
3.23006 0.541284
3.24138 0.520425
3.25269 1.38379
3.264 0.61386
3.27532 0.753779
3.28663 0.652279
3.29795 0.807745
3.30926 0.446358
3.32057 0.847868
3.33189 0.882774
3.3432 0.560101
3.35451 0.688767
3.36583 1.7575
3.37714 1.33249
3.38846 0.369108
3.39977 0.861811
3.41108 1.00067
3.4224 3.36756
3.43371 1.31195
3.44502 0.551872
3.45634 0.398867
3.46765 0.73634
3.47897 1.05533
3.49028 1.07496
3.50159 0.88413
3.51291 1.40275
3.52422 0.454301
3.53553 0.535988
3.54685 0.754659
3.55816 0.667759
3.56948 1.74579
3.58079 0.589495
3.5921 0.990136
3.60342 1.12836
3.61473 0.714946
3.62604 0.821102
3.63736 2.29683
3.64867 0.748259
3.65998 0.588216
3.6713 0.578448
3.68261 1.99163
3.69393 0.639167
3.70524 0.907994
3.71655 0.787136
3.72787 0.433333
3.73918 0.891978
3.75049 1.48097
3.76181 0.732274
3.77312 0.444569
3.78444 1.03039
3.79575 0.710913
3.80706 0.9199
3.81838 0.451136
3.82969 0.867489
3.841 0.483035
3.85232 1.24125
3.86363 1.38922
3.87495 1.61376
3.88626 1.02084
3.89757 0.694959
3.90889 0.878229
3.9202 0.901935
3.93151 1.00361
3.94283 1.68307
3.95414 0.848631
3.96545 1.19214
3.97677 0.791778
3.98808 0.745887
3.9994 1.34564
4.01071 0.717225
4.02202 1.00439
4.03334 1.07241
4.04465 0.833349
4.05596 0.938514
4.06728 0.951451
4.07859 0.748534
4.08991 2.34728
4.10122 1.35133
4.11253 1.20084
4.12385 0.669786
4.13516 1.41585
4.14647 1.15424
4.15779 0.657337
4.1691 0.915257
4.18042 1.00379
4.19173 0.646795
4.20304 0.832075
4.21436 1.03209
4.22567 0.628796
4.23698 0.739851
4.2483 0.951991
4.25961 0.682967
4.27092 0.571474
4.28224 1.85731
4.29355 1.74119
4.30487 0.881568
4.31618 1.09047
4.32749 0.890297
4.33881 1.79027
4.35012 1.21262
4.36143 1.06968
4.37275 0.622159
4.38406 0.717546
4.39538 1.29135
4.40669 1.54295
4.418 0.726889
4.42932 0.728701
4.44063 1.85262
4.45194 0.733615
4.46326 0.941396
4.47457 0.690502
4.48589 0.687327
4.4972 0.628766
4.50851 0.706885
4.51983 0.855889
4.53114 0.732394
4.54245 1.08863
4.55377 1.31777
4.56508 1.49696
4.5764 0.543271
4.58771 0.683464
4.59902 0.795543
4.61034 1.07793
4.62165 0.926113
4.63296 0.824963
4.64428 0.575275
4.65559 1.03729
4.6669 1.03487
4.67822 0.705887
4.68953 1.9085
4.70085 1.81106
4.71216 0.585086
4.72347 1.62616
4.73479 1.59795
4.7461 1.18731
4.75741 1.2717
4.76873 0.774354
4.78004 1.50936
4.79136 0.983508
4.80267 0.861927
4.81398 0.952468
4.8253 1.27138
4.83661 0.969489
4.84792 0.764611
4.85924 0.635646
4.87055 0.908384
4.88187 1.13919
4.89318 1.15413
4.90449 0.700272
4.91581 0.668488
4.92712 0.892972
4.93843 0.719933
4.94975 0.838405
4.96106 0.662373
4.97237 0.557764
4.98369 1.64756
4.995 0.915038
5.00632 0.994834
5.01763 0.964499
5.02894 1.27769
5.04026 0.90631
5.05157 0.75367
5.06288 0.963194
5.0742 0.7608
5.08551 0.818432
5.09683 0.922442
5.10814 1.32712
5.11945 0.881564
5.13077 0.662822
5.14208 0.924255
5.15339 1.09392
5.16471 1.05604
5.17602 1.10185
5.18734 1.33661
5.19865 1.01691
5.20996 1.09323
5.22128 1.23984
5.23259 1.21373
5.2439 1.17529
5.25522 1.06276
5.26653 1.13881
5.27785 1.06035
5.28916 1.06367
5.30047 0.560611
5.31179 0.996998
5.3231 0.764763
5.33441 0.962096
5.34573 1.12262
5.35704 1.12286
5.36835 0.934381
5.37967 0.7151
5.39098 1.273
5.4023 0.827051
5.41361 0.923859
5.42492 1.92685
5.43624 0.99636
5.44755 0.764317
5.45886 0.858652
5.47018 1.18021
5.48149 1.26525
5.49281 0.854894
5.50412 1.45929
5.51543 0.941848
5.52675 1.292
5.53806 0.750318
5.54937 1.16845
5.56069 0.827697
5.572 0.759986
5.58332 0.559303
5.59463 1.09079
5.60594 1.12712
5.61726 0.563294
5.62857 0.741347
5.63988 1.29653
5.6512 0.65199
