0.0735391 7.98605e-05
0.0961665 1.53204e-05
0.141421 5.31096e-05
0.152735 4.74898e-05
0.19799 0.000230671
0.209304 8.132e-05
0.220617 7.72821e-05
0.254558 0.000149525
0.277186 0.000228432
0.2885 0.00109713
0.299813 0.00121589
0.311127 0.000904558
0.356382 0.00397045
0.379009 0.00304554
0.401637 0.00814371
0.41295 0.00179917
0.424264 0.000629817
0.435578 0.00216098
0.446891 0.000726089
0.458205 0.00666124
0.469519 0.00345922
0.492146 0.00737549
0.50346 0.0059909
0.514774 0.00621421
0.537401 0.00928684
0.548715 0.0166482
0.560029 0.0345959
0.571342 0.0199052
0.582656 0.0488872
0.605283 0.0406125
0.627911 0.098565
0.639225 0.082765
0.650538 0.112449
0.661852 0.0565819
0.673166 0.0322489
0.695793 0.0292986
0.707107 0.0365276
0.71842 0.0231132
0.729734 0.0145972
0.741048 0.0292522
0.752362 0.150807
0.763675 0.0447065
0.774989 0.0601428
0.786303 0.0924314
0.797616 0.0444356
0.80893 0.134169
0.820244 0.0808816
0.831558 0.225763
0.854185 0.646585
0.865499 0.516915
0.876812 1.74072
0.888126 2.20211
0.89944 4.80301
0.910754 2.21325
0.922067 3.66609
0.933381 0.769628
0.944695 1.0105
0.956008 1.20398
0.967322 1.5501
0.978636 0.485736
0.989949 0.378121
1.00126 0.310952
1.01258 0.445273
1.02389 0.529606
1.0352 0.619306
1.04652 0.74072
1.05783 0.694624
1.06915 0.128259
1.08046 1.05618
1.10309 1.19071
1.1144 2.43546
1.13703 4.16111
1.14834 12.2565
1.15966 2.6551
1.17097 3.23687
1.18228 1.43504
1.20491 1.69423
1.21622 0.435559
1.23885 0.529248
1.25016 0.341688
1.26148 0.493117
1.27279 0.367007
1.28411 0.595619
1.29542 0.363606
1.30673 0.198249
1.31805 0.227194
1.32936 0.447189
1.34067 0.889956
1.35199 0.558573
1.3633 0.523639
1.37462 0.49429
1.38593 0.404125
1.39724 0.622447
1.40856 0.563616
1.41987 1.11184
1.43118 0.700246
1.4425 0.900391
1.45381 0.467917
1.47644 0.332423
1.48775 0.546713
1.49907 0.370338
1.51038 0.842788
1.52169 0.249637
1.53301 0.386561
1.54432 0.838524
1.55563 0.479533
1.56695 0.387855
1.57826 0.6467
1.58958 0.579312
1.60089 0.737269
1.6122 0.494426
1.62352 0.419652
1.63483 0.329293
1.64614 0.79995
1.65746 1.3792
1.66877 0.538598
1.68009 0.833845
1.6914 1.73638
1.70271 1.19521
1.71403 1.07051
1.72534 1.50456
1.73665 0.844982
1.74797 0.928887
1.75928 0.846607
1.7706 0.596342
1.78191 0.52241
1.79322 1.21103
1.80454 0.566962
1.81585 1.59425
1.82716 1.14163
1.83848 0.931695
1.84979 0.488458
1.86111 1.0016
1.87242 0.841553
1.88373 0.537067
1.89505 0.792983
1.90636 0.728827
1.91767 1.06639
1.92899 0.968756
1.9403 1.49833
1.95161 0.998343
1.96293 1.58339
1.97424 1.93287
1.98556 0.939586
1.99687 1.54663
2.00818 2.0283
2.0195 1.03298
2.03081 1.8584
2.04212 0.774774
2.05344 0.72348
2.06475 0.792055
2.07607 0.990315
2.08738 0.865288
2.09869 0.72824
2.11001 0.587818
2.12132 0.577987
2.13263 1.0434
2.14395 1.4177
2.15526 1.42149
2.16658 1.36657
2.17789 1.41205
2.1892 1.07067
2.20052 1.54546
2.21183 1.61461
2.22314 1.20155
2.23446 1.73776
2.24577 1.1062
2.25708 0.950121
2.2684 1.6013
2.27971 0.843841
2.29103 1.85716
2.30234 1.58546
2.31365 1.39727
2.32497 1.09304
2.33628 1.55672
2.34759 1.01538
2.35891 1.05466
2.37022 0.987683
2.38154 0.684846
2.39285 0.451476
2.40416 0.891105
2.41548 0.701741
2.42679 0.842523
2.4381 0.823309
2.44942 1.2596
2.46073 0.531117
2.47205 0.815446
2.48336 0.986724
2.49467 1.33921
2.50599 1.00962
2.5173 0.748448
2.52861 0.586445
2.53993 1.0852
2.55124 0.827141
2.56255 0.921455
2.57387 1.26886
2.58518 0.804528
2.5965 0.792788
2.60781 0.667759
2.61912 0.968854
2.63044 0.919243
2.64175 0.799718
2.65306 1.01918
2.66438 0.888023
2.67569 1.05969
2.68701 0.736839
2.69832 0.584163
2.70963 0.969607
2.72095 0.753747
2.73226 0.994468
2.74357 0.778625
2.75489 1.12424
2.7662 0.683735
2.77752 0.826576
2.78883 1.31741
2.80014 0.846957
2.81146 0.967708
2.82277 1.06356
2.83408 0.869152
2.8454 0.879742
2.85671 0.587395
2.86803 0.741653
2.87934 0.820418
2.89065 0.787066
2.90197 0.875966
2.91328 1.00651
2.92459 0.641025
2.93591 0.742229
2.94722 0.604393
2.95853 1.20374
2.96985 1.21981
2.98116 0.942297
2.99248 0.663071
3.00379 0.993198
3.0151 1.09873
3.02642 0.726788
3.03773 1.07398
3.04904 0.939059
3.06036 0.945382
3.07167 1.05287
3.08299 1.07782
3.0943 1.12062
3.10561 0.722096
3.11693 1.34705
3.12824 1.43023
3.13955 0.900879
3.15087 1.07498
3.16218 0.951787
3.1735 1.10759
3.18481 0.744571
3.19612 0.880958
3.20744 1.03207
3.21875 0.720476
3.23006 1.62513
3.24138 0.838938
3.25269 1.01869
3.264 1.3546
3.27532 1.25743
3.28663 1.2763
3.29795 1.24708
3.30926 1.47635
3.32057 1.02523
3.33189 1.06173
3.3432 0.839342
3.35451 1.29929
3.36583 1.14926
3.37714 0.788618
3.38846 1.06443
3.39977 0.979998
3.41108 0.9235
3.4224 0.761139
3.43371 1.13652
3.44502 0.647645
3.45634 1.38882
3.46765 0.89482
3.47897 1.23876
3.49028 1.41226
3.50159 1.47475
3.51291 1.05838
3.52422 1.10414
3.53553 0.808854
3.54685 1.45894
3.55816 0.80952
3.56948 1.04376
3.58079 0.999063
3.5921 0.814469
3.60342 0.938833
3.61473 1.15503
3.62604 0.747922
3.63736 0.924593
3.64867 1.13693
3.65998 0.298458
3.6713 0.743501
3.68261 0.813658
3.69393 0.897547
3.70524 0.91062
3.71655 0.791058
3.72787 0.709697
3.73918 0.84422
3.75049 1.0073
3.76181 0.92339
3.77312 0.907853
3.78444 0.943062
3.79575 1.10186
3.80706 1.52538
3.81838 0.832761
3.82969 1.01562
3.841 1.20441
3.85232 1.09391
3.86363 1.08463
3.87495 1.14496
3.88626 1.16211
3.89757 0.738496
3.90889 0.663285
3.9202 1.11515
3.93151 0.785568
3.94283 0.750141
3.95414 0.764183
3.96545 0.952934
3.97677 0.908322
3.98808 1.1371
3.9994 0.769235
4.01071 1.11375
4.02202 0.961877
4.03334 1.1675
4.04465 0.721653
4.05596 1.04451
4.06728 0.481166
4.07859 0.729142
4.08991 0.796286
4.10122 0.955306
4.11253 1.10828
4.12385 0.899745
4.13516 1.40784
4.14647 1.0962
4.15779 0.991188
4.1691 1.04178
4.18042 1.1694
4.19173 0.785859
4.20304 1.03455
4.21436 1.01702
4.22567 0.907131
4.23698 1.23292
4.2483 0.774168
4.25961 1.08431
4.27092 1.11393
4.28224 1.02183
4.29355 1.69844
4.30487 0.836771
4.31618 0.988714
4.32749 0.747665
4.33881 1.24658
4.35012 0.837384
4.36143 1.22705
4.37275 0.834298
4.38406 0.755641
4.39538 1.07203
4.40669 1.10816
4.418 1.23488
4.42932 0.986663
4.44063 0.90557
4.45194 1.17667
4.46326 0.919994
4.47457 0.860735
4.48589 1.48253
4.4972 1.15427
4.50851 0.683561
4.51983 0.846826
4.53114 1.02801
4.54245 1.02786
4.55377 1.02665
4.56508 0.974705
4.5764 1.53203
4.58771 1.07132
4.59902 1.03861
4.61034 0.907432
4.62165 0.930898
4.63296 0.857414
4.64428 0.987556
4.65559 1.29181
4.6669 0.852829
4.67822 0.962385
4.68953 1.02504
4.70085 1.1237
4.71216 0.845296
4.72347 0.761314
4.73479 1.0248
4.7461 1.36172
4.75741 0.677645
4.76873 1.0601
4.78004 0.978207
4.79136 1.07844
4.80267 1.27615
4.81398 1.10145
4.8253 0.652842
4.83661 0.952673
4.84792 1.18886
4.85924 0.918532
4.87055 1.48035
4.88187 1.21088
4.89318 1.2544
4.90449 0.868787
4.91581 1.23318
4.92712 1.01696
4.93843 0.961605
4.94975 1.02141
4.96106 0.799847
4.97237 0.871414
4.98369 0.996461
4.995 0.800734
5.00632 1.10837
5.01763 1.01559
5.02894 0.896763
5.04026 1.14156
5.05157 0.947418
5.06288 1.07745
5.0742 0.814309
5.08551 0.822603
5.09683 0.899929
5.10814 1.05335
5.11945 1.05864
5.13077 0.873218
5.14208 0.998453
5.15339 0.641827
5.16471 0.944033
5.17602 1.12284
5.18734 0.998749
5.19865 0.648016
5.20996 0.939216
5.22128 1.36869
5.23259 0.905801
5.2439 0.851826
5.25522 1.03401
5.26653 0.945224
5.27785 0.872213
5.28916 0.932495
5.30047 0.880653
5.31179 0.67819
5.3231 0.932752
5.33441 0.917162
5.34573 1.04964
5.35704 1.14951
5.36835 0.708525
5.37967 0.942927
5.39098 1.1941
5.4023 0.938659
5.41361 1.50877
5.42492 1.32924
5.43624 1.21036
5.44755 1.11093
5.45886 1.16259
5.47018 1.06541
5.48149 0.969164
5.49281 0.856272
5.50412 1.17212
5.51543 0.70795
5.52675 1.04951
5.53806 0.942739
5.54937 1.11085
5.56069 0.684176
5.572 0.907646
5.58332 0.836002
5.59463 1.21483
5.60594 1.009
5.61726 1.00284
5.62857 1.09166
5.63988 0.576602
5.6512 0.790387
