0.104 2.30753e-05
0.136 6.20368e-05
0.2 0.000257357
0.216 0.000253963
0.28 0.000169977
0.296 0.0010962
0.312 0.00193411
0.36 0.00397106
0.392 0.00508482
0.408 0.00684091
0.424 0.00706624
0.44 0.00819736
0.504 0.00709807
0.536 0.00705437
0.568 0.0316447
0.584 0.00964054
0.6 0.024861
0.616 0.0817973
0.632 0.0256157
0.648 0.040085
0.664 0.140123
0.696 0.126008
0.712 0.111988
0.728 0.112559
0.76 0.0462145
0.776 0.095569
0.792 0.124559
0.808 0.130618
0.824 0.271392
0.856 0.928787
0.888 3.30611
0.904 1.73867
0.92 2.76002
0.936 1.6159
0.952 1.92588
0.984 1.14247
1 0.59919
1.016 0.150302
1.032 0.578212
1.048 1.19486
1.064 1.1798
1.08 0.54951
1.096 2.51148
1.112 2.74856
1.128 1.40554
1.144 4.33634
1.16 5.39699
1.176 1.24953
1.208 1.44461
1.224 1.44238
1.24 3.19568
1.256 0.958146
1.272 0.746837
1.288 0.261756
1.304 0.652767
1.32 0.103836
1.336 0.542585
1.352 0.944059
1.368 1.05803
1.384 0.641889
1.4 0.718585
1.416 0.697274
1.432 1.51743
1.448 0.659139
1.464 0.465288
1.48 0.566241
1.496 0.5154
1.512 0.35921
1.528 0.450897
1.56 0.423217
1.576 0.675742
1.608 0.663138
1.624 1.23771
1.64 0.712375
1.656 0.503929
1.672 0.974584
1.704 0.669806
1.72 0.84862
1.752 0.620892
1.768 0.545012
1.784 0.523411
1.8 0.638555
1.816 0.53962
1.832 0.639912
1.848 0.410277
1.864 0.987606
1.88 0.751464
1.896 0.7938
1.912 0.857883
1.928 1.56211
1.944 0.735313
1.96 0.678174
1.976 1.81329
1.992 1.26084
2.008 1.84133
2.024 0.846304
2.04 0.435325
2.056 1.33404
2.088 0.711396
2.104 0.91434
2.12 0.686331
2.136 2.09977
2.152 1.60101
2.168 1.19407
2.184 1.65527
2.2 1.29899
2.216 1.63697
2.232 1.12143
2.248 0.844048
2.264 1.34209
2.28 1.21361
2.296 1.27656
2.312 1.60921
2.328 1.19506
2.344 0.651705
2.36 1.0084
2.376 1.53891
2.392 1.03831
2.408 0.831037
2.424 0.850716
2.44 1.31148
2.456 1.10902
2.472 1.10677
2.488 0.544259
2.504 1.03926
2.52 0.839387
2.536 1.00066
2.552 0.744337
2.568 0.928211
2.584 0.713233
2.6 0.841751
2.616 1.0095
2.632 0.856708
2.648 0.682208
2.664 0.725832
2.68 0.534113
2.696 0.503907
2.712 1.13624
2.728 1.07858
2.744 0.616789
2.76 1.0275
2.776 0.483797
2.792 0.664147
2.808 0.715601
2.824 0.864127
2.84 0.537512
2.856 0.906575
2.872 0.653838
2.888 1.07056
2.904 1.04913
2.92 0.821181
2.936 0.782158
2.952 1.22033
2.968 1.15847
2.984 1.01464
3 1.1987
3.016 1.12416
3.032 1.94076
3.048 0.88727
3.064 1.34095
3.08 1.15452
3.096 0.864059
3.112 0.772791
3.128 1.51095
3.144 1.1635
3.16 1.0521
3.176 0.995313
3.192 1.20872
3.208 0.967294
3.224 0.942829
3.24 0.634788
3.256 0.8607
3.272 1.29873
3.288 1.36279
3.304 1.26057
3.32 1.28729
3.336 1.46245
3.352 0.876996
3.368 0.625325
3.384 2.21333
3.4 1.33707
3.416 0.785663
3.432 0.364404
3.448 0.888479
3.464 0.687511
3.48 0.967168
3.496 0.967538
3.512 0.932529
3.528 1.41517
3.544 1.25252
3.56 0.895258
3.576 1.01673
3.592 1.12212
3.608 0.976998
3.624 1.1984
3.64 1.07749
3.656 0.356083
3.672 0.883845
3.688 1.13737
3.704 0.895764
3.72 0.665156
3.736 0.835072
3.752 0.680666
3.768 1.02739
3.784 0.84866
3.8 0.918456
3.816 1.12009
3.832 1.09699
3.848 0.94398
3.864 0.766211
3.88 0.928384
3.896 0.79471
3.912 1.01712
3.928 1.11282
3.944 0.894424
3.96 0.940423
3.976 0.697267
3.992 1.16853
4.008 1.10839
4.024 1.0498
4.04 0.915877
4.056 0.786129
4.072 0.620756
4.088 1.20523
4.104 0.757416
4.12 1.33497
4.136 1.17835
4.152 1.21939
4.168 0.914549
4.184 0.671126
4.2 0.757471
4.216 1.03247
4.232 0.875342
4.248 0.967054
4.264 0.797005
4.28 1.03231
4.296 1.54335
4.312 1.01974
4.328 0.554678
4.344 0.953398
4.36 1.12434
4.376 1.25487
4.392 0.914994
4.408 1.57161
4.424 1.14149
4.44 1.0636
4.456 1.0287
4.472 1.11855
4.488 1.4937
4.504 1.53864
4.52 0.912828
4.536 1.04254
4.552 1.0661
4.568 0.841361
4.584 0.952967
4.6 1.05384
4.616 0.966079
4.632 1.00691
4.648 0.80095
4.664 1.16555
4.68 1.2153
4.696 1.15864
4.712 1.02116
4.728 0.967541
4.744 0.967126
4.76 0.91658
4.776 0.726661
4.792 0.908
4.808 0.674209
4.824 1.1684
4.84 0.791231
4.856 0.896948
4.872 1.21359
4.888 0.951261
4.904 1.00747
4.92 0.822168
4.936 0.917192
4.952 0.884358
4.968 0.670291
4.984 1.02563
5 0.789703
5.016 0.978311
5.032 0.8697
5.048 0.74268
5.064 1.20483
5.08 0.963904
5.096 1.08918
5.112 0.902656
5.128 1.07349
5.144 0.99895
5.16 0.940187
5.176 0.978698
5.192 0.924717
5.208 0.8705
5.224 1.22278
5.24 1.17419
5.256 0.816095
5.272 1.42892
5.288 1.32752
5.304 0.818678
5.32 0.945187
5.336 0.938288
5.352 1.35053
5.368 0.952286
5.384 0.961028
5.4 0.735335
5.416 0.891961
5.432 1.60971
5.448 0.790778
5.464 0.914393
5.48 0.978005
5.496 1.58914
5.512 1.21463
5.528 1.07082
5.544 1.29967
5.56 0.865287
5.576 1.19986
5.592 1.29976
5.608 1.10437
5.624 0.895788
5.64 1.16194
5.656 0.748266
5.672 0.826068
5.688 0.894566
5.704 0.89609
5.72 1.03426
5.736 1.0002
5.752 0.72102
5.768 0.749436
5.784 0.6997
5.8 0.997925
5.816 1.01945
5.832 1.18804
5.848 0.852222
5.864 0.848908
5.88 1.24915
5.896 0.971126
5.912 0.698614
5.928 1.13102
5.944 0.840943
5.96 1.13868
5.976 0.664897
5.992 1.17644
6.008 1.33421
6.024 0.877508
6.04 1.14151
6.056 1.18362
6.072 0.63375
6.088 0.952147
6.104 1.12194
6.12 0.823909
6.136 1.14456
6.152 1.02643
6.168 0.859483
6.184 0.891052
6.2 0.959812
6.216 0.932661
6.232 1.01098
6.248 0.848608
6.264 0.988781
6.28 1.05338
6.296 0.835239
6.312 1.28101
6.328 1.29372
6.344 0.907587
6.36 0.667256
6.376 0.91665
6.392 0.622583
6.408 0.881339
6.424 1.02629
6.44 1.04545
6.456 1.05023
6.472 1.09868
6.488 0.96868
6.504 1.08296
6.52 1.1791
6.536 0.968833
6.552 1.27319
6.568 0.757325
6.584 0.802369
6.6 1.40305
6.616 0.913378
6.632 1.07851
6.648 0.909128
6.664 0.920282
6.68 1.26858
6.696 1.00105
6.712 1.30009
6.728 0.897828
6.744 0.887806
6.76 0.840159
6.776 1.06634
6.792 1.39272
6.808 0.906142
6.824 0.819399
6.84 1.0681
6.856 0.890954
6.872 1.05894
6.888 0.968597
6.904 0.895507
6.92 0.79182
6.936 1.19709
6.952 0.962919
6.968 1.01776
6.984 0.797078
7 1.09879
7.016 1.07005
7.032 0.948342
7.048 1.11779
7.064 0.953622
7.08 0.800626
7.096 1.09848
7.112 0.926322
7.128 1.0415
7.144 1.08355
7.16 1.05349
7.176 0.63367
7.192 1.02604
7.208 1.31106
7.224 0.765078
7.24 1.00433
7.256 0.980896
7.272 1.22517
7.288 0.87921
7.304 0.830835
7.32 0.912879
7.336 1.2192
7.352 1.15678
7.368 0.991848
7.384 1.07119
7.4 0.797001
7.416 0.680881
7.432 0.93296
7.448 0.815133
7.464 0.819992
7.48 0.978723
7.496 1.03681
7.512 1.0927
7.528 0.959202
7.544 1.18934
7.56 0.899189
7.576 1.02974
7.592 1.15828
7.608 0.850395
7.624 1.02806
7.64 1.42459
7.656 1.04047
7.672 0.827551
7.688 1.24165
7.704 0.934483
7.72 0.939106
7.736 1.35075
7.752 0.7007
7.768 1.34895
7.784 0.932229
7.8 0.776554
7.816 1.47231
7.832 1.1032
7.848 1.09304
7.864 1.10271
7.88 1.00617
7.896 1.49441
7.912 0.924566
7.928 0.728118
7.944 1.17783
7.96 1.02024
7.976 0.635842
7.992 0.993574
