0.104 0.00262338
0.136 0.000601381
0.2 0.000585601
0.216 0.00279389
0.28 0.00804899
0.296 0.00718163
0.312 0.00758781
0.36 0.0540567
0.392 0.0216628
0.408 0.0667873
0.424 0.00891681
0.44 0.0163011
0.504 0.0395328
0.536 0.0584999
0.568 0.197539
0.584 0.115384
0.6 0.368973
0.616 0.213886
0.632 0.0641714
0.648 0.248074
0.664 0.232796
0.696 0.382641
0.712 0.380038
0.728 0.337125
0.76 0.32811
0.776 0.550988
0.792 0.171007
0.808 0.372916
0.824 0.336963
0.856 1.14202
0.888 1.6057
0.904 1.3232
0.92 1.30049
0.936 1.79756
0.952 0.494069
0.984 0.981819
1 1.22589
1.016 1.16916
1.032 0.70375
1.048 1.67922
1.064 1.60206
1.08 1.68924
1.096 2.37733
1.112 1.39632
1.128 1.16838
1.144 2.02423
1.16 2.94137
1.176 3.84525
1.208 1.62875
1.224 1.23289
1.24 1.92247
1.256 0.738241
1.272 0.719969
1.288 1.30111
1.304 1.25689
1.32 1.11756
1.336 1.19236
1.352 0.989685
1.368 1.66714
1.384 0.299608
1.4 0.980025
1.416 1.1688
1.432 0.849978
1.448 0.670888
1.464 0.737277
1.48 0.925467
1.496 0.607886
1.512 0.359785
1.528 0.514583
1.56 0.731316
1.576 0.375227
1.608 0.994271
1.624 0.424755
1.64 0.0670042
1.656 0.550834
1.672 0.494139
1.704 0.683976
1.72 0.347437
1.752 0.686626
1.768 0.662847
1.784 0.241888
1.8 0.773181
1.816 0.245989
1.832 0.895751
1.848 1.86553
1.864 0.560665
1.88 0.88451
1.896 0.969495
1.912 0.612007
1.928 1.2496
1.944 1.223
1.96 1.78201
1.976 0.836494
1.992 0.664186
2.008 0.973761
2.024 1.39893
2.04 2.94221
2.056 1.77824
2.088 1.56062
2.104 1.35993
2.12 1.1462
2.136 0.836762
2.152 1.1899
2.168 1.44667
2.184 1.31499
2.2 1.17637
2.216 0.578994
2.232 0.896645
2.248 0.992094
2.264 1.18342
2.28 1.20764
2.296 1.14682
2.312 1.40531
2.328 0.520615
2.344 2.3052
2.36 1.23799
2.376 1.18438
2.392 1.03688
2.408 0.810593
2.424 0.511744
2.44 1.37015
2.456 0.805341
2.472 0.809858
2.488 0.80566
2.504 0.873239
2.52 0.733844
2.536 0.633079
2.552 1.02485
2.568 0.588207
2.584 0.536505
2.6 0.994321
2.616 0.566098
2.632 1.13701
2.648 1.38177
2.664 0.848206
2.68 0.46895
2.696 0.802664
2.712 0.788459
2.728 0.795994
2.744 1.24194
2.76 1.28982
2.776 0.689292
2.792 0.915332
2.808 0.778213
2.824 0.848708
2.84 1.25822
2.856 0.655742
2.872 1.23241
2.888 0.977962
2.904 0.682258
2.92 1.19108
2.936 0.546122
2.952 0.962196
2.968 1.16604
2.984 1.62848
3 1.22324
3.016 1.25762
3.032 0.625995
3.048 0.912017
3.064 1.05531
3.08 1.39504
3.096 1.18688
3.112 1.12412
3.128 0.760026
3.144 0.970924
3.16 0.723593
3.176 1.02844
3.192 2.45487
3.208 1.21988
3.224 1.00377
3.24 1.32968
3.256 0.953103
3.272 0.870034
3.288 1.17449
3.304 1.04795
3.32 0.917862
3.336 1.27586
3.352 0.866061
3.368 0.863114
3.384 0.945244
3.4 0.888267
3.416 0.796775
3.432 1.50616
3.448 1.27528
3.464 1.03574
3.48 0.725172
3.496 1.15632
3.512 1.45555
3.528 0.839778
3.544 0.672904
3.56 1.02295
3.576 0.80169
3.592 0.59529
3.608 0.886319
3.624 0.472538
3.64 0.929678
3.656 0.950157
3.672 0.777816
3.688 0.731742
3.704 1.04149
3.72 0.918812
3.736 1.18168
3.752 0.93647
3.768 1.1377
3.784 0.965539
3.8 1.06471
3.816 1.17502
3.832 1.05408
3.848 1.17005
3.864 0.827817
3.88 1.13451
3.896 1.22674
3.912 1.08939
3.928 0.701235
3.944 0.979987
3.96 1.01928
3.976 0.955341
3.992 1.00316
4.008 0.992566
4.024 1.37145
4.04 0.794395
4.056 0.938947
4.072 0.675651
4.088 1.093
4.104 1.23388
4.12 0.533863
4.136 1.3333
4.152 0.699311
4.168 0.59997
4.184 1.5393
4.2 1.34369
4.216 1.05334
4.232 2.28561
4.248 0.880619
4.264 1.11467
4.28 1.22742
4.296 1.02469
4.312 1.03825
4.328 0.643208
4.344 1.04203
4.36 1.1969
4.376 0.850096
4.392 0.613146
4.408 0.94019
4.424 0.968661
4.44 1.06264
4.456 0.920447
4.472 0.617024
4.488 1.00944
4.504 0.957383
4.52 0.856496
4.536 0.744975
4.552 1.1067
4.568 0.846849
4.584 0.959045
4.6 0.905723
4.616 0.902111
4.632 1.391
4.648 0.874711
4.664 1.02241
4.68 0.660734
4.696 1.05838
4.712 0.956194
4.728 0.88093
4.744 0.909311
4.76 0.924699
4.776 1.16314
4.792 0.575643
4.808 1.23359
4.824 1.18652
4.84 1.28239
4.856 1.10519
4.872 1.17585
4.888 1.29163
4.904 0.990015
4.92 1.22201
4.936 1.12176
4.952 1.12937
4.968 0.857371
4.984 0.571176
5 1.18646
5.016 0.920736
5.032 1.28207
5.048 1.11287
5.064 0.912981
5.08 1.23974
5.096 1.07676
5.112 0.948645
5.128 0.84824
5.144 1.22004
5.16 0.958636
5.176 1.05608
5.192 0.807237
5.208 1.28271
5.224 1.01446
5.24 0.812197
5.256 1.04915
5.272 0.609361
5.288 1.15831
5.304 0.717945
5.32 1.08818
5.336 0.735953
5.352 1.07699
5.368 1.04757
5.384 0.512673
5.4 0.798701
5.416 1.04128
5.432 0.403955
5.448 1.30607
5.464 1.0439
5.48 0.760082
5.496 0.965154
5.512 0.872519
5.528 0.820456
5.544 1.066
5.56 0.903808
5.576 0.992609
5.592 1.16237
5.608 1.31464
5.624 1.0645
5.64 0.778578
5.656 0.95915
5.672 0.584269
5.688 1.17301
5.704 0.835157
5.72 1.10736
5.736 0.877702
5.752 0.800449
5.768 1.11388
5.784 1.06992
5.8 1.16985
5.816 0.90105
5.832 1.22658
5.848 0.913007
5.864 1.1091
5.88 0.950287
5.896 1.15867
5.912 0.983965
5.928 0.997339
5.944 1.00686
5.96 1.20933
5.976 0.90014
5.992 0.955435
6.008 0.896102
6.024 0.906954
6.04 1.4315
6.056 0.962775
6.072 1.26498
6.088 0.964988
6.104 0.962942
6.12 1.08231
6.136 1.00683
6.152 0.890581
6.168 1.28915
6.184 1.13767
6.2 1.37993
6.216 1.07717
6.232 0.977191
6.248 1.21218
6.264 0.927637
6.28 0.687316
6.296 1.007
6.312 1.00617
6.328 0.65783
6.344 1.26454
6.36 0.906108
6.376 1.05848
6.392 0.983898
6.408 0.904215
6.424 0.714061
6.44 0.899743
6.456 0.687032
6.472 1.08338
6.488 1.10742
6.504 0.993641
6.52 0.7467
6.536 1.03426
6.552 0.660488
6.568 0.780716
6.584 0.92138
6.6 0.918722
6.616 0.937514
6.632 1.42007
6.648 0.913209
6.664 1.24252
6.68 1.44985
6.696 0.754466
6.712 0.902324
6.728 0.935157
6.744 0.67989
6.76 0.930311
6.776 0.846272
6.792 0.617032
6.808 1.23933
6.824 0.849326
6.84 0.987573
6.856 1.12563
6.872 1.05043
6.888 1.16837
6.904 1.28735
6.92 0.941626
6.936 0.957673
6.952 1.34646
6.968 1.31799
6.984 1.10156
7 0.763925
7.016 1.00563
7.032 1.09438
7.048 0.916117
7.064 1.14526
7.08 1.01055
7.096 0.844055
7.112 1.01585
7.128 1.11592
7.144 1.27697
7.16 0.913539
7.176 0.927222
7.192 0.975193
7.208 1.01269
7.224 1.21975
7.24 1.02695
7.256 1.01824
7.272 1.07479
7.288 1.10615
7.304 0.973171
7.32 0.84259
7.336 1.05473
7.352 0.836953
7.368 1.08296
7.384 1.19922
7.4 1.00108
7.416 1.00826
7.432 0.858149
7.448 1.17019
7.464 1.07141
7.48 0.923266
7.496 0.866919
7.512 0.922851
7.528 0.763054
7.544 0.823782
7.56 0.766557
7.576 0.742436
7.592 0.906911
7.608 1.11373
7.624 0.810658
7.64 1.03453
7.656 0.882807
7.672 0.692831
7.688 0.93241
7.704 1.14449
7.72 0.672649
7.736 1.06403
7.752 1.16507
7.768 1.11103
7.784 0.956263
7.8 1.44239
7.816 1.35939
7.832 0.839988
7.848 1.12994
7.864 0.823716
7.88 0.827668
7.896 1.11394
7.912 1.04582
7.928 0.919436
7.944 0.860892
7.96 1.04326
7.976 0.797405
7.992 1.1632
