0.0600444 0.000193337
0.0785196 0.00010537
0.11547 0.000233322
0.124708 0.000416057
0.161658 0.00228895
0.170896 0.00113617
0.180133 0.00214735
0.207846 0.0148435
0.226321 0.00427705
0.235559 0.0142464
0.244797 0.00146972
0.254034 0.00267515
0.290985 0.0109152
0.30946 0.023826
0.327935 0.0461297
0.337173 0.0185837
0.34641 0.0743613
0.355648 0.0420986
0.364885 0.0336922
0.374123 0.0313748
0.383361 0.054641
0.401836 0.0869418
0.411073 0.0658495
0.420311 0.0829781
0.438786 0.0822203
0.448024 0.140534
0.457261 0.0705426
0.466499 0.0623622
0.475737 0.0773792
0.494212 0.157689
0.512687 0.165407
0.521925 0.131083
0.531162 0.130409
0.5404 0.0628948
0.549637 0.037297
0.568113 0.0795536
0.57735 0.125094
0.586588 0.100236
0.595825 0.0747348
0.605063 0.192701
0.614301 0.151897
0.623538 0.222282
0.632776 0.345093
0.642013 0.187979
0.651251 0.0906785
0.660489 0.191182
0.669726 0.239101
0.678964 0.139411
0.697439 0.18833
0.706677 0.276071
0.715914 0.301918
0.725152 0.0847072
0.73439 0.302522
0.743627 0.479933
0.752865 0.636462
0.762102 0.188467
0.77134 0.428798
0.780578 0.274012
0.789815 0.21803
0.799053 0.497174
0.80829 0.407089
0.817528 0.39859
0.826766 0.371844
0.836003 0.513815
0.845241 0.666185
0.854478 0.309963
0.863716 0.343905
0.872954 1.12909
0.882191 0.6027
0.900666 1.01295
0.909904 1.29336
0.928379 1.67883
0.937617 0.67502
0.946854 1.23553
0.956092 1.5708
0.96533 2.38617
0.983805 1.5073
0.993042 0.7756
1.01152 1.68579
1.02076 0.997753
1.02999 0.987263
1.03923 1.41959
1.04847 1.29377
1.05771 1.64678
1.06694 1.84736
1.07618 0.751418
1.08542 1.68187
1.09466 1.89847
1.10389 1.27212
1.11313 1.65865
1.12237 1.59292
1.13161 3.98135
1.14084 1.08443
1.15008 1.0445
1.15932 1.91145
1.16856 2.86742
1.17779 4.75909
1.18703 3.00584
1.20551 2.42068
1.21474 1.53078
1.22398 1.2446
1.23322 0.774991
1.24246 1.48685
1.2517 1.74897
1.26093 0.949393
1.27017 1.26618
1.27941 1.10735
1.28865 0.858714
1.29788 1.02645
1.30712 1.04993
1.31636 1.24778
1.3256 1.21571
1.33483 1.20315
1.34407 0.625881
1.35331 2.66795
1.36255 1.30411
1.37178 1.45689
1.38102 0.823189
1.39026 1.03464
1.3995 0.653342
1.40873 0.856867
1.41797 1.40567
1.42721 0.873749
1.43645 0.560227
1.44569 0.724459
1.45492 0.67048
1.46416 1.13744
1.4734 1.09402
1.48264 0.784837
1.49187 1.76914
1.50111 0.810357
1.51035 0.687245
1.51959 0.723887
1.52882 1.14962
1.53806 0.740339
1.5473 0.335142
1.55654 0.923359
1.56577 0.663143
1.57501 0.653563
1.58425 1.17906
1.59349 0.740553
1.60272 0.734228
1.61196 0.670011
1.6212 0.979236
1.63044 0.570437
1.63967 0.590911
1.64891 0.674648
1.65815 1.16365
1.66739 0.642414
1.67663 0.696935
1.68586 0.536895
1.6951 0.497889
1.70434 1.02817
1.71358 0.893699
1.72281 0.391576
1.73205 0.679165
1.74129 0.496765
1.75053 0.340867
1.75976 0.636148
1.769 0.601048
1.77824 0.87527
1.78748 0.928727
1.79671 0.685338
1.80595 0.619155
1.81519 0.737802
1.82443 0.472081
1.83366 0.772456
1.8429 0.982187
1.85214 0.770174
1.86138 0.613389
1.87061 0.72022
1.87985 0.507567
1.88909 0.698053
1.89833 0.709933
1.90757 0.681675
1.9168 1.0333
1.92604 0.544183
1.93528 0.806119
1.94452 1.02417
1.95375 0.991095
1.96299 0.903851
1.97223 0.804265
1.98147 0.900253
1.9907 0.737384
1.99994 0.931701
2.00918 0.453477
2.01842 0.933933
2.02765 1.03709
2.03689 0.701164
2.04613 0.869511
2.05537 0.851464
2.0646 0.490535
2.07384 0.718624
2.08308 1.27584
2.09232 0.48584
2.10155 0.926909
2.11079 0.845724
2.12003 1.09449
2.12927 0.88211
2.13851 1.10891
2.14774 0.945305
2.15698 1.94425
2.16622 1.05487
2.17546 1.00953
2.18469 0.76642
2.19393 1.31612
2.20317 1.04127
2.21241 1.40143
2.22164 1.11658
2.23088 1.1717
2.24012 1.74587
2.24936 1.43143
2.25859 1.39851
2.26783 1.06958
2.27707 1.52201
2.28631 1.4121
2.29554 1.15517
2.30478 1.10156
2.31402 1.17444
2.32326 1.68896
2.3325 1.19905
2.34173 0.983561
2.35097 1.24514
2.36021 1.8111
2.36945 1.53099
2.37868 0.900344
2.38792 1.76092
2.39716 0.893275
2.4064 0.891281
2.41563 1.81747
2.42487 2.02016
2.43411 1.39055
2.44335 2.13719
2.45258 1.18648
2.46182 1.70562
2.47106 1.56573
2.4803 1.10338
2.48953 1.16501
2.49877 0.912419
2.50801 1.63003
2.51725 1.07823
2.52648 1.05061
2.53572 0.889989
2.54496 1.00934
2.5542 0.994849
2.56344 1.12235
2.57267 0.941648
2.58191 0.989121
2.59115 0.960623
2.60039 0.969678
2.60962 0.844132
2.61886 1.08916
2.6281 1.25071
2.63734 0.895592
2.64657 0.737004
2.65581 1.1548
2.66505 1.02447
2.67429 0.90204
2.68352 0.996109
2.69276 1.25738
2.702 0.943743
2.71124 0.817281
2.72047 0.82752
2.72971 0.408143
2.73895 0.816855
2.74819 0.826455
2.75742 0.647032
2.76666 0.735885
2.7759 1.05215
2.78514 0.746358
2.79438 0.930408
2.80361 0.701735
2.81285 0.802707
2.82209 0.816728
2.83133 0.719872
2.84056 0.745607
2.8498 0.82543
2.85904 0.591
2.86828 0.672811
2.87751 0.814574
2.88675 0.795507
2.89599 0.83186
2.90523 0.903896
2.91446 0.957185
2.9237 0.557262
2.93294 0.684646
2.94218 0.675711
2.95141 0.827328
2.96065 0.620947
2.96989 0.788604
2.97913 0.753066
2.98836 0.681344
2.9976 0.646299
3.00684 0.634615
3.01608 0.567619
3.02532 0.687827
3.03455 0.63105
3.04379 0.345325
3.05303 0.833422
3.06227 0.800825
3.0715 0.916899
3.08074 0.8916
3.08998 1.09249
3.09922 0.911201
3.10845 0.588264
3.11769 0.873666
3.12693 0.775347
3.13617 0.663117
3.1454 0.567415
3.15464 0.721652
3.16388 1.05358
3.17312 0.790023
3.18235 0.759908
3.19159 0.860313
3.20083 0.942904
3.21007 0.789658
3.21931 0.764449
3.22854 1.09268
3.23778 1.02656
3.24702 0.740427
3.25626 0.838426
3.26549 0.656713
3.27473 1.09738
3.28397 1.21298
3.29321 1.19014
3.30244 1.22218
3.31168 1.32149
3.32092 1.06534
3.33016 1.35925
3.33939 1.37107
3.34863 1.46817
3.35787 0.984312
3.36711 1.10743
3.37634 1.27733
3.38558 1.71577
3.39482 1.33635
3.40406 0.976065
3.41329 1.25409
3.42253 1.35079
3.43177 1.04315
3.44101 1.48759
3.45025 1.58527
3.45948 1.10513
3.46872 1.23034
3.47796 1.29741
3.4872 1.80175
3.49643 1.84335
3.50567 1.17414
3.51491 1.17015
3.52415 1.22646
3.53338 1.21608
3.54262 1.54586
3.55186 1.29476
3.5611 1.26963
3.57033 1.23815
3.57957 1.75688
3.58881 1.08257
3.59805 1.3195
3.60728 1.31056
3.61652 1.31064
3.62576 1.20711
3.635 0.951829
3.64423 1.06609
3.65347 0.896918
3.66271 1.77319
3.67195 1.11696
3.68119 1.29628
3.69042 1.08019
3.69966 0.85567
3.7089 1.03752
3.71814 1.14723
3.72737 1.44259
3.73661 0.898516
3.74585 0.900103
3.75509 0.91402
3.76432 1.19836
3.77356 1.03881
3.7828 1.12379
3.79204 0.839152
3.80127 1.00379
3.81051 1.14543
3.81975 0.960362
3.82899 1.2499
3.83822 0.878282
3.84746 0.842968
3.8567 0.760992
3.86594 0.728591
3.87518 0.844115
3.88441 0.675819
3.89365 0.709524
3.90289 0.541609
3.91213 1.08638
3.92136 0.629217
3.9306 0.72353
3.93984 0.745608
3.94908 0.866461
3.95831 0.886968
3.96755 0.680674
3.97679 1.04377
3.98603 0.705245
3.99526 0.681724
4.0045 0.627908
4.01374 0.553208
4.02298 0.928852
4.03221 0.812108
4.04145 0.684066
4.05069 0.765563
4.05993 0.700079
4.06916 0.629393
4.0784 0.63107
4.08764 0.675099
4.09688 0.686723
4.10612 0.726407
4.11535 0.727864
4.12459 0.785522
4.13383 1.00059
4.14307 0.692643
4.1523 1.01553
4.16154 0.783032
4.17078 0.866548
4.18002 0.898013
4.18925 0.889944
4.19849 1.44313
4.20773 0.781083
4.21697 0.66646
4.2262 1.0345
4.23544 0.921149
4.24468 0.667995
4.25392 0.682672
4.26315 1.06494
4.27239 0.787147
4.28163 0.492589
4.29087 0.861707
4.3001 0.651875
4.30934 1.21317
4.31858 0.815383
4.32782 0.814015
4.33706 0.759231
4.34629 0.940414
4.35553 0.889332
4.36477 1.00435
4.37401 0.936
4.38324 0.886319
4.39248 0.935984
4.40172 0.93961
4.41096 1.24261
4.42019 0.860644
4.42943 1.11324
4.43867 1.17613
4.44791 1.04168
4.45714 1.31754
4.46638 1.0356
4.47562 1.33927
4.48486 1.3164
4.49409 1.15043
4.50333 1.67394
4.51257 1.11124
4.52181 1.24069
4.53104 1.11735
4.54028 1.03214
4.54952 1.30302
4.55876 0.763244
4.568 1.48496
4.57723 1.35244
4.58647 1.12312
4.59571 1.53775
4.60495 0.897434
4.61418 1.52905
