0.982386333333 0.783454333333
0.988797666667 0.471683
0.974591666667 0.678856333333
0.948707333333 0.771099333333
0.924450333333 0.704114
0.951881 0.726783666667
0.485144333333 0.991949333333
0.0469784566667 0.953715333333
0.991175 0.408131333333
0.00610734 0.521363
0.03886296 0.0714371333333
0.90372 0.783238333333
0.929219333333 0.786384333333
0.843397333333 0.994254333333
0.968003 0.884014333333
0.957034666667 0.823732
0.613845666667 0.98859
0.682889333333 0.977467666667
0.653789333333 0.956548333333
0.365943666667 0.986829666667
0.01322841 0.706303
0.0416245666667 0.672457
0.976868666667 0.532227
0.955246333333 0.591052
0.990262666667 0.163868633333
0.976232 0.311945
0.957049333333 0.266683
0.928743666667 0.285179666667
0.879972666667 0.76382
0.884388333333 0.723463333333
0.296321 0.0370152976667
0.352731666667 0.0140452076667
0.817049666667 0.0420228666667
0.1020703 0.0366216733333
0.576933 0.268295
0.571431666667 0.303719333333
0.599148666667 0.324413
0.552134666667 0.395715
0.507284333333 0.464225333333
0.605825333333 0.02434181
0.531461 0.0257409433333
0.583033 0.0399469333333
0.0137873633333 0.386416333333
0.0411771333333 0.418586666667
0.027197 0.445135
0.0424950633333 0.245837
0.0795378666667 0.218639666667
0.0997760333333 0.245080333333
0.00788041 0.610958666667
0.01016051 0.660617666667
0.142332666667 0.317354
0.0395151266667 0.117507433333
0.0403851633333 0.217939333333
0.0230211233333 0.181223866667
0.0774279666667 0.190742
0.284996666667 0.401124333333
0.322951 0.379338333333
0.914204666667 0.993801
0.880807666667 0.987797
0.905028333333 0.825285
0.930527666667 0.828431
0.943881333333 0.864126
0.558257333333 0.983339
0.333803333333 0.763412333333
0.310897333333 0.974436
0.0345549433333 0.784305333333
0.0278858766667 0.741228333333
0.959638666667 0.646966
0.946351 0.626025
0.923959 0.673876333333
0.910671333333 0.652935333333
0.943511 0.348697
0.916872666667 0.327800666667
0.980748333333 0.1190383
0.828587 0.444988
0.925888 0.569394666667
0.926095333333 0.52768
0.893856 0.502368
0.881188333333 0.637800666667
0.852741 0.708760333333
0.787987 0.704269666667
0.814843 0.726952666667
0.703264 0.585023333333
0.716331666667 0.670026666667
0.600865 0.82628
0.360077 0.778193
0.381574666667 0.0327710433333
0.861626333333 0.334503
0.890637666667 0.321410333333
0.902508666667 0.278789333333
0.887780333333 0.251628333333
0.137941 0.0422527733333
0.257795333333 0.0383638976667
0.206794333333 0.0163238376667
0.161088 0.0291948066667
0.103540133333 0.16935
0.43287 0.440729333333
0.357235 0.406713666667
0.541639333333 0.481380666667
0.596766333333 0.632509333333
0.575936 0.387156666667
0.596937666667 0.364421666667
0.627911333333 0.313800666667
0.656064 0.344805666667
0.074389 0.279841666667
0.03616453 0.280448333333
0.0236384633333 0.322104
0.151910333333 0.464194666667
0.0507415666667 0.383882333333
0.0466125333333 0.346118333333
0.1074286 0.329567333333
0.0784319 0.318080666667
0.147738333333 0.349526
0.181673333333 0.355584
0.148750666667 0.421634
0.112834266667 0.361739333333
0.108958666667 0.417905
0.0879666 0.388016666667
0.253464666667 0.395791666667
0.249426333333 0.372210333333
0.211783333333 0.422554666667
0.176787666667 0.40543
0.195798333333 0.381481666667
0.263463 0.345217
0.224225333333 0.304076333333
0.224083 0.334724
0.272726 0.1079976
0.255504666667 0.141143333333
0.241844666667 0.0739787333333
0.267337666667 0.175135
0.919367666667 0.969142333333
0.936762 0.905121666667
0.954536666667 0.945843
0.952764666667 0.975146333333
0.766538333333 0.982940666667
0.723889 0.970961
0.647219666667 0.853204
0.642488 0.825427666667
0.649273 0.791654
0.846618 0.973677
0.885178 0.955022333333
0.680561 0.926819
0.663496 0.903398
0.716137 0.936803333333
0.737038 0.917256
0.676713 0.869734333333
0.515963666667 0.976704
0.474466666667 0.960215
0.481747666667 0.924470666667
0.609573 0.949980666667
0.583084666667 0.965649
0.518654666667 0.92741
0.540791 0.959014
0.468756666667 0.894235333333
0.422910333333 0.869683666667
0.429761 0.898507666667
0.0453744566667 0.926427666667
0.0799518 0.918188
0.956188 0.0737711333333
0.700904333333 0.02749521
0.844264333333 0.0395885666667
0.860971666667 0.0664073333333
0.838303333333 0.0898484666667
0.888186333333 0.0639730333333
0.966513333333 0.164795
0.955893666667 0.228251333333
0.976027666667 0.209625333333
0.961474333333 0.481927
0.940059333333 0.499037333333
0.932797666667 0.384752333333
0.897558 0.463894333333
0.928709666667 0.456189666667
0.963141333333 0.411552
0.950124666667 0.439079333333
0.730530333333 0.642727666667
0.724277 0.610802
0.817009333333 0.582821333333
0.798035666667 0.554537666667
0.772906333333 0.567987
0.757874333333 0.600157333333
0.764127666667 0.632083
0.900326333333 0.5745
0.876999666667 0.598712333333
0.842245333333 0.570944666667
0.848384333333 0.525794333333
0.878490333333 0.526748333333
0.806978 0.676854333333
0.796231666667 0.643328666667
0.821887 0.62312
0.851311666667 0.650331666667
0.849638666667 0.681001
0.74464 0.774783666667
0.684484666667 0.740640333333
0.715372 0.805414666667
0.682528333333 0.782633333333
0.677085333333 0.670096
0.658364 0.705607666667
0.626639 0.647345666667
0.658064 0.637840333333
0.607191333333 0.687511333333
0.619895 0.713517666667
0.315347333333 0.476184333333
0.357606666667 0.458933
0.345682333333 0.436571
0.292766 0.435591666667
0.278513666667 0.459481
0.0286659666667 0.607075666667
0.0540141333333 0.646011666667
0.311156 0.505125666667
0.622894 0.766701
0.608257 0.741465333333
0.595848333333 0.797432
0.397546666667 0.817328333333
0.365437333333 0.806352
0.397286666667 0.855355666667
0.420433 0.791181333333
0.473983 0.04017561
0.428737 0.0467259433333
0.829867666667 0.305000333333
0.756374 0.291925333333
0.128607333333 0.250359
0.149155 0.231335333333
0.149442666667 0.289357333333
0.185948 0.284425
0.186842 0.252993666667
0.167127333333 0.0760929
0.190274333333 0.0630349333333
0.22003 0.0857788
0.159186 0.1102151
0.22662 0.131513666667
0.0680703666667 0.1203049
0.0956748333333 0.135582
0.1210367 0.107811433333
0.0674182 0.0742346
0.0931073333333 0.0680581333333
0.484172333333 0.490207666667
0.486981333333 0.517443333333
0.568934666667 0.437587666667
0.567101333333 0.469480666667
0.592736 0.429029333333
0.626741333333 0.439447666667
0.590136333333 0.504141
0.730758333333 0.373021666667
0.793346 0.424108333333
0.638568333333 0.549068666667
0.670485 0.583186666667
0.658278 0.604008666667
0.570841666667 0.683535666667
0.562740666667 0.649881666667
0.582327333333 0.606018
0.601706333333 0.561763
0.612414 0.587022666667
0.575676333333 0.542667333333
0.550727 0.533173
0.649531333333 0.418731666667
0.705672 0.397822
0.697596333333 0.42225
0.666891333333 0.376574666667
0.636527666667 0.385578333333
0.710256 0.332125333333
0.674342333333 0.325156666667
0.719274666667 0.297525
0.646189666667 0.294151666667
0.208907666667 0.616358333333
0.180747333333 0.637697333333
0.212384 0.56431
0.206498666667 0.460043333333
0.174662666667 0.485479333333
0.1079072 0.542608
0.0385639 0.501676333333
0.0269273333333 0.532553333333
0.0423532 0.569512666667
0.0783479333333 0.577317666667
0.305448 0.176587
0.355121666667 0.157363
0.328702666667 0.144661
0.252255333333 0.203881666667
0.220208666667 0.241754333333
0.217399 0.210077333333
0.718783666667 0.132455
0.761144666667 0.127862666667
0.772402 0.926949333333
0.794150333333 0.958476333333
0.824292 0.954838
0.906338666667 0.896094
0.877396 0.921863333333
0.839760666667 0.916307
0.887958666667 0.851952333333
0.61743 0.907596666667
0.590278666667 0.92445
0.609284666667 0.877828
0.584805666667 0.859751333333
0.544326333333 0.873584333333
0.541654 0.908514333333
0.407182666667 0.924000666667
0.416782 0.972093
0.438897333333 0.955472666667
0.361735666667 0.959699333333
0.364216 0.932236333333
0.309719333333 0.911148333333
0.339161666667 0.908640666667
0.304573666667 0.835965666667
0.344456666667 0.837560666667
0.363781666667 0.866518333333
0.1127892 0.938587666667
0.0994348 0.967926666667
0.158113933333 0.981751333333
0.202816 0.973263333333
0.0277041566667 0.896745333333
0.00706883333333 0.852947666667
0.01883741 0.818942
0.929912 0.0942558333333
0.900696333333 0.0906781666667
0.830561666667 0.123775666667
0.787203333333 0.144772333333
0.790602666667 0.169861333333
0.854404 0.429505
0.883906333333 0.432060666667
0.897021 0.394187666667
0.842922666667 0.386469333333
0.86465 0.368687666667
0.709869 0.541012
0.745914 0.534620333333
0.714393666667 0.736569666667
0.741705333333 0.747931666667
0.727519333333 0.701467666667
0.754831 0.712829666667
0.294737666667 0.778244
0.282156666667 0.806413
0.276309 0.749751
0.233560666667 0.957544
0.270441333333 0.954738
0.287503666667 0.925732
0.0850021666667 0.634809666667
0.0956487333333 0.603678666667
0.1195971 0.647512666667
0.138520333333 0.596657
0.152578 0.620795
0.341276333333 0.718995333333
0.343526333333 0.645248
0.276868333333 0.580396333333
0.299877333333 0.589407
0.455816333333 0.843054666667
0.453079 0.802579666667
0.51433 0.844331666667
0.482027666667 0.856763666667
0.351265333333 0.054991
0.364292666667 0.0815384666667
0.313817666667 0.0613359333333
0.306173333333 0.0967034
0.333915 0.109313133333
0.521799333333 0.146680666667
0.388976 0.0885641
0.423111 0.0759715333333
0.854085666667 0.256703
0.83264 0.272616666667
0.835345 0.221214666667
0.200183333333 0.149792666667
0.172361666667 0.138569333333
0.191628666667 0.188724
0.156751333333 0.198742666667
0.142077666667 0.169933666667
0.447375333333 0.524265666667
0.386967333333 0.481081666667
0.423312 0.473795333333
0.444566333333 0.49703
0.653439333333 0.466742
0.691308666667 0.510475
0.652787 0.520368333333
0.630385 0.494536333333
0.701758 0.448436
0.717225333333 0.466337
0.759425 0.363793
0.800224 0.322351333333
0.776022 0.317297
0.810255333333 0.369635666667
0.786495666667 0.391791666667
0.497303666667 0.548203666667
0.527686666667 0.561575
0.475186666667 0.585533
0.535795 0.602840666667
0.496199 0.624404333333
0.526424333333 0.628340666667
0.275789666667 0.241356666667
0.28433 0.320367333333
0.261801666667 0.292534333333
0.256891 0.261643666667
0.427864 0.378568
0.410070333333 0.412093
0.382704333333 0.393153
0.388609333333 0.288154333333
0.416628 0.307781666667
0.404341 0.341807333333
0.371585333333 0.352567
0.339839 0.345390333333
0.318713333333 0.318745333333
0.342772333333 0.292968333333
0.459505666667 0.383155
0.461974 0.425117666667
0.493936333333 0.426195333333
0.524788333333 0.386403333333
0.538049333333 0.305469
0.464743333333 0.298802666667
0.543550666667 0.270044666667
0.231697666667 0.539125333333
0.265815333333 0.549640666667
0.275112333333 0.516361666667
0.252902 0.479349
0.230337666667 0.487615666667
0.168066333333 0.522951
0.181378666667 0.550639
0.139115666667 0.545164333333
0.152428 0.572852333333
0.0682513666667 0.489867333333
0.101631533333 0.505274666667
0.127825666667 0.475205
0.0662641666667 0.451223
0.0968206666667 0.446407
0.570493 0.202362666667
0.589083333333 0.184868333333
0.590825333333 0.240514666667
0.593633 0.153825
0.559244 0.129785
0.610917 0.0643209333333
0.65798 0.263247333333
0.625877 0.234422333333
0.630704 0.201464
0.695151333333 0.259652
0.745325333333 0.0687797
0.765369666667 0.0956385
0.779125666667 0.0517621666667
0.79917 0.0786209666667
0.695217 0.0908766666667
0.683469666667 0.0368203
0.717533666667 0.0594255333333
0.768027333333 0.199323
0.795571 0.22594
0.790299666667 0.254034
0.755085 0.261451333333
0.713922333333 0.242864
0.777102333333 0.893943
0.741738333333 0.884249666667
0.731051666667 0.833924333333
0.720916333333 0.861447
0.938597666667 0.159240666667
0.926556666667 0.133968666667
0.899616333333 0.206935333333
0.927262 0.198202
0.861258 0.191959666667
0.844059333333 0.167223333333
0.897341 0.130391
0.864537666667 0.13966
0.775707 0.444112
0.747581666667 0.463353
0.75771 0.501099333333
0.790342333333 0.512156
0.815455 0.495289333333
0.810948 0.464991666667
0.228802666667 0.726993666667
0.239443666667 0.757281666667
0.264126 0.891830333333
0.254772333333 0.820547333333
0.286341666667 0.877246666667
0.277189333333 0.8501
0.452336666667 0.643208666667
0.489313 0.651566333333
0.494711666667 0.685596
0.395393666667 0.664314666667
0.370771333333 0.678174333333
0.371651 0.710849333333
0.430699333333 0.675928333333
0.383763 0.746196666667
0.412009666667 0.748208666667
0.443146666667 0.726592
0.449326 0.703518666667
0.312194 0.652798666667
0.288636 0.630467666667
0.283162666667 0.709795
0.309064333333 0.693871
0.255397666667 0.695943666667
0.230514666667 0.677539333333
0.238400333333 0.641307666667
0.265627 0.621457
0.485794 0.741495666667
0.544293666667 0.715370666667
0.511366 0.71181
0.569005333333 0.747294
0.505247666667 0.0619910666667
0.505771333333 0.0866044
0.551353666667 0.0532098
0.579237666667 0.0775838
0.554472333333 0.0980659666667
0.391277 0.143318
0.408572666667 0.115461766667
0.417885666667 0.173934666667
0.457529666667 0.168177333333
0.442707666667 0.1028692
0.486396666667 0.136669
0.475140333333 0.108311766667
0.420705 0.610741333333
0.436669 0.580227666667
0.41918 0.549720666667
0.389755 0.620537
0.354100666667 0.613891
0.334009666667 0.580381
0.310449666667 0.246706
0.338138333333 0.269049
0.325025666667 0.210683
0.354027666667 0.200279
0.387489 0.208907666667
0.383975333333 0.264235
0.40615 0.240582666667
0.509785666667 0.36093
0.476465333333 0.358759333333
0.517678 0.326976666667
0.484357666667 0.324806
0.438831666667 0.239977333333
0.463878333333 0.267217
0.647408 0.145927333333
0.623244333333 0.140249333333
0.663856666667 0.0996776666667
0.624992666667 0.0900737666667
0.64847 0.0681034333333
0.733148 0.196785666667
0.709594 0.212859
0.710987333333 0.159383333333
0.670972 0.164054666667
0.670298333333 0.194058
0.838339333333 0.881526
0.807359666667 0.876369
0.857594666667 0.842940666667
0.185102 0.694431333333
0.184859666667 0.725009
0.164827333333 0.679538666667
0.128706433333 0.680834666667
0.082119 0.881315666667
0.0586920666667 0.805835
0.0429745333333 0.840471666667
0.0508249 0.868289
0.1148874 0.872135666667
0.205659333333 0.795043333333
0.221829 0.825497333333
0.191216666667 0.855773333333
0.1349094 0.851413333333
0.485701333333 0.787101333333
0.499803666667 0.76768
0.520741 0.815144333333
0.562293333333 0.79482
0.550087333333 0.769917666667
0.351109333333 0.556288333333
0.384661333333 0.549495666667
0.341967666667 0.523322666667
0.375519666667 0.51653
0.526968 0.245245
0.487281333333 0.246913
0.540018 0.205343333333
0.514135 0.180465333333
0.476038333333 0.193127333333
0.462234666667 0.219673333333
0.838886666667 0.785024666667
0.838604666667 0.820540333333
0.805404333333 0.762860333333
0.772309333333 0.78605
0.770100666667 0.827322666667
0.802913666667 0.839648666667
0.1048395 0.706929666667
0.0654983333333 0.698555333333
0.0571193333333 0.726484333333
0.227675666667 0.893229
0.196862 0.879368666667
0.214172666667 0.929936666667
0.183428 0.945656
0.152080333333 0.924805
0.152011333333 0.895225333333
0.116741066667 0.746250333333
0.1218034 0.822270333333
0.0862048333333 0.795329333333
0.0913011666667 0.759055666667
0.175716 0.794038
0.151739 0.804077
0.165557333333 0.754291666667
0.141580333333 0.764330666667
