2
279

200
0.027147
0.132971
0.185005	0.327922
0.0238038	0.971904
0.100741	0.548603
0.772873	0.693765
0.675787	0.209626
0.692932	0.57136
0.796799	0.949943
0.88492	0.421593
0.979507	0.110178
0.154944	0.384182
0.482103	0.811128
0.76134	0.501119
0.546282	0.175752
0.668912	0.940317
0.522357	0.519694
0.810247	0.169087
0.917513	0.906787
0.269984	0.717388
0.588642	0.99353
0.580386	0.567764
0.579257	0.829162
0.320095	0.42381
0.803864	0.349158
0.203887	0.497911
0.298352	0.852274
0.187756	0.626975
0.13672	0.736367
0.306057	0.501527
0.50005	0.418877
0.34803	0.0930998
0.916745	0.639746
0.319348	0.354532
0.855837	0.798569
0.234312	0.10692
0.735261	0.00767935
0.113667	0.31938
0.430796	0.441694
0.981004	0.185554
0.0287933	0.0440467
0.461639	0.18967
0.933633	0.739141
0.75416	0.884578
0.0785622	0.854204
0.615593	0.31574
0.0551112	0.183436
0.360023	0.476176
0.791501	0.0594836
0.14621	0.938967
0.810319	0.420691
0.971179	0.32014
0.788275	0.806544
0.430582	0.648423
0.945996	0.506893
0.373602	0.595336
0.758359	0.247707
0.540332	0.759686
0.841869	0.0318561
0.0175836	0.64647
0.194775	0.770098
0.669975	0.643828
0.0542584	0.487387
0.271073	0.19819
0.420112	0.985969
0.41669	0.923154
0.564119	0.429565
0.461164	0.295217
0.482801	0.713235
0.315195	0.581902
0.116637	0.479816
0.0998188	0.788644
0.952927	0.795287
0.189968	0.174005
0.0155711	0.430635
0.878969	0.351534
0.855173	0.115717
0.8535	0.480279
0.724886	0.318239
0.639188	0.435174
0.206589	0.232736
0.556045	0.348391
0.0145132	0.540982
0.289568	0.774248
0.599432	0.138752
0.404246	0.53423
0.244767	0.293489
0.130125	0.0612544
0.700762	0.825104
0.871515	0.28456
0.443933	0.762706
0.825997	0.875086
0.251948	0.433471
0.386474	0.150851
0.71371	0.771216
0.257021	0.609073
0.808428	0.742693
0.0508044	0.103209
0.0290391	0.797398
0.711943	0.385251
0.403233	0.390518
0.513011	0.106256
0.255608	0.915387
0.461009	0.0504676
0.66994	0.277017
0.341883	0.967202
0.470336	0.494429
0.484889	0.929124
0.906073	0.0478194
0.609147	0.621538
0.858069	0.599607
0.976711	0.859008
0.380827	0.732437
0.256033	0.034146
0.0877103	0.908416
0.965816	0.0104151
0.369355	0.679145
0.415269	0.240335
0.0297762	0.733791
0.19414	0.889523
0.529861	0.865173
0.764145	0.569313
0.51325	0.660265
0.647127	0.530766
0.116886	0.202345
0.250951	0.36285
0.93274	0.268031
0.376774	0.851232
0.67249	0.145231
0.801882	0.287382
0.653826	0.853789
0.448261	0.583452
0.950156	0.444423
0.310001	0.0280212
0.505916	0.238759
0.551929	0.061957
0.57551	0.685558
0.357912	0.793942
0.640207	0.369485
0.746273	0.632961
0.0906895	0.998718
0.167555	0.567259
0.631603	0.717458
0.0782473	0.605716
0.905189	0.55153
0.138111	0.25836
0.291641	0.126932
0.923055	0.965788
0.640584	0.0806558
0.611222	0.220148
0.82707	0.536892
0.87399	0.715655
0.0463626	0.3556
0.923225	0.114972
0.135647	0.66096
0.355405	0.288621
0.0872864	0.414076
0.615353	0.777332
0.34555	0.195335
0.703546	0.0564
0.956038	0.380164
0.644721	0.0138958
0.110595	0.13032
0.981015	0.589587
0.249503	0.538246
0.514171	0.00700657
0.178996	0.445648
0.826488	0.64705
0.732476	0.936911
0.69281	0.478885
0.553465	0.265804
0.0739503	0.685108
0.700786	0.70775
0.0234791	0.239197
0.855253	0.207019
0.325208	0.913963
0.399226	0.335133
0.749746	0.114712
0.855615	0.959512
0.233844	0.820203
0.749627	0.428011
0.590379	0.487964
0.615943	0.906038
0.51642	0.595827
0.152966	0.840712
0.746737	0.183269
0.900161	0.840749
0.392422	0.0475371
0.304254	0.662947
0.183816	0.0868809
0.208758	0.695187
0.00908327	0.911455
0.298278	0.258036
0.443373	0.858224
0.229727	0.975089
0.489972	0.353271
0.0440032	0.292426
0.16715	0.00347465
0.961041	0.682318
0.44411	0.129465
0.548028	0.941108
0.91648	0.20013
//###########################


79
0.0217176
0.211572
0.408127	0.485173
0.126648	0.612767
0.419745	0.814979
0.664967	0.776433
0.587371	0.386371
0.568111	0.895693
0.806934	0.105862
0.708813	0.246361
0.748902	0.835487
0.243045	0.758805
0.00516779	0.492646
0.89526	0.155804
0.809458	0.589559
0.23857	0.868986
0.963617	0.931183
0.372868	0.901265
0.60241	0.268687
0.489163	0.149015
0.531367	0.8162
0.0894901	0.25065
0.828034	0.696764
0.542689	0.47514
0.0787824	0.733752
0.926524	0.340178
0.33858	0.141054
0.68805	0.430081
0.190502	0.279017
0.784243	0.99745
0.767099	0.382213
0.104414	0.367575
0.0292992	0.599026
0.874345	0.882727
0.981584	0.057142
0.890814	0.762887
0.254562	0.483338
0.621829	0.66887
0.932128	0.592655
0.974582	0.241437
0.436351	0.696989
0.469105	0.987878
0.0695187	0.954363
0.356946	0.0137111
0.200598	0.401651
0.483364	0.54916
0.0236964	0.144976
0.531236	0.706337
0.29229	0.30706
0.592107	0.0903732
0.346118	0.636076
0.425458	0.0842936
0.819558	0.241607
0.365985	0.240127
0.206992	0.03231
0.897051	0.503256
0.724702	0.534144
0.847946	0.389342
0.0822236	0.0476139
0.333047	0.751827
0.683338	0.892946
0.250163	0.153805
0.231091	0.650533
0.145715	0.519579
0.683081	0.345505
0.982057	0.745725
0.452145	0.384219
0.648567	0.592445
0.354315	0.388825
0.276359	0.960008
0.701142	0.105643
0.339145	0.538185
0.509726	0.288325
0.632163	0.175364
0.0294759	0.850069
0.00496519	0.382639
0.883285	0.000314634
0.750041	0.737247
0.148774	0.791772
0.159658	0.135428
0.685805	0.986369
//###########################


