0.0430355 0.243434
0.0562772 0.117241
0.0827606 0.216973
0.0893814 0.070226
0.115865 0.0613846
0.122486 0.159184
0.129107 0.0762893
0.148969 0.0603772
0.162211 0.147672
0.168832 0.0252668
0.175452 0.0116193
0.182073 0.037377
0.208557 0.156174
0.221798 0.0402341
0.23504 0.0603829
0.241661 0.033656
0.248282 0.313864
0.254903 0.0739569
0.261523 0.0711414
0.268144 0.089347
0.274765 0.0473019
0.288007 0.07367
0.294628 0.0691069
0.301249 0.0618635
0.31449 0.0556234
0.321111 0.0626825
0.327732 0.454858
0.334353 0.0927696
0.340974 0.086321
0.354215 0.140481
0.367457 0.106051
0.374078 0.181759
0.380699 0.123205
0.38732 0.117804
0.39394 0.0968428
0.407182 0.116728
0.413803 0.112459
0.420424 0.0863714
0.427045 0.116991
0.433665 0.0472651
0.440286 0.0576324
0.446907 0.0543346
0.453528 0.47539
0.460149 0.0690989
0.46677 0.0132509
0.473391 0.073488
0.480011 0.0814325
0.486632 0.094992
0.499874 0.121864
0.506495 0.244146
0.513116 0.123201
0.519736 0.194081
0.526357 0.192609
0.532978 0.639257
0.539599 0.17285
0.54622 0.2898
0.552841 0.358806
0.559462 0.21103
0.566082 0.473668
0.572703 0.291795
0.579324 0.369644
0.585945 0.248725
0.592566 0.2104
0.599187 0.252027
0.605808 0.333466
0.612428 0.463232
0.619049 0.467569
0.62567 0.313073
0.632291 0.249714
0.645533 0.675114
0.652153 0.65925
0.665395 1.85736
0.672016 0.852022
0.678637 0.582564
0.685258 1.1878
0.691879 0.78048
0.70512 1.36084
0.711741 0.639747
0.724983 0.61205
0.731604 0.410545
0.738224 1.38971
0.744845 0.761476
0.751466 0.73106
0.758087 0.708784
0.764708 0.563844
0.771329 1.19053
0.77795 0.696454
0.78457 0.515739
0.791191 0.769968
0.797812 0.605343
0.804433 1.2089
0.811054 0.382248
0.817675 0.785809
0.824295 0.724702
0.830916 0.929821
0.837537 0.952931
0.844158 0.796894
0.850779 0.931318
0.864021 0.30056
0.870641 0.481143
0.877262 0.582263
0.883883 0.267452
0.890504 0.313699
0.897125 0.288327
0.903746 0.903471
0.910366 0.525235
0.916987 0.474282
0.923608 0.803506
0.930229 0.650268
0.93685 0.657918
0.943471 0.520695
0.950092 0.410414
0.956712 0.63989
0.963333 0.51964
0.969954 0.526224
0.976575 0.519417
0.983196 0.53745
0.989817 0.700135
0.996437 0.644923
1.00306 0.540934
1.00968 0.82646
1.0163 0.370503
1.02292 0.805089
1.02954 0.512586
1.03616 0.535154
1.04278 0.62395
1.0494 1.04386
1.05603 1.03951
1.06265 0.578521
1.06927 0.532186
1.07589 0.740585
1.08251 0.81344
1.08913 0.543274
1.09575 0.452115
1.10237 1.33947
1.10899 1.28591
1.11561 0.572422
1.12223 0.782257
1.12885 1.07894
1.13548 0.647042
1.1421 0.635568
1.14872 1.05204
1.15534 0.988501
1.16196 1.40652
1.16858 1.14476
1.1752 0.663016
1.18182 0.773138
1.18844 0.877287
1.19506 1.39459
1.20168 0.845971
1.2083 0.888692
1.21493 2.10097
1.22155 1.31676
1.22817 1.71869
1.23479 0.681091
1.24141 1.38897
1.24803 1.79588
1.25465 0.678036
1.26127 0.948084
1.26789 2.10144
1.27451 1.09161
1.28113 2.21473
1.28775 1.34218
1.29438 1.98221
1.301 1.17113
1.30762 1.44816
1.31424 1.41448
1.32086 1.28044
1.32748 2.66758
1.3341 2.26848
1.34072 1.64818
1.34734 1.22579
1.35396 1.32289
1.36058 0.438412
1.3672 1.54648
1.37383 1.25006
1.38045 1.53736
1.38707 1.05645
1.39369 2.08781
1.40031 1.55467
1.40693 1.7684
1.41355 1.93602
1.42017 1.98516
1.42679 1.40158
1.43341 1.89957
1.44003 2.5326
1.44666 1.57899
1.45328 1.38081
1.4599 1.59792
1.46652 1.68238
1.47314 1.36236
1.47976 1.58565
1.48638 1.34925
1.493 1.11977
1.49962 1.67926
1.50624 1.56445
1.51286 0.88888
1.51948 1.48754
1.52611 1.91965
1.53273 1.21969
1.53935 1.62135
1.54597 1.58558
1.55259 1.05551
1.55921 1.36992
1.56583 0.660627
1.57245 1.02763
1.57907 1.00304
1.58569 1.45071
1.59231 1.00412
1.59893 1.49565
1.60556 1.25983
1.61218 0.931813
1.6188 1.00323
1.62542 0.941223
1.63204 0.689119
1.63866 0.638921
1.64528 0.755338
1.6519 1.02649
1.65852 0.926693
1.66514 0.813516
1.67176 0.946325
1.67838 1.32108
1.68501 0.716738
1.69163 1.12076
1.69825 0.745928
1.70487 0.745014
1.71149 0.727997
1.71811 0.56672
1.72473 0.52829
1.73135 0.813195
1.73797 0.734077
1.74459 0.683013
1.75121 0.797126
1.75783 0.840145
1.76446 0.680299
1.77108 0.615652
1.7777 1.02044
1.78432 0.723752
1.79094 0.73706
1.79756 0.669784
1.80418 0.630611
1.8108 0.701608
1.81742 0.709592
1.82404 0.955721
1.83066 0.668022
1.83729 0.634435
1.84391 0.681698
1.85053 0.769282
1.85715 0.753554
1.86377 0.988613
1.87039 0.637861
1.87701 0.47671
1.88363 0.65214
1.89025 0.831603
1.89687 0.541587
1.90349 0.647026
1.91011 0.702047
1.91674 0.530324
1.92336 0.776811
1.92998 0.84106
1.9366 0.627468
1.94322 0.810183
1.94984 0.634011
1.95646 0.456047
1.96308 0.604217
1.9697 0.760011
1.97632 1.03304
1.98294 0.57178
1.98956 0.95149
1.99619 1.09229
2.00281 0.78475
2.00943 1.24448
2.01605 0.827182
2.02267 0.819795
2.02929 0.591513
2.03591 0.754454
2.04253 1.32908
2.04915 1.42911
2.05577 0.986875
2.06239 0.762623
2.06901 0.606666
2.07564 0.969572
2.08226 1.11725
2.08888 1.29463
2.0955 0.805266
2.10212 0.748931
2.10874 0.879912
2.11536 0.883933
2.12198 0.9414
2.1286 0.756917
2.13522 0.657279
2.14184 1.11365
2.14846 0.804436
2.15509 0.808953
2.16171 1.17122
2.16833 1.13079
2.17495 0.978366
2.18157 1.04711
2.18819 1.00723
2.19481 0.958297
2.20143 1.11249
2.20805 0.83261
2.21467 1.00545
2.22129 0.953428
2.22792 1.36535
2.23454 1.53734
2.24116 0.979149
2.24778 1.17789
2.2544 0.852705
2.26102 1.03532
2.26764 1.11779
2.27426 0.883633
2.28088 1.13732
2.2875 1.24256
2.29412 1.04511
2.30074 0.906086
2.30737 1.07663
2.31399 0.954082
2.32061 1.24738
2.32723 0.800094
2.33385 0.83543
2.34047 0.912719
2.34709 0.588348
2.35371 1.04419
2.36033 0.80818
2.36695 0.834184
2.37357 1.20941
2.38019 1.03361
2.38682 1.12209
2.39344 0.886031
2.40006 1.07162
2.40668 1.04066
2.4133 0.942501
2.41992 0.892788
2.42654 0.808625
2.43316 0.542316
2.43978 0.870899
2.4464 1.17083
2.45302 1.47935
2.45964 0.928731
2.46627 1.1435
2.47289 0.84621
2.47951 0.927228
2.48613 1.09798
2.49275 1.06373
2.49937 0.731521
2.50599 0.780837
2.51261 1.75394
2.51923 1.06627
2.52585 0.868167
2.53247 0.890449
2.53909 0.972959
2.54572 0.78932
2.55234 1.0068
2.55896 1.10032
2.56558 1.38426
2.5722 1.12276
2.57882 1.1386
2.58544 1.42984
2.59206 1.1415
2.59868 1.0255
2.6053 1.04308
2.61192 0.91742
2.61855 1.01646
2.62517 1.53723
2.63179 0.855468
2.63841 1.17457
2.64503 0.960278
2.65165 0.979987
2.65827 1.0252
2.66489 1.15003
2.67151 1.10541
2.67813 1.1198
2.68475 1.20667
2.69137 0.928338
2.698 1.00803
2.70462 1.18764
2.71124 1.19044
2.71786 1.28531
2.72448 1.06581
2.7311 1.02797
2.73772 1.21484
2.74434 1.31882
2.75096 1.14878
2.75758 0.936454
2.7642 0.646226
2.77082 1.10388
2.77745 1.02565
2.78407 1.00534
2.79069 1.20387
2.79731 0.647311
2.80393 1.21449
2.81055 1.34893
2.81717 1.09883
2.82379 1.10644
2.83041 1.03442
2.83703 1.11127
2.84365 1.39964
2.85027 1.35516
2.8569 1.0925
2.86352 0.980863
2.87014 0.991972
2.87676 0.743433
2.88338 0.825089
2.89 0.921486
2.89662 1.34803
2.90324 1.21447
2.90986 1.00804
2.91648 0.775558
2.9231 1.185
2.92972 1.13382
2.93635 0.920595
2.94297 0.838456
2.94959 1.1977
2.95621 1.17013
2.96283 1.0853
2.96945 0.836696
2.97607 1.13813
2.98269 1.0306
2.98931 0.878115
2.99593 1.12013
3.00255 0.982294
3.00918 1.03887
3.0158 0.966213
3.02242 1.12481
3.02904 0.834654
3.03566 1.08047
3.04228 1.19414
3.0489 1.09632
3.05552 1.04695
3.06214 0.963977
3.06876 0.93211
3.07538 0.908579
3.082 1.01495
3.08863 1.05831
3.09525 1.14621
3.10187 0.967679
3.10849 1.17355
3.11511 1.12999
3.12173 0.849885
3.12835 1.02787
3.13497 0.88536
3.14159 0.574681
3.14821 1.20924
3.15483 1.07412
3.16145 0.934415
3.16808 0.808945
3.1747 0.741022
3.18132 1.19562
3.18794 0.721786
3.19456 1.06843
3.20118 1.02066
3.2078 1.1066
3.21442 1.01863
3.22104 0.858552
3.22766 1.3992
3.23428 1.19591
3.2409 0.791008
3.24753 0.991006
3.25415 1.06458
3.26077 1.07547
3.26739 0.746428
3.27401 0.708214
3.28063 1.04613
3.28725 0.899083
3.29387 0.961869
3.30049 1.01706
3.30711 1.00365
