0.114849 0.00310538
0.150187 0.000988309
0.220863 0.00332758
0.238532 0.00325605
0.309208 0.00553032
0.326877 0.00261607
0.344546 0.00921067
0.397553 0.0155719
0.432892 0.00607155
0.450561 0.0382078
0.46823 0.00483538
0.485899 0.0223852
0.556575 0.0850568
0.591913 0.0626459
0.627251 0.00801219
0.64492 0.124189
0.662589 0.105613
0.680258 0.12135
0.697927 0.0597712
0.715596 0.122718
0.733265 0.168493
0.768603 0.107733
0.786272 0.17991
0.803942 0.268453
0.83928 0.613623
0.856949 0.679404
0.874618 0.407862
0.892287 1.25396
0.909956 1.47358
0.945294 1.13967
0.980632 2.64787
0.998301 2.01291
1.01597 2.05996
1.03364 1.33309
1.05131 0.828258
1.08665 3.95471
1.10432 1.69185
1.12198 2.56562
1.13965 2.51454
1.15732 2.54179
1.17499 3.25577
1.19266 1.20809
1.21033 0.840942
1.228 1.40963
1.24567 0.621018
1.26334 0.843398
1.28101 0.50544
1.29867 0.472377
1.33401 0.713591
1.35168 0.905879
1.36935 1.74926
1.38702 1.12857
1.40469 0.963932
1.42236 0.275255
1.44003 0.836242
1.4577 0.34261
1.47537 0.292044
1.49303 0.671102
1.5107 0.594539
1.52837 0.519062
1.54604 0.421794
1.56371 0.449996
1.58138 0.683122
1.59905 0.770477
1.61672 0.78345
1.63439 0.665855
1.65206 0.80761
1.66972 0.738058
1.68739 0.685599
1.72273 0.76126
1.7404 0.786817
1.77574 0.739294
1.79341 0.646045
1.81108 0.803646
1.82875 0.577137
1.84642 0.622919
1.88175 1.01423
1.89942 1.28068
1.93476 0.860537
1.95243 1.07139
1.9701 1.13926
1.98777 1.84346
2.00544 1.43622
2.02311 1.7468
2.04077 0.435773
2.05844 0.665486
2.07611 1.11689
2.09378 1.27612
2.11145 1.35395
2.12912 1.32953
2.14679 1.04991
2.16446 2.5991
2.18213 1.30821
2.1998 0.89558
2.21747 1.53537
2.23513 1.33327
2.2528 0.913906
2.27047 0.752289
2.30581 0.791995
2.32348 1.04358
2.34115 1.19623
2.35882 0.914509
2.37649 1.04695
2.39416 1.28051
2.41182 1.3608
2.42949 0.945582
2.44716 0.932406
2.46483 0.889617
2.4825 0.509126
2.50017 0.601853
2.51784 1.14579
2.53551 1.43792
2.55318 0.745808
2.57085 0.772257
2.58851 1.45291
2.60618 1.18995
2.62385 0.812083
2.64152 0.552671
2.65919 0.523874
2.67686 0.990501
2.69453 1.06668
2.7122 1.10762
2.72987 0.787839
2.74754 1.54875
2.76521 0.848785
2.78287 0.609827
2.80054 1.44607
2.81821 1.23443
2.83588 0.413411
2.85355 1.73592
2.87122 0.767209
2.88889 0.588639
2.90656 1.09731
2.92423 1.29127
2.9419 1.0063
2.95956 0.745058
2.97723 1.1648
2.9949 0.992069
3.01257 0.796365
3.03024 1.02446
3.04791 1.22652
3.06558 0.715294
3.08325 1.03298
3.10092 0.77822
3.11859 0.971872
3.13626 1.3669
3.15392 1.23583
3.17159 1.07823
3.18926 0.722401
3.20693 0.788753
3.2246 0.85144
3.24227 1.12799
3.25994 1.25859
3.27761 1.0634
3.29528 1.12744
3.31295 1.76516
3.33061 0.846915
3.34828 1.32716
3.36595 1.0016
3.38362 0.846569
3.40129 1.08143
3.41896 0.840447
3.43663 1.02362
3.4543 1.13071
3.47197 0.905961
3.48964 1.08822
3.50731 1.23051
3.52497 1.46887
3.54264 0.574254
3.56031 1.09675
3.57798 1.00341
3.59565 1.01237
3.61332 0.791949
3.63099 0.764346
3.64866 0.924362
3.66633 0.936831
3.684 0.862819
3.70166 1.1899
3.71933 0.988825
3.737 1.50616
3.75467 0.910385
3.77234 0.899557
3.79001 1.53358
3.80768 0.936254
3.82535 1.00846
3.84302 1.46265
3.86069 0.817756
3.87836 1.23709
3.89602 1.05203
3.91369 1.06601
3.93136 0.535024
3.94903 0.712599
3.9667 1.07868
3.98437 0.822289
4.00204 1.00843
4.01971 1.30101
4.03738 0.805097
4.05505 1.06835
4.07271 0.637598
4.09038 0.825734
4.10805 1.28607
4.12572 0.924648
4.14339 0.804405
4.16106 1.14263
4.17873 0.856169
4.1964 0.911502
4.21407 1.68207
4.23174 0.9012
4.24941 1.34529
4.26707 0.830588
4.28474 1.2082
4.30241 0.753869
4.32008 0.900583
4.33775 1.00413
4.35542 1.13685
4.37309 1.13431
4.39076 0.772529
4.40843 1.22302
4.4261 1.38299
4.44376 0.766136
4.46143 1.26831
4.4791 0.888948
4.49677 0.996106
4.51444 0.607268
4.53211 1.02065
4.54978 0.688606
4.56745 1.45526
4.58512 1.37599
4.60279 0.850525
4.62046 0.860306
4.63812 1.0621
4.65579 1.15438
4.67346 1.27799
4.69113 1.00251
4.7088 0.756121
4.72647 0.686187
4.74414 1.11937
4.76181 0.965116
4.77948 0.96347
4.79715 0.824377
4.81481 1.48167
4.83248 1.16549
4.85015 0.576324
4.86782 0.784766
4.88549 0.990783
4.90316 1.47042
4.92083 1.32498
4.9385 1.18238
4.95617 0.890658
4.97384 1.10201
4.9915 0.872807
5.00917 1.68885
5.02684 1.11232
5.04451 1.37016
5.06218 1.06622
5.07985 0.776031
5.09752 1.21795
5.11519 0.73832
5.13286 0.729489
5.15053 0.756518
5.1682 0.925371
5.18586 1.0886
5.20353 1.03703
5.2212 0.870649
5.23887 0.98264
5.25654 1.026
5.27421 0.926927
5.29188 1.19582
5.30955 0.936286
5.32722 1.31042
5.34489 1.08422
5.36255 1.17458
5.38022 0.730148
5.39789 0.927953
5.41556 0.968684
5.43323 0.904597
5.4509 0.788781
5.46857 0.706287
5.48624 0.77815
5.50391 0.659888
5.52158 1.04327
5.53925 0.950093
5.55691 1.07368
5.57458 1.1061
5.59225 0.987447
5.60992 0.973646
5.62759 0.829583
5.64526 1.07989
5.66293 0.918828
5.6806 1.36461
5.69827 0.991517
5.71594 1.11384
5.7336 0.814147
5.75127 1.19724
5.76894 0.945396
5.78661 0.989846
5.80428 0.831507
5.82195 1.01081
5.83962 1.14903
5.85729 0.757562
5.87496 0.837265
5.89263 0.846812
5.9103 1.32264
5.92796 1.06438
5.94563 1.17066
5.9633 1.05045
5.98097 1.16199
5.99864 1.21563
6.01631 1.39334
6.03398 1.2712
6.05165 1.16382
6.06932 1.08981
6.08699 1.02079
6.10465 1.08999
6.12232 0.776993
6.13999 1.50131
6.15766 1.17522
6.17533 0.944433
6.193 0.886265
6.21067 0.926981
6.22834 0.929187
6.24601 1.03407
6.26368 0.975301
6.28135 1.05762
6.29901 1.01528
6.31668 0.764803
6.33435 0.743298
6.35202 1.0536
6.36969 0.975311
6.38736 0.91414
6.40503 0.879118
6.4227 0.942152
6.44037 1.09618
6.45804 1.12515
6.4757 1.11256
6.49337 0.806786
6.51104 0.83499
6.52871 0.696811
6.54638 0.696639
6.56405 1.17376
6.58172 0.819083
6.59939 0.649948
6.61706 1.36003
6.63473 1.0441
6.6524 1.19203
6.67006 0.818307
6.68773 0.800173
6.7054 0.868055
6.72307 0.890559
6.74074 1.0781
6.75841 0.957579
6.77608 1.03449
6.79375 1.04295
6.81142 1.03914
6.82909 1.14677
6.84675 1.07203
6.86442 0.970409
6.88209 0.811301
6.89976 1.30849
6.91743 1.28593
6.9351 0.950132
6.95277 1.06803
6.97044 0.987779
6.98811 1.14467
7.00578 0.717727
7.02345 0.832117
7.04111 1.164
7.05878 1.08938
7.07645 0.820745
7.09412 1.30763
7.11179 0.826413
7.12946 0.996078
7.14713 0.920755
7.1648 1.17982
7.18247 0.936407
7.20014 1.28766
7.2178 0.676836
7.23547 1.10203
7.25314 1.20966
7.27081 1.10011
7.28848 1.36882
7.30615 1.31082
7.32382 0.859517
7.34149 0.671293
7.35916 1.1185
7.37683 1.12208
7.39449 1.05373
7.41216 1.04335
7.42983 0.924218
7.4475 1.13648
7.46517 1.01386
7.48284 0.927494
7.50051 1.09383
7.51818 0.961108
7.53585 0.646246
7.55352 0.978398
7.57119 1.08056
7.58885 0.943111
7.60652 0.871245
7.62419 0.895013
7.64186 0.708694
7.65953 0.852053
7.6772 0.83965
7.69487 0.787277
7.71254 0.957824
7.73021 1.05844
7.74788 0.924789
7.76554 0.701854
7.78321 0.738898
7.80088 0.848744
7.81855 1.19235
7.83622 1.44781
7.85389 0.869757
7.87156 0.845801
7.88923 0.978854
7.9069 0.983246
7.92457 1.35182
7.94224 1.17401
7.9599 0.957325
7.97757 0.946284
7.99524 1.00987
8.01291 1.06107
8.03058 1.0607
8.04825 1.06081
8.06592 1.00069
8.08359 1.102
8.10126 1.39718
8.11893 1.21904
8.13659 0.930408
8.15426 0.848417
8.17193 1.04979
8.1896 0.988859
8.20727 1.03398
8.22494 1.04181
8.24261 0.83383
8.26028 1.28487
8.27795 0.990361
8.29562 0.850569
8.31329 1.34794
8.33095 1.07931
8.34862 0.864007
8.36629 0.98936
8.38396 0.993705
8.40163 1.03672
8.4193 0.799088
8.43697 0.799124
8.45464 0.8366
8.47231 0.8808
8.48998 0.926102
8.50764 0.906335
8.52531 0.918728
8.54298 1.20459
8.56065 1.3675
8.57832 1.26383
8.59599 1.02018
8.61366 1.19444
8.63133 0.994967
8.649 1.06029
8.66667 0.821932
8.68434 1.28984
8.702 0.969608
8.71967 0.912692
8.73734 0.747788
8.75501 0.922058
8.77268 1.03334
8.79035 1.03963
8.80802 1.08841
8.82569 0.967257
