0.0891793 0.00694773
0.116619 0.000944555
0.171499 0.00151518
0.185218 0.000886444
0.240098 0.00248242
0.253818 0.00334347
0.267538 0.0020254
0.308697 0.00952483
0.336137 0.012518
0.349857 0.0442361
0.363577 0.0309529
0.377297 0.0564792
0.432176 0.0356003
0.459616 0.0710483
0.487056 0.0140166
0.500776 0.0381468
0.514496 0.0273854
0.528216 0.0850285
0.541936 0.0495741
0.555655 0.0228142
0.569375 0.124638
0.596815 0.609757
0.610535 0.243615
0.624255 0.242054
0.651695 0.411717
0.665415 0.323838
0.679134 0.130942
0.692854 0.477873
0.706574 0.383782
0.734014 0.161485
0.761454 0.916583
0.775174 0.491176
0.788893 0.878903
0.802613 0.323735
0.816333 0.364778
0.843773 2.48986
0.857493 1.67534
0.871213 1.21701
0.884933 1.36654
0.898653 0.32197
0.912372 3.0777
0.926092 0.833599
0.939812 0.381324
0.953532 0.879345
0.967252 0.246031
0.980972 0.900111
0.994692 1.07628
1.00841 0.719267
1.03585 1.01976
1.04957 0.834182
1.06329 0.507753
1.07701 0.416199
1.09073 1.39684
1.10445 1.15308
1.11817 1.07286
1.13189 2.66904
1.14561 1.72334
1.15933 1.19698
1.17305 2.42865
1.18677 0.990002
1.20049 1.73012
1.21421 2.16198
1.22793 1.09592
1.24165 1.88042
1.25537 1.2354
1.26909 1.00273
1.28281 1.28359
1.29653 0.559352
1.31025 0.605432
1.33769 1.59274
1.35141 1.0677
1.37885 0.726728
1.39257 1.81707
1.40629 0.753918
1.42001 1.49456
1.43373 1.17929
1.46117 1.0604
1.47489 1.24533
1.50233 0.539964
1.51605 0.625322
1.52977 0.649626
1.54349 1.21355
1.55721 0.404129
1.57093 1.12727
1.58465 0.607064
1.59837 1.27523
1.61209 0.83846
1.62581 1.1504
1.63953 1.15574
1.65325 0.671209
1.66697 0.676857
1.68069 1.08925
1.69441 0.555744
1.70813 0.788201
1.72185 0.91903
1.73557 1.15006
1.74929 0.769417
1.76301 0.855286
1.79045 1.63588
1.80417 0.602452
1.81789 0.685313
1.8316 0.458017
1.84532 0.67115
1.85904 0.948961
1.87276 1.1688
1.88648 1.00415
1.9002 1.04301
1.91392 0.418404
1.92764 0.680692
1.94136 0.622823
1.95508 0.918537
1.9688 1.32657
1.98252 0.576325
1.99624 0.815389
2.00996 0.944722
2.02368 0.93303
2.0374 1.05795
2.05112 0.977529
2.06484 1.44296
2.07856 0.7757
2.09228 0.906144
2.106 0.605603
2.11972 0.978691
2.13344 0.566
2.14716 1.07225
2.16088 1.02863
2.1746 0.989274
2.18832 1.0411
2.20204 0.900561
2.21576 1.1143
2.22948 0.810543
2.2432 1.88421
2.25692 1.07278
2.27064 0.544349
2.28436 1.09059
2.29808 1.04191
2.3118 1.04273
2.32552 1.41746
2.33924 1.26622
2.35296 1.47813
2.36668 1.43332
2.3804 0.476471
2.39412 1.04246
2.40784 1.15981
2.42156 1.16325
2.43528 0.969181
2.449 2.03502
2.46272 1.30159
2.47644 0.97422
2.49016 0.87283
2.50388 1.06453
2.5176 0.979471
2.53132 0.944628
2.54504 1.43443
2.55876 1.39462
2.57248 1.26996
2.5862 0.800135
2.59992 0.644599
2.61364 1.09355
2.62736 1.38418
2.64108 0.889986
2.6548 0.601562
2.66852 0.843677
2.68224 1.07134
2.69596 1.06639
2.70968 1.06221
2.7234 1.01273
2.73712 1.59309
2.75084 0.998439
2.76456 0.938796
2.77828 0.878072
2.792 1.0661
2.80572 0.797551
2.81944 0.888539
2.83316 0.549963
2.84688 0.778878
2.8606 0.772577
2.87432 0.913121
2.88804 0.938082
2.90176 0.912566
2.91548 1.00337
2.9292 0.632265
2.94292 0.96636
2.95664 1.41224
2.97036 0.706837
2.98408 0.82179
2.9978 0.99706
3.01152 0.957202
3.02524 1.07379
3.03895 0.66365
3.05267 0.453015
3.06639 1.06757
3.08011 0.969468
3.09383 1.12106
3.10755 1.18432
3.12127 0.761805
3.13499 0.852042
3.14871 1.04296
3.16243 1.04025
3.17615 0.848867
3.18987 1.10972
3.20359 1.20265
3.21731 1.02569
3.23103 1.59158
3.24475 1.596
3.25847 0.963773
3.27219 1.05829
3.28591 1.32343
3.29963 0.852242
3.31335 1.31157
3.32707 0.921204
3.34079 0.757854
3.35451 0.924966
3.36823 0.756342
3.38195 0.816114
3.39567 1.12382
3.40939 0.857016
3.42311 1.10944
3.43683 0.807659
3.45055 0.935107
3.46427 0.735078
3.47799 1.28616
3.49171 1.86779
3.50543 0.915448
3.51915 0.871589
3.53287 1.00505
3.54659 1.10619
3.56031 0.758074
3.57403 1.0474
3.58775 0.925635
3.60147 1.07575
3.61519 0.82217
3.62891 1.30021
3.64263 0.992822
3.65635 0.958323
3.67007 0.704024
3.68379 0.872577
3.69751 1.0188
3.71123 0.946547
3.72495 0.841484
3.73867 0.771351
3.75239 1.28819
3.76611 0.863637
3.77983 1.03569
3.79355 0.803688
3.80727 1.0856
3.82099 0.929003
3.83471 1.0379
3.84843 0.910955
3.86215 1.14867
3.87587 1.00734
3.88959 0.975544
3.90331 1.38697
3.91703 1.13877
3.93075 1.21033
3.94447 1.45936
3.95819 0.892172
3.97191 0.769738
3.98563 1.25525
3.99935 0.941546
4.01307 1.23938
4.02679 0.652502
4.04051 0.764042
4.05423 0.670548
4.06795 1.0863
4.08167 1.40007
4.09539 0.878418
4.10911 0.721444
4.12283 1.28925
4.13655 1.00291
4.15027 1.48734
4.16399 0.885073
4.17771 1.18798
4.19143 0.969696
4.20515 0.802933
4.21887 0.943465
4.23259 1.01736
4.2463 1.07623
4.26002 0.771724
4.27374 1.22803
4.28746 0.770629
4.30118 0.557614
4.3149 0.60245
4.32862 0.778412
4.34234 1.1216
4.35606 0.839901
4.36978 1.14236
4.3835 1.47539
4.39722 0.789446
4.41094 0.958028
4.42466 1.16461
4.43838 1.30983
4.4521 1.11321
4.46582 1.15203
4.47954 0.826051
4.49326 0.881655
4.50698 0.757678
4.5207 1.03495
4.53442 1.16784
4.54814 0.859448
4.56186 1.01602
4.57558 1.09486
4.5893 1.59909
4.60302 1.0847
4.61674 1.2029
4.63046 0.888662
4.64418 0.853828
4.6579 0.917178
4.67162 0.922221
4.68534 1.04692
4.69906 1.12243
4.71278 1.05103
4.7265 0.945501
4.74022 0.72235
4.75394 1.21138
4.76766 1.01165
4.78138 1.31549
4.7951 0.76335
4.80882 1.12195
4.82254 0.594915
4.83626 1.11213
4.84998 1.03812
4.8637 1.47758
4.87742 0.870236
4.89114 1.12108
4.90486 0.812982
4.91858 1.2861
4.9323 0.874904
4.94602 1.05077
4.95974 0.857427
4.97346 0.982253
4.98718 0.691581
5.0009 0.894823
5.01462 1.48721
5.02834 0.856743
5.04206 1.00064
5.05578 0.96823
5.0695 0.926242
5.08322 1.41571
5.09694 0.887782
5.11066 0.881273
5.12438 0.994345
5.1381 1.151
5.15182 0.972727
5.16554 1.1251
5.17926 0.890483
5.19298 0.841405
5.2067 0.667391
5.22042 0.911894
5.23414 0.972976
5.24786 1.26042
5.26158 1.04131
5.2753 0.737093
5.28902 0.983301
5.30274 0.965758
5.31646 1.07383
5.33018 1.2126
5.3439 0.892515
5.35762 0.887732
5.37134 0.9522
5.38506 1.25337
5.39878 1.01409
5.4125 1.17173
5.42622 1.04796
5.43994 0.786255
5.45366 0.69471
5.46737 0.92295
5.48109 1.42592
5.49481 0.819305
5.50853 1.12179
5.52225 1.00041
5.53597 1.01569
5.54969 1.04602
5.56341 0.86608
5.57713 1.08167
5.59085 1.03632
5.60457 0.919667
5.61829 1.14959
5.63201 0.778535
5.64573 0.982931
5.65945 1.04451
5.67317 0.987756
5.68689 0.777523
5.70061 1.21321
5.71433 1.2305
5.72805 1.23682
5.74177 1.04184
5.75549 0.823128
5.76921 1.16129
5.78293 0.887943
5.79665 0.968603
5.81037 1.01427
5.82409 1.0195
5.83781 0.912672
5.85153 0.93284
5.86525 1.16235
5.87897 0.904872
5.89269 0.819847
5.90641 1.02689
5.92013 0.791353
5.93385 0.722765
5.94757 1.1485
5.96129 0.76698
5.97501 0.786726
5.98873 1.04869
6.00245 0.803639
6.01617 0.890423
6.02989 1.20889
6.04361 1.06557
6.05733 1.10438
6.07105 0.965681
6.08477 0.943233
6.09849 1.00474
6.11221 0.964934
6.12593 1.13816
6.13965 0.967175
6.15337 1.10976
6.16709 1.25301
6.18081 1.02914
6.19453 0.908347
6.20825 1.01656
6.22197 0.989921
6.23569 1.09149
6.24941 1.35062
6.26313 0.822467
6.27685 1.03052
6.29057 1.01304
6.30429 0.703634
6.31801 1.37925
6.33173 1.10075
6.34545 1.29504
6.35917 0.755246
6.37289 0.835992
6.38661 1.18385
6.40033 1.02938
6.41405 0.740172
6.42777 1.17211
6.44149 1.10296
6.45521 0.855943
6.46893 1.19716
6.48265 0.973597
6.49637 1.12223
6.51009 0.700041
6.52381 0.939829
6.53753 0.789475
6.55125 0.879196
6.56497 0.82972
6.57869 0.978562
6.59241 1.16039
6.60613 0.85984
6.61985 1.22981
6.63357 1.11312
6.64729 0.826768
6.66101 1.21771
6.67472 0.793095
6.68844 1.28067
6.70216 1.22214
6.71588 1.33562
6.7296 1.2192
6.74332 0.844403
6.75704 0.906926
6.77076 0.866566
6.78448 0.926622
6.7982 1.05436
6.81192 0.994407
6.82564 0.676589
6.83936 1.59843
6.85308 1.3686
