0.367696 0.649945
0.480833 0.941146
0.707107 2.44159
0.763675 0.394384
0.989949 0.253569
1.04652 0.865009
1.10309 0.644291
1.27279 0.965236
1.38593 3.5965
1.4425 0.679475
1.49907 0.828801
1.55563 0.524592
1.78191 0.959902
1.89505 0.722826
2.00818 0.118556
2.06475 0.652429
2.12132 2.98931
2.17789 0.973581
2.23446 0.532485
2.29103 0.587333
2.34759 1.04812
2.46073 0.931506
2.5173 1.00254
2.57387 0.91625
2.68701 1.18133
2.74357 1.22834
2.80014 2.50242
2.85671 1.03974
2.91328 1.03267
3.02642 1.1769
3.13955 0.360377
3.19612 0.919668
3.25269 0.504245
3.30926 1.32571
3.36583 0.846912
3.47897 0.33224
3.53553 1.27194
3.5921 0.987106
3.64867 0.603811
3.70524 0.930558
3.76181 1.15869
3.81838 0.644126
3.87495 1.16905
3.93151 1.43581
3.98808 1.40227
4.04465 1.27099
4.10122 1.24615
4.15779 1.43036
4.27092 0.907789
4.32749 0.659818
4.38406 0.732594
4.44063 1.71513
4.4972 0.428484
4.55377 1.35887
4.61034 1.27643
4.6669 1.4797
4.72347 0.994197
4.78004 0.249912
4.83661 1.55939
4.89318 0.942274
4.94975 1.44751
5.00632 0.751208
5.06288 0.89557
5.11945 1.58596
5.17602 0.620484
5.23259 1.11057
5.28916 0.712977
5.34573 1.06785
5.4023 1.29495
5.51543 0.681294
5.572 0.874766
5.68514 0.704719
5.74171 1.56615
5.79828 0.826035
5.85484 0.661251
5.91141 0.917353
6.02455 0.879937
6.08112 0.926178
6.19426 0.605981
6.25082 1.07112
6.30739 1.36963
6.36396 0.620462
6.42053 0.763217
6.4771 1.07864
6.53367 0.39931
6.59024 0.394112
6.6468 1.2154
6.70337 1.43598
6.75994 1.70069
6.81651 1.10718
6.87308 2.40108
6.92965 0.956693
6.98621 0.575852
7.04278 1.04777
7.09935 0.814859
7.15592 1.32385
7.21249 0.741499
7.26906 1.29133
7.38219 0.650221
7.43876 0.958451
7.49533 0.651311
7.5519 1.22082
7.60847 1.13313
7.66504 0.645707
7.72161 0.947626
7.77817 1.1849
7.83474 0.68832
7.89131 1.0335
7.94788 2.10625
8.00445 0.60165
8.06102 0.893058
8.11759 0.925137
8.17415 0.75853
8.23072 0.708458
8.28729 0.913987
8.34386 1.58118
8.40043 0.817081
8.457 1.59213
8.51357 1.39602
8.57013 1.28163
8.6267 1.09346
8.68327 0.821502
8.73984 0.945322
8.79641 1.4073
8.85298 0.710648
8.90955 1.49869
8.96611 1.241
9.02268 0.778937
9.07925 0.617645
9.13582 1.22422
9.19239 1.11223
9.24896 0.898882
9.30553 0.927903
9.36209 1.39041
9.41866 0.77998
9.47523 1.23752
9.5318 0.882529
9.58837 0.529576
9.64494 0.777856
9.70151 1.32798
9.75807 1.33112
9.81464 0.839064
9.87121 1.16752
9.92778 0.820358
9.98435 0.839206
10.0409 1.15484
10.0975 0.402169
10.1541 0.786784
10.2106 0.757176
10.2672 1.27272
10.3238 0.834333
10.3803 0.642746
10.4369 0.953909
10.4935 0.975515
10.55 1.06981
10.6066 1.6108
10.6632 0.701833
10.7197 1.41887
10.7763 0.873566
10.8329 1.10519
10.8894 1.0806
10.946 0.729295
11.0026 0.759836
11.0592 0.848451
11.1157 1.12127
11.1723 0.979785
11.2289 1.1174
11.2854 1.18968
11.342 1.45098
11.3986 1.02732
11.4551 1.06629
11.5117 0.971795
11.5683 0.910529
11.6248 1.25869
11.6814 1.22256
11.738 1.10585
11.7945 0.946047
11.8511 1.28721
11.9077 0.968648
11.9642 1.42635
12.0208 0.784465
12.0774 0.940645
12.134 0.79485
12.1905 1.1679
12.2471 1.03441
12.3037 0.562254
12.3602 0.945044
12.4168 0.787363
12.4734 1.03856
12.5299 1.1333
12.5865 0.691021
12.6431 1.07815
12.6996 0.671857
12.7562 0.917912
12.8128 0.954965
12.8693 1.06257
12.9259 0.975382
12.9825 0.86709
13.039 1.01307
13.0956 1.11901
13.1522 0.88451
13.2088 0.66913
13.2653 0.884538
13.3219 1.65183
13.3785 0.401914
13.435 1.00928
13.4916 1.15231
13.5482 0.806628
13.6047 0.913573
13.6613 1.05904
13.7179 1.46654
13.7744 1.17413
13.831 0.755181
13.8876 0.83509
13.9441 0.771831
14.0007 0.814496
14.0573 0.721711
14.1139 1.36485
14.1704 0.928669
14.227 1.17286
14.2836 1.03663
14.3401 0.79966
14.3967 1.50331
14.4533 1.1326
14.5098 0.712695
14.5664 1.2035
14.623 1.06701
14.6795 1.3075
14.7361 1.01198
14.7927 0.849674
14.8492 0.773383
14.9058 0.676696
14.9624 1.63177
15.0189 0.968397
15.0755 1.33823
15.1321 1.48159
15.1887 1.33006
15.2452 1.12283
15.3018 0.771629
15.3584 1.03413
15.4149 0.862903
15.4715 1.22973
15.5281 1.2074
15.5846 0.858153
15.6412 0.934631
15.6978 0.859397
15.7543 0.733276
15.8109 1.41201
15.8675 0.575291
15.924 0.853642
15.9806 1.10493
16.0372 1.25193
16.0938 1.06568
16.1503 0.893436
16.2069 1.0504
16.2635 0.833144
16.32 0.849083
16.3766 0.995637
16.4332 0.930821
16.4897 1.50961
16.5463 0.899762
16.6029 0.936286
16.6594 0.894892
16.716 0.79963
16.7726 0.862874
16.8291 0.631985
16.8857 1.11909
16.9423 1.01085
16.9988 1.16588
17.0554 1.15387
17.112 0.920114
17.1686 1.12427
17.2251 0.930695
17.2817 0.847937
17.3383 0.762246
17.3948 1.11059
17.4514 1.01785
17.508 0.874827
17.5645 0.952297
17.6211 1.60785
17.6777 0.772622
17.7342 0.77482
17.7908 0.930718
17.8474 1.14203
17.9039 0.892609
17.9605 0.746631
18.0171 1.03175
18.0736 1.18572
18.1302 1.31658
18.1868 1.31489
18.2434 0.826188
18.2999 1.31477
18.3565 0.960955
18.4131 0.859748
18.4696 0.947401
18.5262 1.27093
18.5828 0.934251
18.6393 0.635467
18.6959 1.09944
18.7525 1.23007
18.809 0.937957
18.8656 0.899938
18.9222 1.25203
18.9787 0.930835
19.0353 1.01221
19.0919 1.14921
19.1485 1.10585
19.205 1.03179
19.2616 0.823585
19.3182 0.994234
19.3747 1.90338
19.4313 0.668597
19.4879 0.958868
19.5444 0.882711
19.601 0.965668
19.6576 0.862369
19.7141 0.887558
19.7707 1.03632
19.8273 1.0304
19.8838 0.947236
19.9404 1.23308
19.997 1.05767
20.0535 1.17527
20.1101 1.03081
20.1667 0.803158
20.2233 0.728024
20.2798 1.07006
20.3364 0.892466
20.393 1.17735
20.4495 0.787917
20.5061 1.07706
20.5627 1.09258
20.6192 0.803457
20.6758 0.825208
20.7324 0.889229
20.7889 0.691971
20.8455 1.06531
20.9021 1.2173
20.9586 0.700487
21.0152 0.923592
21.0718 1.2208
21.1284 0.912467
21.1849 1.337
21.2415 0.868713
21.2981 1.05488
21.3546 1.14894
21.4112 0.910162
21.4678 1.07853
21.5243 0.797955
21.5809 0.945713
21.6375 0.913969
21.694 1.03975
21.7506 1.60474
21.8072 1.14639
21.8637 0.772462
21.9203 1.25289
21.9769 1.00867
22.0334 0.963637
22.09 0.898807
22.1466 1.01733
22.2032 1.04676
22.2597 0.921593
22.3163 0.858443
22.3729 0.827263
22.4294 0.916742
22.486 1.04226
22.5426 0.904143
22.5991 0.861396
22.6557 1.14489
22.7123 1.46699
22.7688 1.13471
22.8254 1.06215
22.882 1.42877
22.9385 0.905792
22.9951 1.12541
23.0517 0.797298
23.1082 1.07745
23.1648 1.01779
23.2214 0.769778
23.278 1.08968
23.3345 1.01381
23.3911 1.00672
23.4477 1.09893
23.5042 0.983285
23.5608 0.861045
23.6174 0.900928
23.6739 0.842229
23.7305 1.02926
23.7871 1.1754
23.8436 1.0272
23.9002 1.17357
23.9568 1.06184
24.0133 0.868898
24.0699 0.968804
24.1265 0.800556
24.1831 1.01826
24.2396 0.865442
24.2962 1.01858
24.3528 0.889315
24.4093 0.995146
24.4659 0.774715
24.5225 0.847462
24.579 0.577774
24.6356 0.867171
24.6922 1.06237
24.7487 0.97347
24.8053 1.06592
24.8619 1.39581
24.9184 1.02892
24.975 0.846649
25.0316 0.891925
25.0881 1.08495
25.1447 1.06963
25.2013 0.925689
25.2579 1.11097
25.3144 0.774506
25.371 1.33286
25.4276 1.10151
25.4841 1.19891
25.5407 1.16087
25.5973 1.01655
25.6538 0.924582
25.7104 0.748044
25.767 1.1568
25.8235 0.920667
25.8801 0.970748
25.9367 0.923409
25.9932 0.93885
26.0498 0.996363
26.1064 1.18692
26.163 0.829375
26.2195 1.1595
26.2761 1.17722
26.3327 0.811221
26.3892 0.920246
26.4458 1.00417
26.5024 1.09021
26.5589 1.07482
26.6155 1.03163
26.6721 0.966221
26.7286 1.12238
26.7852 0.997406
26.8418 1.35414
26.8983 0.76557
26.9549 1.28588
27.0115 0.955081
27.068 1.01686
27.1246 0.860202
27.1812 1.03607
27.2378 0.705287
27.2943 1.30156
27.3509 1.03277
27.4075 0.925962
27.464 0.816894
27.5206 0.922837
27.5772 0.95665
27.6337 1.28294
27.6903 1.08706
27.7469 0.931913
27.8034 0.961649
27.86 1.02463
27.9166 0.83071
27.9731 1.0123
28.0297 0.987162
28.0863 1.02311
28.1428 0.827855
28.1994 0.879479
28.256 0.834321
