0.00819345966667 0.544380666667
0.369365 0.0175696033333
0.0388642333333 0.379494
0.01641861 0.435414
0.0758908333333 0.215320333333
0.382191263333 0.984145666667
0.0232273766667 0.485464
0.0550569 0.40877
0.0407381666667 0.451864666667
0.0921472333333 0.401826666667
0.139738 0.522517333333
0.027695183 0.718745666667
0.015868193 0.654478333333
0.938794333333 0.472305
0.820797666667 0.381710333333
0.732485 0.01491367
0.286745 0.0220943666667
0.225530333333 0.0249579333333
0.700998333333 0.0452344
0.66347 0.0263676366667
0.469884333333 0.201266333333
0.464778 0.421394333333
0.493264 0.439516
0.162158666667 0.0302249
0.224912 0.0444445666667
0.0793404333333 0.174054666667
0.0523772666667 0.349353666667
0.0448977 0.312011666667
0.0735227333333 0.297974666667
0.0810023 0.335316666667
0.0307414333333 0.277750666667
0.0448299333333 0.22203
0.972305666667 0.922614
0.916280333333 0.768685
0.427838 0.425266666667
0.463822 0.979994666667
0.565588 0.986557666667
0.437897333333 0.214747666667
0.458306 0.389109666667
0.421366 0.392982
0.312551 0.391351666667
0.354955666667 0.406111666667
0.310045 0.357626
0.320602 0.285076
0.06206 0.466973666667
0.1083605 0.503088
0.0766176333333 0.504386666667
0.0962072 0.434059
0.02909221 0.593592666667
0.0525603333333 0.626142
0.0282262433333 0.533545
0.0602946666667 0.537358666667
0.154233 0.553097333333
0.173263 0.612729666667
0.939180333333 0.315855
0.850817666667 0.410352666667
0.898779666667 0.415247666667
0.885617333333 0.389507666667
0.978903666667 0.17237
0.829706 0.230813666667
0.874575666667 0.276052666667
0.834342666667 0.264156
0.991876333333 0.493938333333
0.813478333333 0.209932666667
0.739988333333 0.0547940666667
0.264206666667 0.191744
0.270181333333 0.0460139333333
0.304952666667 0.0309540666667
0.616703666667 0.125650866667
0.637203333333 0.0938885333333
0.476416 0.173058666667
0.452618 0.146670333333
0.207813666667 0.0699285
0.0453694666667 0.143837333333
0.0314943333333 0.175167
0.0174058333333 0.230887666667
0.00982391633333 0.404255666667
0.115618 0.0346129
0.162139666667 0.204820666667
0.198882 0.194061333333
0.195630333333 0.152224
0.157431 0.234694
0.143508733333 0.301288333333
0.282888333333 0.283192666667
0.190307 0.29641
0.198571 0.262811
0.968909 0.882662666667
0.940033 0.890401333333
0.964052333333 0.844531666667
0.935176333333 0.852270333333
0.915564 0.902586666667
0.879038 0.895510333333
0.968784 0.813541333333
0.94804 0.776121666667
0.957499333333 0.731823666667
0.987483333333 0.759497
0.979699666667 0.699475
0.906761333333 0.831405333333
0.846302 0.844263333333
0.875092 0.86246
0.897134666667 0.792173333333
0.208111333333 0.585804
0.201549666667 0.556297333333
0.489059 0.470807
0.417825333333 0.534926
0.454776333333 0.488299
0.454500333333 0.518976666667
0.716797666667 0.974401666667
0.666341 0.979440333333
0.404215333333 0.900551333333
0.413352 0.867407666667
0.455103333333 0.862656666667
0.144812396667 0.9764
0.0131181796667 0.873917
0.290154666667 0.193111
0.303642666667 0.153619666667
0.403267 0.200429666667
0.325758333333 0.204162666667
0.369796333333 0.382623
0.398102333333 0.370855333333
0.342786 0.349778
0.343988666667 0.319789
0.124599833333 0.474514333333
0.127004166667 0.442898333333
0.189930333333 0.48571
0.155977333333 0.493943666667
0.167081 0.419568333333
0.237767 0.398685666667
0.253137666667 0.457959666667
0.207574333333 0.454314
0.200334 0.429654
0.274825666667 0.405615666667
0.282956 0.440229666667
0.182838333333 0.364041333333
0.168627666667 0.387125
0.146199066667 0.334146666667
0.124490866667 0.378222666667
0.112159933333 0.347050333333
0.0714346666667 0.595651666667
0.0800349666667 0.566916
0.1057888 0.620306666667
0.1242171 0.574087666667
0.136685433333 0.604213333333
0.936881 0.446982333333
0.928772 0.413784666667
0.958856333333 0.461738333333
0.903037333333 0.250020666667
0.941434333333 0.271682333333
0.964641666667 0.255481333333
0.964320333333 0.213909666667
0.815987333333 0.343307666667
0.837829 0.332256333333
0.815407 0.289283
0.911277 0.323161
0.885069333333 0.305020333333
0.893466 0.354237666667
0.867258333333 0.336097
0.963146666667 0.550217333333
0.931913333333 0.501272333333
0.808471 0.0271298
0.778446 0.0481434333333
0.804541666667 0.0796595333333
0.289379333333 0.129646666667
0.275614333333 0.0724848666667
0.301697333333 0.0912565
0.237942333333 0.0930007
0.25314 0.146760333333
0.227786 0.128886
0.345789333333 0.0423003666667
0.337101 0.0761318666667
0.408163333333 0.0784292333333
0.386430333333 0.0344687
0.412125666667 0.0486580666667
0.695588666667 0.0729275
0.673755 0.0989856666667
0.734578666667 0.0824871666667
0.777130333333 0.207971
0.629876333333 0.03625987
0.624985 0.0622976666667
0.548032 0.0718724666667
0.523203666667 0.0243939366667
0.586761333333 0.03419857
0.58187 0.0602363666667
0.584069333333 0.123362533333
0.557398333333 0.102319766667
0.526015 0.123195233333
0.507894666667 0.213292333333
0.514426333333 0.185084666667
0.537732333333 0.168032333333
0.570316333333 0.167132
0.783509666667 0.386303
0.747562333333 0.369137333333
0.167824 0.141680666667
0.108471233333 0.161440333333
0.141928333333 0.176033
0.0949093 0.239273666667
0.127107333333 0.242474
0.0892510333333 0.272269
0.121449066667 0.275469333333
0.258514 0.260915333333
0.228167666667 0.256782
0.254116333333 0.222039
0.22377 0.217905666667
0.277549 0.339391666667
0.268549666667 0.313329333333
0.223899333333 0.318319
0.213740333333 0.353092
0.242996333333 0.366187333333
0.850459666667 0.190855
0.866687333333 0.211736
0.899785666667 0.219046333333
0.937861333333 0.199136333333
0.946882333333 0.964455
0.919016666667 0.936689
0.888972 0.989968333333
0.86147 0.926514666667
0.850606 0.981826333333
0.884959 0.953025
0.786784666667 0.649427333333
0.816286 0.638603666667
0.795029666667 0.802268666667
0.838175 0.805111
0.857338333333 0.784075666667
0.215193666667 0.505416666667
0.220756 0.534788
0.251181666667 0.488560666667
0.263229666667 0.540183333333
0.277715666667 0.512055333333
0.202452 0.757041333333
0.223069 0.728811
0.609070666667 0.964657333333
0.586259666667 0.949444333333
0.559672333333 0.934553333333
0.491564666667 0.888472666667
0.604698 0.878913333333
0.640521666667 0.932152666667
0.617710666667 0.916939666667
0.454809 0.942276333333
0.427119333333 0.926493
0.423600666667 0.966872
0.395911 0.951088666667
0.388538666667 0.840127666667
0.288414 0.566894333333
0.366586333333 0.699691333333
0.148812333333 0.830149
0.0262785163333 0.818888333333
0.0511376666667 0.852812333333
0.0295183496667 0.761917666667
0.0561475 0.762502666667
0.0760949333333 0.823804666667
0.0778649333333 0.790465666667
0.0850815666667 0.731651666667
0.130174666667 0.912848
0.0703630666667 0.879996333333
0.0953203333333 0.850988666667
0.123112333333 0.862775
0.182821333333 0.845561
0.410227666667 0.142946333333
0.396834666667 0.170448666667
0.359158333333 0.107960033333
0.386423 0.102904366667
0.338018 0.147057666667
0.351889666667 0.169504333333
0.446142 0.308434666667
0.383506333333 0.308360333333
0.410609666667 0.326581666667
0.435313333333 0.247861333333
0.461668666667 0.269104666667
0.342129 0.526837666667
0.311794666667 0.503323666667
0.315079 0.462099
0.959874666667 0.342427666667
0.954115 0.383540666667
0.967991333333 0.428953333333
0.979162666667 0.488465
0.979631666667 0.300066666667
0.985043333333 0.400691333333
0.896171666667 0.502092
0.892924333333 0.538761333333
0.821511666667 0.505673
0.876914333333 0.46148
0.850213666667 0.451668333333
0.823465 0.469412333333
0.817443 0.859042333333
0.804471666667 0.892361333333
0.768277333333 0.880005
0.783320333333 0.826938
0.755879666667 0.840370333333
0.735606666667 0.963642333333
0.746268 0.904173
0.696336333333 0.951497
0.677330666667 0.924031
0.640882 0.74534
0.634875333333 0.776109
0.71663 0.775093333333
0.649091666667 0.645413333333
0.630371666667 0.670895333333
0.520310666667 0.503004666667
0.543935666667 0.495204333333
0.497833666667 0.527609
0.698409333333 0.58392
0.868740666667 0.0403067333333
0.910012666667 0.0381270666667
0.831105666667 0.0940342
0.823323333333 0.136373333333
0.884741333333 0.0982128333333
0.865279666667 0.0756950333333
0.858561333333 0.162402
0.885805333333 0.142580666667
0.465305333333 0.1121438
0.444655333333 0.0839446666667
0.498987333333 0.103813366667
0.508956 0.0690894
0.448617666667 0.0541735
0.479236333333 0.0476486666667
0.775716 0.311680333333
0.780082 0.280713
0.744579 0.332917333333
0.624533333333 0.160510666667
0.590194333333 0.185393
0.583740666667 0.219574333333
0.78996 0.144616
0.764707666667 0.174334333333
0.777555333333 0.113871
0.74605 0.110048
0.535051333333 0.384098
0.579678333333 0.423156333333
0.531175 0.421259
0.550595 0.444749666667
0.497188666667 0.270357
0.524421666667 0.245750666667
0.557083666667 0.250824
0.685909666667 0.360513666667
0.712042 0.326908333333
0.795528333333 0.447899333333
0.781757 0.418111666667
0.165471 0.1079852
0.174833333333 0.0728503333333
0.145391 0.0517544
0.939238666667 0.162252333333
0.912179333333 0.14146
0.962778 0.133674333333
0.911115333333 0.0970921666667
0.957529 0.0881845333333
0.932925666667 0.0723947
0.807860333333 0.926880333333
0.832053666667 0.942762333333
0.810669333333 0.975352
0.766355333333 0.961624666667
0.766014666667 0.936565333333
0.760934 0.635614333333
0.746541666667 0.597478333333
0.715890333333 0.605884666667
0.781085333333 0.693493666667
0.746144666667 0.763194333333
0.777199333333 0.773675
0.862653666667 0.587721333333
0.865181333333 0.543511666667
0.839774666667 0.533291333333
0.814463666667 0.567369
0.826823666667 0.600705333333
0.888536333333 0.604325
0.914157333333 0.576048
0.948638 0.588323666667
0.971487 0.619818333333
0.963189666667 0.643622666667
0.931378666667 0.701506333333
0.900659666667 0.730035
0.853219333333 0.667347666667
0.340947333333 0.72389
0.278094333333 0.779636333333
0.51252 0.679086333333
0.420839333333 0.565441333333
0.448568 0.583868
0.452977333333 0.624757
0.429508333333 0.651728333333
0.514981333333 0.974635333333
0.532889666667 0.951524333333
0.482435 0.950509
0.500343333333 0.927398
0.569142333333 0.873702333333
0.555567666667 0.896837666667
0.520006333333 0.874883333333
0.347863 0.56377
0.322413 0.583028
0.386469 0.587312333333
0.327172333333 0.628775666667
0.241417 0.598685
0.275727666667 0.595094333333
0.301458666667 0.634965333333
0.463178 0.828982
0.583768 0.780591
0.570897 0.807301666667
0.497675333333 0.813881
0.518042333333 0.833966333333
0.545402 0.830469666667
0.168378333333 0.762324333333
0.152387 0.736915333333
0.141380333333 0.796265666667
0.109226666667 0.782068333333
0.115432333333 0.749381333333
0.154021333333 0.675458333333
0.149234666667 0.701062333333
0.116947033333 0.649718666667
0.0814031333333 0.663001666667
0.069762 0.694719666667
0.100519233333 0.707040666667
0.0641594 0.908813333333
0.04312873 0.961006666667
0.0317736633333 0.936658
0.0860798 0.957887
0.096179 0.929878666667
0.250959666667 0.799812666667
0.242261666667 0.830741
0.217601 0.790925
0.208903 0.821853333333
0.313507666667 0.854558666667
0.263134 0.853430333333
0.212388133333 0.976229333333
0.135697133333 0.970228333333
0.384169666667 0.279403333333
0.397373333333 0.256344
0.338612 0.266356
0.346611666667 0.230929333333
0.379175333333 0.226252
0.364601333333 0.436684666667
0.344106 0.463868
0.408990666667 0.447371
0.416794 0.482503333333
0.392969 0.514304333333
0.364670333333 0.506355333333
0.647695666667 0.803961333333
0.612127 0.826225
0.622187666667 0.854604
0.641893 0.55461
0.635521333333 0.616971333333
0.661715333333 0.593066666667
0.788488666667 0.520225666667
0.786090333333 0.561238666667
0.754556666667 0.567262666667
0.670031333333 0.288161
0.699064666667 0.283747666667
0.684569 0.138084666667
0.717874 0.139587333333
0.724127 0.173128666667
0.696508666667 0.205340666667
0.655847 0.167847333333
0.661533666667 0.201562
0.566797 0.362801
0.557028333333 0.326469666667
0.592004 0.378368666667
0.623394666667 0.374905666667
0.645589666667 0.319520666667
0.648490666667 0.348712666667
0.503416666667 0.30294
0.523510333333 0.324174333333
0.468802333333 0.325243666667
0.479873666667 0.362126333333
0.512423 0.363323333333
0.757879333333 0.47242
0.752793 0.508485666667
0.729284333333 0.532318333333
0.703788333333 0.540569333333
0.100174633333 0.126675
0.131278733333 0.1075722
0.118796066667 0.0734266
0.0451319 0.0902130666667
0.0572676666667 0.117760333333
0.0632482 0.0595661
0.0890230666667 0.0562851
0.732857 0.667530333333
0.680416666667 0.664698666667
0.708923666667 0.654981
0.731305666667 0.728766
0.742884666667 0.700906
0.661696666667 0.690180666667
0.701791 0.740665
0.670716666667 0.725737666667
0.896472 0.634509333333
0.886861333333 0.660044333333
0.935702 0.647473333333
0.926091333333 0.673008333333
0.868483 0.720473666667
0.847312333333 0.693352666667
0.844307333333 0.751026
0.804679666667 0.708675
0.807313666667 0.743467666667
0.310023 0.717753666667
0.266109666667 0.684931666667
0.294867333333 0.675094333333
0.254690666667 0.732308666667
0.281158333333 0.747583
0.366519666667 0.786105666667
0.345653 0.761673333333
0.311664666667 0.787590333333
0.326765666667 0.824364666667
0.361358333333 0.826953333333
0.476950333333 0.578978666667
0.504298333333 0.560948666667
0.481359666667 0.619867666667
0.506176333333 0.640545
0.548535666667 0.701503
0.606454666667 0.731662666667
0.604964333333 0.692775
0.573265666667 0.678096333333
0.569504666667 0.758221666667
0.543284333333 0.742740666667
0.398195666667 0.64597
0.383114666667 0.621319666667
0.364349 0.668175333333
0.349268 0.643525
0.232666 0.630939666667
0.244579666667 0.662413333333
0.217451666667 0.691365333333
0.189532333333 0.635542
0.18563 0.668582666667
0.496528666667 0.699832333333
0.515864333333 0.740408333333
0.498756333333 0.772111
0.364691333333 0.896780666667
0.333389666667 0.880656666667
0.364062 0.936314333333
0.190839666667 0.881261
0.335601666667 0.944193666667
0.314867666667 0.910751333333
0.664818666667 0.858160333333
0.718956666667 0.879979333333
0.688949 0.886923333333
0.726679666667 0.83819
0.706775333333 0.808063
0.674922 0.821089333333
0.609781666667 0.543674
0.581716666667 0.554226666667
0.594270666667 0.508063666667
0.566205666667 0.518616333333
0.710979666667 0.230026
0.716639333333 0.25676
0.751020666667 0.231450666667
0.756680333333 0.258184666667
0.576874666667 0.269655333333
0.583958666667 0.299460333333
0.622217 0.303136666667
0.646658666667 0.271777
0.603531666667 0.238405666667
0.635057333333 0.236851
0.632219666667 0.410422
0.599393 0.440193333333
0.607425333333 0.477358333333
0.744844666667 0.422552333333
0.730945333333 0.458408666667
0.723899666667 0.401512333333
0.694784 0.398897666667
0.66619 0.422613
0.571623666667 0.581374
0.538952333333 0.586903666667
0.590760333333 0.613502333333
0.567494666667 0.640745666667
0.536421 0.625611
0.471635666667 0.765896666667
0.447878333333 0.801489333333
0.401076666667 0.777964666667
0.414990333333 0.807884
0.429888 0.6885
0.462182333333 0.702952
0.454397333333 0.737313666667
0.400812666667 0.714257666667
0.416726333333 0.742987
0.153682 0.933929666667
0.176835 0.912278666667
0.169303666667 0.963301666667
0.192456666667 0.941650666667
0.21662 0.932242666667
0.283597666667 0.920065333333
0.251746 0.888842333333
0.218942 0.894632666667
0.693283 0.474950333333
0.666390666667 0.456979333333
0.640452666667 0.481953333333
0.659409333333 0.523594666667
0.684610666667 0.518700666667
0.240652333333 0.957679
0.274826 0.951292
0.280238 0.976731333333
0.314411666667 0.970344333333
