0.0600444 5.70848e-05
0.0785196 0.000108704
0.11547 8.5711e-05
0.124708 0.000107283
0.161658 0.000246771
0.170896 0.000801134
0.180133 0.000525492
0.207846 0.00261314
0.226321 0.000917138
0.235559 0.000758512
0.244797 0.0020591
0.254034 0.00172187
0.290985 0.00412343
0.30946 0.00848057
0.327935 0.000489482
0.337173 0.00852438
0.34641 0.00742208
0.355648 0.0128422
0.364885 0.0393627
0.374123 0.0474451
0.383361 0.0406856
0.401836 0.00660745
0.411073 0.0323448
0.420311 0.030873
0.438786 0.0149875
0.448024 0.0538719
0.457261 0.0778453
0.466499 0.0734788
0.475737 0.0545239
0.494212 0.298256
0.512687 0.528514
0.521925 0.477918
0.531162 0.811995
0.5404 0.955214
0.549637 0.49338
0.568113 0.24407
0.57735 0.191037
0.586588 0.339038
0.595825 0.17522
0.605063 0.350675
0.614301 0.193713
0.623538 0.389775
0.632776 0.608313
0.642013 0.600248
0.651251 0.48485
0.660489 1.05707
0.669726 0.808685
0.678964 0.640668
0.697439 0.617175
0.706677 0.769247
0.715914 1.07396
0.725152 1.33319
0.73439 1.052
0.743627 2.23386
0.752865 2.08163
0.762102 1.92072
0.77134 1.74635
0.780578 0.0305545
0.789815 0.696673
0.799053 0.550647
0.80829 0.336486
0.817528 0.408247
0.826766 0.262902
0.836003 0.624256
0.845241 0.469429
0.854478 0.64751
0.863716 0.286114
0.872954 0.477092
0.882191 0.618301
0.900666 1.13279
0.909904 1.88071
0.928379 2.62712
0.937617 2.18554
0.946854 1.70373
0.956092 2.56953
0.96533 1.16052
0.983805 1.30643
0.993042 1.07493
1.01152 0.640559
1.02076 0.303086
1.02999 0.776505
1.03923 0.388142
1.04847 0.558357
1.05771 0.40413
1.06694 0.356157
1.07618 0.509056
1.08542 0.458741
1.09466 0.517044
1.10389 0.739295
1.11313 0.382511
1.12237 0.677289
1.13161 1.26967
1.14084 0.619535
1.15008 1.09658
1.15932 0.710223
1.16856 0.687942
1.17779 0.486505
1.18703 1.00097
1.20551 0.548282
1.21474 0.600588
1.22398 0.607653
1.23322 0.688742
1.24246 0.700709
1.2517 0.492155
1.26093 0.66453
1.27017 1.09022
1.27941 0.586131
1.28865 0.582683
1.29788 0.53518
1.30712 0.596509
1.31636 1.09141
1.3256 0.47231
1.33483 0.478714
1.34407 0.875593
1.35331 1.0165
1.36255 1.0584
1.37178 1.00207
1.38102 0.62082
1.39026 0.799949
1.3995 0.938373
1.40873 1.19496
1.41797 0.995548
1.42721 0.873147
1.43645 1.27911
1.44569 0.898144
1.45492 1.08867
1.46416 1.05604
1.4734 0.623343
1.48264 0.664863
1.49187 0.326724
1.50111 0.666227
1.51035 1.26006
1.51959 1.0602
1.52882 0.651869
1.53806 0.784822
1.5473 0.565848
1.55654 0.827772
1.56577 0.633683
1.57501 1.19853
1.58425 1.28289
1.59349 1.63565
1.60272 1.52324
1.61196 1.49136
1.6212 1.44541
1.63044 1.3828
1.63967 1.60786
1.64891 0.956228
1.65815 2.53668
1.66739 0.418995
1.67663 1.29953
1.68586 1.27686
1.6951 0.838951
1.70434 0.98866
1.71358 1.21986
1.72281 1.05572
1.73205 1.17636
1.74129 1.08427
1.75053 1.03727
1.75976 2.00313
1.769 1.77008
1.77824 1.40764
1.78748 1.76827
1.79671 1.81684
1.80595 1.03326
1.81519 1.13766
1.82443 1.93889
1.83366 1.74106
1.8429 1.36347
1.85214 1.55719
1.86138 1.5363
1.87061 1.53381
1.87985 1.72548
1.88909 1.05017
1.89833 1.45124
1.90757 1.16255
1.9168 1.41584
1.92604 1.37479
1.93528 1.11409
1.94452 1.11144
1.95375 1.25156
1.96299 1.08196
1.97223 0.91279
1.98147 0.565422
1.9907 1.21648
1.99994 1.01207
2.00918 1.12851
2.01842 0.973247
2.02765 1.64328
2.03689 1.43945
2.04613 1.21794
2.05537 1.15888
2.0646 0.62992
2.07384 0.760904
2.08308 0.66901
2.09232 1.06237
2.10155 1.34582
2.11079 0.633257
2.12003 0.874445
2.12927 0.97015
2.13851 0.538241
2.14774 0.700488
2.15698 0.916808
2.16622 0.940826
2.17546 0.825214
2.18469 0.859651
2.19393 0.990035
2.20317 1.03076
2.21241 0.799867
2.22164 0.715596
2.23088 0.653782
2.24012 0.7357
2.24936 1.10534
2.25859 0.836868
2.26783 0.839398
2.27707 1.29615
2.28631 0.647529
2.29554 0.901894
2.30478 0.605526
2.31402 0.561309
2.32326 0.854878
2.3325 0.6239
2.34173 0.807073
2.35097 0.784345
2.36021 0.777877
2.36945 0.867784
2.37868 0.784727
2.38792 0.92114
2.39716 0.705156
2.4064 0.86235
2.41563 0.78666
2.42487 1.02014
2.43411 0.960682
2.44335 0.673129
2.45258 1.09089
2.46182 1.00257
2.47106 0.995237
2.4803 0.997998
2.48953 0.9578
2.49877 0.707997
2.50801 1.24776
2.51725 1.118
2.52648 0.800194
2.53572 1.2019
2.54496 0.971362
2.5542 0.783418
2.56344 0.858562
2.57267 0.397339
2.58191 1.15542
2.59115 0.70928
2.60039 0.717799
2.60962 0.899828
2.61886 0.67094
2.6281 1.00638
2.63734 0.895502
2.64657 0.747445
2.65581 0.777054
2.66505 0.963604
2.67429 0.986629
2.68352 0.846053
2.69276 0.958925
2.702 1.112
2.71124 0.762521
2.72047 0.760041
2.72971 0.961951
2.73895 1.17866
2.74819 0.672857
2.75742 0.42955
2.76666 0.900133
2.7759 1.10243
2.78514 1.02736
2.79438 0.662945
2.80361 0.770972
2.81285 0.906525
2.82209 1.00519
2.83133 0.603301
2.84056 0.78722
2.8498 1.11905
2.85904 0.654458
2.86828 1.14822
2.87751 1.55138
2.88675 1.0371
2.89599 0.728882
2.90523 0.970126
2.91446 1.03914
2.9237 1.239
2.93294 0.871153
2.94218 0.933419
2.95141 0.913982
2.96065 1.24246
2.96989 0.812153
2.97913 0.823467
2.98836 1.3821
2.9976 0.851767
3.00684 0.930843
3.01608 0.632167
3.02532 1.10694
3.03455 0.840092
3.04379 0.878397
3.05303 1.13663
3.06227 1.02269
3.0715 1.06956
3.08074 0.884965
3.08998 1.26169
3.09922 1.05424
3.10845 0.984595
3.11769 0.985902
3.12693 0.915906
3.13617 0.69948
3.1454 1.12896
3.15464 0.830935
3.16388 0.719162
3.17312 1.00364
3.18235 0.887362
3.19159 0.987422
3.20083 0.657242
3.21007 0.925707
3.21931 0.772785
3.22854 0.786557
3.23778 1.20467
3.24702 1.62237
3.25626 1.03506
3.26549 1.1243
3.27473 0.977116
3.28397 0.858648
3.29321 1.65463
3.30244 1.4034
3.31168 0.892394
3.32092 0.961043
3.33016 1.07275
3.33939 1.58919
3.34863 1.40785
3.35787 1.14178
3.36711 0.808333
3.37634 1.06804
3.38558 0.699581
3.39482 1.06309
3.40406 1.24973
3.41329 0.822055
3.42253 1.38816
3.43177 0.934201
3.44101 1.40012
3.45025 1.129
3.45948 0.842385
3.46872 1.28582
3.47796 1.14186
3.4872 1.0979
3.49643 1.51168
3.50567 1.9714
3.51491 1.32369
3.52415 1.19247
3.53338 1.12092
3.54262 0.862761
3.55186 1.34946
3.5611 1.56264
3.57033 1.13361
3.57957 1.03539
3.58881 1.37218
3.59805 1.02088
3.60728 1.80304
3.61652 1.28611
3.62576 1.01541
3.635 1.12751
3.64423 1.09837
3.65347 0.967494
3.66271 0.989394
3.67195 0.989331
3.68119 0.999932
3.69042 1.0543
3.69966 0.869334
3.7089 1.19482
3.71814 1.05531
3.72737 1.10184
3.73661 1.26378
3.74585 1.28852
3.75509 1.18501
3.76432 1.0633
3.77356 0.937862
3.7828 0.965542
3.79204 1.0472
3.80127 1.567
3.81051 0.938308
3.81975 0.857701
3.82899 1.18464
3.83822 0.621361
3.84746 0.986805
3.8567 0.992606
3.86594 0.911399
3.87518 0.98753
3.88441 0.695487
3.89365 1.01734
3.90289 0.761031
3.91213 1.07807
3.92136 1.01541
3.9306 1.12447
3.93984 1.10554
3.94908 0.945245
3.95831 0.836835
3.96755 0.875856
3.97679 1.0306
3.98603 0.922812
3.99526 1.06618
4.0045 0.953552
4.01374 0.800916
4.02298 0.727225
4.03221 1.18394
4.04145 0.832994
4.05069 0.942324
4.05993 0.981091
4.06916 1.06086
4.0784 0.781321
4.08764 0.779522
4.09688 0.885437
4.10612 0.925673
4.11535 0.666841
4.12459 0.893931
4.13383 1.04332
4.14307 0.540249
4.1523 0.91943
4.16154 0.716801
4.17078 0.689163
4.18002 0.958267
4.18925 0.828522
4.19849 0.927421
4.20773 0.982044
4.21697 0.833542
4.2262 0.820518
4.23544 0.710258
4.24468 1.06978
4.25392 0.741058
4.26315 0.70526
4.27239 0.95448
4.28163 0.909514
4.29087 0.789901
4.3001 0.884565
4.30934 0.742961
4.31858 0.779985
4.32782 0.929693
4.33706 1.12766
4.34629 0.776168
4.35553 0.987196
4.36477 0.938664
4.37401 0.800337
4.38324 0.823669
4.39248 1.00199
4.40172 1.20939
4.41096 0.956533
4.42019 1.02462
4.42943 0.64107
4.43867 1.02783
4.44791 0.907038
4.45714 1.00193
4.46638 0.894416
4.47562 1.1647
4.48486 0.662758
4.49409 0.958649
4.50333 0.807983
4.51257 1.00503
4.52181 0.890054
4.53104 0.579153
4.54028 1.0641
4.54952 0.834641
4.55876 0.853665
4.568 0.833693
4.57723 0.885765
4.58647 0.670871
4.59571 1.25491
4.60495 0.887794
4.61418 0.946993
