0.0735391 0.0473532
0.0961665 0.0987852
0.141421 0.13444
0.152735 0.0510056
0.19799 0.0850046
0.209304 0.0687127
0.220617 0.0938695
0.254558 0.0858838
0.277186 0.0651853
0.2885 0.128722
0.299813 0.0440521
0.311127 0.066591
0.356382 0.100116
0.379009 0.129328
0.401637 0.0788611
0.41295 0.143988
0.424264 0.0446821
0.435578 0.0360679
0.446891 0.393627
0.458205 0.205814
0.469519 0.165031
0.492146 0.0542947
0.50346 0.225309
0.514774 0.0844732
0.537401 0.352492
0.548715 0.273546
0.560029 0.15018
0.571342 0.300027
0.582656 0.311392
0.605283 0.331346
0.627911 0.28686
0.639225 0.242292
0.650538 0.198486
0.661852 0.177387
0.673166 0.20483
0.695793 0.544626
0.707107 0.403202
0.71842 0.312611
0.729734 0.305544
0.741048 0.742738
0.752362 0.192872
0.763675 0.639012
0.774989 0.552278
0.786303 0.44554
0.797616 0.106987
0.80893 0.947416
0.820244 0.511438
0.831558 0.630363
0.854185 0.725831
0.865499 0.7745
0.876812 0.174157
0.888126 1.48061
0.89944 0.482278
0.910754 1.22356
0.922067 1.37358
0.933381 0.498551
0.944695 1.26491
0.956008 0.858588
0.967322 0.4939
0.978636 1.1577
0.989949 1.97136
1.00126 0.820182
1.01258 0.811254
1.02389 0.593694
1.0352 0.934441
1.04652 1.3254
1.05783 1.2072
1.06915 0.579054
1.08046 1.07342
1.10309 2.60319
1.1144 2.01955
1.13703 1.46117
1.14834 0.984682
1.15966 0.807439
1.17097 1.26674
1.18228 1.75454
1.20491 1.11507
1.21622 0.671002
1.23885 0.960829
1.25016 1.02348
1.26148 1.64177
1.27279 1.68566
1.28411 1.35643
1.29542 1.18329
1.30673 1.59654
1.31805 1.34964
1.32936 0.849008
1.34067 0.591618
1.35199 1.20949
1.3633 1.42394
1.37462 0.464771
1.38593 0.686455
1.39724 0.781832
1.40856 1.09627
1.41987 0.999166
1.43118 0.770176
1.4425 0.474222
1.45381 0.985168
1.47644 0.838364
1.48775 0.675705
1.49907 1.01084
1.51038 0.651508
1.52169 0.980758
1.53301 1.14333
1.54432 1.55975
1.55563 1.28479
1.56695 0.660158
1.57826 0.905797
1.58958 1.06601
1.60089 0.841509
1.6122 1.07517
1.62352 0.957211
1.63483 0.752908
1.64614 1.14871
1.65746 1.04847
1.66877 1.30261
1.68009 0.767893
1.6914 0.682198
1.70271 0.611249
1.71403 0.857818
1.72534 1.25873
1.73665 0.733677
1.74797 0.647828
1.75928 1.59542
1.7706 1.01887
1.78191 0.981418
1.79322 0.779896
1.80454 0.74029
1.81585 1.08846
1.82716 3.22122
1.83848 1.11606
1.84979 1.20079
1.86111 0.891814
1.87242 0.715373
1.88373 0.864137
1.89505 1.68099
1.90636 0.593654
1.91767 1.50115
1.92899 0.750335
1.9403 0.919918
1.95161 1.19931
1.96293 1.17783
1.97424 1.17414
1.98556 0.749227
1.99687 0.841572
2.00818 0.70772
2.0195 0.476911
2.03081 1.23298
2.04212 0.933546
2.05344 0.891607
2.06475 1.06086
2.07607 1.06705
2.08738 0.90624
2.09869 0.91775
2.11001 1.54871
2.12132 1.05261
2.13263 0.624713
2.14395 0.55047
2.15526 1.25019
2.16658 1.30642
2.17789 0.608036
2.1892 0.97635
2.20052 1.22975
2.21183 0.803427
2.22314 0.809268
2.23446 1.01003
2.24577 1.32081
2.25708 1.44913
2.2684 0.842557
2.27971 1.13022
2.29103 0.855601
2.30234 0.956632
2.31365 1.17334
2.32497 0.95794
2.33628 0.770079
2.34759 1.10584
2.35891 1.33874
2.37022 1.26022
2.38154 1.09435
2.39285 0.915598
2.40416 0.81207
2.41548 1.07285
2.42679 0.280784
2.4381 1.10892
2.44942 1.28145
2.46073 0.827665
2.47205 0.961997
2.48336 1.23503
2.49467 0.699019
2.50599 1.01579
2.5173 1.06923
2.52861 0.825544
2.53993 1.30073
2.55124 0.993959
2.56255 1.0319
2.57387 0.747899
2.58518 0.477939
2.5965 0.878648
2.60781 1.3075
2.61912 0.717814
2.63044 0.965801
2.64175 1.23582
2.65306 1.27443
2.66438 1.05861
2.67569 0.992531
2.68701 0.955206
2.69832 1.33983
2.70963 1.3107
2.72095 0.849303
2.73226 0.803367
2.74357 0.802334
2.75489 1.32545
2.7662 0.895947
2.77752 1.02937
2.78883 0.657203
2.80014 1.05245
2.81146 1.0439
2.82277 0.974453
2.83408 0.822376
2.8454 0.923297
2.85671 1.17364
2.86803 0.783685
2.87934 0.944338
2.89065 0.853964
2.90197 0.996581
2.91328 0.794108
2.92459 1.36961
2.93591 0.726811
2.94722 1.04783
2.95853 1.26728
2.96985 0.929556
2.98116 0.827231
2.99248 0.700545
3.00379 0.810262
3.0151 0.715388
3.02642 0.842408
3.03773 1.1046
3.04904 0.942688
3.06036 1.08721
3.07167 0.856374
3.08299 0.977518
3.0943 1.23755
3.10561 0.945433
3.11693 1.05237
3.12824 1.30441
3.13955 1.35527
3.15087 0.763128
3.16218 1.09815
3.1735 0.988932
3.18481 1.51503
3.19612 1.08437
3.20744 0.849518
3.21875 1.14268
3.23006 1.31146
3.24138 1.4623
3.25269 1.0385
3.264 1.01656
3.27532 1.0896
3.28663 0.904269
3.29795 0.834097
3.30926 0.94608
3.32057 0.818692
3.33189 1.32915
3.3432 0.800377
3.35451 1.0136
3.36583 0.924068
3.37714 1.2397
3.38846 0.954743
3.39977 1.00333
3.41108 0.988198
3.4224 0.849457
3.43371 1.25801
3.44502 1.09073
3.45634 1.19347
3.46765 0.872304
3.47897 1.15986
3.49028 1.13336
3.50159 0.772393
3.51291 1.02784
3.52422 0.954607
3.53553 1.08176
3.54685 1.03143
3.55816 1.15301
3.56948 1.07457
3.58079 0.975921
3.5921 0.934593
3.60342 0.884549
3.61473 0.859209
3.62604 0.925595
3.63736 1.12498
3.64867 0.795323
3.65998 0.668002
3.6713 0.811906
3.68261 0.697799
3.69393 0.560024
3.70524 1.01846
3.71655 1.23318
3.72787 1.18393
3.73918 0.860577
3.75049 0.683764
3.76181 0.902472
3.77312 0.845152
3.78444 1.26481
3.79575 0.873689
3.80706 1.13948
3.81838 0.640123
3.82969 0.835109
3.841 1.48736
3.85232 0.952949
3.86363 0.702604
3.87495 0.824379
3.88626 0.825707
3.89757 0.855428
3.90889 1.10816
3.9202 0.701278
3.93151 1.14419
3.94283 1.14617
3.95414 0.76388
3.96545 1.17097
3.97677 1.30155
3.98808 1.03857
3.9994 1.02494
4.01071 1.15715
4.02202 1.39674
4.03334 0.969696
4.04465 1.00922
4.05596 1.00429
4.06728 1.36414
4.07859 0.990034
4.08991 0.888547
4.10122 1.00507
4.11253 1.1497
4.12385 0.998603
4.13516 0.768693
4.14647 0.912038
4.15779 1.17669
4.1691 1.37396
4.18042 1.0124
4.19173 0.88034
4.20304 0.99814
4.21436 0.969764
4.22567 0.877549
4.23698 1.13572
4.2483 0.904368
4.25961 1.02917
4.27092 0.962515
4.28224 1.03293
4.29355 1.18198
4.30487 1.17725
4.31618 1.07274
4.32749 1.19466
4.33881 1.05912
4.35012 1.07807
4.36143 1.10077
4.37275 0.95366
4.38406 0.846723
4.39538 1.17932
4.40669 1.27881
4.418 0.956928
4.42932 1.03266
4.44063 0.951942
4.45194 1.01014
4.46326 1.20917
4.47457 0.926794
4.48589 0.751381
4.4972 0.811387
4.50851 0.932412
4.51983 1.00015
4.53114 1.2118
4.54245 1.08208
4.55377 0.902169
4.56508 1.03544
4.5764 0.955931
4.58771 1.17546
4.59902 0.893657
4.61034 0.776976
4.62165 1.12529
4.63296 1.10884
4.64428 1.38906
4.65559 1.00019
4.6669 0.918392
4.67822 0.957396
4.68953 0.698751
4.70085 1.0095
4.71216 0.856763
4.72347 1.18863
4.73479 0.951394
4.7461 1.11499
4.75741 1.38435
4.76873 1.13611
4.78004 0.698139
4.79136 0.635189
4.80267 0.759177
4.81398 0.812493
4.8253 1.16952
4.83661 0.88294
4.84792 0.792166
4.85924 0.940042
4.87055 0.959548
4.88187 0.919578
4.89318 0.911373
4.90449 0.920894
4.91581 0.868
4.92712 1.15001
4.93843 1.11224
4.94975 1.16264
4.96106 1.14308
4.97237 0.897658
4.98369 0.97962
4.995 0.917745
5.00632 0.873664
5.01763 0.893847
5.02894 0.891605
5.04026 0.587304
5.05157 0.624601
5.06288 1.02248
5.0742 1.09075
5.08551 1.17006
5.09683 1.11637
5.10814 0.915423
5.11945 0.811237
5.13077 0.845261
5.14208 0.777599
5.15339 0.870456
5.16471 1.14466
5.17602 1.19238
5.18734 1.14016
5.19865 1.06437
5.20996 1.04622
5.22128 1.04453
5.23259 0.988002
5.2439 0.945769
5.25522 1.05642
5.26653 0.923689
5.27785 1.42786
5.28916 0.882252
5.30047 0.956349
5.31179 1.01151
5.3231 0.939765
5.33441 1.32985
5.34573 1.36474
5.35704 0.913739
5.36835 0.674067
5.37967 1.00827
5.39098 0.930165
5.4023 1.31204
5.41361 1.12545
5.42492 1.10475
5.43624 0.997128
5.44755 0.873163
5.45886 1.13319
5.47018 1.05428
5.48149 0.987435
5.49281 0.906197
5.50412 0.947394
5.51543 0.84471
5.52675 0.77902
5.53806 0.899855
5.54937 0.752357
5.56069 0.794325
5.572 0.980104
5.58332 1.11791
5.59463 1.23089
5.60594 1.15319
5.61726 1.04777
5.62857 1.52176
5.63988 0.830485
5.6512 0.961796
