0.0431094 0.393014
0.0563738 0.235583
0.0829027 0.22391
0.0895349 0.0936657
0.116064 0.0332607
0.122696 0.248102
0.129328 0.136171
0.149225 0.0378942
0.162489 0.130222
0.169121 0.0269051
0.175754 0.0606352
0.182386 0.0309523
0.208915 0.101546
0.222179 0.0406447
0.235444 0.0427032
0.242076 0.0219299
0.248708 0.549378
0.25534 0.139636
0.261972 0.0646897
0.268605 0.13026
0.275237 0.0691783
0.288501 0.44179
0.295133 0.0987099
0.301766 0.0695307
0.31503 0.0635469
0.321662 0.0626023
0.328295 0.348598
0.334927 0.0723467
0.341559 0.118431
0.354823 0.200609
0.368088 0.218343
0.37472 0.507755
0.381352 0.227126
0.387984 0.192553
0.394617 0.0765629
0.407881 0.0531916
0.414513 0.185339
0.421146 0.0615526
0.427778 0.0930701
0.43441 0.0967333
0.441042 0.119919
0.447674 0.111743
0.454307 0.271107
0.460939 0.125413
0.467571 0.0862461
0.474203 0.0946416
0.480835 0.148107
0.487468 0.205774
0.500732 0.181064
0.507364 0.152208
0.513997 0.17064
0.520629 0.323736
0.527261 0.264384
0.533893 0.537422
0.540525 0.441793
0.547158 0.881437
0.55379 0.626089
0.560422 0.0457392
0.567054 0.371876
0.573686 0.119227
0.580319 0.162787
0.586951 0.18038
0.593583 0.437331
0.600215 0.330399
0.606848 0.252917
0.61348 0.627593
0.620112 0.462173
0.626744 0.49688
0.633376 0.264827
0.646641 0.89829
0.653273 1.14051
0.666537 1.68767
0.67317 1.55927
0.679802 1.18883
0.686434 1.26121
0.693066 1.16254
0.706331 0.969878
0.712963 0.979857
0.726227 0.849445
0.73286 0.839684
0.739492 0.888043
0.746124 0.680992
0.752756 0.821826
0.759388 0.494491
0.766021 0.869116
0.772653 0.473087
0.779285 0.728612
0.785917 0.681974
0.792549 0.629395
0.799182 0.658075
0.805814 0.556803
0.812446 1.12808
0.819078 0.653846
0.825711 0.81134
0.832343 0.59484
0.838975 0.68125
0.845607 0.824854
0.852239 0.599443
0.865504 0.749122
0.872136 0.562962
0.878768 0.710486
0.8854 0.447267
0.892033 0.600264
0.898665 1.08765
0.905297 0.224367
0.911929 0.635999
0.918562 0.28081
0.925194 0.918603
0.931826 0.525328
0.938458 0.527924
0.94509 0.496031
0.951723 0.393133
0.958355 0.805782
0.964987 0.740143
0.971619 0.635854
0.978251 0.381406
0.984884 0.50574
0.991516 0.973725
0.998148 0.641317
1.00478 0.615657
1.01141 0.750053
1.01804 0.790966
1.02468 0.648187
1.03131 0.221405
1.03794 0.627786
1.04457 1.11192
1.05121 0.764899
1.05784 0.927392
1.06447 0.914595
1.0711 0.878457
1.07773 0.679797
1.08437 1.27861
1.091 0.726035
1.09763 0.806567
1.10426 1.03174
1.1109 1.16602
1.11753 0.83578
1.12416 0.583802
1.13079 0.990393
1.13742 1.15287
1.14406 1.63437
1.15069 1.03141
1.15732 0.826094
1.16395 0.695189
1.17059 1.00533
1.17722 1.17925
1.18385 1.05869
1.19048 0.749523
1.19711 0.651989
1.20375 0.886342
1.21038 1.19751
1.21701 1.39895
1.22364 1.30738
1.23028 1.52235
1.23691 1.56459
1.24354 1.27684
1.25017 1.03806
1.2568 1.51541
1.26344 1.05208
1.27007 1.00713
1.2767 1.70453
1.28333 1.30265
1.28997 1.08501
1.2966 0.973499
1.30323 1.23354
1.30986 1.34741
1.31649 1.508
1.32313 1.54944
1.32976 1.15199
1.33639 1.42658
1.34302 1.31243
1.34966 1.03027
1.35629 2.0155
1.36292 2.25592
1.36955 1.8163
1.37618 1.2708
1.38282 0.782147
1.38945 1.18887
1.39608 1.52122
1.40271 1.22868
1.40935 1.31557
1.41598 1.05297
1.42261 0.970073
1.42924 1.25867
1.43587 2.02973
1.44251 1.40598
1.44914 1.14774
1.45577 1.61267
1.4624 1.15305
1.46904 0.866892
1.47567 0.367525
1.4823 2.277
1.48893 1.14733
1.49556 1.72161
1.5022 1.38846
1.50883 1.07792
1.51546 1.11709
1.52209 1.31256
1.52873 1.68938
1.53536 1.0676
1.54199 1.44
1.54862 1.00743
1.55525 0.706863
1.56189 0.552987
1.56852 2.16919
1.57515 1.20873
1.58178 1.18253
1.58842 1.27784
1.59505 1.28642
1.60168 1.48956
1.60831 1.36593
1.61494 0.933275
1.62158 1.12431
1.62821 1.15811
1.63484 1.14038
1.64147 1.04074
1.64811 1.27924
1.65474 1.19695
1.66137 1.48644
1.668 1.12741
1.67463 0.795535
1.68127 0.832111
1.6879 1.18575
1.69453 1.19396
1.70116 1.11079
1.70779 0.960432
1.71443 1.0946
1.72106 1.04391
1.72769 0.93592
1.73432 0.924115
1.74096 1.16542
1.74759 0.89209
1.75422 0.70614
1.76085 1.01524
1.76748 0.72987
1.77412 0.934266
1.78075 1.21409
1.78738 0.889031
1.79401 0.815088
1.80065 1.00144
1.80728 0.754584
1.81391 0.859552
1.82054 1.08463
1.82717 0.757582
1.83381 0.975365
1.84044 0.826854
1.84707 1.25896
1.8537 0.688861
1.86034 0.658885
1.86697 1.05117
1.8736 1.02658
1.88023 0.660031
1.88686 0.960648
1.8935 0.846326
1.90013 0.777645
1.90676 0.730967
1.91339 0.762307
1.92003 0.913956
1.92666 0.632674
1.93329 0.589506
1.93992 0.773375
1.94655 0.743944
1.95319 0.860683
1.95982 0.671072
1.96645 0.978071
1.97308 1.03732
1.97972 0.780587
1.98635 1.12556
1.99298 0.803511
1.99961 1.05652
2.00624 0.62611
2.01288 0.892702
2.01951 0.803649
2.02614 1.10785
2.03277 0.691267
2.03941 0.76722
2.04604 0.634878
2.05267 0.710974
2.0593 0.781711
2.06593 0.832635
2.07257 0.895241
2.0792 0.862278
2.08583 0.768774
2.09246 1.00964
2.0991 1.17281
2.10573 1.42535
2.11236 0.990883
2.11899 1.01174
2.12562 0.971873
2.13226 0.624778
2.13889 0.777745
2.14552 1.24805
2.15215 1.00095
2.15879 0.81496
2.16542 0.692385
2.17205 0.983395
2.17868 1.07101
2.18531 0.751924
2.19195 1.08842
2.19858 0.837143
2.20521 0.764366
2.21184 0.689241
2.21848 0.635999
2.22511 0.83583
2.23174 0.921964
2.23837 1.51373
2.245 0.927143
2.25164 0.851924
2.25827 1.35736
2.2649 0.936955
2.27153 1.15187
2.27817 0.809371
2.2848 0.714081
2.29143 1.10415
2.29806 0.784952
2.30469 1.11173
2.31133 0.968323
2.31796 1.32519
2.32459 0.990168
2.33122 1.00238
2.33786 0.992511
2.34449 0.668788
2.35112 1.04284
2.35775 1.06955
2.36438 0.976957
2.37102 1.08582
2.37765 1.26476
2.38428 0.971323
2.39091 0.69085
2.39755 1.19206
2.40418 1.19411
2.41081 1.11159
2.41744 0.989113
2.42407 0.937888
2.43071 0.79008
2.43734 0.743313
2.44397 0.929203
2.4506 0.976437
2.45724 0.855504
2.46387 1.24756
2.4705 0.93798
2.47713 1.1702
2.48376 1.13313
2.4904 0.924866
2.49703 0.858028
2.50366 0.972489
2.51029 1.32859
2.51692 0.620971
2.52356 1.08393
2.53019 0.9221
2.53682 0.758465
2.54345 0.948331
2.55009 1.1164
2.55672 0.812699
2.56335 1.19249
2.56998 0.638549
2.57661 0.998764
2.58325 1.14352
2.58988 0.772564
2.59651 0.95139
2.60314 1.38255
2.60978 0.979549
2.61641 1.05996
2.62304 1.18433
2.62967 0.989694
2.6363 0.895718
2.64294 1.12553
2.64957 1.02392
2.6562 1.14906
2.66283 1.30813
2.66947 0.852206
2.6761 1.17127
2.68273 0.728867
2.68936 0.768872
2.69599 1.09025
2.70263 0.71182
2.70926 1.05343
2.71589 1.10301
2.72252 1.06439
2.72916 1.10939
2.73579 0.948741
2.74242 1.33541
2.74905 1.22982
2.75568 0.897406
2.76232 0.798654
2.76895 1.13866
2.77558 1.4525
2.78221 1.2124
2.78885 1.51924
2.79548 0.929666
2.80211 1.31544
2.80874 1.24868
2.81537 1.12511
2.82201 0.912173
2.82864 0.821851
2.83527 0.963383
2.8419 1.03143
2.84854 1.33369
2.85517 0.912727
2.8618 0.906055
2.86843 0.979806
2.87506 0.912354
2.8817 1.3665
2.88833 1.08525
2.89496 0.966924
2.90159 1.02797
2.90823 1.0587
2.91486 1.03032
2.92149 1.12393
2.92812 1.22579
2.93475 1.23767
2.94139 0.811089
2.94802 1.10352
2.95465 0.978292
2.96128 1.25505
2.96792 1.3902
2.97455 0.947857
2.98118 0.913406
2.98781 1.22781
2.99444 1.07015
3.00108 1.18546
3.00771 0.769471
3.01434 1.20681
3.02097 1.10073
3.02761 0.774473
3.03424 1.33057
3.04087 0.890226
3.0475 1.25362
3.05413 1.21467
3.06077 0.806756
3.0674 1.1119
3.07403 0.8018
3.08066 0.963005
3.0873 0.689605
3.09393 0.796978
3.10056 0.915887
3.10719 0.992447
3.11382 1.09557
3.12046 0.864036
3.12709 0.963125
3.13372 0.763843
3.14035 1.07276
3.14699 0.793489
3.15362 1.33199
3.16025 1.07756
3.16688 0.955395
3.17351 1.16448
3.18015 0.796949
3.18678 1.33255
3.19341 1.17245
3.20004 0.954056
3.20668 1.15906
3.21331 1.0398
3.21994 1.14804
3.22657 0.82034
3.2332 1.28173
3.23984 0.671012
3.24647 1.00473
3.2531 1.02739
3.25973 0.869672
3.26637 0.678476
3.273 0.649577
3.27963 0.923869
3.28626 0.786869
3.29289 0.91246
3.29953 1.25831
3.30616 1.07304
3.31279 0.859155
