0.0431465 0.388573
0.0564223 0.189362
0.082974 0.24299
0.0896119 0.0755877
0.116164 0.0395
0.122801 0.210494
0.129439 0.0591948
0.149353 0.0234142
0.162629 0.388036
0.169267 0.135923
0.175905 0.011773
0.182543 0.019919
0.209094 0.0855409
0.22237 0.0511517
0.235646 0.142369
0.242284 0.0282834
0.248922 0.105816
0.25556 0.0737781
0.262198 0.0923858
0.268836 0.0645219
0.275474 0.0656247
0.288749 0.273302
0.295387 0.106034
0.302025 0.0361267
0.315301 0.0361779
0.321939 0.0266646
0.328577 0.340408
0.335215 0.0566798
0.341853 0.0528953
0.355129 0.0579154
0.368404 0.0715126
0.375042 0.109773
0.38168 0.0432407
0.388318 0.037587
0.394956 0.0771971
0.408232 0.0591449
0.41487 0.154923
0.421508 0.033204
0.428146 0.0303341
0.434784 0.0459125
0.441422 0.0311829
0.448059 0.0596551
0.454697 0.464673
0.461335 0.0584028
0.467973 0.0657347
0.474611 0.0731205
0.481249 0.129483
0.487887 0.0491576
0.501163 0.111091
0.507801 0.0716602
0.514439 0.158324
0.521077 0.12979
0.527715 0.271898
0.534352 0.0536337
0.54099 0.228339
0.547628 0.0576342
0.554266 0.0849189
0.560904 0.168579
0.567542 0.209976
0.57418 0.177917
0.580818 0.43461
0.587456 0.308361
0.594094 0.211391
0.600732 0.214398
0.60737 0.302243
0.614007 0.21908
0.620645 0.275061
0.627283 0.124035
0.633921 0.522686
0.647197 0.486261
0.653835 0.340527
0.667111 1.29415
0.673749 1.02061
0.680387 0.647707
0.687025 0.625232
0.693662 0.978901
0.706938 1.34302
0.713576 1.5949
0.726852 1.13284
0.73349 1.27804
0.740128 0.489234
0.746766 0.925709
0.753404 2.60419
0.760042 1.16587
0.76668 1.43821
0.773318 0.789743
0.779955 0.575008
0.786593 0.879771
0.793231 0.759913
0.799869 1.09969
0.806507 0.640173
0.813145 0.280771
0.819783 0.94321
0.826421 0.811722
0.833059 0.804924
0.839697 1.22178
0.846335 0.747615
0.852973 0.422434
0.866248 0.454758
0.872886 0.49231
0.879524 0.752884
0.886162 0.461841
0.8928 0.459116
0.899438 0.324054
0.906076 0.475435
0.912714 0.317985
0.919352 0.519526
0.92599 0.64535
0.932628 0.350734
0.939265 0.644239
0.945903 0.630002
0.952541 0.29914
0.959179 0.237351
0.965817 0.313074
0.972455 0.440854
0.979093 0.212193
0.985731 0.272459
0.992369 0.51118
0.999007 0.420776
1.00564 0.392476
1.01228 0.329555
1.01892 0.452537
1.02556 0.57927
1.0322 0.186547
1.03883 0.672254
1.04547 0.567241
1.05211 0.458685
1.05875 0.755872
1.06539 0.647897
1.07202 0.422399
1.07866 0.745352
1.0853 0.608189
1.09194 0.310172
1.09858 0.570904
1.10521 1.14646
1.11185 1.22067
1.11849 0.974004
1.12513 0.23542
1.13177 1.43299
1.1384 1.14432
1.14504 0.915782
1.15168 0.955417
1.15832 0.401133
1.16495 0.823863
1.17159 1.09079
1.17823 1.4131
1.18487 0.844752
1.19151 0.897689
1.19814 2.02075
1.20478 1.41105
1.21142 0.858659
1.21806 0.998252
1.2247 1.45541
1.23133 1.92924
1.23797 1.11159
1.24461 1.21172
1.25125 1.81931
1.25789 1.58524
1.26452 1.46751
1.27116 1.69076
1.2778 1.73722
1.28444 2.40289
1.29108 1.66443
1.29771 1.09752
1.30435 1.62077
1.31099 1.93321
1.31763 1.17506
1.32426 1.28261
1.3309 1.87801
1.33754 1.99029
1.34418 1.87863
1.35082 1.74611
1.35745 1.18783
1.36409 1.09748
1.37073 2.09457
1.37737 1.6064
1.38401 1.63343
1.39064 3.52121
1.39728 2.20912
1.40392 0.980722
1.41056 1.26155
1.4172 2.08915
1.42383 0.662631
1.43047 1.52687
1.43711 1.26291
1.44375 2.03076
1.45039 2.13169
1.45702 1.68588
1.46366 2.2374
1.4703 1.52918
1.47694 1.95614
1.48357 2.41877
1.49021 1.66649
1.49685 1.20719
1.50349 1.47821
1.51013 1.28799
1.51676 0.852696
1.5234 1.40628
1.53004 2.60462
1.53668 1.48757
1.54332 1.04683
1.54995 1.15393
1.55659 1.23791
1.56323 0.850479
1.56987 0.897441
1.57651 1.04243
1.58314 1.14783
1.58978 1.10245
1.59642 1.57703
1.60306 0.926882
1.6097 1.30902
1.61633 0.721958
1.62297 0.740241
1.62961 1.14365
1.63625 0.851927
1.64288 1.21227
1.64952 0.825754
1.65616 0.585684
1.6628 0.762542
1.66944 0.713947
1.67607 0.786388
1.68271 0.676982
1.68935 0.730622
1.69599 0.474954
1.70263 0.909649
1.70926 0.614243
1.7159 0.771039
1.72254 1.04361
1.72918 0.588458
1.73582 0.857587
1.74245 0.669521
1.74909 0.643828
1.75573 0.538761
1.76237 0.519189
1.76901 0.719233
1.77564 0.67575
1.78228 0.62928
1.78892 0.551222
1.79556 0.65727
1.80219 0.669859
1.80883 0.47249
1.81547 0.3248
1.82211 0.624041
1.82875 0.486459
1.83538 0.687198
1.84202 0.526879
1.84866 0.550995
1.8553 0.865672
1.86194 0.448821
1.86857 0.652163
1.87521 0.480494
1.88185 0.506295
1.88849 0.36921
1.89513 0.505304
1.90176 0.645107
1.9084 0.672806
1.91504 0.654081
1.92168 0.602692
1.92832 0.772804
1.93495 0.600894
1.94159 0.502575
1.94823 0.435844
1.95487 0.732104
1.9615 0.652817
1.96814 0.829663
1.97478 0.846009
1.98142 0.840417
1.98806 0.531042
1.99469 0.66326
2.00133 0.868785
2.00797 0.539195
2.01461 0.732018
2.02125 1.06815
2.02788 0.918926
2.03452 0.827454
2.04116 1.05435
2.0478 1.3334
2.05444 0.873278
2.06107 0.842714
2.06771 1.09826
2.07435 0.855637
2.08099 0.818863
2.08763 0.957353
2.09426 0.849402
2.1009 0.782198
2.10754 1.21927
2.11418 1.18551
2.12081 1.22957
2.12745 0.847738
2.13409 0.933007
2.14073 1.16874
2.14737 0.480502
2.154 0.827597
2.16064 1.25285
2.16728 0.991704
2.17392 1.15245
2.18056 1.20622
2.18719 0.860891
2.19383 1.14425
2.20047 0.949735
2.20711 1.0696
2.21375 1.10471
2.22038 0.90134
2.22702 0.899313
2.23366 0.903814
2.2403 1.34305
2.24694 0.806581
2.25357 1.1384
2.26021 1.18846
2.26685 0.853995
2.27349 1.08495
2.28013 1.57067
2.28676 1.16414
2.2934 0.943223
2.30004 1.01407
2.30668 0.824644
2.31331 0.70868
2.31995 1.19462
2.32659 0.800583
2.33323 0.972089
2.33987 1.51182
2.3465 1.10925
2.35314 1.89793
2.35978 0.902051
2.36642 1.28052
2.37306 0.892717
2.37969 0.917054
2.38633 1.83628
2.39297 1.10653
2.39961 1.225
2.40625 1.05427
2.41288 0.661744
2.41952 1.59078
2.42616 0.922487
2.4328 0.820706
2.43944 1.12221
2.44607 0.728562
2.45271 1.02262
2.45935 0.966864
2.46599 0.956569
2.47262 1.33057
2.47926 0.934702
2.4859 0.890313
2.49254 1.31808
2.49918 0.899972
2.50581 0.886881
2.51245 0.638461
2.51909 1.09418
2.52573 1.16853
2.53237 0.918449
2.539 0.757691
2.54564 1.16072
2.55228 1.28094
2.55892 1.12897
2.56556 0.924537
2.57219 1.19711
2.57883 1.31504
2.58547 1.20853
2.59211 1.40065
2.59875 1.03226
2.60538 1.46294
2.61202 1.11035
2.61866 1.13556
2.6253 0.928001
2.63193 1.202
2.63857 1.08714
2.64521 1.28938
2.65185 1.1132
2.65849 1.29917
2.66512 0.920027
2.67176 1.28634
2.6784 0.98545
2.68504 1.24213
2.69168 0.770029
2.69831 1.01255
2.70495 1.17974
2.71159 0.999861
2.71823 0.914826
2.72487 1.19458
2.7315 1.19086
2.73814 0.950234
2.74478 0.904438
2.75142 1.05652
2.75806 0.972401
2.76469 0.928455
2.77133 0.890069
2.77797 1.60243
2.78461 1.11438
2.79124 0.871729
2.79788 1.29352
2.80452 1.06074
2.81116 1.30127
2.8178 0.972323
2.82443 0.836043
2.83107 0.911625
2.83771 0.915969
2.84435 0.868039
2.85099 1.12124
2.85762 0.774364
2.86426 1.26352
2.8709 0.988458
2.87754 1.26117
2.88418 0.741741
2.89081 1.0279
2.89745 1.033
2.90409 1.04669
2.91073 0.791524
2.91737 1.33153
2.924 0.736107
2.93064 0.897419
2.93728 0.853207
2.94392 0.901925
2.95055 1.06129
2.95719 0.841714
2.96383 1.0994
2.97047 1.20765
2.97711 1.40144
2.98374 0.989935
2.99038 1.28872
2.99702 1.04449
3.00366 0.910759
3.0103 1.08671
3.01693 1.04839
3.02357 1.06465
3.03021 0.818734
3.03685 1.12438
3.04349 0.933178
3.05012 0.939186
3.05676 1.14001
3.0634 0.998398
3.07004 1.17309
3.07668 0.467542
3.08331 1.1584
3.08995 1.00643
3.09659 0.873004
3.10323 0.704089
3.10986 1.0411
3.1165 0.807632
3.12314 0.933016
3.12978 0.960398
3.13642 1.41125
3.14305 0.856812
3.14969 0.743341
3.15633 0.917079
3.16297 1.16263
3.16961 0.690265
3.17624 0.871063
3.18288 1.05829
3.18952 1.06222
3.19616 0.787561
3.2028 0.812283
3.20943 0.99534
3.21607 0.761529
3.22271 0.866839
3.22935 0.915142
3.23599 0.848458
3.24262 0.912994
3.24926 0.825301
3.2559 0.611897
3.26254 0.748047
3.26917 0.877598
3.27581 1.15607
3.28245 0.994589
3.28909 1.03899
3.29573 1.09363
3.30236 0.891238
3.309 0.748978
3.31564 0.708599
