0.104 7.16519e-05
0.136 0.000166317
0.2 2.24345e-05
0.216 0.000262194
0.28 0.0045661
0.296 0.00175595
0.312 0.00328218
0.36 0.00876361
0.392 0.0101361
0.408 0.0071203
0.424 0.0186408
0.44 0.0139259
0.504 0.012412
0.536 0.0163194
0.568 0.0945124
0.584 0.0630013
0.6 0.00798826
0.616 0.105004
0.632 0.110217
0.648 0.0756403
0.664 0.130143
0.696 0.236861
0.712 0.0910823
0.728 0.11548
0.76 0.116832
0.776 0.347427
0.792 0.403423
0.808 0.333379
0.824 0.530627
0.856 0.695181
0.888 3.4866
0.904 1.8192
0.92 2.19302
0.936 1.66653
0.952 2.12056
0.984 0.594578
1 1.16512
1.016 1.58123
1.032 0.489083
1.048 0.494301
1.064 1.55261
1.08 0.468015
1.096 0.898543
1.112 2.65426
1.128 1.82543
1.144 1.71759
1.16 2.23861
1.176 2.48801
1.208 2.20117
1.224 2.16429
1.24 0.385883
1.256 1.3234
1.272 1.03308
1.288 1.0275
1.304 1.22893
1.32 1.14375
1.336 0.912294
1.352 0.438578
1.368 1.14158
1.384 2.13877
1.4 0.568446
1.416 0.790531
1.432 0.727364
1.448 1.37296
1.464 0.84231
1.48 0.6338
1.496 0.475357
1.512 0.427561
1.528 0.449378
1.56 0.330075
1.576 0.894562
1.608 0.910574
1.624 0.637862
1.64 0.561695
1.656 0.681312
1.672 0.67849
1.704 0.999303
1.72 0.850971
1.752 0.332251
1.768 0.869269
1.784 0.82979
1.8 0.577004
1.816 0.774225
1.832 0.652088
1.848 0.700091
1.864 0.932104
1.88 0.95518
1.896 0.59209
1.912 1.11582
1.928 0.626223
1.944 1.40666
1.96 1.30537
1.976 1.15114
1.992 1.23
2.008 1.50768
2.024 1.15469
2.04 0.809206
2.056 1.20637
2.088 1.17351
2.104 0.959841
2.12 0.978308
2.136 0.755571
2.152 1.35637
2.168 1.85778
2.184 0.629763
2.2 1.45773
2.216 1.58327
2.232 2.19316
2.248 0.807374
2.264 0.851474
2.28 0.98366
2.296 1.36185
2.312 0.976133
2.328 1.05349
2.344 1.26931
2.36 1.41476
2.376 0.739775
2.392 3.02447
2.408 1.10669
2.424 1.30531
2.44 1.06352
2.456 0.963836
2.472 1.06391
2.488 0.76623
2.504 1.11015
2.52 0.717614
2.536 0.443419
2.552 0.95894
2.568 0.710997
2.584 1.02443
2.6 0.701652
2.616 0.842198
2.632 0.907597
2.648 0.831957
2.664 0.878868
2.68 0.814945
2.696 0.750714
2.712 1.21242
2.728 0.905463
2.744 1.15243
2.76 0.946992
2.776 0.972336
2.792 1.10136
2.808 0.983388
2.824 0.757653
2.84 1.3557
2.856 1.28077
2.872 0.669439
2.888 0.539264
2.904 0.572746
2.92 0.906741
2.936 0.550794
2.952 0.706382
2.968 1.07388
2.984 0.690617
3 0.930848
3.016 0.912967
3.032 0.987657
3.048 1.03587
3.064 1.82953
3.08 0.641447
3.096 0.862002
3.112 0.811484
3.128 1.26887
3.144 1.42097
3.16 1.1365
3.176 1.11032
3.192 0.900185
3.208 0.902592
3.224 1.09643
3.24 1.23122
3.256 1.48211
3.272 1.18037
3.288 1.18138
3.304 0.764279
3.32 1.24056
3.336 1.36992
3.352 0.782126
3.368 0.597961
3.384 1.38391
3.4 0.868913
3.416 0.837486
3.432 1.26833
3.448 1.47043
3.464 1.27197
3.48 0.925068
3.496 1.02341
3.512 1.55958
3.528 1.0258
3.544 0.896641
3.56 0.556692
3.576 0.85591
3.592 1.17426
3.608 0.995379
3.624 1.11837
3.64 0.918908
3.656 0.823231
3.672 0.897078
3.688 0.924077
3.704 1.33899
3.72 0.957922
3.736 0.910194
3.752 0.674735
3.768 1.13859
3.784 0.785391
3.8 1.09774
3.816 0.719145
3.832 0.73913
3.848 0.551479
3.864 0.74967
3.88 0.732778
3.896 0.789866
3.912 1.04348
3.928 0.920492
3.944 1.08572
3.96 1.02137
3.976 0.929307
3.992 1.05209
4.008 0.674895
4.024 1.39853
4.04 0.785661
4.056 0.845058
4.072 1.02499
4.088 1.40242
4.104 1.04346
4.12 1.23804
4.136 0.950434
4.152 0.838916
4.168 1.0788
4.184 1.14256
4.2 1.02812
4.216 1.454
4.232 0.708551
4.248 1.03511
4.264 0.82703
4.28 0.943698
4.296 0.942293
4.312 0.794295
4.328 0.85494
4.344 0.870411
4.36 0.896603
4.376 0.939192
4.392 1.1018
4.408 1.08702
4.424 0.973566
4.44 1.37543
4.456 1.03924
4.472 0.753619
4.488 0.818641
4.504 0.868223
4.52 0.870681
4.536 0.866672
4.552 1.0295
4.568 1.25771
4.584 0.879851
4.6 1.18296
4.616 0.811422
4.632 1.07462
4.648 0.991634
4.664 0.910374
4.68 0.801331
4.696 0.992387
4.712 1.15116
4.728 1.29493
4.744 0.985521
4.76 0.641124
4.776 1.19605
4.792 1.28442
4.808 1.25147
4.824 1.0758
4.84 0.993314
4.856 0.942617
4.872 1.20012
4.888 0.944832
4.904 1.16992
4.92 0.907431
4.936 0.965384
4.952 0.763328
4.968 0.904323
4.984 1.29379
5 1.02636
5.016 0.952268
5.032 0.971075
5.048 1.12564
5.064 1.22478
5.08 0.805523
5.096 0.97045
5.112 1.05008
5.128 1.06578
5.144 0.75851
5.16 0.995325
5.176 0.906701
5.192 1.08027
5.208 1.3652
5.224 0.989289
5.24 1.14763
5.256 0.544316
5.272 1.01799
5.288 0.77865
5.304 1.01568
5.32 0.951746
5.336 0.789614
5.352 0.748759
5.368 0.927156
5.384 1.45776
5.4 1.16923
5.416 0.789499
5.432 0.783689
5.448 0.890504
5.464 0.877184
5.48 0.867818
5.496 0.877992
5.512 1.06906
5.528 1.00728
5.544 0.986478
5.56 0.818707
5.576 1.15479
5.592 1.10042
5.608 0.757632
5.624 0.964404
5.64 1.1032
5.656 0.894246
5.672 1.21675
5.688 1.0087
5.704 1.34176
5.72 1.24127
5.736 0.980901
5.752 0.79485
5.768 1.20934
5.784 0.964208
5.8 1.12095
5.816 1.13721
5.832 1.01305
5.848 1.02221
5.864 1.01217
5.88 0.785417
5.896 0.816168
5.912 1.04092
5.928 1.26124
5.944 0.952933
5.96 1.13697
5.976 0.760967
5.992 0.821867
6.008 1.13707
6.024 1.02044
6.04 0.979823
6.056 1.24283
6.072 0.635096
6.088 1.1069
6.104 1.08576
6.12 1.12082
6.136 0.992423
6.152 1.24242
6.168 1.06108
6.184 1.00648
6.2 1.01131
6.216 1.11609
6.232 0.920873
6.248 0.666778
6.264 0.902886
6.28 0.881821
6.296 1.16871
6.312 0.934957
6.328 1.09163
6.344 0.825842
6.36 0.889905
6.376 1.00376
6.392 0.778763
6.408 0.863694
6.424 1.03805
6.44 0.960173
6.456 1.08234
6.472 1.23639
6.488 1.0589
6.504 1.09731
6.52 0.760839
6.536 0.957945
6.552 0.827479
6.568 0.979911
6.584 0.992612
6.6 1.08742
6.616 0.744156
6.632 0.93832
6.648 0.831528
6.664 0.959415
6.68 0.880224
6.696 1.06928
6.712 1.02428
6.728 1.17712
6.744 0.840027
6.76 0.954722
6.776 1.03345
6.792 1.28828
6.808 1.24442
6.824 1.07818
6.84 0.86296
6.856 0.877926
6.872 0.849584
6.888 0.829735
6.904 1.4442
6.92 0.682915
6.936 0.873356
6.952 1.0069
6.968 0.645569
6.984 0.893614
7 1.12659
7.016 1.16767
7.032 1.55245
7.048 1.36654
7.064 1.31048
7.08 1.21564
7.096 0.978599
7.112 0.766962
7.128 0.946096
7.144 0.983133
7.16 0.854345
7.176 1.03116
7.192 0.864434
7.208 0.852299
7.224 0.918736
7.24 0.880078
7.256 1.13399
7.272 0.920821
7.288 1.19052
7.304 0.81308
7.32 1.11374
7.336 0.95991
7.352 0.969226
7.368 0.94359
7.384 1.09733
7.4 1.09259
7.416 1.34768
7.432 0.950301
7.448 1.10359
7.464 0.92764
7.48 0.859188
7.496 0.916872
7.512 1.07469
7.528 0.765523
7.544 0.894141
7.56 0.942716
7.576 0.96838
7.592 0.978671
7.608 0.970117
7.624 1.44335
7.64 0.846186
7.656 1.08464
7.672 1.12129
7.688 0.891707
7.704 1.07814
7.72 1.0374
7.736 0.666499
7.752 0.986215
7.768 1.18374
7.784 0.762925
7.8 0.973213
7.816 0.858076
7.832 0.966736
7.848 0.891888
7.864 1.19029
7.88 0.899682
7.896 0.900124
7.912 1.27481
7.928 1.30935
7.944 0.928057
7.96 0.883818
7.976 0.935801
7.992 0.879567
