0.0600444 6.67514e-05
0.0785196 0.000160614
0.11547 3.335e-05
0.124708 0.000103235
0.161658 0.00148823
0.170896 0.000257187
0.180133 0.000615594
0.207846 0.00210016
0.226321 0.00566164
0.235559 0.00319902
0.244797 0.00658026
0.254034 0.00526709
0.290985 0.00423785
0.30946 0.00508673
0.327935 0.0397775
0.337173 0.0187963
0.34641 0.00286688
0.355648 0.0269489
0.364885 0.0243432
0.374123 0.0262802
0.383361 0.0368932
0.401836 0.0790566
0.411073 0.0205535
0.420311 0.032419
0.438786 0.0499674
0.448024 0.102588
0.457261 0.136081
0.466499 0.0922026
0.475737 0.131895
0.494212 0.214157
0.512687 0.945991
0.521925 0.522656
0.531162 0.586234
0.5404 0.618676
0.549637 0.581443
0.568113 0.161553
0.57735 0.305789
0.586588 0.493906
0.595825 0.112209
0.605063 0.173158
0.614301 0.36793
0.623538 0.168427
0.632776 0.193639
0.642013 0.477837
0.651251 0.377266
0.660489 0.441635
0.669726 0.299308
0.678964 0.590592
0.697439 0.405577
0.706677 0.531905
0.715914 0.23717
0.725152 0.891441
0.73439 0.931459
0.743627 1.60724
0.752865 1.58236
0.762102 0.92042
0.77134 0.375967
0.780578 1.16775
0.789815 0.199149
0.799053 0.284908
0.80829 0.255734
0.817528 0.317976
0.826766 0.459419
0.836003 0.306855
0.845241 0.468634
0.854478 0.428147
0.863716 0.399317
0.872954 0.229501
0.882191 0.846576
0.900666 1.65505
0.909904 1.64691
0.928379 2.34156
0.937617 2.19216
0.946854 1.58437
0.956092 2.89726
0.96533 1.63321
0.983805 0.795346
0.993042 0.446521
1.01152 0.522857
1.02076 0.626347
1.02999 0.933358
1.03923 0.585787
1.04847 0.493588
1.05771 0.334402
1.06694 0.329876
1.07618 0.993791
1.08542 0.647154
1.09466 1.0758
1.10389 0.866765
1.11313 1.0184
1.12237 0.873444
1.13161 0.99307
1.14084 0.601111
1.15008 1.46004
1.15932 1.02631
1.16856 0.881551
1.17779 0.734961
1.18703 0.868951
1.20551 1.25057
1.21474 0.605689
1.22398 0.874166
1.23322 0.593132
1.24246 1.35698
1.2517 2.68411
1.26093 0.59776
1.27017 1.23016
1.27941 1.04036
1.28865 1.75944
1.29788 0.407989
1.30712 0.767451
1.31636 1.04301
1.3256 1.61676
1.33483 0.935234
1.34407 0.973606
1.35331 1.53602
1.36255 1.18897
1.37178 1.47269
1.38102 3.72577
1.39026 0.954531
1.3995 1.70998
1.40873 1.73757
1.41797 0.883122
1.42721 1.41816
1.43645 1.66906
1.44569 0.928229
1.45492 1.26093
1.46416 0.8558
1.4734 1.00405
1.48264 0.734167
1.49187 1.5142
1.50111 0.950243
1.51035 1.52952
1.51959 1.08842
1.52882 0.537264
1.53806 0.856592
1.5473 1.51916
1.55654 1.06553
1.56577 1.44842
1.57501 1.22551
1.58425 2.10261
1.59349 0.684253
1.60272 2.48751
1.61196 1.90953
1.6212 2.03101
1.63044 1.15627
1.63967 1.8053
1.64891 1.67802
1.65815 0.996873
1.66739 0.886711
1.67663 1.13534
1.68586 1.01893
1.6951 0.524825
1.70434 0.588591
1.71358 1.70256
1.72281 0.938381
1.73205 0.926978
1.74129 1.19366
1.75053 0.857814
1.75976 1.1135
1.769 1.1554
1.77824 1.05357
1.78748 1.34641
1.79671 1.07846
1.80595 1.53456
1.81519 1.34609
1.82443 1.51734
1.83366 1.16791
1.8429 1.03502
1.85214 1.13451
1.86138 1.13608
1.87061 1.76221
1.87985 1.88999
1.88909 0.853572
1.89833 1.07538
1.90757 0.605068
1.9168 1.01904
1.92604 0.73554
1.93528 1.11776
1.94452 0.76476
1.95375 0.449348
1.96299 0.833517
1.97223 0.4841
1.98147 0.543187
1.9907 0.644715
1.99994 0.917215
2.00918 0.679574
2.01842 0.949772
2.02765 0.816396
2.03689 0.695386
2.04613 0.84352
2.05537 0.864934
2.0646 0.611471
2.07384 0.879319
2.08308 0.745762
2.09232 0.911506
2.10155 0.604805
2.11079 0.847943
2.12003 0.6428
2.12927 0.402163
2.13851 0.919074
2.14774 0.866665
2.15698 0.569657
2.16622 0.610581
2.17546 0.559214
2.18469 0.33645
2.19393 0.751278
2.20317 0.527429
2.21241 0.850971
2.22164 0.79553
2.23088 0.899379
2.24012 1.03165
2.24936 0.79598
2.25859 0.760904
2.26783 0.548773
2.27707 0.689915
2.28631 0.56023
2.29554 0.640508
2.30478 0.74206
2.31402 0.89701
2.32326 1.15096
2.3325 0.625056
2.34173 0.611584
2.35097 1.08022
2.36021 0.871956
2.36945 0.869228
2.37868 0.874448
2.38792 1.06614
2.39716 0.516289
2.4064 0.605552
2.41563 0.607072
2.42487 0.80061
2.43411 0.801483
2.44335 0.431372
2.45258 1.02084
2.46182 0.885135
2.47106 1.04529
2.4803 1.09012
2.48953 1.05096
2.49877 1.70804
2.50801 0.847473
2.51725 0.582222
2.52648 0.69298
2.53572 1.1497
2.54496 0.840197
2.5542 1.03755
2.56344 1.25819
2.57267 0.972409
2.58191 0.869898
2.59115 0.953549
2.60039 1.02787
2.60962 0.959696
2.61886 1.06962
2.6281 0.757827
2.63734 1.0581
2.64657 1.17023
2.65581 1.41607
2.66505 1.36712
2.67429 1.10017
2.68352 1.3134
2.69276 1.09251
2.702 1.15228
2.71124 1.55457
2.72047 0.950796
2.72971 1.68214
2.73895 1.22893
2.74819 1.16775
2.75742 1.35888
2.76666 1.58828
2.7759 1.4402
2.78514 1.2313
2.79438 1.33364
2.80361 1.0061
2.81285 1.41199
2.82209 0.924823
2.83133 1.24447
2.84056 1.04678
2.8498 1.19036
2.85904 1.23827
2.86828 1.1336
2.87751 1.90462
2.88675 0.970953
2.89599 1.00352
2.90523 1.56747
2.91446 1.21441
2.9237 1.56361
2.93294 1.30885
2.94218 1.35544
2.95141 1.24687
2.96065 0.919757
2.96989 1.11533
2.97913 1.39966
2.98836 0.773361
2.9976 0.895459
3.00684 1.12414
3.01608 0.935372
3.02532 1.08647
3.03455 1.01815
3.04379 0.631216
3.05303 1.01798
3.06227 1.21192
3.0715 0.988897
3.08074 1.05966
3.08998 1.3357
3.09922 0.879472
3.10845 1.31265
3.11769 1.09636
3.12693 0.91217
3.13617 1.13959
3.1454 0.661473
3.15464 0.93789
3.16388 0.916034
3.17312 1.07759
3.18235 0.912409
3.19159 1.64168
3.20083 1.09085
3.21007 1.10019
3.21931 0.842635
3.22854 0.87299
3.23778 0.856818
3.24702 0.914798
3.25626 0.791888
3.26549 0.894063
3.27473 1.17897
3.28397 0.755239
3.29321 0.710729
3.30244 1.32006
3.31168 0.912186
3.32092 1.11013
3.33016 0.945768
3.33939 0.854888
3.34863 1.22679
3.35787 0.84835
3.36711 0.85473
3.37634 0.832895
3.38558 0.865295
3.39482 0.754787
3.40406 0.515924
3.41329 0.896959
3.42253 0.797405
3.43177 1.2149
3.44101 0.692596
3.45025 0.719098
3.45948 0.618266
3.46872 1.12289
3.47796 0.806109
3.4872 0.599162
3.49643 1.07463
3.50567 0.46277
3.51491 0.792843
3.52415 1.02627
3.53338 0.628295
3.54262 0.78047
3.55186 0.823086
3.5611 0.859469
3.57033 1.1269
3.57957 1.03668
3.58881 1.05941
3.59805 0.847849
3.60728 0.748854
3.61652 0.833948
3.62576 0.765327
3.635 0.707391
3.64423 0.762181
3.65347 0.870556
3.66271 0.983171
3.67195 0.633369
3.68119 1.07648
3.69042 0.647267
3.69966 0.719445
3.7089 0.664815
3.71814 0.815307
3.72737 1.11882
3.73661 1.37401
3.74585 0.801269
3.75509 1.18716
3.76432 0.975552
3.77356 0.979524
3.7828 0.850493
3.79204 0.820929
3.80127 1.29146
3.81051 0.717931
3.81975 0.826427
3.82899 1.03626
3.83822 0.948603
3.84746 0.905926
3.8567 1.21918
3.86594 0.937146
3.87518 1.13603
3.88441 0.95615
3.89365 0.995334
3.90289 0.838381
3.91213 0.812201
3.92136 1.0701
3.9306 0.986003
3.93984 0.963893
3.94908 0.956711
3.95831 1.11364
3.96755 0.72266
3.97679 0.764045
3.98603 1.28523
3.99526 0.837943
4.0045 1.14798
4.01374 1.07433
4.02298 1.06618
4.03221 0.9704
4.04145 1.1875
4.05069 1.09061
4.05993 0.90934
4.06916 1.52361
4.0784 1.27569
4.08764 1.02741
4.09688 0.920011
4.10612 0.962853
4.11535 1.14508
4.12459 1.5267
4.13383 0.852489
4.14307 1.01352
4.1523 1.19411
4.16154 0.844848
4.17078 1.51645
4.18002 1.35675
4.18925 1.10522
4.19849 1.10826
4.20773 1.42156
4.21697 1.09727
4.2262 1.18492
4.23544 0.966241
4.24468 0.862137
4.25392 1.17065
4.26315 0.95097
4.27239 1.06659
4.28163 1.00171
4.29087 1.42315
4.3001 1.09042
4.30934 1.05639
4.31858 1.16722
4.32782 1.27793
4.33706 1.24381
4.34629 1.05705
4.35553 0.80123
4.36477 0.976073
4.37401 1.40414
4.38324 1.10938
4.39248 0.880501
4.40172 1.21014
4.41096 1.07585
4.42019 1.19258
4.42943 0.934272
4.43867 0.855043
4.44791 1.63699
4.45714 1.10304
4.46638 0.836344
4.47562 0.600409
4.48486 0.885939
4.49409 1.02798
4.50333 0.935687
4.51257 0.628929
4.52181 1.2987
4.53104 1.0332
4.54028 1.01548
4.54952 0.956113
4.55876 0.685575
4.568 1.2636
4.57723 1.22701
4.58647 1.09776
4.59571 1.10584
4.60495 0.943422
4.61418 0.716093
