0.0735391 5.41187e-05
0.0961665 0.000136659
0.141421 5.27344e-05
0.152735 5.7491e-05
0.19799 0.000175865
0.209304 0.000261584
0.220617 0.000309043
0.254558 0.00027947
0.277186 0.000650516
0.2885 0.000889566
0.299813 0.00138048
0.311127 0.000302773
0.356382 0.00232805
0.379009 0.00378005
0.401637 0.00273531
0.41295 0.00187679
0.424264 0.00539876
0.435578 0.00191992
0.446891 0.0025338
0.458205 0.00360492
0.469519 0.00342382
0.492146 0.00921516
0.50346 0.00588651
0.514774 0.00327763
0.537401 0.00613887
0.548715 0.0127662
0.560029 0.0169862
0.571342 0.0166224
0.582656 0.0197373
0.605283 0.0355309
0.627911 0.0498158
0.639225 0.0788854
0.650538 0.0800399
0.661852 0.0597804
0.673166 0.0654375
0.695793 0.056521
0.707107 0.0461877
0.71842 0.0326455
0.729734 0.0618307
0.741048 0.0463001
0.752362 0.0523205
0.763675 0.0345724
0.774989 0.171865
0.786303 0.126115
0.797616 0.277209
0.80893 0.0671745
0.820244 0.321395
0.831558 0.173249
0.854185 0.619953
0.865499 1.43416
0.876812 0.444536
0.888126 2.79291
0.89944 1.41232
0.910754 3.96473
0.922067 4.21917
0.933381 2.69712
0.944695 0.628314
0.956008 2.60402
0.967322 0.560614
0.978636 1.09163
0.989949 0.453474
1.00126 0.599231
1.01258 0.836287
1.02389 0.541889
1.0352 1.11379
1.04652 0.567151
1.05783 0.473183
1.06915 0.49253
1.08046 1.19073
1.10309 2.17286
1.1144 2.93118
1.13703 4.48771
1.14834 3.9253
1.15966 3.20163
1.17097 5.44605
1.18228 3.22341
1.20491 1.35533
1.21622 0.688709
1.23885 0.6857
1.25016 0.582187
1.26148 0.890776
1.27279 0.70261
1.28411 0.419585
1.29542 0.336265
1.30673 0.28734
1.31805 0.724862
1.32936 0.303414
1.34067 0.745237
1.35199 0.517782
1.3633 1.04415
1.37462 0.619866
1.38593 0.50278
1.39724 0.901685
1.40856 1.02388
1.41987 0.738516
1.43118 0.617665
1.4425 0.344025
1.45381 0.453524
1.47644 0.785716
1.48775 0.398496
1.49907 0.45874
1.51038 0.337214
1.52169 0.560862
1.53301 1.70683
1.54432 0.336562
1.55563 0.576092
1.56695 0.403227
1.57826 0.726284
1.58958 0.298425
1.60089 0.465663
1.6122 0.598965
1.62352 0.939234
1.63483 0.834273
1.64614 0.571911
1.65746 1.0556
1.66877 0.525381
1.68009 1.08826
1.6914 1.58875
1.70271 0.647025
1.71403 1.12313
1.72534 1.37203
1.73665 0.769406
1.74797 1.1644
1.75928 1.09261
1.7706 0.695679
1.78191 0.836315
1.79322 1.03036
1.80454 0.675105
1.81585 0.582119
1.82716 0.840099
1.83848 0.800189
1.84979 1.40492
1.86111 0.702904
1.87242 0.394584
1.88373 0.453057
1.89505 1.47732
1.90636 0.869833
1.91767 1.07805
1.92899 0.847273
1.9403 1.74731
1.95161 0.677063
1.96293 2.23037
1.97424 1.67124
1.98556 1.65527
1.99687 1.2299
2.00818 1.87135
2.0195 1.05156
2.03081 0.901598
2.04212 0.853911
2.05344 1.10547
2.06475 0.941691
2.07607 0.573798
2.08738 0.977329
2.09869 1.19959
2.11001 1.07282
2.12132 1.07793
2.13263 1.4535
2.14395 0.777062
2.15526 0.964862
2.16658 0.394438
2.17789 1.08807
2.1892 1.37636
2.20052 1.25589
2.21183 1.50038
2.22314 1.33701
2.23446 1.33744
2.24577 1.42464
2.25708 1.62654
2.2684 1.30763
2.27971 1.25232
2.29103 2.33951
2.30234 1.81437
2.31365 1.39579
2.32497 1.27084
2.33628 0.757229
2.34759 1.00087
2.35891 0.528964
2.37022 1.09322
2.38154 0.940712
2.39285 0.76314
2.40416 0.962187
2.41548 0.810862
2.42679 0.684286
2.4381 0.783666
2.44942 0.789318
2.46073 1.46781
2.47205 0.917429
2.48336 0.682161
2.49467 0.89438
2.50599 1.23059
2.5173 1.11414
2.52861 1.27015
2.53993 0.699282
2.55124 0.891193
2.56255 1.30505
2.57387 0.705585
2.58518 0.763679
2.5965 0.877938
2.60781 0.654757
2.61912 1.00032
2.63044 1.24401
2.64175 0.91155
2.65306 0.733271
2.66438 0.634396
2.67569 0.694455
2.68701 0.73664
2.69832 0.634165
2.70963 1.29033
2.72095 0.98838
2.73226 1.18881
2.74357 1.27498
2.75489 1.00555
2.7662 1.25121
2.77752 0.731547
2.78883 0.863695
2.80014 0.977945
2.81146 1.04543
2.82277 1.35165
2.83408 0.962935
2.8454 0.792301
2.85671 0.949459
2.86803 0.649842
2.87934 1.04996
2.89065 0.841163
2.90197 0.786001
2.91328 0.73794
2.92459 0.785588
2.93591 0.581748
2.94722 0.687479
2.95853 0.505173
2.96985 0.799916
2.98116 1.08622
2.99248 0.718586
3.00379 1.06277
3.0151 0.761264
3.02642 0.926406
3.03773 1.4334
3.04904 1.39442
3.06036 1.84234
3.07167 1.13725
3.08299 0.42607
3.0943 0.71136
3.10561 1.2147
3.11693 0.820657
3.12824 1.06641
3.13955 1.06059
3.15087 0.932057
3.16218 0.880063
3.1735 1.05576
3.18481 0.784104
3.19612 0.874151
3.20744 1.14258
3.21875 0.69765
3.23006 0.897568
3.24138 1.33464
3.25269 1.2843
3.264 1.38463
3.27532 0.826879
3.28663 1.10186
3.29795 0.91148
3.30926 1.09492
3.32057 1.31628
3.33189 0.739462
3.3432 1.14749
3.35451 1.21143
3.36583 1.51505
3.37714 1.27249
3.38846 1.12063
3.39977 1.15595
3.41108 1.05654
3.4224 1.18394
3.43371 1.00953
3.44502 1.00601
3.45634 0.872136
3.46765 1.05802
3.47897 0.874083
3.49028 1.14772
3.50159 1.2672
3.51291 0.839614
3.52422 1.25499
3.53553 0.938279
3.54685 0.932688
3.55816 1.21077
3.56948 0.957274
3.58079 1.25927
3.5921 1.66641
3.60342 1.07259
3.61473 1.1319
3.62604 0.821288
3.63736 0.893828
3.64867 0.981978
3.65998 0.579215
3.6713 0.714079
3.68261 0.910965
3.69393 0.652022
3.70524 0.906569
3.71655 1.06803
3.72787 0.729855
3.73918 1.06228
3.75049 1.34167
3.76181 1.09854
3.77312 1.07381
3.78444 0.978711
3.79575 0.700765
3.80706 0.926824
3.81838 0.727297
3.82969 0.959915
3.841 1.19952
3.85232 0.675785
3.86363 0.830584
3.87495 1.50658
3.88626 1.1002
3.89757 0.82533
3.90889 1.33838
3.9202 0.980718
3.93151 1.10039
3.94283 0.796319
3.95414 0.88231
3.96545 0.92434
3.97677 0.719159
3.98808 0.752022
3.9994 0.855716
4.01071 1.08612
4.02202 0.65665
4.03334 0.988361
4.04465 1.25182
4.05596 0.906328
4.06728 1.4331
4.07859 1.05691
4.08991 0.934908
4.10122 1.14431
4.11253 0.611235
4.12385 0.856228
4.13516 0.856563
4.14647 0.916009
4.15779 0.976073
4.1691 0.743429
4.18042 1.06002
4.19173 1.07301
4.20304 1.50113
4.21436 1.15487
4.22567 0.728741
4.23698 0.86572
4.2483 1.03186
4.25961 1.2313
4.27092 0.900216
4.28224 0.811633
4.29355 0.54178
4.30487 0.907475
4.31618 0.986605
4.32749 0.826991
4.33881 0.85824
4.35012 1.20449
4.36143 0.960501
4.37275 1.05731
4.38406 1.28744
4.39538 1.01814
4.40669 1.04061
4.418 0.916771
4.42932 1.06113
4.44063 0.714066
4.45194 1.16368
4.46326 0.902587
4.47457 0.900109
4.48589 1.33843
4.4972 0.661228
4.50851 1.47658
4.51983 1.04006
4.53114 0.787165
4.54245 0.974035
4.55377 1.12429
4.56508 1.166
4.5764 1.54614
4.58771 0.819556
4.59902 1.10027
4.61034 1.04522
4.62165 1.26302
4.63296 0.969685
4.64428 0.909556
4.65559 1.51257
4.6669 0.857212
4.67822 0.980008
4.68953 1.21562
4.70085 0.919827
4.71216 1.08832
4.72347 1.40067
4.73479 1.07172
4.7461 1.04197
4.75741 0.909177
4.76873 0.98593
4.78004 1.04514
4.79136 0.923997
4.80267 0.797711
4.81398 0.911986
4.8253 1.29083
4.83661 0.914083
4.84792 0.84024
4.85924 0.570241
4.87055 0.748161
4.88187 0.996266
4.89318 0.931739
4.90449 1.24776
4.91581 0.941359
4.92712 1.11597
4.93843 0.961809
4.94975 1.17684
4.96106 0.8536
4.97237 0.857656
4.98369 1.27317
4.995 1.0006
5.00632 0.726308
5.01763 0.84638
5.02894 0.889972
5.04026 1.04364
5.05157 1.32593
5.06288 0.727086
5.0742 0.883184
5.08551 1.0219
5.09683 0.933769
5.10814 1.29474
5.11945 1.07567
5.13077 1.03039
5.14208 1.3757
5.15339 1.10011
5.16471 0.983465
5.17602 0.943388
5.18734 0.753901
5.19865 0.657395
5.20996 1.08051
5.22128 0.917022
5.23259 1.14642
5.2439 0.728227
5.25522 1.1572
5.26653 0.678012
5.27785 0.963681
5.28916 1.01127
5.30047 1.21675
5.31179 0.953233
5.3231 1.08838
5.33441 0.854477
5.34573 0.881957
5.35704 1.34424
5.36835 0.823006
5.37967 0.749119
5.39098 0.932672
5.4023 0.938028
5.41361 1.0622
5.42492 0.96985
5.43624 0.912242
5.44755 1.39635
5.45886 0.919112
5.47018 0.790541
5.48149 0.947251
5.49281 0.874148
5.50412 0.918093
5.51543 0.785463
5.52675 0.721024
5.53806 1.08676
5.54937 1.07183
5.56069 0.624429
5.572 1.01789
5.58332 0.783841
5.59463 1.02289
5.60594 1.11768
5.61726 0.992045
5.62857 1.00489
5.63988 0.778113
5.6512 0.896258
