0.0429987 0.292397
0.0562291 0.156692
0.0826898 0.147543
0.089305 0.0719764
0.115766 0.0282062
0.122381 0.261909
0.128996 0.138171
0.148842 0.0814542
0.162072 0.111325
0.168687 0.0280641
0.175302 0.0713784
0.181918 0.0340015
0.208378 0.0549886
0.221609 0.0258369
0.234839 0.106665
0.241454 0.0738532
0.248069 0.0932278
0.254685 0.0504745
0.2613 0.0521183
0.267915 0.0810769
0.27453 0.159034
0.287761 0.445431
0.294376 0.0876587
0.300991 0.086372
0.314221 0.0585415
0.320837 0.229917
0.327452 0.163904
0.334067 0.0631267
0.340682 0.0947841
0.353912 0.119562
0.367143 0.229076
0.373758 0.303982
0.380373 0.187099
0.386988 0.32161
0.393604 0.234908
0.406834 0.0520565
0.413449 0.184655
0.420064 0.0971464
0.426679 0.0436605
0.433295 0.0580084
0.43991 0.00963541
0.446525 0.0479037
0.45314 0.215552
0.459755 0.054993
0.466371 0.0413039
0.472986 0.0445373
0.479601 0.0701992
0.486216 0.0357091
0.499447 0.120993
0.506062 0.191159
0.512677 0.151338
0.519292 0.591624
0.525907 0.182597
0.532522 0.507524
0.539138 0.67489
0.545753 0.234853
0.552368 0.127877
0.558983 0.704098
0.565598 0.13396
0.572214 0.0668155
0.578829 0.217465
0.585444 0.289228
0.592059 0.339815
0.598674 0.424766
0.60529 0.359659
0.611905 0.391042
0.61852 0.38988
0.625135 0.263804
0.63175 0.734682
0.644981 1.23237
0.651596 1.31313
0.664826 1.84919
0.671441 1.94421
0.678057 1.39322
0.684672 1.30555
0.691287 1.38069
0.704517 0.80995
0.711132 0.545463
0.724363 0.489243
0.730978 0.445598
0.737593 0.700656
0.744208 0.606299
0.750824 0.339859
0.757439 0.31944
0.764054 0.157117
0.770669 0.584383
0.777284 0.629644
0.7839 0.798544
0.790515 0.84742
0.79713 0.842461
0.803745 0.707219
0.81036 0.751021
0.816975 0.475591
0.823591 0.628356
0.830206 0.643275
0.836821 0.634008
0.843436 0.35556
0.850051 0.798725
0.863282 0.501463
0.869897 0.610431
0.876512 0.650104
0.883127 0.545644
0.889742 0.501427
0.896358 0.710388
0.902973 0.278848
0.909588 0.69865
0.916203 0.557439
0.922818 0.494772
0.929434 0.362776
0.936049 0.522023
0.942664 0.334617
0.949279 0.674606
0.955894 0.758435
0.96251 0.46822
0.969125 0.336367
0.97574 0.784517
0.982355 0.696473
0.98897 0.849903
0.995585 0.716762
1.0022 0.776826
1.00882 0.723605
1.01543 0.417874
1.02205 0.86163
1.02866 0.580101
1.03528 0.598038
1.04189 0.417258
1.04851 1.08175
1.05512 0.393563
1.06174 0.962343
1.06835 0.983738
1.07497 0.704531
1.08158 0.849769
1.0882 0.7715
1.09481 0.962242
1.10143 0.847152
1.10804 0.595409
1.11466 1.08947
1.12127 1.06535
1.12789 0.898039
1.1345 0.875536
1.14112 0.777108
1.14773 1.58397
1.15435 1.99998
1.16097 0.849472
1.16758 1.22787
1.1742 1.0979
1.18081 0.864
1.18743 1.49633
1.19404 1.02966
1.20066 1.41957
1.20727 0.936555
1.21389 0.544149
1.2205 1.46944
1.22712 1.25782
1.23373 1.03148
1.24035 1.23611
1.24696 1.37757
1.25358 1.10391
1.26019 1.15831
1.26681 0.963909
1.27342 1.82445
1.28004 1.25337
1.28665 1.23865
1.29327 2.1744
1.29988 1.48507
1.3065 1.63731
1.31311 0.995656
1.31973 1.38507
1.32634 1.56133
1.33296 1.48869
1.33958 1.2171
1.34619 0.816299
1.35281 1.69746
1.35942 0.740058
1.36604 1.21287
1.37265 1.46449
1.37927 1.36352
1.38588 1.84105
1.3925 1.48809
1.39911 1.55715
1.40573 1.59974
1.41234 1.14937
1.41896 0.722342
1.42557 1.54211
1.43219 1.56694
1.4388 1.88661
1.44542 1.23648
1.45203 1.31591
1.45865 1.25201
1.46526 1.38271
1.47188 0.653736
1.47849 1.66168
1.48511 1.43505
1.49172 1.71464
1.49834 1.35678
1.50495 1.01201
1.51157 2.23477
1.51819 0.807095
1.5248 1.16248
1.53142 1.99468
1.53803 1.89642
1.54465 1.81999
1.55126 1.53611
1.55788 1.46843
1.56449 1.04214
1.57111 1.10494
1.57772 1.65575
1.58434 0.683727
1.59095 1.42817
1.59757 1.10053
1.60418 1.26379
1.6108 0.903365
1.61741 1.63989
1.62403 1.05729
1.63064 1.18759
1.63726 1.44769
1.64387 1.38277
1.65049 0.649018
1.6571 0.644443
1.66372 0.948911
1.67033 1.24603
1.67695 0.772132
1.68356 0.972521
1.69018 1.09749
1.6968 1.02657
1.70341 0.818244
1.71003 0.47445
1.71664 0.818058
1.72326 0.943146
1.72987 0.856515
1.73649 0.77441
1.7431 1.02578
1.74972 0.536376
1.75633 0.692038
1.76295 0.540212
1.76956 0.668278
1.77618 0.685943
1.78279 0.999221
1.78941 0.926229
1.79602 0.929374
1.80264 0.800773
1.80925 0.881443
1.81587 0.79161
1.82248 0.899647
1.8291 0.884411
1.83571 0.714995
1.84233 0.942122
1.84894 0.673976
1.85556 0.769149
1.86217 0.687673
1.86879 0.76512
1.87541 0.864663
1.88202 0.865833
1.88864 0.986933
1.89525 0.691822
1.90187 0.814472
1.90848 0.77677
1.9151 0.840656
1.92171 1.14984
1.92833 1.14498
1.93494 0.622837
1.94156 0.624779
1.94817 0.710058
1.95479 0.716985
1.9614 0.736251
1.96802 0.970218
1.97463 0.951514
1.98125 1.3049
1.98786 0.661278
1.99448 0.883744
2.00109 0.658305
2.00771 0.613951
2.01432 0.88435
2.02094 0.914837
2.02755 0.971266
2.03417 0.774067
2.04078 1.22722
2.0474 0.785335
2.05402 0.958301
2.06063 0.385849
2.06725 0.99821
2.07386 0.673195
2.08048 1.16514
2.08709 0.567779
2.09371 0.921723
2.10032 1.19625
2.10694 1.05443
2.11355 1.06137
2.12017 0.837483
2.12678 0.984934
2.1334 1.10146
2.14001 0.716868
2.14663 0.931991
2.15324 1.13277
2.15986 0.99982
2.16647 0.936749
2.17309 1.15258
2.1797 0.764846
2.18632 0.863467
2.19293 0.75183
2.19955 1.07787
2.20616 1.0394
2.21278 1.42973
2.21939 0.932875
2.22601 0.704344
2.23263 0.529097
2.23924 1.0434
2.24586 0.697573
2.25247 0.922231
2.25909 1.08502
2.2657 0.705669
2.27232 1.36899
2.27893 1.14966
2.28555 0.960332
2.29216 0.760705
2.29878 0.972232
2.30539 0.98951
2.31201 0.985897
2.31862 1.22536
2.32524 0.93783
2.33185 1.16433
2.33847 1.00969
2.34508 0.556127
2.3517 0.773676
2.35831 1.28704
2.36493 0.978064
2.37154 0.895758
2.37816 0.520345
2.38477 1.3724
2.39139 0.897183
2.398 1.05436
2.40462 1.09233
2.41124 0.961414
2.41785 0.986011
2.42447 0.809225
2.43108 0.866543
2.4377 1.0392
2.44431 1.0635
2.45093 1.20263
2.45754 0.770571
2.46416 0.878981
2.47077 1.11224
2.47739 1.1789
2.484 0.987631
2.49062 0.738226
2.49723 1.03037
2.50385 1.20821
2.51046 1.18919
2.51708 0.9394
2.52369 0.938078
2.53031 0.98845
2.53692 1.01964
2.54354 0.596468
2.55015 1.17533
2.55677 1.15524
2.56338 0.820349
2.57 0.935155
2.57661 1.00233
2.58323 0.904194
2.58985 0.755174
2.59646 1.58703
2.60308 0.85416
2.60969 1.05074
2.61631 0.949323
2.62292 1.33616
2.62954 1.03841
2.63615 0.729183
2.64277 0.710305
2.64938 0.965742
2.656 1.01735
2.66261 0.828202
2.66923 1.02722
2.67584 1.08979
2.68246 0.813973
2.68907 1.19741
2.69569 0.75707
2.7023 0.839494
2.70892 0.871277
2.71553 1.49062
2.72215 0.952263
2.72876 1.02276
2.73538 0.942533
2.74199 0.737363
2.74861 0.919455
2.75522 0.93208
2.76184 0.939866
2.76846 1.03702
2.77507 1.27582
2.78169 1.06821
2.7883 0.800998
2.79492 0.850085
2.80153 1.46582
2.80815 0.552311
2.81476 0.895202
2.82138 1.02281
2.82799 0.920799
2.83461 1.07669
2.84122 1.07178
2.84784 1.68956
2.85445 1.29602
2.86107 1.15738
2.86768 1.07891
2.8743 0.928143
2.88091 1.12525
2.88753 0.98759
2.89414 1.46671
2.90076 1.14048
2.90737 0.981108
2.91399 0.935114
2.9206 1.12587
2.92722 1.33141
2.93383 1.06387
2.94045 1.13463
2.94707 0.877755
2.95368 1.25164
2.9603 1.24734
2.96691 1.10829
2.97353 1.18398
2.98014 0.897603
2.98676 1.10458
2.99337 0.811703
2.99999 1.27796
3.0066 0.795957
3.01322 1.44831
3.01983 1.33431
3.02645 1.1291
3.03306 1.09408
3.03968 1.26
3.04629 0.725755
3.05291 1.28174
3.05952 1.00449
3.06614 0.962296
3.07275 1.01937
3.07937 1.34762
3.08598 1.53149
3.0926 0.880615
3.09921 0.872347
3.10583 1.10392
3.11244 0.981087
3.11906 0.952286
3.12568 1.2144
3.13229 1.01039
3.13891 1.14826
3.14552 0.860598
3.15214 0.939466
3.15875 1.19672
3.16537 0.999922
3.17198 0.84651
3.1786 0.631104
3.18521 0.921162
3.19183 0.886293
3.19844 0.715198
3.20506 0.894735
3.21167 0.863043
3.21829 1.06576
3.2249 0.946191
3.23152 0.695624
3.23813 1.28721
3.24475 0.969504
3.25136 1.01987
3.25798 1.18062
3.26459 1.49919
3.27121 1.22559
3.27782 0.911255
3.28444 1.00898
3.29105 0.940529
3.29767 1.3627
3.30429 1.05735
