300

100
0.0300128
0.18805
0.734643	0.440678
0.565546	0.918163
0.793267	0.144245
0.532959	0.161308
0.890087	0.881137
0.443031	0.714542
0.876795	0.794315
0.614283	0.0614497
0.0183059	0.940819
0.807403	0.0481753
0.0473986	0.0241758
0.665119	0.125368
0.00395057	0.132801
0.147419	0.984963
0.0787745	0.576821
0.900736	0.181147
0.406915	0.973859
0.353441	0.263867
0.754776	0.00543399
0.692782	0.767175
0.501843	0.754076
0.813786	0.395089
0.479162	0.977205
0.817321	0.669639
0.247648	0.652869
0.124595	0.245859
0.247869	0.488124
0.122789	0.73533
0.585409	0.502629
0.458929	0.435211
0.522983	0.0914335
0.524999	0.64134
0.769534	0.317643
0.18181	0.635233
0.325632	0.600613
0.476337	0.892867
0.953178	0.353811
0.321338	0.928765
0.982119	0.796528
0.161124	0.513856
0.250507	0.362757
0.0897147	0.459722
0.76941	0.589317
0.118523	0.358938
0.194838	0.158773
0.112702	0.933748
0.195837	0.793109
0.682504	0.92985
0.096356	0.186182
0.661688	0.348769
0.0210711	0.657111
0.236221	0.87288
0.994908	0.516931
0.372266	0.104546
0.506031	0.533722
0.371187	0.433539
0.938867	0.686884
0.513109	0.37716
0.829563	0.324889
0.228862	0.244107
0.642388	0.251839
0.389811	0.790435
0.641069	0.634482
0.786429	0.900417
0.904403	0.0344718
0.84297	0.497918
0.72572	0.115718
0.607191	0.708325
0.303373	0.0342411
0.386835	0.357383
0.387159	0.513712
0.43666	0.201138
0.336049	0.743882
0.709089	0.222651
0.697344	0.599932
0.0558492	0.311202
0.767045	0.752631
0.719803	0.710118
0.343381	0.866871
0.114631	0.0976065
0.0457001	0.712847
0.451064	0.28945
0.810008	0.233551
0.902327	0.61925
0.614992	0.822221
0.106096	0.842993
0.943322	0.279595
0.303052	0.148652
0.921711	0.427756
0.612157	0.401445
0.58553	0.603242
0.696188	0.828466
0.946188	0.855342
0.261283	0.547052
0.22945	0.985743
0.931653	0.960228
0.539433	0.247904
0.935013	0.532257
0.813401	0.809388
0.424998	0.0703464
//###########################


200
0.0217484
0.132971
0.0460965	0.165222
0.37338	0.918309
0.522534	0.847056
0.194648	0.299511
0.0631507	0.37091
0.982456	0.240654
0.297299	0.393574
0.581411	0.4508
0.729412	0.645514
0.419787	0.398382
0.993201	0.992022
0.438306	0.339846
0.873784	0.0801301
0.272715	0.953725
0.12768	0.604146
0.929323	0.806226
0.472442	0.12265
0.367357	0.158133
0.442555	0.0181919
0.142442	0.0377455
0.869072	0.579574
0.270846	0.274891
0.304829	0.649799
0.174445	0.222796
0.979724	0.904992
0.994304	0.319742
0.564234	0.367016
0.365522	0.0517014
0.582319	0.659886
0.199618	0.686431
0.445355	0.937872
0.761964	0.953169
0.430459	0.611387
0.717104	0.282345
0.629782	0.00785281
0.780789	0.0930779
0.143818	0.89231
0.128159	0.793399
0.29396	0.798978
0.392049	0.842696
0.723786	0.538553
0.0386039	0.793927
0.905772	0.478655
0.0550556	0.865575
0.858081	0.368163
0.646355	0.582687
0.0895308	0.521759
0.288725	0.872333
0.804373	0.451374
0.673318	0.294243
0.0194738	0.206283
0.392832	0.7299
0.194899	0.473878
0.106302	0.29708
0.209189	0.39522
0.507109	0.455208
0.533079	0.587288
0.58606	0.166974
0.833218	0.760429
0.886037	0.284767
0.44781	0.777405
0.950899	0.481571
0.95882	0.161478
0.943519	0.586578
0.735889	0.864018
0.31565	0.536938
0.95915	0.0255752
0.761248	0.262018
0.175104	0.108314
0.706841	0.380699
0.989834	0.698944
0.735121	0.916667
0.341757	0.329704
0.534376	0.489914
0.230688	0.12008
0.247041	0.0403511
0.575995	0.0963033
0.187261	0.95176
0.839145	0.172022
0.999931	0.0627999
0.592857	0.760461
0.262382	0.602422
0.43657	0.536309
0.769192	0.693183
0.138594	0.664144
0.482079	0.243917
0.427522	0.123258
0.887716	0.727411
0.85759	0.212843
0.696993	0.482275
0.0963935	0.69075
0.341095	0.39094
0.230311	0.724155
0.814142	0.543202
0.936819	0.74563
0.721125	0.1704
0.310448	0.981143
0.738414	0.795983
0.292183	0.45618
0.820791	0.985784
0.634936	0.773208
0.424005	0.879709
0.282675	0.704268
0.772963	0.642423
0.460932	0.382313
0.246059	0.771362
0.537794	0.98011
0.0672564	0.908159
0.865637	0.946898
0.238493	0.308948
0.750338	0.387772
0.0291292	0.399143
0.655435	0.883542
0.852576	0.844449
0.0418941	0.53931
0.664512	0.980531
0.156016	0.45383
0.646752	0.199694
0.145229	0.408733
0.472707	0.663522
0.0716158	0.241969
0.342576	0.482203
0.908203	0.122004
0.197808	0.557098
0.84262	0.902595
0.554489	0.782126
0.859737	0.444244
0.355739	0.554984
0.536446	0.704565
0.77891	0.849117
0.658169	0.426863
0.708264	0.0444482
0.242634	0.185906
0.580229	0.283344
0.102817	0.0113641
0.62876	0.923127
0.223191	0.925628
0.0745293	0.978256
0.387271	0.224335
0.132295	0.557902
0.513705	0.936416
0.183341	0.845168
0.390197	0.660186
0.581718	0.98214
0.320442	0.0836463
0.850453	0.629524
0.667035	0.716821
0.509893	0.026588
0.504334	0.29754
0.0315148	0.60317
0.395403	0.297933
0.473337	0.0508876
0.142958	0.152263
0.0558185	0.0767721
0.479598	0.171931
0.292026	0.206126
0.589779	0.227353
0.420358	0.471142
0.829373	0.0974768
0.598845	0.336026
0.689225	0.665818
0.979795	0.407761
0.0194093	0.35565
0.81021	0.722445
0.560032	0.411697
0.773132	0.194476
0.666651	0.0714131
0.506015	0.207439
0.00301663	0.742783
0.973288	0.624995
0.624518	0.538618
0.992325	0.582941
0.594192	0.869869
0.0350141	0.482512
0.556828	0.55068
0.338289	0.797216
0.940351	0.224084
0.18102	0.734453
0.0166554	0.835667
0.436314	0.825541
0.933737	0.0857033
0.0162554	0.277402
0.61256	0.124443
0.783135	0.511939
0.898732	0.348476
0.881521	0.666709
0.84274	0.274036
0.244142	0.819253
0.172976	0.359758
0.339172	0.211879
0.201382	0.0318529
0.300666	0.346649
0.482495	0.805558
0.714507	0.337521
0.880328	0.534393
0.220958	0.437143
0.855236	0.0157799
0.75083	0.0583318
0.481169	0.58768
0.30521	0.302283
//###########################


