0.0600444 2.28939e-05
0.0785196 0.000116837
0.11547 0.000166359
0.124708 7.85136e-05
0.161658 0.00047788
0.170896 0.000119319
0.180133 0.000754663
0.207846 0.00175665
0.226321 0.00134477
0.235559 0.000988819
0.244797 0.000296066
0.254034 0.00271477
0.290985 0.00521872
0.30946 0.0143893
0.327935 0.0136863
0.337173 0.0199147
0.34641 0.0490023
0.355648 0.0186967
0.364885 0.0177255
0.374123 0.0359268
0.383361 0.0251132
0.401836 0.0671432
0.411073 0.024731
0.420311 0.0310776
0.438786 0.0316957
0.448024 0.054347
0.457261 0.027951
0.466499 0.0649659
0.475737 0.131266
0.494212 0.275131
0.512687 0.985892
0.521925 1.09998
0.531162 0.431141
0.5404 0.33945
0.549637 0.198054
0.568113 0.0674733
0.57735 0.259438
0.586588 0.0512739
0.595825 0.174287
0.605063 0.183209
0.614301 0.113077
0.623538 0.399112
0.632776 0.94749
0.642013 0.591995
0.651251 0.659251
0.660489 1.23939
0.669726 0.718512
0.678964 0.59353
0.697439 0.267636
0.706677 0.177659
0.715914 0.211357
0.725152 0.863812
0.73439 0.835705
0.743627 2.75439
0.752865 1.82253
0.762102 0.974147
0.77134 0.757064
0.780578 0.32525
0.789815 0.265764
0.799053 0.879654
0.80829 0.519966
0.817528 0.394381
0.826766 0.536991
0.836003 0.208421
0.845241 0.288031
0.854478 0.314079
0.863716 0.396485
0.872954 0.60619
0.882191 0.537905
0.900666 1.81191
0.909904 1.46118
0.928379 2.71869
0.937617 4.07886
0.946854 2.73269
0.956092 1.83374
0.96533 1.90129
0.983805 0.524582
0.993042 0.651154
1.01152 0.672861
1.02076 0.518922
1.02999 0.379782
1.03923 0.482487
1.04847 0.580591
1.05771 0.394535
1.06694 0.394819
1.07618 0.807739
1.08542 0.658647
1.09466 0.462521
1.10389 0.627518
1.11313 0.627198
1.12237 1.40921
1.13161 0.678729
1.14084 0.787377
1.15008 1.19611
1.15932 1.2623
1.16856 0.814149
1.17779 0.789882
1.18703 0.615308
1.20551 0.849542
1.21474 0.472725
1.22398 0.764035
1.23322 0.980597
1.24246 0.675702
1.2517 0.51017
1.26093 0.760223
1.27017 1.15518
1.27941 0.896928
1.28865 0.814148
1.29788 1.02971
1.30712 0.978931
1.31636 0.724518
1.3256 0.614799
1.33483 1.32004
1.34407 1.31289
1.35331 1.11883
1.36255 1.24
1.37178 0.87811
1.38102 2.1316
1.39026 0.84111
1.3995 0.979571
1.40873 1.10954
1.41797 1.34728
1.42721 0.7217
1.43645 1.32431
1.44569 0.812363
1.45492 1.41112
1.46416 1.11638
1.4734 0.916078
1.48264 0.903488
1.49187 1.55103
1.50111 1.11754
1.51035 0.794427
1.51959 0.655394
1.52882 0.979492
1.53806 1.20817
1.5473 0.678631
1.55654 0.65566
1.56577 1.6046
1.57501 1.96359
1.58425 1.36178
1.59349 0.993341
1.60272 1.98408
1.61196 2.04493
1.6212 1.24941
1.63044 1.37656
1.63967 1.34309
1.64891 1.15667
1.65815 1.08466
1.66739 0.757863
1.67663 0.931158
1.68586 1.28674
1.6951 1.21376
1.70434 1.45379
1.71358 0.653367
1.72281 0.927502
1.73205 1.39701
1.74129 1.3237
1.75053 1.63779
1.75976 1.36519
1.769 1.17002
1.77824 1.89275
1.78748 1.13606
1.79671 1.79034
1.80595 2.02758
1.81519 1.35787
1.82443 2.4214
1.83366 0.799191
1.8429 1.73474
1.85214 1.39277
1.86138 1.15172
1.87061 1.6427
1.87985 1.04672
1.88909 0.881126
1.89833 1.86042
1.90757 1.02481
1.9168 0.725175
1.92604 1.50144
1.93528 0.820529
1.94452 1.15125
1.95375 0.907835
1.96299 0.985746
1.97223 0.743894
1.98147 0.712351
1.9907 1.11428
1.99994 0.730533
2.00918 0.978188
2.01842 1.00324
2.02765 1.03042
2.03689 1.05695
2.04613 1.09659
2.05537 1.86535
2.0646 1.09263
2.07384 0.926272
2.08308 0.918909
2.09232 0.844932
2.10155 0.794788
2.11079 0.744413
2.12003 0.554246
2.12927 0.897871
2.13851 0.892222
2.14774 0.997707
2.15698 0.913096
2.16622 0.6312
2.17546 0.720987
2.18469 0.440653
2.19393 0.800242
2.20317 0.668503
2.21241 0.47193
2.22164 0.585866
2.23088 0.880106
2.24012 0.549058
2.24936 0.822135
2.25859 0.74928
2.26783 0.94751
2.27707 0.802797
2.28631 0.757015
2.29554 1.2832
2.30478 1.10937
2.31402 0.820376
2.32326 0.761331
2.3325 0.608557
2.34173 0.824819
2.35097 0.557349
2.36021 0.728384
2.36945 0.607369
2.37868 0.754089
2.38792 0.882649
2.39716 1.11418
2.4064 0.757136
2.41563 0.615767
2.42487 0.604043
2.43411 0.647399
2.44335 0.807282
2.45258 1.03154
2.46182 0.73949
2.47106 0.868311
2.4803 0.834594
2.48953 0.961536
2.49877 0.941375
2.50801 0.96217
2.51725 0.696909
2.52648 0.636828
2.53572 0.642745
2.54496 0.972726
2.5542 1.05223
2.56344 0.614047
2.57267 0.839626
2.58191 0.896305
2.59115 0.76988
2.60039 1.00698
2.60962 0.987669
2.61886 1.18898
2.6281 0.851627
2.63734 1.07887
2.64657 0.987328
2.65581 1.09248
2.66505 0.91845
2.67429 0.655177
2.68352 0.759934
2.69276 1.01588
2.702 1.01676
2.71124 1.38607
2.72047 1.19679
2.72971 1.56008
2.73895 0.915101
2.74819 1.21202
2.75742 1.06707
2.76666 1.30531
2.7759 0.800392
2.78514 0.98604
2.79438 1.00041
2.80361 0.912845
2.81285 0.919198
2.82209 0.795361
2.83133 1.15858
2.84056 1.29312
2.8498 0.73161
2.85904 0.907533
2.86828 0.956277
2.87751 1.36044
2.88675 1.21151
2.89599 0.926188
2.90523 1.3661
2.91446 1.04798
2.9237 1.07082
2.93294 0.811878
2.94218 1.16933
2.95141 1.84754
2.96065 0.772096
2.96989 1.42822
2.97913 1.01682
2.98836 1.15323
2.9976 1.15507
3.00684 1.32468
3.01608 0.785297
3.02532 1.08957
3.03455 0.930587
3.04379 1.06263
3.05303 0.879548
3.06227 1.31319
3.0715 1.0451
3.08074 1.26262
3.08998 1.10679
3.09922 1.32545
3.10845 1.10688
3.11769 1.11965
3.12693 1.26807
3.13617 1.01208
3.1454 1.57353
3.15464 0.833253
3.16388 1.35393
3.17312 1.14917
3.18235 1.39996
3.19159 1.16505
3.20083 1.00234
3.21007 1.04874
3.21931 0.884686
3.22854 1.06938
3.23778 0.996035
3.24702 0.791381
3.25626 1.27496
3.26549 1.25428
3.27473 0.930619
3.28397 0.878995
3.29321 0.804397
3.30244 0.83355
3.31168 1.39217
3.32092 1.33004
3.33016 1.24554
3.33939 1.0873
3.34863 0.921898
3.35787 1.24689
3.36711 0.641031
3.37634 1.25821
3.38558 1.18328
3.39482 1.20321
3.40406 0.922464
3.41329 1.09465
3.42253 0.874641
3.43177 0.888535
3.44101 1.00259
3.45025 1.2997
3.45948 1.35371
3.46872 1.30951
3.47796 1.07613
3.4872 0.890237
3.49643 0.91015
3.50567 0.703384
3.51491 0.880432
3.52415 0.997091
3.53338 1.11566
3.54262 0.831844
3.55186 1.03817
3.5611 1.12069
3.57033 1.13701
3.57957 1.05155
3.58881 0.888471
3.59805 0.804749
3.60728 1.40677
3.61652 1.00542
3.62576 1.05188
3.635 0.909398
3.64423 0.772146
3.65347 0.996278
3.66271 1.02366
3.67195 1.02401
3.68119 0.834039
3.69042 0.753596
3.69966 1.20877
3.7089 0.695857
3.71814 0.986888
3.72737 0.763251
3.73661 1.05369
3.74585 1.23809
3.75509 0.864184
3.76432 0.825168
3.77356 0.867483
3.7828 0.803516
3.79204 0.948725
3.80127 0.796023
3.81051 0.971863
3.81975 0.869448
3.82899 1.0949
3.83822 0.801615
3.84746 0.963648
3.8567 0.953526
3.86594 0.65544
3.87518 0.945225
3.88441 0.976505
3.89365 0.921936
3.90289 0.576315
3.91213 0.873401
3.92136 0.73592
3.9306 0.924158
3.93984 0.556756
3.94908 0.920344
3.95831 1.06233
3.96755 0.670466
3.97679 0.85933
3.98603 0.854424
3.99526 0.756944
4.0045 1.26865
4.01374 1.07937
4.02298 1.20357
4.03221 1.01195
4.04145 0.912478
4.05069 0.937969
4.05993 0.702946
4.06916 0.922348
4.0784 0.8908
4.08764 0.643104
4.09688 0.689514
4.10612 0.88541
4.11535 0.66272
4.12459 0.649576
4.13383 0.99188
4.14307 0.77148
4.1523 0.95928
4.16154 0.947926
4.17078 0.826722
4.18002 1.11622
4.18925 0.9183
4.19849 1.24194
4.20773 0.905757
4.21697 0.824901
4.2262 0.881606
4.23544 0.829727
4.24468 1.34359
4.25392 1.24592
4.26315 0.882097
4.27239 0.842009
4.28163 1.0745
4.29087 0.894699
4.3001 0.84372
4.30934 0.891585
4.31858 0.854831
4.32782 0.982228
4.33706 0.984118
4.34629 1.4428
4.35553 1.34982
4.36477 0.838919
4.37401 1.22044
4.38324 1.16269
4.39248 0.887673
4.40172 1.39928
4.41096 1.12732
4.42019 1.00931
4.42943 0.799894
4.43867 1.45564
4.44791 1.07587
4.45714 1.03914
4.46638 0.942543
4.47562 1.16511
4.48486 0.952211
4.49409 1.36969
4.50333 0.916925
4.51257 1.1192
4.52181 0.82254
4.53104 0.919552
4.54028 1.77201
4.54952 1.28654
4.55876 0.86367
4.568 0.978151
4.57723 0.821155
4.58647 1.32046
4.59571 0.994628
4.60495 1.25293
4.61418 1.23829
