0.0431094 0.287751
0.0563738 0.115768
0.0829027 0.196614
0.0895349 0.0478307
0.116064 0.0231658
0.122696 0.279163
0.129328 0.116884
0.149225 0.0413595
0.162489 0.356072
0.169121 0.0780834
0.175754 0.0995949
0.182386 0.0435766
0.208915 0.078909
0.222179 0.0344422
0.235444 0.082285
0.242076 0.0414902
0.248708 0.262522
0.25534 0.0753015
0.261972 0.0813764
0.268605 0.0855154
0.275237 0.165798
0.288501 0.461228
0.295133 0.0576363
0.301766 0.091771
0.31503 0.0315833
0.321662 0.108729
0.328295 0.250462
0.334927 0.0630034
0.341559 0.0528992
0.354823 0.107721
0.368088 0.211947
0.37472 0.484587
0.381352 0.110919
0.387984 0.154228
0.394617 0.0365081
0.407881 0.10525
0.414513 0.176923
0.421146 0.103178
0.427778 0.0602785
0.43441 0.134947
0.441042 0.0657024
0.447674 0.0798432
0.454307 0.369118
0.460939 0.112874
0.467571 0.0514591
0.474203 0.0438906
0.480835 0.0383253
0.487468 0.0587253
0.500732 0.158581
0.507364 0.171125
0.513997 0.20974
0.520629 0.225669
0.527261 0.21856
0.533893 0.529065
0.540525 0.519921
0.547158 0.23582
0.55379 0.38304
0.560422 0.175073
0.567054 0.15117
0.573686 0.375577
0.580319 0.28525
0.586951 0.244311
0.593583 0.245621
0.600215 0.166955
0.606848 0.209182
0.61348 0.460766
0.620112 0.694191
0.626744 0.779479
0.633376 0.509295
0.646641 1.28791
0.653273 0.950144
0.666537 1.64139
0.67317 2.4776
0.679802 1.8595
0.686434 1.64951
0.693066 1.10948
0.706331 0.548904
0.712963 0.38346
0.726227 1.01405
0.73286 0.456849
0.739492 0.536051
0.746124 0.846482
0.752756 0.849463
0.759388 0.539999
0.766021 0.454656
0.772653 0.554552
0.779285 0.854454
0.785917 0.531282
0.792549 0.996197
0.799182 0.642742
0.805814 0.836439
0.812446 1.11912
0.819078 0.83176
0.825711 0.737588
0.832343 0.559897
0.838975 0.564516
0.845607 0.239999
0.852239 0.592098
0.865504 0.591406
0.872136 0.414091
0.878768 0.48606
0.8854 0.664518
0.892033 0.597275
0.898665 0.712284
0.905297 0.324925
0.911929 0.439633
0.918562 0.466088
0.925194 0.287746
0.931826 0.824093
0.938458 0.232074
0.94509 0.72639
0.951723 0.628966
0.958355 0.867798
0.964987 0.837828
0.971619 0.216925
0.978251 0.639544
0.984884 0.471401
0.991516 1.18406
0.998148 0.625095
1.00478 0.699145
1.01141 0.426681
1.01804 0.707456
1.02468 0.820535
1.03131 0.378187
1.03794 0.856235
1.04457 0.694052
1.05121 0.779633
1.05784 0.881088
1.06447 0.802302
1.0711 0.887614
1.07773 0.683831
1.08437 0.875333
1.091 0.742004
1.09763 0.891218
1.10426 0.910842
1.1109 0.903078
1.11753 0.756333
1.12416 0.695517
1.13079 1.16976
1.13742 1.34877
1.14406 0.849319
1.15069 0.790741
1.15732 1.65396
1.16395 1.10071
1.17059 0.731605
1.17722 0.874714
1.18385 0.959177
1.19048 1.58089
1.19711 1.19956
1.20375 1.30859
1.21038 1.25268
1.21701 1.19613
1.22364 1.2293
1.23028 0.967662
1.23691 1.57373
1.24354 1.33704
1.25017 1.46811
1.2568 1.2307
1.26344 1.53536
1.27007 1.09533
1.2767 1.53725
1.28333 1.34908
1.28997 1.1185
1.2966 1.02504
1.30323 1.10188
1.30986 1.09356
1.31649 1.54351
1.32313 0.973947
1.32976 1.82639
1.33639 1.29169
1.34302 1.56557
1.34966 1.39623
1.35629 0.977886
1.36292 2.07342
1.36955 0.954015
1.37618 1.08777
1.38282 1.74063
1.38945 1.32786
1.39608 1.35708
1.40271 1.18076
1.40935 1.42348
1.41598 1.11915
1.42261 1.98972
1.42924 2.01716
1.43587 1.66236
1.44251 1.83107
1.44914 1.54462
1.45577 2.01288
1.4624 1.17825
1.46904 1.64121
1.47567 0.90935
1.4823 1.99188
1.48893 1.33126
1.49556 1.20923
1.5022 1.98963
1.50883 1.18113
1.51546 1.41311
1.52209 1.15251
1.52873 1.49082
1.53536 1.5364
1.54199 1.28053
1.54862 1.46185
1.55525 1.54831
1.56189 1.20962
1.56852 1.54002
1.57515 1.22563
1.58178 1.26811
1.58842 0.762762
1.59505 1.61618
1.60168 1.07449
1.60831 0.840313
1.61494 1.02661
1.62158 0.957603
1.62821 1.19117
1.63484 1.04701
1.64147 0.761059
1.64811 1.01446
1.65474 1.30599
1.66137 0.865967
1.668 0.929797
1.67463 1.02844
1.68127 0.672736
1.6879 1.92685
1.69453 1.0815
1.70116 0.791697
1.70779 0.713496
1.71443 0.662831
1.72106 0.533201
1.72769 0.930116
1.73432 0.896662
1.74096 1.00915
1.74759 0.887604
1.75422 0.879595
1.76085 1.28913
1.76748 0.935721
1.77412 0.714545
1.78075 1.41377
1.78738 0.97537
1.79401 0.48304
1.80065 0.759529
1.80728 0.879065
1.81391 1.10744
1.82054 0.770869
1.82717 0.756969
1.83381 0.576872
1.84044 0.852259
1.84707 0.612056
1.8537 0.682269
1.86034 0.665929
1.86697 0.6604
1.8736 1.04329
1.88023 0.979017
1.88686 0.618249
1.8935 0.492727
1.90013 0.547314
1.90676 0.607776
1.91339 0.827293
1.92003 1.04342
1.92666 0.666128
1.93329 0.993334
1.93992 0.553855
1.94655 1.02202
1.95319 0.959012
1.95982 0.920365
1.96645 0.970395
1.97308 0.601937
1.97972 0.982282
1.98635 0.821037
1.99298 0.974481
1.99961 0.882052
2.00624 0.991712
2.01288 1.01921
2.01951 0.838207
2.02614 0.92757
2.03277 0.657904
2.03941 1.13781
2.04604 0.918963
2.05267 0.908609
2.0593 0.840694
2.06593 0.535174
2.07257 1.08822
2.0792 1.02093
2.08583 0.987706
2.09246 0.795559
2.0991 0.824328
2.10573 0.910498
2.11236 0.892701
2.11899 1.08816
2.12562 1.13863
2.13226 0.922754
2.13889 0.761215
2.14552 0.823371
2.15215 1.09843
2.15879 0.790086
2.16542 1.30143
2.17205 0.859619
2.17868 0.84078
2.18531 1.12105
2.19195 0.944353
2.19858 0.928673
2.20521 0.907477
2.21184 0.71671
2.21848 1.16212
2.22511 0.830501
2.23174 0.825863
2.23837 0.535906
2.245 0.964304
2.25164 0.884641
2.25827 0.664691
2.2649 1.16753
2.27153 0.871291
2.27817 1.09678
2.2848 0.815922
2.29143 0.944546
2.29806 0.884709
2.30469 0.90233
2.31133 1.16981
2.31796 1.24302
2.32459 0.858393
2.33122 0.966934
2.33786 0.997298
2.34449 1.28585
2.35112 0.879602
2.35775 1.16602
2.36438 0.824326
2.37102 1.09212
2.37765 0.89836
2.38428 1.04707
2.39091 1.00045
2.39755 1.0074
2.40418 0.827224
2.41081 0.959827
2.41744 0.746575
2.42407 0.873497
2.43071 1.09648
2.43734 1.17684
2.44397 0.952043
2.4506 0.844157
2.45724 1.24505
2.46387 1.16551
2.4705 1.11931
2.47713 0.813404
2.48376 1.12327
2.4904 0.95286
2.49703 0.861514
2.50366 1.09579
2.51029 1.45064
2.51692 1.13984
2.52356 0.881823
2.53019 1.1736
2.53682 1.4588
2.54345 0.902586
2.55009 1.00087
2.55672 0.905817
2.56335 1.11786
2.56998 0.904806
2.57661 1.09006
2.58325 1.11278
2.58988 0.922518
2.59651 0.878365
2.60314 0.832845
2.60978 1.11749
2.61641 0.82865
2.62304 1.2573
2.62967 0.919528
2.6363 1.01254
2.64294 0.85325
2.64957 0.925305
2.6562 1.17596
2.66283 1.00629
2.66947 0.859234
2.6761 0.968454
2.68273 0.803022
2.68936 1.08385
2.69599 1.09119
2.70263 1.20773
2.70926 1.29299
2.71589 0.855894
2.72252 1.20243
2.72916 1.11924
2.73579 0.910344
2.74242 0.895247
2.74905 0.82101
2.75568 1.21504
2.76232 1.07254
2.76895 0.988728
2.77558 0.928901
2.78221 1.0218
2.78885 1.22629
2.79548 1.09663
2.80211 0.950059
2.80874 1.05
2.81537 1.15258
2.82201 0.967019
2.82864 1.16787
2.83527 0.964233
2.8419 1.12466
2.84854 0.898802
2.85517 1.10447
2.8618 1.17342
2.86843 1.57995
2.87506 0.890261
2.8817 1.07293
2.88833 0.762663
2.89496 1.04974
2.90159 0.911642
2.90823 1.05204
2.91486 1.0537
2.92149 1.21559
2.92812 0.971348
2.93475 1.19628
2.94139 1.08068
2.94802 1.0555
2.95465 0.932885
2.96128 1.02585
2.96792 0.897576
2.97455 1.1844
2.98118 0.797196
2.98781 1.04002
2.99444 1.03397
3.00108 1.16179
3.00771 1.17165
3.01434 1.58291
3.02097 1.19801
3.02761 1.06323
3.03424 1.3356
3.04087 1.18129
3.0475 1.17679
3.05413 0.851526
3.06077 0.895709
3.0674 0.845029
3.07403 0.830741
3.08066 1.10095
3.0873 0.961451
3.09393 1.03896
3.10056 1.11225
3.10719 0.970393
3.11382 0.863735
3.12046 0.808461
3.12709 0.912035
3.13372 1.02779
3.14035 0.724045
3.14699 0.839658
3.15362 1.25333
3.16025 0.901299
3.16688 0.826298
3.17351 0.882109
3.18015 1.00627
3.18678 1.10084
3.19341 0.894455
3.20004 0.837903
3.20668 1.11884
3.21331 0.69525
3.21994 1.14679
3.22657 0.772737
3.2332 0.945027
3.23984 1.14285
3.24647 0.860234
3.2531 0.915459
3.25973 1.12687
3.26637 0.986181
3.273 0.806777
3.27963 1.11048
3.28626 0.740961
3.29289 0.942593
3.29953 0.93933
3.30616 1.05368
3.31279 1.27028
