0.0777332 0.000512231
0.101651 0.000177791
0.149487 3.02208e-05
0.161446 9.85938e-05
0.209282 0.000185695
0.221241 0.000248089
0.2332 0.000235594
0.269077 0.000817386
0.292995 0.000701025
0.304954 0.00219904
0.316912 0.00161905
0.328871 0.000810676
0.376707 0.00473032
0.400625 0.00720668
0.424543 0.00174912
0.436502 0.00585027
0.448461 0.00629497
0.46042 0.00195593
0.472379 0.00387162
0.484338 0.00317747
0.496297 0.0064793
0.520215 0.0124907
0.532174 0.00987486
0.544133 0.00581458
0.568051 0.0150353
0.58001 0.0234256
0.591969 0.0659427
0.603928 0.0256167
0.615887 0.0967075
0.639804 0.0999397
0.663722 0.154668
0.675681 0.0528781
0.68764 0.105496
0.699599 0.0284597
0.711558 0.0977817
0.735476 0.155497
0.747435 0.104162
0.759394 0.0799267
0.771353 0.0947944
0.783312 0.169977
0.795271 0.323292
0.80723 0.280353
0.819189 0.280232
0.831148 0.622654
0.843107 0.754774
0.855066 0.943241
0.867025 2.0029
0.878984 1.51748
0.902902 2.68762
0.914861 1.60831
0.92682 2.91541
0.938778 0.919539
0.950737 1.398
0.962696 0.732643
0.974655 1.22504
0.986614 1.38757
0.998573 0.86568
1.01053 0.692929
1.02249 1.10778
1.03445 0.311007
1.04641 0.367558
1.05837 0.808816
1.07033 1.58415
1.08229 0.599135
1.09424 1.95393
1.1062 2.90718
1.11816 3.22433
1.13012 2.18227
1.14208 3.01112
1.166 2.84088
1.17796 4.43284
1.20188 1.91436
1.21383 1.71349
1.22579 1.10909
1.23775 1.00571
1.24971 0.852384
1.27363 0.680316
1.28559 0.783793
1.30951 0.568185
1.32147 0.281121
1.33342 1.28305
1.34538 0.506162
1.35734 0.729185
1.3693 0.694331
1.38126 0.869669
1.39322 0.711004
1.40518 0.527799
1.41714 0.374677
1.4291 1.00706
1.44105 0.727946
1.45301 0.783248
1.46497 0.847902
1.47693 0.805886
1.48889 0.962786
1.50085 0.305804
1.51281 0.364217
1.52477 0.570763
1.53673 0.640836
1.56064 0.622952
1.5726 0.423203
1.58456 0.446782
1.59652 0.613178
1.60848 0.497806
1.62044 1.07197
1.6324 0.483815
1.64436 0.746994
1.65632 0.6111
1.66828 0.620289
1.68023 1.41255
1.69219 0.987024
1.70415 1.6686
1.71611 1.03875
1.72807 0.642887
1.74003 0.730892
1.75199 0.731253
1.76395 0.510527
1.77591 0.959055
1.78786 0.727401
1.79982 0.683134
1.81178 0.683547
1.82374 1.24632
1.8357 0.548775
1.84766 0.528137
1.85962 0.591304
1.87158 0.933315
1.88354 1.00224
1.8955 0.759965
1.90745 0.892795
1.91941 0.572206
1.93137 0.183683
1.94333 1.20626
1.95529 0.858526
1.96725 0.795079
1.97921 0.917048
1.99117 1.32343
2.00313 1.30184
2.01509 1.46423
2.02704 0.856013
2.039 1.69539
2.05096 0.956624
2.06292 1.10756
2.07488 1.16601
2.08684 1.14859
2.0988 1.81593
2.11076 1.04552
2.12272 0.886496
2.13467 1.2831
2.14663 1.64529
2.15859 1.38889
2.17055 1.14713
2.18251 1.4903
2.19447 1.1787
2.20643 1.04515
2.21839 0.723704
2.23035 1.92911
2.24231 1.58765
2.25426 1.40174
2.26622 0.855582
2.27818 1.01092
2.29014 0.637941
2.3021 1.23888
2.31406 0.9625
2.32602 0.997088
2.33798 1.07848
2.34994 0.685421
2.36189 0.744182
2.37385 1.14198
2.38581 0.93549
2.39777 0.997254
2.40973 0.685388
2.42169 0.895357
2.43365 0.95931
2.44561 1.22505
2.45757 1.08804
2.46953 0.886699
2.48148 1.30126
2.49344 1.11462
2.5054 0.526601
2.51736 1.01434
2.52932 1.68757
2.54128 1.31736
2.55324 0.99948
2.5652 0.558175
2.57716 0.994498
2.58912 1.07948
2.60107 0.755602
2.61303 0.62687
2.62499 0.963513
2.63695 1.10376
2.64891 0.796007
2.66087 0.578269
2.67283 1.27742
2.68479 0.818078
2.69675 0.837649
2.7087 0.868322
2.72066 0.735233
2.73262 0.981001
2.74458 0.926139
2.75654 1.04432
2.7685 0.874733
2.78046 0.855028
2.79242 1.11523
2.80438 0.781902
2.81634 0.812963
2.82829 2.10969
2.84025 1.02179
2.85221 0.744015
2.86417 1.21825
2.87613 0.936998
2.88809 0.846595
2.90005 0.486535
2.91201 0.794414
2.92397 0.688454
2.93593 0.741399
2.94788 0.936408
2.95984 1.15067
2.9718 0.677009
2.98376 0.953843
2.99572 1.12007
3.00768 0.791986
3.01964 0.671061
3.0316 0.997839
3.04356 1.19778
3.05551 0.901544
3.06747 1.16814
3.07943 1.07134
3.09139 0.869327
3.10335 0.751118
3.11531 1.0562
3.12727 0.493419
3.13923 0.988749
3.15119 1.26659
3.16315 1.1629
3.1751 1.33352
3.18706 0.696352
3.19902 1.33274
3.21098 0.845853
3.22294 0.734648
3.2349 1.53393
3.24686 1.06821
3.25882 1.11786
3.27078 0.866291
3.28273 1.33842
3.29469 1.29023
3.30665 0.976124
3.31861 1.15033
3.33057 1.02347
3.34253 0.920828
3.35449 0.760625
3.36645 1.19518
3.37841 0.915572
3.39037 0.981286
3.40232 1.11486
3.41428 1.05699
3.42624 1.04053
3.4382 0.841001
3.45016 1.29273
3.46212 1.04141
3.47408 1.06539
3.48604 0.990538
3.498 1.03095
3.50996 1.10947
3.52191 1.3393
3.53387 0.395819
3.54583 1.20037
3.55779 0.875905
3.56975 1.00075
3.58171 1.35755
3.59367 1.39146
3.60563 1.37212
3.61759 0.67713
3.62954 0.801054
3.6415 1.0849
3.65346 0.607349
3.66542 0.919237
3.67738 1.27108
3.68934 1.08767
3.7013 1.12553
3.71326 0.870051
3.72522 1.48884
3.73718 1.02438
3.74913 1.08428
3.76109 0.867011
3.77305 0.783824
3.78501 0.9151
3.79697 1.07829
3.80893 1.02876
3.82089 0.600307
3.83285 1.2909
3.84481 1.0697
3.85677 1.18131
3.86872 0.705508
3.88068 0.747318
3.89264 0.838089
3.9046 0.631069
3.91656 0.946796
3.92852 0.828126
3.94048 0.779893
3.95244 1.02072
3.9644 0.815211
3.97635 0.874098
3.98831 0.626152
4.00027 0.87719
4.01223 0.730972
4.02419 0.933177
4.03615 1.20892
4.04811 0.835754
4.06007 1.15826
4.07203 1.51188
4.08399 1.10543
4.09594 0.887306
4.1079 0.732444
4.11986 1.04846
4.13182 1.06242
4.14378 1.3273
4.15574 0.833815
4.1677 0.573035
4.17966 0.991791
4.19162 1.13637
4.20357 0.849839
4.21553 0.673971
4.22749 1.26046
4.23945 0.846793
4.25141 0.854481
4.26337 0.909808
4.27533 1.16773
4.28729 0.867556
4.29925 0.868913
4.31121 0.676524
4.32316 1.73214
4.33512 0.955509
4.34708 1.01345
4.35904 0.85214
4.371 1.24651
4.38296 1.06013
4.39492 1.08984
4.40688 1.05146
4.41884 1.48495
4.4308 1.15022
4.44275 0.85944
4.45471 0.881348
4.46667 0.654906
4.47863 0.728846
4.49059 1.35103
4.50255 0.979991
4.51451 0.947312
4.52647 1.25988
4.53843 1.03509
4.55038 1.43524
4.56234 0.801724
4.5743 1.28416
4.58626 0.91932
4.59822 1.10665
4.61018 1.18635
4.62214 0.923487
4.6341 1.22689
4.64606 0.873369
4.65802 0.999766
4.66997 0.970551
4.68193 1.44458
4.69389 0.947506
4.70585 0.875452
4.71781 0.87481
4.72977 1.05051
4.74173 1.08365
4.75369 1.12957
4.76565 1.13421
4.77761 0.785899
4.78956 1.03838
4.80152 1.17864
4.81348 1.09818
4.82544 1.07624
4.8374 0.814496
4.84936 0.732938
4.86132 1.21422
4.87328 0.740618
4.88524 0.935987
4.89719 1.29506
4.90915 0.917251
4.92111 0.744135
4.93307 1.06572
4.94503 1.22637
4.95699 1.13203
4.96895 0.902254
4.98091 0.889905
4.99287 0.79493
5.00483 0.680059
5.01678 0.957643
5.02874 0.988303
5.0407 0.709935
5.05266 0.818814
5.06462 1.03831
5.07658 0.832688
5.08854 0.612192
5.1005 0.952593
5.11246 0.926157
5.12441 1.17244
5.13637 1.06777
5.14833 1.27465
5.16029 0.900844
5.17225 1.25227
5.18421 1.08923
5.19617 0.705346
5.20813 1.24919
5.22009 1.20836
5.23205 1.15998
5.244 0.93053
5.25596 1.2133
5.26792 0.892857
5.27988 1.07097
5.29184 0.835009
5.3038 0.854998
5.31576 1.07504
5.32772 0.66322
5.33968 0.80467
5.35164 1.11642
5.36359 0.873672
5.37555 0.964792
5.38751 0.991584
5.39947 1.05549
5.41143 1.07854
5.42339 1.18314
5.43535 0.897253
5.44731 0.923139
5.45927 0.865099
5.47122 0.998558
5.48318 0.910636
5.49514 1.15868
5.5071 0.809782
5.51906 0.996622
5.53102 0.866196
5.54298 1.4463
5.55494 1.13487
5.5669 0.98338
5.57886 1.03731
5.59081 0.760655
5.60277 1.07894
5.61473 0.952987
5.62669 1.13395
5.63865 0.73294
5.65061 1.22746
5.66257 0.894121
5.67453 1.41394
5.68649 1.3261
5.69845 0.998083
5.7104 1.16119
5.72236 1.05027
5.73432 1.07397
5.74628 0.880051
5.75824 0.753846
5.7702 1.15156
5.78216 0.663562
5.79412 0.814889
5.80608 1.00757
5.81803 1.02031
5.82999 1.15839
5.84195 0.849831
5.85391 1.15669
5.86587 1.158
5.87783 0.994292
5.88979 1.09459
5.90175 1.05261
5.91371 1.01371
5.92567 0.851145
5.93762 0.821147
5.94958 1.19045
5.96154 1.07495
5.9735 0.809054
