0.104 3.99074e-05
0.136 1.94485e-05
0.2 1.24662e-05
0.216 4.95775e-05
0.28 0.000205484
0.296 0.000305508
0.312 0.00119098
0.36 0.000917728
0.392 0.000174989
0.408 0.0016315
0.424 0.00062276
0.44 0.000962169
0.504 0.000883334
0.536 0.00133852
0.568 0.0149124
0.584 0.00340208
0.6 0.00180052
0.616 0.00382765
0.632 0.0246662
0.648 0.0119201
0.664 0.0288397
0.696 0.00334098
0.712 0.00873869
0.728 0.00851339
0.76 0.0091541
0.776 0.0361409
0.792 0.019282
0.808 0.077615
0.824 0.0181087
0.856 0.239321
0.888 6.2362
0.904 5.70835
0.92 1.78935
0.936 1.47744
0.952 0.134115
0.984 0.331524
1 0.324878
1.016 0.146003
1.032 0.144154
1.048 0.379252
1.064 0.297864
1.08 0.235833
1.096 2.42847
1.112 2.54338
1.128 0.65594
1.144 5.20619
1.16 15.5815
1.176 0.993543
1.208 0.675148
1.224 0.540825
1.24 3.17129
1.256 0.593725
1.272 0.376958
1.288 0.157395
1.304 0.218613
1.32 0.211861
1.336 0.131789
1.352 0.064849
1.368 0.327453
1.384 0.558305
1.4 0.326731
1.416 1.83004
1.432 0.934167
1.448 0.368597
1.464 0.481553
1.48 0.294492
1.496 0.257122
1.512 0.0840432
1.528 0.930317
1.56 0.327385
1.576 0.379833
1.608 0.334887
1.624 0.218567
1.64 0.14565
1.656 0.332491
1.672 1.32464
1.704 1.6714
1.72 0.372521
1.752 1.45045
1.768 1.83206
1.784 1.14521
1.8 0.526847
1.816 2.07577
1.832 0.393482
1.848 0.722607
1.864 1.87679
1.88 0.732027
1.896 0.84792
1.912 1.15464
1.928 0.642152
1.944 0.96125
1.96 0.324887
1.976 1.21919
1.992 1.00413
2.008 2.62752
2.024 0.881663
2.04 0.603453
2.056 0.347275
2.088 0.787222
2.104 0.88536
2.12 1.40912
2.136 1.54568
2.152 0.65324
2.168 0.810157
2.184 0.538036
2.2 1.03806
2.216 2.45944
2.232 0.845731
2.248 1.1711
2.264 1.21894
2.28 1.96033
2.296 0.456983
2.312 0.902788
2.328 2.52935
2.344 0.498817
2.36 0.661411
2.376 0.629375
2.392 0.730884
2.408 0.430768
2.424 0.884294
2.44 1.95092
2.456 0.460632
2.472 0.984136
2.488 0.446455
2.504 0.936098
2.52 0.423299
2.536 1.24886
2.552 1.075
2.568 2.36498
2.584 0.61804
2.6 0.574797
2.616 2.21867
2.632 0.62037
2.648 0.387849
2.664 1.10389
2.68 1.66383
2.696 0.619771
2.712 0.313578
2.728 0.695117
2.744 1.14664
2.76 1.2132
2.776 1.28926
2.792 0.836861
2.808 1.08058
2.824 0.895089
2.84 0.616359
2.856 1.08022
2.872 0.426717
2.888 0.815785
2.904 1.31515
2.92 0.693414
2.936 0.727015
2.952 1.74026
2.968 1.31003
2.984 0.918693
3 0.90919
3.016 0.840104
3.032 1.06149
3.048 0.951205
3.064 0.91611
3.08 0.546481
3.096 1.21505
3.112 0.752086
3.128 0.638398
3.144 0.90861
3.16 0.770783
3.176 0.548426
3.192 0.611646
3.208 1.00316
3.224 0.966276
3.24 1.20562
3.256 1.23252
3.272 0.592835
3.288 0.593792
3.304 1.16156
3.32 1.19102
3.336 1.10667
3.352 1.00481
3.368 1.34157
3.384 1.59242
3.4 1.39723
3.416 0.94505
3.432 0.277289
3.448 2.08408
3.464 1.25064
3.48 1.12295
3.496 1.73479
3.512 1.67938
3.528 0.947158
3.544 1.77386
3.56 1.16405
3.576 0.767828
3.592 0.732548
3.608 0.674697
3.624 1.03056
3.64 0.631142
3.656 2.12938
3.672 0.731305
3.688 0.698685
3.704 1.09603
3.72 0.853472
3.736 0.58486
3.752 0.835731
3.768 0.525218
3.784 1.20409
3.8 0.8139
3.816 0.529189
3.832 0.731783
3.848 0.690659
3.864 1.51116
3.88 1.31204
3.896 0.947769
3.912 0.893061
3.928 0.737542
3.944 0.980386
3.96 0.672692
3.976 0.668167
3.992 0.829086
4.008 1.08806
4.024 0.740845
4.04 1.33904
4.056 0.76321
4.072 0.96286
4.088 1.05614
4.104 0.640024
4.12 1.41833
4.136 0.90808
4.152 1.64669
4.168 1.07044
4.184 0.898355
4.2 1.19224
4.216 0.899624
4.232 1.41047
4.248 0.978727
4.264 0.694811
4.28 0.751666
4.296 0.859447
4.312 0.96834
4.328 1.3083
4.344 1.24608
4.36 1.21221
4.376 1.00424
4.392 1.25123
4.408 1.14654
4.424 0.833294
4.44 1.30038
4.456 1.17749
4.472 1.29269
4.488 0.944096
4.504 0.499701
4.52 1.11706
4.536 1.43583
4.552 1.14392
4.568 1.36206
4.584 0.870375
4.6 1.09482
4.616 1.26518
4.632 0.637268
4.648 1.58403
4.664 0.976366
4.68 0.734053
4.696 0.966186
4.712 1.06734
4.728 0.860165
4.744 0.88688
4.76 1.13084
4.776 0.669724
4.792 0.817569
4.808 0.881577
4.824 0.839504
4.84 0.804937
4.856 0.781867
4.872 1.00021
4.888 1.22674
4.904 1.12441
4.92 0.849378
4.936 0.628609
4.952 1.25208
4.968 0.877783
4.984 1.16263
5 0.996581
5.016 1.13973
5.032 0.934281
5.048 1.34406
5.064 1.02307
5.08 0.802327
5.096 0.980484
5.112 0.948148
5.128 1.01186
5.144 0.85544
5.16 0.942416
5.176 1.46109
5.192 0.898651
5.208 0.945067
5.224 0.93237
5.24 0.699409
5.256 0.955226
5.272 0.772982
5.288 1.13963
5.304 1.03784
5.32 1.02751
5.336 1.34094
5.352 0.931368
5.368 0.8644
5.384 1.05634
5.4 0.997888
5.416 0.770207
5.432 1.55151
5.448 0.54269
5.464 1.35226
5.48 1.3085
5.496 0.761638
5.512 0.65399
5.528 0.982823
5.544 0.804416
5.56 1.19198
5.576 0.869591
5.592 0.816597
5.608 1.66631
5.624 1.17016
5.64 0.963424
5.656 1.10647
5.672 0.794493
5.688 0.827847
5.704 1.28865
5.72 1.03534
5.736 0.928125
5.752 1.52497
5.768 0.761018
5.784 1.1907
5.8 1.26402
5.816 1.43242
5.832 1.04553
5.848 0.823063
5.864 0.773116
5.88 0.97565
5.896 0.808505
5.912 0.660585
5.928 1.00525
5.944 1.34185
5.96 0.968693
5.976 0.909273
5.992 1.32695
6.008 0.839734
6.024 1.27234
6.04 0.966474
6.056 1.4687
6.072 0.856292
6.088 1.07451
6.104 1.15503
6.12 0.743277
6.136 1.03891
6.152 1.2263
6.168 0.688939
6.184 1.00772
6.2 0.668043
6.216 0.96598
6.232 0.759139
6.248 0.839
6.264 0.845246
6.28 0.845739
6.296 1.17247
6.312 0.598697
6.328 0.841506
6.344 0.830419
6.36 0.902007
6.376 1.05326
6.392 1.08687
6.408 0.855191
6.424 0.995943
6.44 1.02275
6.456 1.03399
6.472 0.971116
6.488 0.843006
6.504 1.32632
6.52 0.757629
6.536 0.880331
6.552 1.0523
6.568 0.642946
6.584 1.08315
6.6 0.93178
6.616 0.98519
6.632 0.896439
6.648 0.792766
6.664 0.911468
6.68 1.13934
6.696 1.01935
6.712 1.30018
6.728 1.40063
6.744 1.08154
6.76 1.12579
6.776 1.5502
6.792 1.14353
6.808 1.02797
6.824 1.2956
6.84 0.837333
6.856 0.863107
6.872 1.08569
6.888 1.13965
6.904 1.04241
6.92 1.05063
6.936 1.17336
6.952 1.22468
6.968 1.12593
6.984 0.826749
7 0.916827
7.016 0.852565
7.032 1.06222
7.048 0.894752
7.064 1.15402
7.08 1.04121
7.096 0.747341
7.112 1.21781
7.128 0.765564
7.144 0.983313
7.16 0.978583
7.176 1.11832
7.192 0.937706
7.208 1.0113
7.224 1.20594
7.24 0.9922
7.256 0.788928
7.272 0.609182
7.288 1.01571
7.304 0.965278
7.32 0.866307
7.336 1.04562
7.352 1.13677
7.368 0.902412
7.384 0.903363
7.4 0.664198
7.416 0.88663
7.432 1.05425
7.448 0.864582
7.464 0.968949
7.48 0.895318
7.496 0.962496
7.512 0.727491
7.528 0.66457
7.544 0.965081
7.56 0.810404
7.576 1.34769
7.592 1.2555
7.608 1.16211
7.624 0.807188
7.64 0.928976
7.656 0.833297
7.672 0.939376
7.688 1.19756
7.704 1.23114
7.72 0.928232
7.736 0.995096
7.752 1.30162
7.768 0.830727
7.784 0.781789
7.8 1.24489
7.816 1.33704
7.832 0.748286
7.848 1.16378
7.864 1.46035
7.88 1.01021
7.896 0.927647
7.912 1.27251
7.928 0.991172
7.944 1.22
7.96 1.00206
7.976 0.871974
7.992 0.938042
