0.0529346 0.287924
0.0692222 0.126913
0.101797 0.23897
0.109941 0.0937387
0.142516 0.0556971
0.15066 0.336549
0.158804 0.0997039
0.183235 0.0864061
0.199523 0.325596
0.207667 0.068314
0.21581 0.0630332
0.223954 0.0250606
0.256529 0.0855527
0.272817 0.0921134
0.289104 0.030304
0.297248 0.0460207
0.305392 0.232597
0.313536 0.0441448
0.32168 0.0254744
0.329823 0.0588102
0.337967 0.0936403
0.354255 0.503432
0.362398 0.0488821
0.370542 0.0452102
0.38683 0.0418377
0.394974 0.1175
0.403117 0.487656
0.411261 0.0452717
0.419405 0.0541186
0.435693 0.0601638
0.45198 0.0453036
0.460124 0.300008
0.468268 0.0709952
0.476411 0.0791084
0.484555 0.135434
0.500843 0.0741498
0.508987 0.178788
0.51713 0.0395921
0.525274 0.100803
0.533418 0.088368
0.541562 0.116462
0.549706 0.0591452
0.557849 0.880601
0.565993 0.109875
0.574137 0.199986
0.582281 0.0658654
0.590424 0.0788492
0.598568 0.055334
0.614856 0.278215
0.623 0.14326
0.631143 0.30477
0.639287 0.156466
0.647431 1.36389
0.655575 2.55436
0.663719 2.45718
0.671862 0.572382
0.680006 0.427222
0.68815 0.568543
0.696294 0.267597
0.704437 0.327303
0.712581 0.693865
0.720725 0.255386
0.728869 0.324003
0.737013 0.45886
0.745156 0.149114
0.7533 0.289058
0.761444 0.188922
0.769588 0.301523
0.777732 0.394528
0.794019 0.634245
0.802163 0.535396
0.81845 3.0861
0.826594 1.93574
0.834738 0.270481
0.842882 0.739152
0.851026 0.878964
0.867313 1.06206
0.875457 0.56397
0.891745 0.372888
0.899888 0.428183
0.908032 0.415691
0.916176 0.330609
0.92432 0.198197
0.932463 0.18398
0.940607 0.34572
0.948751 0.295746
0.956895 0.199899
0.965039 0.314329
0.973182 0.517533
0.981326 0.251764
0.98947 0.250892
0.997614 0.579597
1.00576 0.530401
1.0139 0.285506
1.02205 0.178452
1.03019 0.202212
1.03833 0.175985
1.04648 0.840945
1.06276 0.364219
1.07091 0.331362
1.07905 0.455103
1.0872 0.829169
1.09534 0.408813
1.10348 0.383071
1.11163 0.249988
1.11977 0.330711
1.12791 1.693
1.13606 0.957514
1.1442 1.00014
1.15235 0.452689
1.16049 0.574787
1.16863 0.530105
1.17678 0.294027
1.18492 0.968464
1.19306 1.38253
1.20121 0.93126
1.20935 1.29917
1.2175 0.747349
1.22564 0.812874
1.23378 5.97493
1.24193 0.84908
1.25007 1.02319
1.25821 1.49871
1.26636 0.64744
1.2745 0.877226
1.28265 1.69338
1.29079 1.06761
1.29893 0.984062
1.30708 3.76114
1.31522 0.86264
1.32337 2.58021
1.33151 6.90943
1.33965 2.46655
1.3478 1.36597
1.35594 0.971357
1.36408 0.952659
1.37223 1.1947
1.38037 1.12506
1.38852 1.74495
1.39666 0.958022
1.4048 0.631899
1.41295 7.35595
1.42109 1.07528
1.42923 0.590726
1.43738 1.34897
1.44552 0.836241
1.45367 1.61426
1.46181 3.13297
1.46995 0.719354
1.4781 2.59315
1.48624 1.20261
1.49438 0.856099
1.50253 2.7575
1.51067 1.09768
1.51882 1.1952
1.52696 1.3861
1.5351 1.85167
1.54325 0.293488
1.55139 0.691174
1.55953 0.474394
1.56768 0.791733
1.57582 0.804508
1.58397 0.847612
1.59211 0.491402
1.60025 0.663183
1.6084 0.499557
1.61654 1.26459
1.62469 0.535103
1.63283 1.17575
1.64097 1.21645
1.64912 0.745575
1.65726 1.31461
1.6654 0.668485
1.67355 0.789714
1.68169 0.764649
1.68984 0.601247
1.69798 0.435566
1.70612 0.491213
1.71427 0.612143
1.72241 0.410375
1.73055 0.28738
1.7387 0.282581
1.74684 0.288092
1.75499 0.332375
1.76313 0.552267
1.77127 0.610172
1.77942 0.519401
1.78756 0.421559
1.7957 0.274232
1.80385 0.532157
1.81199 0.92169
1.82014 0.465377
1.82828 0.259075
1.83642 0.326732
1.84457 0.962768
1.85271 1.25314
1.86086 0.423769
1.869 0.337404
1.87714 0.422135
1.88529 1.0269
1.89343 0.48143
1.90157 0.717615
1.90972 0.299256
1.91786 0.796242
1.92601 0.642075
1.93415 1.22975
1.94229 0.423108
1.95044 0.936702
1.95858 1.07459
1.96672 1.97333
1.97487 2.16406
1.98301 1.76167
1.99116 0.753514
1.9993 0.79866
2.00744 0.728665
2.01559 0.566196
2.02373 0.401371
2.03187 0.845299
2.04002 0.742867
2.04816 0.536736
2.05631 0.264679
2.06445 0.896739
2.07259 0.375238
2.08074 1.10009
2.08888 0.422395
2.09702 0.819894
2.10517 1.01122
2.11331 1.48032
2.12146 2.09674
2.1296 0.663727
2.13774 1.22194
2.14589 1.05319
2.15403 1.95533
2.16218 0.79661
2.17032 0.829382
2.17846 1.04547
2.18661 0.932694
2.19475 0.537775
2.20289 0.646714
2.21104 0.580596
2.21918 0.514793
2.22733 1.31136
2.23547 0.74107
2.24361 0.699516
2.25176 1.08686
2.2599 0.723204
2.26804 0.735048
2.27619 1.3601
2.28433 1.26481
2.29248 3.87745
2.30062 1.20478
2.30876 0.644312
2.31691 0.969611
2.32505 0.896532
2.33319 1.0377
2.34134 0.656643
2.34948 0.632647
2.35763 0.592066
2.36577 0.853345
2.37391 0.596262
2.38206 0.937683
2.3902 1.09011
2.39834 0.796166
2.40649 0.636619
2.41463 0.98197
2.42278 1.02717
2.43092 1.15304
2.43906 0.942981
2.44721 2.89883
2.45535 1.27132
2.4635 3.08858
2.47164 1.19215
2.47978 0.794484
2.48793 1.47717
2.49607 1.83918
2.50421 1.01696
2.51236 0.738384
2.5205 0.759944
2.52865 0.839166
2.53679 1.61604
2.54493 1.13772
2.55308 1.15531
2.56122 0.623227
2.56936 1.12767
2.57751 0.869229
2.58565 0.793924
2.5938 2.02607
2.60194 0.970147
2.61008 0.732628
2.61823 1.25411
2.62637 0.790442
2.63451 1.53309
2.64266 1.42192
2.6508 1.70464
2.65895 0.536545
2.66709 1.38476
2.67523 0.875231
2.68338 0.709748
2.69152 1.06121
2.69966 0.838124
2.70781 0.932304
2.71595 1.08343
2.7241 0.888246
2.73224 0.715504
2.74038 0.659085
2.74853 0.97664
2.75667 1.14765
2.76482 0.881826
2.77296 1.36599
2.7811 0.954116
2.78925 0.706271
2.79739 0.732201
2.80553 0.976499
2.81368 0.886535
2.82182 0.623467
2.82997 1.03334
2.83811 0.583737
2.84625 1.01511
2.8544 1.06481
2.86254 0.893814
2.87068 0.92448
2.87883 0.74313
2.88697 0.807292
2.89512 0.991604
2.90326 0.714215
2.9114 1.12124
2.91955 1.03588
2.92769 0.726298
2.93583 1.5288
2.94398 0.775776
2.95212 0.783669
2.96027 0.895135
2.96841 0.711648
2.97655 0.679632
2.9847 1.1657
2.99284 0.732131
3.00098 1.11405
3.00913 0.967933
3.01727 1.4482
3.02542 0.660934
3.03356 0.927419
3.0417 1.02316
3.04985 0.92613
3.05799 0.86723
3.06614 1.14586
3.07428 0.831871
3.08242 0.758641
3.09057 1.1036
3.09871 1.31673
3.10685 1.11577
3.115 1.08298
3.12314 0.729135
3.13129 1.32566
3.13943 0.721811
3.14757 0.861613
3.15572 1.14458
3.16386 1.0452
3.172 0.943278
3.18015 0.83832
3.18829 0.795679
3.19644 1.87176
3.20458 0.80534
3.21272 0.91194
3.22087 1.18296
3.22901 1.40806
3.23715 1.00443
3.2453 0.836201
3.25344 0.600069
3.26159 1.21774
3.26973 0.917257
3.27787 0.786446
3.28602 0.817497
3.29416 0.387382
3.30231 0.738455
3.31045 1.01918
3.31859 1.11356
3.32674 0.809665
3.33488 1.12159
3.34302 0.858644
3.35117 0.888144
3.35931 0.717781
3.36746 0.916771
3.3756 0.86774
3.38374 0.571682
3.39189 1.21822
3.40003 1.54512
3.40817 1.66152
3.41632 0.894049
3.42446 1.10723
3.43261 1.41524
3.44075 1.08725
3.44889 0.821179
3.45704 1.3465
3.46518 1.01625
3.47332 0.980001
3.48147 0.958098
3.48961 0.978397
3.49776 0.916303
3.5059 0.777536
3.51404 0.865347
3.52219 1.00153
3.53033 0.986615
3.53847 1.44037
3.54662 0.954221
3.55476 1.2007
3.56291 0.976832
3.57105 1.0813
3.57919 1.04199
3.58734 1.11336
3.59548 1.03514
3.60363 1.24089
3.61177 0.890518
3.61991 1.11161
3.62806 0.816323
3.6362 1.34553
3.64434 0.745534
3.65249 1.087
3.66063 0.86841
3.66878 0.77731
3.67692 0.977997
3.68506 0.891377
3.69321 1.57019
3.70135 1.07918
3.70949 0.887309
3.71764 0.834557
3.72578 0.966124
3.73393 0.989686
3.74207 1.33433
3.75021 1.52707
3.75836 0.858498
3.7665 0.754375
3.77464 0.807672
3.78279 1.28195
3.79093 1.39932
3.79908 1.12904
3.80722 0.948626
3.81536 0.769422
3.82351 0.829274
3.83165 0.796024
3.83979 0.729253
3.84794 0.935284
3.85608 0.804613
3.86423 0.660362
3.87237 1.18878
3.88051 0.973585
3.88866 0.893272
3.8968 1.07919
3.90495 1.45617
3.91309 1.12875
3.92123 0.925544
3.92938 1.05919
3.93752 0.984755
3.94566 0.938303
3.95381 0.663023
3.96195 1.01291
3.9701 1.13754
3.97824 0.928851
3.98638 0.978589
3.99453 0.876164
4.00267 1.56756
4.01081 1.30647
4.01896 1.28784
4.0271 1.15369
4.03525 0.981723
4.04339 0.919444
4.05153 1.17991
4.05968 1.10292
4.06782 0.934771
