0.104 0.000181766
0.136 0.000169075
0.2 0.000407602
0.216 0.000263052
0.28 0.00532076
0.296 0.00762464
0.312 0.00415894
0.36 0.0071139
0.392 0.0397814
0.408 0.00401667
0.424 0.0293257
0.44 0.00995836
0.504 0.0312991
0.536 0.0328912
0.568 0.103451
0.584 0.0499492
0.6 0.0515716
0.616 0.12248
0.632 0.23009
0.648 0.174005
0.664 0.149242
0.696 0.244822
0.712 0.115593
0.728 0.243553
0.76 0.145552
0.776 0.458948
0.792 0.232522
0.808 0.382808
0.824 0.502337
0.856 1.05795
0.888 1.32614
0.904 1.85107
0.92 1.13562
0.936 1.23039
0.952 0.912762
0.984 1.30119
1 1.76112
1.016 2.22255
1.032 1.24567
1.048 0.80685
1.064 1.91926
1.08 0.899817
1.096 0.368282
1.112 2.90126
1.128 2.98927
1.144 1.77779
1.16 1.63846
1.176 0.986877
1.208 2.25336
1.224 1.89235
1.24 2.38777
1.256 0.549424
1.272 0.510033
1.288 0.753032
1.304 0.975119
1.32 0.593594
1.336 0.646246
1.352 0.677874
1.368 1.02427
1.384 0.490297
1.4 1.24824
1.416 0.964426
1.432 0.785865
1.448 2.38129
1.464 0.672863
1.48 0.750246
1.496 0.675924
1.512 0.329372
1.528 0.553945
1.56 0.353151
1.576 0.617496
1.608 0.891261
1.624 0.997852
1.64 0.82388
1.656 0.417103
1.672 0.796437
1.704 0.85388
1.72 0.385346
1.752 0.516689
1.768 0.939475
1.784 0.606781
1.8 0.49435
1.816 0.904548
1.832 0.443241
1.848 0.775117
1.864 0.300028
1.88 1.01715
1.896 0.984319
1.912 0.890777
1.928 1.63394
1.944 1.26168
1.96 1.0102
1.976 1.2086
1.992 0.985358
2.008 1.00708
2.024 1.15482
2.04 1.501
2.056 0.927392
2.088 2.24462
2.104 1.05284
2.12 1.32415
2.136 0.757569
2.152 1.3811
2.168 1.41337
2.184 1.36806
2.2 1.40895
2.216 1.43008
2.232 1.3521
2.248 0.963418
2.264 1.01795
2.28 0.699462
2.296 1.03066
2.312 1.30897
2.328 1.54728
2.344 0.524988
2.36 1.11241
2.376 1.17598
2.392 0.378567
2.408 0.828018
2.424 1.00968
2.44 1.30059
2.456 1.53408
2.472 0.728252
2.488 3.23249
2.504 0.784324
2.52 1.46801
2.536 1.90343
2.552 0.75808
2.568 0.786693
2.584 0.766764
2.6 0.687967
2.616 1.36854
2.632 0.606439
2.648 0.931085
2.664 0.547945
2.68 0.765513
2.696 0.928262
2.712 0.751175
2.728 0.950396
2.744 0.762972
2.76 0.845894
2.776 0.871456
2.792 0.719492
2.808 0.8367
2.824 1.10643
2.84 0.624217
2.856 1.25592
2.872 0.590269
2.888 0.779589
2.904 0.936322
2.92 0.931845
2.936 1.07111
2.952 0.546739
2.968 0.92315
2.984 0.923108
3 1.01977
3.016 0.915773
3.032 1.13659
3.048 1.025
3.064 0.8716
3.08 0.981161
3.096 1.07857
3.112 0.737052
3.128 0.682301
3.144 1.04574
3.16 0.867392
3.176 1.12728
3.192 0.438112
3.208 1.43506
3.224 1.28335
3.24 0.769677
3.256 1.26922
3.272 1.58247
3.288 1.74344
3.304 1.12121
3.32 1.1244
3.336 1.82307
3.352 1.10832
3.368 1.05895
3.384 1.38153
3.4 1.0669
3.416 1.07806
3.432 0.201678
3.448 0.931642
3.464 0.510749
3.48 0.407824
3.496 1.35718
3.512 0.922979
3.528 0.889855
3.544 0.830804
3.56 1.52771
3.576 0.899154
3.592 1.34834
3.608 1.15337
3.624 0.70516
3.64 1.14832
3.656 0.578713
3.672 0.974308
3.688 1.24245
3.704 0.87469
3.72 0.896971
3.736 0.638925
3.752 1.00331
3.768 0.990383
3.784 0.334413
3.8 0.822463
3.816 0.693065
3.832 1.09443
3.848 0.746058
3.864 0.677786
3.88 0.828592
3.896 0.817721
3.912 0.845032
3.928 1.18144
3.944 0.773047
3.96 1.23874
3.976 0.918886
3.992 1.51013
4.008 1.11339
4.024 0.927435
4.04 0.999152
4.056 0.846923
4.072 0.803922
4.088 1.0001
4.104 0.88482
4.12 0.915049
4.136 0.934726
4.152 1.33126
4.168 1.21361
4.184 1.0509
4.2 1.00824
4.216 1.09952
4.232 0.431539
4.248 0.766529
4.264 1.13788
4.28 1.64254
4.296 0.78614
4.312 1.25954
4.328 1.39558
4.344 1.12861
4.36 1.05369
4.376 0.95572
4.392 1.15549
4.408 1.00818
4.424 0.999386
4.44 1.34335
4.456 1.01598
4.472 1.04264
4.488 1.04117
4.504 0.797939
4.52 0.906537
4.536 1.2375
4.552 1.00794
4.568 1.0958
4.584 0.834045
4.6 1.02527
4.616 1.29879
4.632 1.20315
4.648 0.898743
4.664 0.954693
4.68 1.02106
4.696 0.971757
4.712 0.887769
4.728 0.944741
4.744 1.01207
4.76 0.562232
4.776 0.674058
4.792 1.15828
4.808 1.06362
4.824 0.98759
4.84 0.952284
4.856 0.894641
4.872 1.26857
4.888 0.875458
4.904 0.750171
4.92 0.905967
4.936 1.26679
4.952 0.669238
4.968 0.773681
4.984 1.11792
5 0.784301
5.016 0.948523
5.032 1.2576
5.048 1.06195
5.064 1.07892
5.08 0.420609
5.096 0.79062
5.112 0.794038
5.128 1.05764
5.144 0.810388
5.16 0.951889
5.176 1.12068
5.192 1.0062
5.208 1.17486
5.224 0.772262
5.24 1.09035
5.256 1.32666
5.272 0.835055
5.288 1.04459
5.304 0.928501
5.32 0.894976
5.336 0.63869
5.352 1.28359
5.368 1.25988
5.384 0.827949
5.4 1.42309
5.416 1.02366
5.432 1.14924
5.448 0.959556
5.464 1.157
5.48 1.30424
5.496 0.825042
5.512 1.31965
5.528 1.16278
5.544 0.876734
5.56 0.870105
5.576 1.27996
5.592 1.28052
5.608 0.8158
5.624 1.32189
5.64 1.44203
5.656 0.817129
5.672 1.35687
5.688 1.08194
5.704 0.804168
5.72 1.00359
5.736 0.724649
5.752 1.26731
5.768 1.01358
5.784 0.904762
5.8 1.12939
5.816 0.777509
5.832 0.83317
5.848 1.19367
5.864 0.667389
5.88 0.940659
5.896 1.14483
5.912 0.912503
5.928 0.802852
5.944 0.955026
5.96 0.761925
5.976 0.771793
5.992 1.02489
6.008 1.09787
6.024 0.842886
6.04 0.979491
6.056 0.881872
6.072 1.03079
6.088 1.05358
6.104 0.878065
6.12 0.910297
6.136 1.08644
6.152 0.487528
6.168 0.914971
6.184 1.01202
6.2 1.08772
6.216 0.920115
6.232 0.882381
6.248 1.07829
6.264 1.01654
6.28 0.820118
6.296 0.877694
6.312 1.17217
6.328 0.849188
6.344 0.99013
6.36 0.910689
6.376 1.13467
6.392 1.13814
6.408 1.26251
6.424 0.885639
6.44 0.897287
6.456 1.18522
6.472 0.966185
6.488 1.22202
6.504 1.28471
6.52 1.08385
6.536 0.867054
6.552 1.10747
6.568 0.847803
6.584 1.13731
6.6 1.04122
6.616 0.836946
6.632 1.08109
6.648 1.10994
6.664 1.14518
6.68 0.779993
6.696 1.03592
6.712 1.13053
6.728 0.924146
6.744 1.03376
6.76 1.15746
6.776 1.01818
6.792 0.641811
6.808 1.10805
6.824 0.926755
6.84 1.11097
6.856 0.954916
6.872 1.0319
6.888 0.705868
6.904 1.00624
6.92 1.00895
6.936 0.971876
6.952 1.0476
6.968 1.10275
6.984 0.983402
7 0.887513
7.016 0.857039
7.032 0.728232
7.048 1.05084
7.064 1.01472
7.08 0.993952
7.096 1.22403
7.112 0.976276
7.128 1.37521
7.144 0.642758
7.16 1.0657
7.176 1.41039
7.192 1.12355
7.208 0.94575
7.224 0.838715
7.24 1.02622
7.256 0.989001
7.272 0.8216
7.288 1.19365
7.304 0.894239
7.32 0.641317
7.336 0.8465
7.352 1.21571
7.368 0.857676
7.384 0.977791
7.4 1.07535
7.416 0.889922
7.432 0.937582
7.448 0.943154
7.464 0.99386
7.48 0.883249
7.496 0.930416
7.512 1.0933
7.528 1.08455
7.544 1.26921
7.56 1.03765
7.576 0.844307
7.592 0.790177
7.608 1.23455
7.624 0.715488
7.64 0.979502
7.656 1.0563
7.672 0.812809
7.688 1.03112
7.704 0.951922
7.72 1.05117
7.736 0.893455
7.752 1.29935
7.768 1.02369
7.784 1.13607
7.8 1.07324
7.816 0.819587
7.832 1.20659
7.848 0.98398
7.864 1.10491
7.88 0.719558
7.896 0.860741
7.912 0.961169
7.928 1.03395
7.944 1.15388
7.96 0.682187
7.976 1.15851
7.992 1.10909
