0.0740969 0.000544236
0.096896 0.000196763
0.142494 0.000986421
0.153894 0.00266806
0.199492 0.00437483
0.210891 0.00710713
0.222291 0.00886782
0.256489 0.0219837
0.279288 0.0120438
0.290688 0.0328823
0.302087 0.0222762
0.313487 0.0447625
0.359085 0.0331266
0.381884 0.0421386
0.404683 0.0483492
0.416083 0.0303471
0.427482 0.0117192
0.438882 0.116437
0.450281 0.0654606
0.461681 0.0786771
0.47308 0.048242
0.495879 0.0992342
0.507279 0.189783
0.518679 0.231999
0.541478 0.136048
0.552877 0.266592
0.564277 0.0672858
0.575676 0.204138
0.587076 0.214343
0.609875 0.305747
0.632674 0.295917
0.644073 0.195873
0.655473 0.413401
0.666872 0.549737
0.678272 0.408109
0.701071 0.362095
0.71247 0.371986
0.72387 0.266185
0.73527 0.774136
0.746669 0.680319
0.758069 0.616138
0.769468 0.826069
0.780868 0.673446
0.792267 0.308625
0.803667 0.0866688
0.815066 0.292436
0.826466 0.430907
0.837865 0.783371
0.860664 0.716375
0.872064 0.565854
0.883463 0.193969
0.894863 0.152639
0.906262 0.766795
0.917662 1.97029
0.929062 0.778364
0.940461 2.19043
0.951861 1.30141
0.96326 0.747716
0.97466 1.80121
0.986059 0.731398
0.997459 0.98463
1.00886 1.05802
1.02026 0.860209
1.03166 1.09656
1.04306 0.602478
1.05446 1.43146
1.06586 1.31863
1.07726 0.394092
1.08865 1.0282
1.11145 1.56519
1.12285 1.77884
1.14565 1.62674
1.15705 1.28696
1.16845 2.05368
1.17985 3.85375
1.19125 3.18034
1.21405 0.984089
1.22545 1.28701
1.24825 1.89447
1.25965 0.95148
1.27105 2.54336
1.28245 1.653
1.29385 1.2438
1.30525 1.08406
1.31665 0.883961
1.32805 1.05154
1.33944 1.75338
1.35084 1.43878
1.36224 1.96828
1.37364 1.47107
1.38504 0.878
1.39644 1.35427
1.40784 0.870311
1.41924 1.29015
1.43064 1.44794
1.44204 1.08612
1.45344 1.09344
1.46484 0.676524
1.48764 0.657368
1.49904 0.904046
1.51044 0.737196
1.52184 1.06413
1.53324 0.823874
1.54464 0.686739
1.55604 0.538417
1.56744 1.09682
1.57883 1.01262
1.59023 1.18853
1.60163 0.555875
1.61303 1.18002
1.62443 0.44951
1.63583 1.14959
1.64723 0.637753
1.65863 0.986852
1.67003 1.64123
1.68143 0.66448
1.69283 0.676702
1.70423 0.714741
1.71563 0.587263
1.72703 0.974194
1.73843 0.985973
1.74983 0.625728
1.76123 0.73774
1.77263 1.75216
1.78403 0.587341
1.79543 1.17305
1.80683 0.826992
1.81822 0.560522
1.82962 0.497437
1.84102 0.554544
1.85242 0.90604
1.86382 0.416301
1.87522 0.640243
1.88662 1.05
1.89802 0.361183
1.90942 0.997656
1.92082 0.780346
1.93222 0.611113
1.94362 0.46477
1.95502 0.505957
1.96642 0.577779
1.97782 1.11204
1.98922 0.738845
2.00062 0.961503
2.01202 0.702702
2.02342 0.506096
2.03482 0.814612
2.04622 0.798271
2.05761 0.243683
2.06901 0.733471
2.08041 0.74678
2.09181 1.08177
2.10321 0.74038
2.11461 0.949536
2.12601 0.916315
2.13741 0.884073
2.14881 0.64476
2.16021 1.04705
2.17161 1.12117
2.18301 0.98063
2.19441 0.979119
2.20581 1.11553
2.21721 1.276
2.22861 1.25807
2.24001 1.07806
2.25141 1.15463
2.26281 1.42791
2.27421 1.40215
2.28561 1.28994
2.297 1.39321
2.3084 0.979684
2.3198 1.57763
2.3312 1.28214
2.3426 1.43043
2.354 0.855251
2.3654 1.42104
2.3768 0.982271
2.3882 1.78827
2.3996 0.944834
2.411 1.62952
2.4224 1.28092
2.4338 0.898554
2.4452 0.390769
2.4566 1.27059
2.468 1.49031
2.4794 1.62249
2.4908 1.17342
2.5022 1.07067
2.5136 1.55017
2.525 0.782819
2.53639 0.803719
2.54779 1.49059
2.55919 0.909712
2.57059 0.993553
2.58199 1.28694
2.59339 1.21166
2.60479 1.67211
2.61619 1.17763
2.62759 1.01766
2.63899 1.53095
2.65039 1.25661
2.66179 1.03724
2.67319 1.13713
2.68459 1.31623
2.69599 0.884906
2.70739 1.3944
2.71879 1.15495
2.73019 1.10557
2.74159 1.019
2.75299 0.961396
2.76439 0.856995
2.77579 0.795255
2.78718 0.692968
2.79858 1.20137
2.80998 0.717978
2.82138 1.37957
2.83278 0.808206
2.84418 0.947539
2.85558 0.800384
2.86698 0.816219
2.87838 1.00676
2.88978 1.29855
2.90118 0.69874
2.91258 0.879301
2.92398 0.750501
2.93538 0.796417
2.94678 1.02624
2.95818 0.598333
2.96958 0.787093
2.98098 0.622401
2.99238 0.699074
3.00378 0.822188
3.01518 0.675724
3.02657 0.91444
3.03797 0.810536
3.04937 1.00999
3.06077 0.768876
3.07217 0.640946
3.08357 0.589099
3.09497 0.781787
3.10637 0.962631
3.11777 0.630459
3.12917 0.719149
3.14057 0.687775
3.15197 0.591021
3.16337 0.640036
3.17477 0.795891
3.18617 0.776671
3.19757 0.628187
3.20897 0.781073
3.22037 0.684884
3.23177 0.490195
3.24317 0.69722
3.25457 0.886153
3.26596 1.08019
3.27736 0.760645
3.28876 1.04443
3.30016 1.31151
3.31156 1.3364
3.32296 0.859448
3.33436 0.806264
3.34576 0.912699
3.35716 0.884456
3.36856 0.988694
3.37996 0.986822
3.39136 1.40779
3.40276 0.980531
3.41416 0.915227
3.42556 1.09832
3.43696 0.981362
3.44836 0.876879
3.45976 0.948673
3.47116 1.08811
3.48256 1.26254
3.49396 0.774794
3.50535 0.983676
3.51675 1.40993
3.52815 1.45764
3.53955 0.937922
3.55095 2.18188
3.56235 1.02383
3.57375 1.42371
3.58515 0.88956
3.59655 1.43789
3.60795 1.08285
3.61935 1.41521
3.63075 0.931326
3.64215 1.28804
3.65355 1.3343
3.66495 2.05512
3.67635 1.2961
3.68775 1.8903
3.69915 1.25946
3.71055 1.13973
3.72195 2.04766
3.73335 1.4546
3.74474 0.850767
3.75614 1.24512
3.76754 1.29459
3.77894 1.30134
3.79034 0.821277
3.80174 1.02356
3.81314 1.4409
3.82454 1.06311
3.83594 1.38122
3.84734 0.783129
3.85874 1.04432
3.87014 1.44012
3.88154 1.06
3.89294 1.37116
3.90434 1.32956
3.91574 0.849161
3.92714 1.09727
3.93854 0.847605
3.94994 0.841425
3.96134 0.778177
3.97274 1.03484
3.98414 1.15705
3.99553 0.771506
4.00693 0.621953
4.01833 1.12556
4.02973 1.138
4.04113 0.743986
4.05253 0.913408
4.06393 1.02427
4.07533 0.865944
4.08673 0.921349
4.09813 0.907396
4.10953 1.19702
4.12093 0.692046
4.13233 0.712084
4.14373 0.81646
4.15513 0.648737
4.16653 0.963036
4.17793 0.758072
4.18933 0.791619
4.20073 0.928036
4.21213 0.688728
4.22353 0.472709
4.23492 0.862958
4.24632 0.570219
4.25772 0.75551
4.26912 0.726512
4.28052 0.795425
4.29192 0.737074
4.30332 0.889116
4.31472 0.590996
4.32612 0.9466
4.33752 0.719479
4.34892 0.838874
4.36032 0.81779
4.37172 0.806943
4.38312 0.949616
4.39452 0.845088
4.40592 0.709702
4.41732 0.836972
4.42872 1.11026
4.44012 0.757538
4.45152 0.528371
4.46292 0.892234
4.47431 0.52579
4.48571 1.04693
4.49711 0.905048
4.50851 1.10545
4.51991 0.942702
4.53131 0.972892
4.54271 1.00713
4.55411 0.995849
4.56551 1.18104
4.57691 1.26144
4.58831 1.20141
4.59971 1.17046
4.61111 0.959898
4.62251 0.995152
4.63391 1.19761
4.64531 0.761396
4.65671 0.976814
4.66811 0.723496
4.67951 1.19787
4.69091 1.12612
4.70231 0.982421
4.7137 1.3019
4.7251 1.27688
4.7365 1.26296
4.7479 1.15014
4.7593 1.41877
4.7707 1.48605
4.7821 1.02904
4.7935 1.2035
4.8049 1.14553
4.8163 1.45128
4.8277 0.923373
4.8391 1.00219
4.8505 0.992782
4.8619 1.67392
4.8733 1.09421
4.8847 1.20678
4.8961 0.899698
4.9075 1.12862
4.9189 1.03661
4.9303 0.905555
4.9417 1.25367
4.95309 1.49587
4.96449 1.40191
4.97589 1.04675
4.98729 1.39828
4.99869 1.52285
5.01009 1.22831
5.02149 1.41965
5.03289 1.1694
5.04429 1.10115
5.05569 1.21276
5.06709 0.999086
5.07849 1.02273
5.08989 0.915599
5.10129 0.973239
5.11269 1.36125
5.12409 0.982101
5.13549 1.00077
5.14689 0.984312
5.15829 0.865727
5.16969 0.739146
5.18109 0.855155
5.19249 0.727711
5.20388 1.11509
5.21528 0.760048
5.22668 0.756721
5.23808 0.974602
5.24948 1.08312
5.26088 0.927366
5.27228 0.785267
5.28368 0.847912
5.29508 1.0289
5.30648 0.759183
5.31788 0.79126
5.32928 0.714178
5.34068 0.779855
5.35208 0.920361
5.36348 0.656745
5.37488 1.06949
5.38628 0.873211
5.39768 0.873011
5.40908 1.01835
5.42048 0.898979
5.43188 1.13943
5.44327 0.564765
5.45467 0.76179
5.46607 0.726033
5.47747 0.904392
5.48887 0.550272
5.50027 0.721152
5.51167 0.675948
5.52307 0.920992
5.53447 0.947044
5.54587 0.814067
5.55727 0.56722
5.56867 1.04888
5.58007 0.814762
5.59147 0.734206
5.60287 0.742065
5.61427 0.513101
5.62567 1.03754
5.63707 1.0025
5.64847 0.878308
5.65987 1.12717
5.67127 0.760443
5.68266 1.05545
5.69406 0.650337
