0.125201 0.0037545
0.163725 0.000669965
0.240772 0.00883751
0.260033 0.00705317
0.33708 0.0156462
0.356342 0.0335081
0.375604 0.0545902
0.433389 0.0332401
0.471913 0.0516738
0.491174 0.0623609
0.510436 0.0595478
0.529698 0.0843119
0.606745 0.111068
0.645268 0.133152
0.683792 0.142243
0.703053 0.0746443
0.722315 0.0291475
0.741577 0.252026
0.760839 0.210227
0.7801 0.610271
0.799362 0.307908
0.837886 0.510011
0.857147 0.413925
0.876409 0.829904
0.914932 1.44096
0.934194 1.51244
0.953456 0.604724
0.972718 1.07759
0.991979 1.11059
1.0305 1.72601
1.06903 2.4784
1.08829 1.18077
1.10755 3.40816
1.12681 3.44701
1.14607 1.6654
1.1846 2.53037
1.20386 2.38733
1.22312 0.897333
1.24238 0.570362
1.26164 0.978263
1.28091 1.04174
1.30017 0.886362
1.31943 0.936008
1.33869 1.12258
1.35795 0.567962
1.37721 0.620658
1.39648 0.696632
1.41574 0.39181
1.45426 0.690339
1.47352 0.483167
1.49278 1.27572
1.51205 0.274254
1.53131 0.211697
1.55057 0.546619
1.56983 0.615675
1.58909 0.15451
1.60835 0.561471
1.62762 0.376648
1.64688 0.400037
1.66614 0.590074
1.6854 0.938363
1.70466 0.633334
1.72393 0.407411
1.74319 1.16718
1.76245 0.537254
1.78171 0.831073
1.80097 0.450068
1.82023 1.43475
1.8395 0.625396
1.87802 0.870791
1.89728 1.04221
1.9358 1.40756
1.95507 0.846217
1.97433 0.943967
1.99359 2.03038
2.01285 2.05491
2.05137 0.908258
2.07064 0.805887
2.10916 1.49612
2.12842 1.15165
2.14768 2.46344
2.16695 1.4711
2.18621 0.964314
2.20547 1.02971
2.22473 1.42184
2.24399 0.99489
2.26325 1.18987
2.28252 1.08706
2.30178 1.18185
2.32104 1.26556
2.3403 0.755944
2.35956 1.13929
2.37882 0.767986
2.39809 0.652707
2.41735 1.00513
2.43661 0.662453
2.45587 0.511494
2.47513 0.989938
2.51366 0.647718
2.53292 1.23012
2.55218 0.773757
2.57144 1.36809
2.5907 0.922297
2.60997 0.61286
2.62923 0.464091
2.64849 0.802301
2.66775 1.15013
2.68701 0.675519
2.70627 0.901961
2.72554 1.46834
2.7448 0.571159
2.76406 0.722402
2.78332 0.716741
2.80258 1.12368
2.82184 1.10643
2.84111 0.513482
2.86037 1.19068
2.87963 0.545468
2.89889 0.912805
2.91815 1.40707
2.93741 0.717858
2.95668 1.63689
2.97594 0.652281
2.9952 1.16272
3.01446 1.18553
3.03372 0.986465
3.05299 1.20121
3.07225 0.75992
3.09151 1.35704
3.11077 0.595338
3.13003 0.953605
3.14929 0.647636
3.16856 1.08503
3.18782 0.794736
3.20708 1.02894
3.22634 1.91452
3.2456 1.41309
3.26486 0.473688
3.28413 0.898666
3.30339 0.963851
3.32265 0.799966
3.34191 1.2405
3.36117 0.825179
3.38043 1.10044
3.3997 1.03598
3.41896 0.876174
3.43822 0.907598
3.45748 1.01651
3.47674 1.16287
3.49601 0.84179
3.51527 0.879312
3.53453 1.38716
3.55379 1.21735
3.57305 1.05674
3.59231 0.926789
3.61158 0.929908
3.63084 1.04912
3.6501 0.793601
3.66936 0.895151
3.68862 1.34108
3.70788 1.60136
3.72715 1.15596
3.74641 0.906892
3.76567 1.36683
3.78493 1.19871
3.80419 0.706607
3.82345 0.71806
3.84272 1.03384
3.86198 0.883323
3.88124 1.0372
3.9005 0.751813
3.91976 1.16428
3.93903 0.889481
3.95829 1.2687
3.97755 0.847987
3.99681 0.924538
4.01607 0.71023
4.03533 1.16232
4.0546 0.908159
4.07386 1.13389
4.09312 0.842285
4.11238 0.945222
4.13164 0.299197
4.1509 0.956169
4.17017 1.41542
4.18943 0.880411
4.20869 1.08924
4.22795 0.810011
4.24721 1.0881
4.26647 1.07455
4.28574 0.502173
4.305 1.11111
4.32426 1.22308
4.34352 0.881005
4.36278 0.98063
4.38205 1.06208
4.40131 0.718381
4.42057 0.93442
4.43983 1.10355
4.45909 0.966571
4.47835 0.941581
4.49762 0.644302
4.51688 0.958184
4.53614 0.925796
4.5554 1.01193
4.57466 1.26874
4.59392 1.06351
4.61319 0.808219
4.63245 1.03735
4.65171 1.12271
4.67097 0.518553
4.69023 0.950644
4.70949 0.631242
4.72876 1.39982
4.74802 1.03918
4.76728 1.21983
4.78654 1.29763
4.8058 1.23632
4.82506 1.4872
4.84433 0.752535
4.86359 0.566792
4.88285 1.16037
4.90211 0.704133
4.92137 1.1341
4.94064 0.936677
4.9599 1.37349
4.97916 1.21612
4.99842 0.901515
5.01768 1.4425
5.03694 0.957029
5.05621 0.88094
5.07547 0.799692
5.09473 0.524741
5.11399 0.88914
5.13325 1.35331
5.15251 0.954927
5.17178 1.20575
5.19104 0.908979
5.2103 0.797066
5.22956 0.866111
5.24882 0.794083
5.26808 0.935146
5.28735 1.09922
5.30661 0.867797
5.32587 0.686965
5.34513 0.737368
5.36439 0.871529
5.38366 1.1881
5.40292 0.890425
5.42218 1.38108
5.44144 1.06158
5.4607 0.802604
5.47996 0.98733
5.49923 0.760219
5.51849 1.43847
5.53775 0.758888
5.55701 1.16667
5.57627 0.854975
5.59553 1.10626
5.6148 1.21025
5.63406 0.726144
5.65332 1.14735
5.67258 0.83489
5.69184 1.0423
5.7111 1.40955
5.73037 1.05177
5.74963 0.76892
5.76889 0.785891
5.78815 1.16796
5.80741 0.75997
5.82668 0.943117
5.84594 0.705816
5.8652 1.1583
5.88446 1.12317
5.90372 0.699069
5.92298 1.1237
5.94225 1.09844
5.96151 0.760025
5.98077 1.12342
6.00003 2.09368
6.01929 1.0409
6.03855 1.07046
6.05782 0.624838
6.07708 1.16861
6.09634 1.00488
6.1156 0.974847
6.13486 0.835554
6.15412 1.00278
6.17339 0.885739
6.19265 1.15983
6.21191 1.21293
6.23117 0.440386
6.25043 0.95308
6.2697 1.02932
6.28896 1.29468
6.30822 0.90944
6.32748 1.2142
6.34674 1.09175
6.366 1.03707
6.38527 1.19305
6.40453 0.796412
6.42379 0.701318
6.44305 1.02295
6.46231 0.842706
6.48157 1.05156
6.50084 1.01502
6.5201 1.04498
6.53936 1.11517
6.55862 0.715771
6.57788 0.966423
6.59714 1.19404
6.61641 0.806284
6.63567 0.951221
6.65493 0.908808
6.67419 1.08051
6.69345 0.714365
6.71272 0.900941
6.73198 0.965306
6.75124 1.30665
6.7705 0.757522
6.78976 1.11456
6.80902 1.21596
6.82829 0.817427
6.84755 1.30604
6.86681 0.871386
6.88607 1.28875
6.90533 1.05825
6.92459 0.876413
6.94386 1.03204
6.96312 1.11565
6.98238 0.863624
7.00164 0.938082
7.0209 0.97401
7.04016 1.28392
7.05943 1.08232
7.07869 0.939481
7.09795 0.95931
7.11721 0.966804
7.13647 0.903222
7.15574 1.0286
7.175 0.884223
7.19426 0.71328
7.21352 1.09308
7.23278 1.15395
7.25204 1.03205
7.27131 1.10351
7.29057 1.04564
7.30983 1.03491
7.32909 0.892659
7.34835 0.970961
7.36761 0.983001
7.38688 0.903785
7.40614 0.777681
7.4254 0.733375
7.44466 0.937198
7.46392 0.978047
7.48318 1.15416
7.50245 0.992394
7.52171 0.536153
7.54097 1.06442
7.56023 1.00686
7.57949 1.24443
7.59876 0.892487
7.61802 1.30606
7.63728 0.970086
7.65654 1.08723
7.6758 0.964372
7.69506 0.810672
7.71433 0.9309
7.73359 1.32955
7.75285 1.11931
7.77211 1.13237
7.79137 0.766975
7.81063 0.794687
7.8299 1.10952
7.84916 0.686463
7.86842 1.20284
7.88768 0.677866
7.90694 0.972033
7.9262 1.1983
7.94547 0.828597
7.96473 1.15622
7.98399 1.11605
8.00325 0.962031
8.02251 1.05921
8.04177 1.30411
8.06104 1.14618
8.0803 0.784321
8.09956 1.19709
8.11882 0.957353
8.13808 1.01787
8.15735 1.11744
8.17661 0.59703
8.19587 0.871259
8.21513 1.11699
8.23439 0.954716
8.25365 0.985645
8.27292 0.749335
8.29218 1.06569
8.31144 1.15708
8.3307 0.865558
8.34996 1.11195
8.36922 0.979138
8.38849 0.714928
8.40775 0.94801
8.42701 1.14274
8.44627 1.16343
8.46553 1.13388
8.48479 0.951302
8.50406 0.904929
8.52332 0.755319
8.54258 1.05087
8.56184 0.994402
8.5811 1.00901
8.60037 1.0974
8.61963 0.915304
8.63889 0.993041
8.65815 0.753223
8.67741 0.984399
8.69667 1.15281
8.71594 0.889535
8.7352 1.1
8.75446 1.0221
8.77372 0.940349
8.79298 1.15613
8.81224 1.03013
8.83151 0.76919
8.85077 1.03459
8.87003 1.0837
8.88929 1.13496
8.90855 1.26044
8.92781 1.03359
8.94708 1.0101
8.96634 1.34961
8.9856 0.919128
9.00486 1.08181
9.02412 0.837185
9.04339 0.912943
9.06265 1.16282
9.08191 1.16879
9.10117 1.00229
9.12043 1.13274
9.13969 0.766828
9.15896 0.996875
9.17822 0.978233
9.19748 0.690418
9.21674 0.832061
9.236 0.690805
9.25526 1.16358
9.27453 1.00552
9.29379 1.06906
9.31305 0.774343
9.33231 1.03737
9.35157 1.04729
9.37083 0.994181
9.3901 0.915935
9.40936 1.02091
9.42862 1.00853
9.44788 0.836815
9.46714 0.699604
9.48641 0.732039
9.50567 1.348
9.52493 1.35438
9.54419 0.986216
9.56345 0.725309
9.58271 0.862917
9.60198 1.17984
9.62124 1.07165
