0.0430355 0.229725
0.0562772 0.0802593
0.0827606 0.166368
0.0893814 0.0570014
0.115865 0.0396463
0.122486 0.28343
0.129107 0.0572846
0.148969 0.051534
0.162211 0.257816
0.168832 0.0887147
0.175452 0.0771848
0.182073 0.0431235
0.208557 0.0918585
0.221798 0.0689095
0.23504 0.191279
0.241661 0.0719296
0.248282 0.277948
0.254903 0.0735408
0.261523 0.100642
0.268144 0.0741214
0.274765 0.0489572
0.288007 0.338431
0.294628 0.0813708
0.301249 0.0722688
0.31449 0.0370773
0.321111 0.152357
0.327732 0.347845
0.334353 0.129909
0.340974 0.0286312
0.354215 0.0849213
0.367457 0.0952414
0.374078 0.0661251
0.380699 0.0656454
0.38732 0.112753
0.39394 0.125941
0.407182 0.070609
0.413803 0.223997
0.420424 0.117141
0.427045 0.065972
0.433665 0.0945616
0.440286 0.0691674
0.446907 0.0771238
0.453528 0.270395
0.460149 0.0686759
0.46677 0.057064
0.473391 0.0301048
0.480011 0.0781432
0.486632 0.0633037
0.499874 0.15576
0.506495 0.168936
0.513116 0.224693
0.519736 0.137333
0.526357 0.221838
0.532978 0.20202
0.539599 0.309214
0.54622 0.255248
0.552841 0.218861
0.559462 0.209305
0.566082 0.252116
0.572703 0.576258
0.579324 0.449412
0.585945 0.2347
0.592566 0.298122
0.599187 0.272842
0.605808 0.306754
0.612428 0.31746
0.619049 0.476864
0.62567 0.548599
0.632291 0.39115
0.645533 0.651659
0.652153 1.04536
0.665395 1.45635
0.672016 1.33353
0.678637 2.1447
0.685258 1.06334
0.691879 1.7125
0.70512 0.828915
0.711741 0.681278
0.724983 0.946317
0.731604 0.671138
0.738224 0.763651
0.744845 0.4935
0.751466 0.160297
0.758087 0.668612
0.764708 0.780035
0.771329 0.715453
0.77795 0.956032
0.78457 0.526156
0.791191 0.886505
0.797812 0.896074
0.804433 0.567466
0.811054 1.16395
0.817675 0.87421
0.824295 0.378867
0.830916 1.09836
0.837537 1.06264
0.844158 0.745208
0.850779 0.417147
0.864021 0.698935
0.870641 0.601623
0.877262 0.686022
0.883883 0.358176
0.890504 0.447507
0.897125 0.727873
0.903746 0.348175
0.910366 0.445691
0.916987 0.513701
0.923608 0.378701
0.930229 0.565926
0.93685 0.435122
0.943471 0.368752
0.950092 0.478376
0.956712 0.568346
0.963333 0.574246
0.969954 0.531023
0.976575 0.322019
0.983196 0.399125
0.989817 0.410139
0.996437 0.802998
1.00306 0.520174
1.00968 0.730358
1.0163 0.315511
1.02292 0.612254
1.02954 0.301652
1.03616 0.626251
1.04278 0.448065
1.0494 0.523496
1.05603 0.760487
1.06265 0.485379
1.06927 0.322796
1.07589 0.875408
1.08251 0.660442
1.08913 0.482823
1.09575 0.874299
1.10237 0.914439
1.10899 1.23531
1.11561 1.05591
1.12223 0.74701
1.12885 0.937352
1.13548 1.39839
1.1421 0.875315
1.14872 0.751486
1.15534 1.25525
1.16196 0.963691
1.16858 1.41314
1.1752 1.07478
1.18182 0.825388
1.18844 1.71393
1.19506 0.769111
1.20168 1.27394
1.2083 1.29691
1.21493 2.30647
1.22155 1.9652
1.22817 0.955876
1.23479 1.92036
1.24141 1.67701
1.24803 1.67963
1.25465 1.62616
1.26127 1.26935
1.26789 1.07177
1.27451 1.43547
1.28113 1.11972
1.28775 0.939949
1.29438 1.28022
1.301 1.90728
1.30762 1.64936
1.31424 1.39358
1.32086 1.36467
1.32748 2.04011
1.3341 1.62975
1.34072 2.85559
1.34734 1.55304
1.35396 1.40052
1.36058 1.92954
1.3672 1.19158
1.37383 1.4712
1.38045 1.73738
1.38707 2.88654
1.39369 0.997046
1.40031 2.03414
1.40693 1.64505
1.41355 1.94745
1.42017 0.727946
1.42679 1.69895
1.43341 0.988997
1.44003 2.78316
1.44666 1.37951
1.45328 1.21482
1.4599 1.55029
1.46652 1.28658
1.47314 1.0075
1.47976 1.32736
1.48638 1.58846
1.493 1.53472
1.49962 2.84699
1.50624 1.20027
1.51286 1.2502
1.51948 1.23514
1.52611 1.08681
1.53273 1.07012
1.53935 1.48926
1.54597 1.15374
1.55259 1.28962
1.55921 1.29784
1.56583 1.52432
1.57245 1.30803
1.57907 1.23542
1.58569 1.18917
1.59231 1.30358
1.59893 0.6498
1.60556 0.944912
1.61218 1.06275
1.6188 0.927799
1.62542 1.04861
1.63204 1.34017
1.63866 1.03827
1.64528 0.869114
1.6519 1.02046
1.65852 0.79437
1.66514 1.0209
1.67176 0.703463
1.67838 0.762491
1.68501 0.858281
1.69163 0.663467
1.69825 0.932435
1.70487 0.85359
1.71149 1.01099
1.71811 0.599746
1.72473 0.604141
1.73135 0.770932
1.73797 0.730788
1.74459 0.565535
1.75121 0.549985
1.75783 0.698062
1.76446 0.64457
1.77108 0.824057
1.7777 0.712412
1.78432 0.765675
1.79094 0.459314
1.79756 0.709465
1.80418 0.865804
1.8108 0.648912
1.81742 0.772908
1.82404 0.884239
1.83066 0.750675
1.83729 0.824721
1.84391 0.75349
1.85053 0.47414
1.85715 0.708895
1.86377 0.706279
1.87039 0.515651
1.87701 0.455235
1.88363 0.668291
1.89025 0.60397
1.89687 0.842694
1.90349 0.650034
1.91011 0.941603
1.91674 0.750294
1.92336 0.717298
1.92998 0.749688
1.9366 0.722799
1.94322 0.704174
1.94984 1.02732
1.95646 1.09125
1.96308 0.819274
1.9697 0.861496
1.97632 0.668484
1.98294 0.789937
1.98956 0.801494
1.99619 0.624342
2.00281 0.675558
2.00943 0.882007
2.01605 0.826228
2.02267 0.67144
2.02929 1.23564
2.03591 0.681795
2.04253 0.598962
2.04915 0.989521
2.05577 0.679907
2.06239 0.773166
2.06901 0.912154
2.07564 1.12621
2.08226 0.782631
2.08888 0.771917
2.0955 0.860718
2.10212 1.03137
2.10874 0.788038
2.11536 1.34502
2.12198 0.632507
2.1286 0.653186
2.13522 0.991813
2.14184 0.941708
2.14846 0.84102
2.15509 0.993157
2.16171 1.06146
2.16833 1.10417
2.17495 1.11755
2.18157 0.919237
2.18819 0.86609
2.19481 0.948554
2.20143 0.88753
2.20805 1.23795
2.21467 1.15751
2.22129 1.00052
2.22792 1.09793
2.23454 0.898098
2.24116 0.764579
2.24778 1.19041
2.2544 0.704865
2.26102 1.02044
2.26764 0.930495
2.27426 0.843652
2.28088 1.05179
2.2875 0.888603
2.29412 1.26139
2.30074 1.01142
2.30737 1.49139
2.31399 1.10422
2.32061 1.12521
2.32723 1.09831
2.33385 1.06269
2.34047 0.776212
2.34709 1.11248
2.35371 0.796444
2.36033 0.861043
2.36695 1.19136
2.37357 1.25582
2.38019 1.22058
2.38682 1.07942
2.39344 0.658273
2.40006 1.21027
2.40668 0.848389
2.4133 0.737157
2.41992 1.19571
2.42654 0.976909
2.43316 1.23754
2.43978 0.929561
2.4464 1.00387
2.45302 0.968609
2.45964 0.984345
2.46627 0.967893
2.47289 0.810276
2.47951 0.774724
2.48613 0.901682
2.49275 1.0575
2.49937 1.43632
2.50599 1.06317
2.51261 0.905141
2.51923 1.04231
2.52585 1.10605
2.53247 1.41129
2.53909 1.03645
2.54572 0.881619
2.55234 0.926439
2.55896 1.57414
2.56558 0.996139
2.5722 0.779721
2.57882 1.25967
2.58544 1.47453
2.59206 1.17562
2.59868 1.03745
2.6053 0.994629
2.61192 0.799494
2.61855 0.864743
2.62517 1.1308
2.63179 0.833101
2.63841 1.16349
2.64503 1.02666
2.65165 1.07181
2.65827 0.972435
2.66489 1.49835
2.67151 1.29079
2.67813 0.783459
2.68475 0.83951
2.69137 1.08676
2.698 1.11354
2.70462 0.895909
2.71124 1.2622
2.71786 1.10591
2.72448 0.999529
2.7311 0.896919
2.73772 0.8096
2.74434 1.43238
2.75096 1.11268
2.75758 0.706908
2.7642 1.62278
2.77082 1.04661
2.77745 1.0311
2.78407 1.27632
2.79069 1.22253
2.79731 1.3323
2.80393 1.29668
2.81055 0.904432
2.81717 0.910537
2.82379 1.18517
2.83041 0.919463
2.83703 1.22542
2.84365 1.38908
2.85027 1.51055
2.8569 1.05116
2.86352 1.54892
2.87014 0.917537
2.87676 1.34124
2.88338 1.04688
2.89 0.922771
2.89662 0.938651
2.90324 0.991922
2.90986 1.44665
2.91648 0.856612
2.9231 1.14372
2.92972 0.975886
2.93635 0.928018
2.94297 0.883063
2.94959 0.979874
2.95621 1.04388
2.96283 1.05902
2.96945 1.18486
2.97607 1.03968
2.98269 0.980452
2.98931 0.927227
2.99593 1.04272
3.00255 1.03362
3.00918 0.857525
3.0158 0.802377
3.02242 1.03721
3.02904 0.930517
3.03566 0.841077
3.04228 0.949419
3.0489 0.957104
3.05552 1.06104
3.06214 0.86392
3.06876 0.85127
3.07538 1.23876
3.082 1.13518
3.08863 1.12277
3.09525 1.073
3.10187 1.00711
3.10849 1.04026
3.11511 1.03299
3.12173 0.791062
3.12835 1.0155
3.13497 1.35247
3.14159 0.998434
3.14821 0.959501
3.15483 0.846684
3.16145 0.871818
3.16808 0.930023
3.1747 0.794921
3.18132 1.00042
3.18794 1.07719
3.19456 1.11589
3.20118 1.07063
3.2078 0.868591
3.21442 0.98138
3.22104 1.13031
3.22766 0.947856
3.23428 0.953774
3.2409 0.765886
3.24753 0.790624
3.25415 1.43518
3.26077 1.14357
3.26739 1.12938
3.27401 1.16842
3.28063 0.788757
3.28725 0.924655
3.29387 0.833949
3.30049 0.953183
3.30711 0.839667
