0.955546666667 0.203617666667
0.985721666667 0.21009883
0.985412666667 0.338651666667
0.962939 0.882478333333
0.681084333333 0.985157333333
0.316177333333 0.411272
0.009518172 0.729964666667
0.0610027666667 0.477634333333
0.02545211 0.552429333333
0.0512439333333 0.520903
0.0841180333333 0.536666666667
0.303962 0.701474666667
0.143020666667 0.296686
0.0987939666667 0.169645
0.00972516 0.454078666667
0.00313456866667 0.3323848
0.00412486533333 0.504695666667
0.948201333333 0.2979
0.968422666667 0.25689
0.975498333333 0.303302666667
0.931293666667 0.228912
0.927148 0.267197666667
0.92669 0.337291666667
0.855683666667 0.372546666667
0.623869666667 0.403703333333
0.359248333333 0.364272
0.728330666667 0.543634333333
0.558039666667 0.684333333333
0.607638 0.435703333333
0.699082333333 0.562655666667
0.790792 0.336845666667
0.897539333333 0.870150333333
0.988275333333 0.694875333333
0.491545666667 0.225939
0.276627 0.309309333333
0.305716 0.320590666667
0.318266333333 0.352695
0.302485 0.379592333333
0.497271 0.823415
0.279601333333 0.975265333333
0.340296 0.733993333333
0.0249796053333 0.699770666667
0.0235739486667 0.625780333333
0.04082231 0.595634333333
0.0420273053333 0.671492
0.0743575 0.680782666667
0.100106566667 0.661183333333
0.228600333333 0.671028
0.163587333333 0.639031666667
0.262514333333 0.559445666667
0.285351666667 0.421352666667
0.219810666667 0.415011
0.245283666667 0.382886666667
0.271659333333 0.389673
0.0997066333333 0.421184
0.139315666667 0.330318666667
0.125107166667 0.398364666667
0.189998 0.400066666667
0.162401666667 0.418527333333
0.174807333333 0.305535333333
0.195047 0.284342
0.223247666667 0.289656
0.229884333333 0.355170333333
0.242952333333 0.323778
0.191375 0.360472666667
0.171102333333 0.339168
0.1091797 0.202351
0.129946666667 0.268901
0.0898114 0.262885333333
0.0806597666667 0.227574
0.0483257666667 0.217891333333
0.0239644166667 0.242561333333
0.0613487333333 0.290749
0.02783575 0.280107666667
0.895470333333 0.0136896246667
0.194891333333 0.239235
0.149962333333 0.201404666667
0.161577666667 0.232643333333
0.242637 0.251554666667
0.224989 0.221994333333
0.234439666667 0.195249
0.271920333333 0.263738333333
0.33751 0.289129
0.890141666667 0.275478666667
0.817392 0.307486666667
0.895959666667 0.33094
0.864499666667 0.343280333333
0.880464666667 0.299829333333
0.849004666667 0.312169666667
0.976664 0.498678666667
0.949822666667 0.51041
0.963065 0.383773
0.934478 0.376752
0.972979333333 0.419122
0.969154333333 0.455036666667
0.942313 0.466768
0.497793333333 0.738658333333
0.521744666667 0.692958666667
0.352735 0.462134
0.339040333333 0.424116333333
0.36633 0.404013666667
0.385252333333 0.460006333333
0.390410666667 0.423399666667
0.326087 0.483282666667
0.329709333333 0.515444
0.277434 0.527991333333
0.293682666667 0.580278
0.400068 0.527909666667
0.360481 0.530722333333
0.339374 0.564102
0.791349666667 0.537162666667
0.757426666667 0.558888333333
0.585104666667 0.654627
0.620157333333 0.657441
0.629724333333 0.587135666667
0.634066666667 0.454738
0.650298333333 0.422738
0.680957 0.416922333333
0.618555666667 0.524367333333
0.671752333333 0.540171333333
0.640327666667 0.555920666667
0.670095666667 0.501467666667
0.639789 0.489505
0.584336666667 0.453895666667
0.693029333333 0.598707666667
0.649142 0.638099666667
0.655096 0.607438333333
0.691129666667 0.940819
0.836171666667 0.902918666667
0.936889 0.916383666667
0.903578666667 0.908391
0.944288 0.948592
0.904106 0.969686666667
0.863881 0.956834666667
0.870752666667 0.927747333333
0.975732333333 0.536184333333
0.982358333333 0.611314333333
0.967885666667 0.691296666667
0.955557 0.845995333333
0.972101666667 0.814539
0.923467666667 0.84166
0.521256333333 0.208945
0.603366666667 0.977348
0.655403666667 0.943135666667
0.650532666667 0.872297
0.618710333333 0.876945333333
0.645307333333 0.912315666667
0.613485 0.916964
0.593959 0.862614333333
0.555813333333 0.884067666667
0.524961 0.841234
0.524169 0.870147666667
0.381591333333 0.910493
0.361496333333 0.933674666667
0.354523666667 0.876463333333
0.118546466667 0.587581666667
0.0871777666667 0.573201333333
0.0696738666667 0.600642666667
0.125977133333 0.622866666667
0.0983305666667 0.631220333333
0.195358333333 0.542891
0.218674666667 0.569048
0.152384333333 0.580161
0.159367333333 0.548843
0.212373666667 0.605346
0.182074333333 0.610507
0.166007666667 0.483889666667
0.154056666667 0.456273666667
0.1109324 0.508325
0.139038 0.518448333333
0.0994652 0.469763666667
0.1156198 0.452271
0.0593751333333 0.159625666667
0.0374268666667 0.182649
0.0478309333333 0.128291666667
0.02103028 0.105256133333
0.00821313 0.161260133333
0.0130655166667 0.207319
0.0700058333333 0.321224333333
0.1129775 0.339376666667
0.106092666667 0.367657333333
0.0656844333333 0.406957
0.0431351666667 0.445914666667
0.0633118 0.374964666667
0.0445983 0.350153
0.0176493833333 0.390832666667
0.02148515 0.327063333333
0.1014556 0.00699537
0.133187733333 0.0290736366667
0.120336933333 0.145446
0.1234816 0.1126919
0.191287666667 0.0165331733333
0.161326 0.0418840466667
0.455379666667 0.00233740133333
0.585017 0.00431291133333
0.473457333333 0.0124224166667
0.395638666667 0.0157348133333
0.952513 0.15691
0.856323666667 0.0243750946667
0.462209666667 0.216540333333
0.292974 0.242624
0.329474666667 0.256733333333
0.447457666667 0.341000333333
0.456748 0.306746333333
0.376975666667 0.298048
0.418328 0.355123
0.386163666667 0.341086666667
0.590928333333 0.232493333333
0.756947333333 0.330515666667
0.874900333333 0.247765333333
0.901676666667 0.217014333333
0.892516333333 0.187529333333
0.917004333333 0.444665
0.879461333333 0.404615
0.909774 0.406174
0.942922333333 0.574231333333
0.924083666667 0.596866333333
0.926322333333 0.532281
0.897064 0.523306
0.867516666667 0.540127333333
0.460863333333 0.707588
0.470917666667 0.747409
0.227142333333 0.449954666667
0.247779333333 0.50747
0.266307666667 0.44951
0.277923333333 0.478418666667
0.200522 0.484160666667
0.209543333333 0.512767333333
0.277341666667 0.606743666667
0.239872333333 0.622209333333
0.251478666667 0.648051666667
0.742351 0.444908666667
0.699432333333 0.482346333333
0.706568666667 0.448032333333
0.730337333333 0.502028666667
0.755928333333 0.479792
0.763172333333 0.394046333333
0.765088333333 0.421846333333
0.824187666667 0.384916666667
0.797481666667 0.368839666667
0.810811666667 0.509671333333
0.792949666667 0.480407333333
0.849043 0.511368333333
0.8313 0.4322
0.80651 0.443923
0.862249333333 0.440662666667
0.878590333333 0.494547
0.884868666667 0.464828333333
0.677898333333 0.749278666667
0.736187 0.824697
0.718678666667 0.792866
0.711971333333 0.851267333333
0.674169333333 0.845023666667
0.662055 0.807006
0.682348666667 0.781418666667
0.594497 0.599413666667
0.545593333333 0.620658
0.576380333333 0.631102333333
0.423583666667 0.505296
0.412891666667 0.473819666667
0.516497666667 0.567037333333
0.574146 0.567840666667
0.546380333333 0.579130666667
0.587601333333 0.524009333333
0.572202333333 0.497954
0.720025666667 0.882599333333
0.712724333333 0.914057666667
0.759790666667 0.882584
0.809626333333 0.922002666667
0.774807333333 0.914165
0.748797333333 0.934961
0.825608 0.952924666667
0.769194333333 0.971848333333
0.727202666667 0.961722333333
0.961884333333 0.733771333333
0.960183333333 0.773452666667
0.710945 0.723626333333
0.888559333333 0.603987
0.858828666667 0.854812333333
0.830287 0.868224333333
0.788725 0.855727333333
0.773175666667 0.829172333333
0.562304666667 0.964846666667
0.582519333333 0.935282666667
0.549599 0.916717333333
0.392020333333 0.959791666667
0.412655666667 0.98084
0.347884666667 0.969579
0.441227 0.959340666667
0.51382 0.934569333333
0.516674333333 0.964249666667
0.481831666667 0.975635666667
0.0439536 0.918355666667
0.1322528 0.683547666667
0.191194333333 0.681064666667
0.168087 0.669749666667
0.413876 0.905542333333
0.442987666667 0.928273
0.47115 0.846912
0.484872666667 0.883115666667
0.480738 0.914887666667
0.340697 0.765882666667
0.1026222 0.0489304233333
0.0647849 0.100278033333
0.0980884 0.0909192666667
0.0708900666667 0.0268521566667
0.0395556133333 0.0458054666667
0.0379842466667 0.0772425
0.211631 0.161736666667
0.175465333333 0.163035
0.156225666667 0.139782333333
0.159370333333 0.107028233333
0.172129666667 0.0802594666667
0.704123 0.00851666466667
0.949916333333 0.03410773
0.971331 0.0807069633333
0.960912666667 0.116139466667
0.434339666667 0.243908333333
0.402193666667 0.244399333333
0.434651333333 0.280136666667
0.402505333333 0.280627666667
0.458693666667 0.177038333333
0.384498333333 0.225889
0.350215666667 0.231006
0.683521333333 0.299485
0.651978333333 0.246208666667
0.619623666667 0.250433666667
0.656788 0.28098
0.624433333333 0.285205
0.528926 0.240903666667
0.557069666667 0.254445333333
0.499215333333 0.257897666667
0.491258333333 0.295201
0.427857 0.707104666667
0.411814333333 0.672352666667
0.367815666667 0.724691333333
0.405865333333 0.739409333333
0.452078 0.774468666667
0.420032 0.766952333333
0.364455 0.578458333333
0.40664 0.557923333333
0.440783 0.566614333333
0.599337 0.827789
0.628146666667 0.803624
0.651367 0.701324
0.648862666667 0.737863666667
0.618194333333 0.690843
0.619404666667 0.766621666667
0.577214666667 0.707781
0.544586 0.409269
0.55895 0.442029333333
0.53303 0.504944333333
0.526091 0.475204666667
0.459759333333 0.505489333333
0.470386666667 0.536794
0.506209 0.535025666667
0.861835 0.823522333333
0.905929 0.819171
0.9261 0.78242
0.739941333333 0.777324666667
0.736658 0.740225
0.778562 0.728890333333
0.780846 0.797513666667
0.807338333333 0.566138666667
0.845274 0.567406333333
0.855897 0.599656
0.773415333333 0.587864333333
0.927928333333 0.71778
0.903305333333 0.754661666667
0.591312666667 0.200060666667
0.651044333333 0.0271056033333
0.677371 0.0472367666667
0.527901333333 0.178688666667
0.494674666667 0.156180666667
0.558613 0.176472
0.564388666667 0.145986666667
0.0383106666667 0.851186333333
0.0568763666667 0.881591
0.113791866667 0.912519666667
0.141007666667 0.928240666667
0.0713938666667 0.933191
0.0986096666667 0.948912
0.199867 0.711594
0.195064 0.744526
0.237273 0.701557333333
0.268797333333 0.714461
0.37182 0.853629666667
0.353419 0.822162666667
0.372468333333 0.799087
0.402288666667 0.797053333333
0.411309 0.868857333333
0.439408 0.837416
0.434334666667 0.804569666667
0.174360333333 0.936673
0.206380333333 0.920341333333
0.242240333333 0.944109
0.172225666667 0.965320666667
0.131962333333 0.957344333333
0.301055333333 0.943392666667
0.272842666667 0.923838
0.325327666667 0.919754
0.322426333333 0.880690333333
0.285563666667 0.861532
0.260252333333 0.881041
0.215047 0.0324518266667
0.200845 0.0710424666667
0.731438666667 0.1070787
0.737380666667 0.0661699
0.745697333333 0.013403328
0.715864666667 0.035822
0.417955333333 0.0421397333333
0.665121333333 0.353877333333
0.686797333333 0.331989333333
0.691513 0.384658
0.729263 0.378584
0.729727666667 0.347047333333
0.551601 0.379702333333
0.516854333333 0.361955
0.520118333333 0.327107333333
0.357957 0.611990666667
0.386332 0.624965333333
0.316535 0.6241
0.359068666667 0.683686666667
0.381075666667 0.663652666667
0.321535 0.673254
0.301424 0.648988666667
0.447544 0.594776666667
0.422802 0.61619
0.438337666667 0.644658666667
0.487436333333 0.596968
0.511539666667 0.624630666667
0.499397333333 0.66161
0.465391666667 0.667488666667
0.545517333333 0.814411
0.573172333333 0.808615666667
0.521337 0.763354333333
0.517827333333 0.796592
0.564463333333 0.741102333333
0.588608666667 0.768544666667
0.507674666667 0.414995
0.445015 0.446563666667
0.470804666667 0.465388666667
0.499383333333 0.453089
0.466360333333 0.374947333333
0.492001333333 0.382929
0.437230666667 0.38907
0.428790666667 0.416320666667
0.81033 0.753364
0.809330666667 0.784887666667
0.846228666667 0.797753333333
0.847355333333 0.741271
0.867528 0.765643666667
0.773153 0.618632333333
0.783547666667 0.692439333333
0.817699 0.629156333333
0.915613 0.693167333333
0.892811333333 0.637483666667
0.94434 0.654943666667
0.928335666667 0.630363
0.555171 0.0599777666667
0.61046 0.0292920033333
0.551979 0.01881257
0.516668333333 0.0295333
0.589256 0.0812508333333
0.609234333333 0.0612858
0.497004333333 0.127499866667
0.532306333333 0.0846501333333
0.536006666667 0.119522533333
0.161913666667 0.752891666667
0.0970737333333 0.722582333333
0.130034466667 0.717503666667
0.125188533333 0.881062666667
0.0957133 0.864969333333
0.154945 0.79894
0.222129666667 0.771560333333
0.223441666667 0.807068333333
0.258457 0.751532
0.229595 0.137703
0.225289333333 0.0970302333333
0.674147 0.225378666667
0.842260333333 0.1274541
0.804248 0.109451433333
0.869811 0.123783766667
0.899145666667 0.154495333333
0.923679666667 0.137172666667
0.919544 0.0713162333333
0.932079333333 0.0964021333333
0.889612333333 0.0631020666667
0.865616666667 0.0817140666667
0.823972 0.0263676613333
0.840683666667 0.0568447333333
0.806865666667 0.0809117666667
0.784872666667 0.0213378946667
0.775569 0.0576088666667
0.355866 0.0323660466667
0.378182666667 0.0587709666667
0.387384 0.192512666667
0.417488333333 0.168723666667
0.41363 0.1281096
0.569104 0.293304333333
0.555691666667 0.319565333333
0.607772333333 0.306123666667
0.576995333333 0.359331666667
0.611598666667 0.368764666667
0.628963333333 0.341817666667
0.749002666667 0.634423
0.755526333333 0.666809333333
0.714116 0.624453
0.724827666667 0.686661666667
0.694285333333 0.675774333333
0.690097333333 0.645952
0.813313333333 0.686882
0.826816 0.655193
0.845353 0.71124
0.869266 0.659189333333
0.876063333333 0.690292333333
0.655425666667 0.187704333333
0.617507666667 0.180800666667
0.599520666667 0.147885333333
0.608022333333 0.122920666667
0.439929 0.1052098
0.473269333333 0.1098674
0.440428666667 0.066788
0.476567666667 0.051672
0.493858666667 0.0763443333333
0.0525224666667 0.809862333333
0.0862664666667 0.74959
0.0310411 0.766263
0.0465025333333 0.736069
0.164332333333 0.866353333333
0.200680333333 0.885371666667
0.22395 0.866342333333
0.205663333333 0.831002
0.173662333333 0.830472666667
0.310031 0.773164
0.277810666667 0.770225666667
0.317301666667 0.809023666667
0.283048 0.825628666667
0.255423 0.807105333333
0.712449 0.231724666667
0.717013666667 0.271059666667
0.323387 0.03908258
0.288922666667 0.01465384
0.251805333333 0.0293803933333
0.371126666667 0.0904540333333
0.384655333333 0.118861266667
0.707105666667 0.155898
0.674995 0.157594333333
0.705241666667 0.112167033333
0.645578666667 0.125726
0.67269 0.082673
0.645137666667 0.0945356333333
0.126277666667 0.802707
0.101652533333 0.778004666667
0.1079951 0.832785333333
0.0833699666667 0.808083
0.760941 0.296212
0.747593666667 0.270601
0.803615 0.282667
0.833695 0.251001666667
0.733975333333 0.178191333333
0.737734333333 0.207923666667
0.752640333333 0.148312666667
0.778905333333 0.142627
0.762366666667 0.228769
0.307027666667 0.0683318666667
0.259003 0.0890962
0.271317 0.060037
0.825168333333 0.217006666667
0.789878 0.208898333333
0.798952333333 0.164300666667
0.857213333333 0.184285333333
0.836292 0.154921666667
0.352736333333 0.139850666667
0.286518 0.121763966667
0.339207666667 0.111443433333
0.313956666667 0.105129066667
0.270065666667 0.147914
0.331377 0.193595333333
0.351606666667 0.172888
0.271646666667 0.178953333333
0.296350666667 0.19569
