0.104 0.000298604
0.136 0.000509853
0.2 0.000685545
0.216 0.00371304
0.28 0.00414054
0.296 0.00717583
0.312 0.0144717
0.36 0.017247
0.392 0.0710629
0.408 0.0107409
0.424 0.0470613
0.44 0.0264495
0.504 0.023047
0.536 0.0312623
0.568 0.128867
0.584 0.043078
0.6 0.316798
0.616 0.0710087
0.632 0.162576
0.648 0.107674
0.664 0.266521
0.696 0.126713
0.712 0.133175
0.728 0.242045
0.76 0.197367
0.776 0.284247
0.792 0.627992
0.808 0.162322
0.824 0.368257
0.856 0.776463
0.888 1.27469
0.904 2.77146
0.92 1.65463
0.936 1.44016
0.952 1.87227
0.984 1.13639
1 1.20259
1.016 0.973955
1.032 1.15342
1.048 0.670227
1.064 1.3264
1.08 2.52814
1.096 0.255776
1.112 1.63878
1.128 4.81128
1.144 1.41302
1.16 1.96667
1.176 2.19638
1.208 1.88592
1.224 2.97235
1.24 1.6836
1.256 1.35485
1.272 0.826724
1.288 0.993562
1.304 0.836151
1.32 1.28973
1.336 0.832148
1.352 1.99023
1.368 1.35748
1.384 0.748716
1.4 0.348593
1.416 0.548134
1.432 0.243977
1.448 0.680134
1.464 0.595612
1.48 0.76733
1.496 0.647254
1.512 0.489922
1.528 0.581207
1.56 0.501818
1.576 0.637938
1.608 0.408415
1.624 0.513783
1.64 0.358705
1.656 0.575635
1.672 0.558595
1.704 0.614347
1.72 0.883544
1.752 0.885497
1.768 0.641078
1.784 0.758894
1.8 0.967794
1.816 0.159534
1.832 0.623516
1.848 1.1403
1.864 0.555835
1.88 1.13516
1.896 1.12604
1.912 1.82255
1.928 1.35302
1.944 2.00627
1.96 2.61017
1.976 1.50636
1.992 0.65923
2.008 1.10301
2.024 1.6299
2.04 0.434756
2.056 1.34814
2.088 1.11575
2.104 1.02408
2.12 1.85758
2.136 1.12996
2.152 1.179
2.168 0.833994
2.184 1.90827
2.2 1.40946
2.216 1.35671
2.232 1.10144
2.248 0.590684
2.264 0.875151
2.28 0.997218
2.296 0.909166
2.312 0.61054
2.328 1.00688
2.344 1.07059
2.36 0.993071
2.376 0.651341
2.392 0.730113
2.408 0.861965
2.424 0.64
2.44 1.0011
2.456 0.565384
2.472 0.835185
2.488 0.459197
2.504 0.830887
2.52 0.686081
2.536 1.28194
2.552 1.17245
2.568 0.891209
2.584 1.06867
2.6 0.612198
2.616 0.447011
2.632 0.664359
2.648 0.994735
2.664 0.593054
2.68 1.05036
2.696 0.685231
2.712 0.710905
2.728 1.12378
2.744 0.839414
2.76 1.28688
2.776 0.719525
2.792 1.23065
2.808 1.47472
2.824 1.04167
2.84 0.733141
2.856 1.28772
2.872 1.03976
2.888 0.751524
2.904 1.21267
2.92 1.2105
2.936 0.886394
2.952 1.1543
2.968 0.533519
2.984 1.56075
3 0.672287
3.016 1.32887
3.032 1.92172
3.048 1.53654
3.064 1.11838
3.08 1.0356
3.096 1.89231
3.112 1.09377
3.128 0.872846
3.144 1.31882
3.16 1.03147
3.176 1.20964
3.192 1.07776
3.208 0.958205
3.224 1.06127
3.24 0.702143
3.256 0.892492
3.272 1.03024
3.288 0.890443
3.304 1.00301
3.32 0.990524
3.336 0.868632
3.352 1.12939
3.368 0.710808
3.384 1.34688
3.4 0.854682
3.416 0.916915
3.432 0.530465
3.448 0.802585
3.464 0.719127
3.48 0.790921
3.496 0.872134
3.512 0.849464
3.528 0.852975
3.544 0.759556
3.56 0.662812
3.576 0.857151
3.592 0.840524
3.608 1.09769
3.624 0.982603
3.64 1.47875
3.656 0.851654
3.672 1.34433
3.688 1.02858
3.704 1.00085
3.72 0.719551
3.736 1.03274
3.752 0.780664
3.768 1.17718
3.784 0.819154
3.8 0.998243
3.816 0.919
3.832 0.855622
3.848 0.782005
3.864 1.27261
3.88 0.855193
3.896 1.06635
3.912 1.27411
3.928 1.07454
3.944 1.48497
3.96 1.16283
3.976 0.936649
3.992 1.17321
4.008 0.824651
4.024 1.03665
4.04 1.10985
4.056 1.06779
4.072 1.07302
4.088 1.09886
4.104 1.02454
4.12 0.818474
4.136 0.978938
4.152 0.851038
4.168 0.912831
4.184 1.23961
4.2 0.962264
4.216 1.25312
4.232 0.768918
4.248 0.960332
4.264 0.732776
4.28 0.878184
4.296 1.08177
4.312 0.922774
4.328 0.919753
4.344 0.596306
4.36 0.783017
4.376 0.573093
4.392 1.1842
4.408 1.09232
4.424 1.03905
4.44 0.7943
4.456 0.784807
4.472 0.835538
4.488 1.1825
4.504 0.852505
4.52 0.950199
4.536 0.841959
4.552 1.0669
4.568 0.815279
4.584 1.72151
4.6 0.921344
4.616 0.865495
4.632 0.791687
4.648 1.32665
4.664 0.962413
4.68 1.38723
4.696 1.31642
4.712 0.937741
4.728 0.755598
4.744 1.0281
4.76 1.23933
4.776 0.742452
4.792 1.00081
4.808 0.913888
4.824 0.951325
4.84 1.10411
4.856 1.25983
4.872 1.16345
4.888 0.988211
4.904 0.983428
4.92 1.10973
4.936 1.10277
4.952 0.631844
4.968 0.862592
4.984 1.4924
5 1.0939
5.016 1.4045
5.032 0.833004
5.048 1.63508
5.064 0.998718
5.08 0.956569
5.096 1.09669
5.112 0.823317
5.128 0.995147
5.144 0.816406
5.16 1.02626
5.176 0.627036
5.192 0.921712
5.208 0.864769
5.224 0.688601
5.24 1.18967
5.256 0.832434
5.272 0.865044
5.288 0.886469
5.304 0.817105
5.32 1.03178
5.336 0.931509
5.352 0.932173
5.368 0.789954
5.384 0.751237
5.4 0.854073
5.416 1.05149
5.432 0.715313
5.448 0.79162
5.464 1.01936
5.48 0.789878
5.496 1.08152
5.512 1.11934
5.528 0.822869
5.544 1.12164
5.56 0.959286
5.576 1.04411
5.592 0.962158
5.608 0.944702
5.624 1.02323
5.64 1.18811
5.656 1.09674
5.672 0.881399
5.688 0.988064
5.704 1.00428
5.72 1.14704
5.736 0.907075
5.752 1.19196
5.768 1.18199
5.784 1.13618
5.8 0.980907
5.816 0.812839
5.832 1.23277
5.848 0.877963
5.864 1.34739
5.88 0.84055
5.896 0.951586
5.912 1.44992
5.928 1.35921
5.944 1.02596
5.96 0.759975
5.976 1.37045
5.992 0.748128
6.008 0.802905
6.024 0.925338
6.04 0.98445
6.056 0.667279
6.072 0.578363
6.088 1.24825
6.104 1.11536
6.12 0.903087
6.136 0.969951
6.152 1.26348
6.168 1.38804
6.184 0.899539
6.2 1.02029
6.216 1.10553
6.232 0.716852
6.248 0.802784
6.264 0.804139
6.28 0.709563
6.296 1.08122
6.312 0.518069
6.328 0.862059
6.344 1.32789
6.36 0.891505
6.376 1.14772
6.392 0.731332
6.408 1.16377
6.424 1.04315
6.44 1.3296
6.456 1.07654
6.472 0.710826
6.488 1.02627
6.504 0.893494
6.52 0.867787
6.536 1.13797
6.552 1.07777
6.568 0.898334
6.584 1.19018
6.6 0.994797
6.616 1.08772
6.632 1.15828
6.648 1.12897
6.664 1.41995
6.68 0.814383
6.696 0.928821
6.712 0.87395
6.728 0.877353
6.744 0.832868
6.76 0.590004
6.776 1.15411
6.792 0.821366
6.808 1.2511
6.824 0.9182
6.84 1.31522
6.856 0.838625
6.872 1.07833
6.888 1.08159
6.904 0.914849
6.92 0.749002
6.936 1.16831
6.952 0.974405
6.968 1.07004
6.984 1.23766
7 1.08774
7.016 0.819942
7.032 0.833116
7.048 0.805886
7.064 0.959328
7.08 1.04756
7.096 0.749424
7.112 1.11247
7.128 0.844842
7.144 0.955506
7.16 0.807077
7.176 0.673458
7.192 0.968764
7.208 1.17193
7.224 0.666761
7.24 0.904757
7.256 0.994808
7.272 0.875745
7.288 1.06584
7.304 0.928231
7.32 0.796848
7.336 1.32569
7.352 1.00116
7.368 0.829659
7.384 1.30769
7.4 1.03751
7.416 1.04626
7.432 1.03349
7.448 0.844478
7.464 1.34355
7.48 1.16958
7.496 0.973082
7.512 0.921219
7.528 1.10026
7.544 0.809502
7.56 1.14377
7.576 0.950235
7.592 0.876903
7.608 0.98884
7.624 1.06293
7.64 0.917879
7.656 0.993875
7.672 1.21381
7.688 1.12571
7.704 1.01747
7.72 0.994541
7.736 1.40047
7.752 1.02663
7.768 1.15947
7.784 0.690538
7.8 1.15336
7.816 1.25812
7.832 1.0802
7.848 1.00996
7.864 1.56728
7.88 0.906888
7.896 1.09078
7.912 0.924216
7.928 1.13125
7.944 0.973266
7.96 0.879638
7.976 0.712972
7.992 0.955359
