0.0735391 0.000346366
0.0961665 0.000388683
0.141421 0.000233873
0.152735 0.000135347
0.19799 0.000463868
0.209304 0.000283897
0.220617 0.000610112
0.254558 0.000313743
0.277186 0.00350807
0.2885 0.00448247
0.299813 0.0111763
0.311127 0.015426
0.356382 0.0212486
0.379009 0.0268161
0.401637 0.0686779
0.41295 0.0322498
0.424264 0.0226303
0.435578 0.0202688
0.446891 0.0152489
0.458205 0.0119535
0.469519 0.0305247
0.492146 0.0206469
0.50346 0.022184
0.514774 0.029621
0.537401 0.0539337
0.548715 0.0414405
0.560029 0.0438358
0.571342 0.0743957
0.582656 0.130126
0.605283 0.218743
0.627911 0.264163
0.639225 0.882115
0.650538 0.846693
0.661852 0.537327
0.673166 0.35284
0.695793 0.275586
0.707107 0.308771
0.71842 0.42397
0.729734 0.226691
0.741048 0.243432
0.752362 1.00026
0.763675 0.635862
0.774989 0.258999
0.786303 0.33117
0.797616 1.45106
0.80893 0.70626
0.820244 0.764541
0.831558 0.717136
0.854185 0.913918
0.865499 1.36719
0.876812 1.57307
0.888126 1.55144
0.89944 0.80675
0.910754 1.1491
0.922067 1.34553
0.933381 2.77251
0.944695 1.26794
0.956008 1.8807
0.967322 0.789998
0.978636 1.00972
0.989949 0.950653
1.00126 0.819162
1.01258 0.611387
1.02389 1.4612
1.0352 1.63318
1.04652 0.501181
1.05783 0.37947
1.06915 0.874389
1.08046 1.32376
1.10309 1.36769
1.1144 0.926228
1.13703 1.45931
1.14834 1.42248
1.15966 0.861844
1.17097 2.28665
1.18228 1.76907
1.20491 1.13419
1.21622 0.854994
1.23885 1.19166
1.25016 1.33875
1.26148 1.4294
1.27279 1.17052
1.28411 0.902743
1.29542 0.816349
1.30673 1.25175
1.31805 1.01957
1.32936 1.89336
1.34067 0.894452
1.35199 1.55853
1.3633 1.22747
1.37462 3.25892
1.38593 1.36077
1.39724 2.14136
1.40856 2.00344
1.41987 1.60905
1.43118 1.24093
1.4425 1.1712
1.45381 1.41988
1.47644 1.42992
1.48775 1.28608
1.49907 1.4375
1.51038 0.657215
1.52169 0.966162
1.53301 0.543747
1.54432 0.696816
1.55563 0.954433
1.56695 0.598042
1.57826 1.38869
1.58958 0.995889
1.60089 0.630072
1.6122 1.03111
1.62352 0.461283
1.63483 0.493369
1.64614 1.07335
1.65746 0.666037
1.66877 0.571345
1.68009 0.863736
1.6914 0.702379
1.70271 0.396424
1.71403 0.682683
1.72534 0.67199
1.73665 0.817908
1.74797 0.694273
1.75928 0.670799
1.7706 0.337594
1.78191 0.65895
1.79322 0.575571
1.80454 0.916184
1.81585 0.590302
1.82716 0.344889
1.83848 0.498834
1.84979 0.68913
1.86111 0.753248
1.87242 0.659204
1.88373 0.849589
1.89505 0.451322
1.90636 0.84753
1.91767 1.24593
1.92899 0.686737
1.9403 1.05936
1.95161 0.920923
1.96293 1.10726
1.97424 0.541667
1.98556 0.647989
1.99687 0.845571
2.00818 1.06494
2.0195 1.22348
2.03081 0.673964
2.04212 0.549438
2.05344 1.39053
2.06475 0.832105
2.07607 1.12075
2.08738 0.806841
2.09869 1.00006
2.11001 0.916117
2.12132 0.912102
2.13263 1.34551
2.14395 2.56857
2.15526 1.59384
2.16658 1.36603
2.17789 0.885326
2.1892 1.26955
2.20052 0.870263
2.21183 1.12812
2.22314 1.04483
2.23446 0.781807
2.24577 0.776497
2.25708 2.05859
2.2684 1.66299
2.27971 0.917927
2.29103 1.89437
2.30234 0.843807
2.31365 0.971596
2.32497 0.869679
2.33628 1.08136
2.34759 0.954829
2.35891 1.30715
2.37022 1.17149
2.38154 1.27721
2.39285 1.07432
2.40416 1.14467
2.41548 0.747936
2.42679 0.474178
2.4381 0.843869
2.44942 1.53742
2.46073 1.4
2.47205 0.755187
2.48336 0.820548
2.49467 0.990292
2.50599 1.40264
2.5173 2.01771
2.52861 1.10136
2.53993 1.52127
2.55124 0.706437
2.56255 0.906317
2.57387 0.851282
2.58518 1.09464
2.5965 1.53721
2.60781 0.817961
2.61912 0.79606
2.63044 0.84828
2.64175 0.86178
2.65306 1.271
2.66438 0.872339
2.67569 1.276
2.68701 0.887579
2.69832 1.07474
2.70963 0.806117
2.72095 0.453093
2.73226 1.50545
2.74357 0.682671
2.75489 1.21147
2.7662 1.19381
2.77752 0.776095
2.78883 1.09589
2.80014 0.569978
2.81146 0.815013
2.82277 0.892757
2.83408 1.07136
2.8454 0.82279
2.85671 1.6984
2.86803 1.01547
2.87934 1.01349
2.89065 1.35579
2.90197 0.823327
2.91328 1.06884
2.92459 0.793282
2.93591 0.825075
2.94722 1.09596
2.95853 1.51901
2.96985 0.883744
2.98116 0.948788
2.99248 0.957013
3.00379 1.03332
3.0151 1.20565
3.02642 0.907706
3.03773 1.06246
3.04904 1.06365
3.06036 0.874502
3.07167 0.826404
3.08299 0.61294
3.0943 0.665897
3.10561 0.744299
3.11693 0.622914
3.12824 1.03072
3.13955 1.23139
3.15087 0.878415
3.16218 0.946803
3.1735 0.929563
3.18481 0.964172
3.19612 1.01837
3.20744 1.04839
3.21875 0.707504
3.23006 0.945591
3.24138 1.03074
3.25269 1.08365
3.264 1.11678
3.27532 0.712907
3.28663 0.735831
3.29795 0.690059
3.30926 1.0314
3.32057 0.774181
3.33189 0.817921
3.3432 0.885794
3.35451 1.06066
3.36583 0.870589
3.37714 0.897824
3.38846 1.41703
3.39977 1.2169
3.41108 1.01965
3.4224 1.15032
3.43371 1.16874
3.44502 0.877837
3.45634 1.13294
3.46765 1.1079
3.47897 0.762919
3.49028 1.07916
3.50159 0.893217
3.51291 1.25758
3.52422 1.6064
3.53553 1.48937
3.54685 1.42008
3.55816 1.14216
3.56948 0.903794
3.58079 1.02778
3.5921 0.683425
3.60342 1.13729
3.61473 1.06396
3.62604 1.09284
3.63736 1.16608
3.64867 0.885263
3.65998 0.688738
3.6713 0.762562
3.68261 0.778169
3.69393 0.836428
3.70524 1.22551
3.71655 0.969687
3.72787 1.51181
3.73918 0.800731
3.75049 0.767027
3.76181 0.87891
3.77312 0.731629
3.78444 1.09742
3.79575 1.26429
3.80706 1.0503
3.81838 1.14309
3.82969 0.970708
3.841 0.754091
3.85232 1.0376
3.86363 0.833817
3.87495 0.939883
3.88626 1.272
3.89757 1.00658
3.90889 0.641986
3.9202 0.755785
3.93151 1.14605
3.94283 0.899529
3.95414 1.18986
3.96545 0.75899
3.97677 0.812156
3.98808 0.935901
3.9994 1.31557
4.01071 0.832384
4.02202 1.06892
4.03334 0.635674
4.04465 1.16829
4.05596 1.16255
4.06728 0.846923
4.07859 0.778593
4.08991 1.02319
4.10122 1.10978
4.11253 1.01635
4.12385 0.984247
4.13516 1.23738
4.14647 1.07875
4.15779 0.901775
4.1691 0.94994
4.18042 1.11302
4.19173 0.985263
4.20304 0.793467
4.21436 1.00604
4.22567 0.718587
4.23698 0.834451
4.2483 1.2165
4.25961 1.09202
4.27092 0.95434
4.28224 0.883546
4.29355 1.07187
4.30487 1.15083
4.31618 1.38215
4.32749 0.934097
4.33881 1.14247
4.35012 1.46858
4.36143 0.836374
4.37275 1.02402
4.38406 0.985777
4.39538 0.99404
4.40669 0.809087
4.418 0.789485
4.42932 0.638747
4.44063 0.867526
4.45194 1.21008
4.46326 0.886713
4.47457 1.1148
4.48589 1.01852
4.4972 1.11549
4.50851 0.999234
4.51983 1.06056
4.53114 0.817012
4.54245 1.21319
4.55377 0.955564
4.56508 0.966499
4.5764 0.503463
4.58771 0.904045
4.59902 1.00731
4.61034 1.38071
4.62165 0.934516
4.63296 1.03335
4.64428 1.28691
4.65559 0.797035
4.6669 1.00594
4.67822 0.799057
4.68953 0.738176
4.70085 0.744085
4.71216 1.08268
4.72347 1.1937
4.73479 1.01436
4.7461 0.894001
4.75741 1.11945
4.76873 1.00449
4.78004 1.13808
4.79136 1.16166
4.80267 0.784899
4.81398 1.13591
4.8253 1.0191
4.83661 1.01628
4.84792 1.0899
4.85924 0.979248
4.87055 1.03688
4.88187 0.888973
4.89318 1.55381
4.90449 0.767381
4.91581 0.714746
4.92712 1.03659
4.93843 1.28322
4.94975 1.06215
4.96106 1.06177
4.97237 1.02197
4.98369 1.25485
4.995 0.925312
5.00632 1.03524
5.01763 0.840729
5.02894 0.89714
5.04026 1.04309
5.05157 0.926723
5.06288 1.09298
5.0742 0.927626
5.08551 0.875245
5.09683 0.853358
5.10814 0.871236
5.11945 1.02916
5.13077 1.00063
5.14208 1.01486
5.15339 1.14965
5.16471 0.769767
5.17602 0.857893
5.18734 1.21202
5.19865 1.00807
5.20996 1.05251
5.22128 0.688908
5.23259 0.732727
5.2439 1.24161
5.25522 0.915645
5.26653 1.2879
5.27785 0.966185
5.28916 1.27156
5.30047 0.886881
5.31179 1.0171
5.3231 0.977528
5.33441 0.972019
5.34573 1.08775
5.35704 1.0553
5.36835 1.5022
5.37967 1.05687
5.39098 0.885625
5.4023 1.16273
5.41361 1.0151
5.42492 0.957781
5.43624 1.19857
5.44755 1.28079
5.45886 1.1859
5.47018 1.0376
5.48149 0.989772
5.49281 1.14283
5.50412 0.797015
5.51543 0.769824
5.52675 1.05486
5.53806 1.12429
5.54937 0.953708
5.56069 1.2858
5.572 0.937437
5.58332 1.27448
5.59463 1.20637
5.60594 0.864064
5.61726 0.930629
5.62857 0.83962
5.63988 0.629695
5.6512 1.10904
