0.0795308 0.000144715
0.104002 0.000115698
0.152944 8.0461e-05
0.165179 0.000150498
0.214121 0.000793902
0.226357 4.53626e-05
0.238592 0.000160996
0.275299 0.00103029
0.29977 0.000370201
0.312005 0.00281772
0.324241 0.00385765
0.336476 0.001913
0.385418 0.00483877
0.409889 0.00306482
0.43436 0.0117416
0.446596 0.00505827
0.458831 0.000565696
0.471067 0.00693765
0.483302 0.00824882
0.495538 0.0151164
0.507773 0.0138182
0.532245 0.00557294
0.54448 0.0388663
0.556716 0.0321385
0.581187 0.0566756
0.593422 0.143554
0.605658 0.249234
0.617893 0.18061
0.630129 0.19586
0.6546 0.202868
0.679071 0.373776
0.691306 0.256531
0.703542 0.365904
0.715777 0.328636
0.728013 0.251205
0.752484 0.159978
0.764719 0.229326
0.776955 0.101422
0.78919 0.119861
0.801426 0.334257
0.813661 0.612626
0.825897 0.514771
0.838132 1.14379
0.850368 0.908798
0.862603 1.18311
0.874839 2.02546
0.887074 1.89229
0.89931 1.61537
0.923781 1.94906
0.936016 1.06363
0.948252 1.60285
0.960487 0.891181
0.972723 0.874735
0.984958 1.15145
0.997194 0.50469
1.00943 1.15064
1.02166 1.29696
1.0339 0.537464
1.04614 0.639381
1.05837 1.678
1.07061 1.40144
1.08284 1.09937
1.09508 1.18626
1.10731 1.36066
1.11955 0.649798
1.13178 2.38124
1.14402 2.90871
1.15626 5.76621
1.16849 2.73761
1.19296 2.39456
1.2052 2.49152
1.22967 1.21365
1.2419 1.26323
1.25414 0.821839
1.26637 1.15795
1.27861 0.972028
1.30308 0.876501
1.31532 1.29619
1.33979 0.35543
1.35202 0.448247
1.36426 0.818751
1.37649 0.808373
1.38873 0.517542
1.40097 1.03795
1.4132 1.56246
1.42544 1.22966
1.43767 1.41072
1.44991 0.88078
1.46214 0.794033
1.47438 0.786144
1.48661 0.824161
1.49885 1.38987
1.51108 0.508903
1.52332 0.521282
1.53556 0.676014
1.54779 0.645247
1.56003 0.8768
1.57226 0.511439
1.59673 0.739897
1.60897 0.580864
1.6212 1.10353
1.63344 0.531378
1.64568 0.600492
1.65791 0.327642
1.67015 0.665116
1.68238 1.01934
1.69462 0.784725
1.70685 0.426735
1.71909 0.523725
1.73132 0.841617
1.74356 0.557517
1.7558 0.564563
1.76803 0.895398
1.78027 0.706477
1.7925 0.549996
1.80474 1.29341
1.81697 0.624351
1.82921 0.84243
1.84144 0.82572
1.85368 0.974713
1.86591 1.07993
1.87815 0.473943
1.89039 0.517712
1.90262 1.37559
1.91486 1.05917
1.92709 0.961235
1.93933 1.01767
1.95156 0.900463
1.9638 1.27376
1.97603 1.02256
1.98827 1.16629
2.00051 1.15501
2.01274 1.03388
2.02498 1.01184
2.03721 1.139
2.04945 1.02647
2.06168 0.790832
2.07392 1.33471
2.08615 1.11707
2.09839 0.926546
2.11062 0.975284
2.12286 1.18803
2.1351 0.83343
2.14733 1.50797
2.15957 0.861903
2.1718 0.72995
2.18404 1.39222
2.19627 1.38107
2.20851 1.3743
2.22074 1.46772
2.23298 1.26416
2.24522 1.3197
2.25745 2.05135
2.26969 0.998701
2.28192 1.01795
2.29416 1.15343
2.30639 1.32175
2.31863 0.736674
2.33086 0.938838
2.3431 1.09534
2.35533 1.22801
2.36757 1.20431
2.37981 1.39719
2.39204 1.51614
2.40428 1.40725
2.41651 1.65682
2.42875 0.656386
2.44098 0.832952
2.45322 0.799226
2.46545 0.824366
2.47769 1.6917
2.48993 1.24958
2.50216 0.944335
2.5144 1.27103
2.52663 1.00874
2.53887 1.27112
2.5511 0.850029
2.56334 1.35282
2.57557 1.02705
2.58781 1.12722
2.60004 0.779236
2.61228 0.857074
2.62452 0.493533
2.63675 0.779632
2.64899 0.775765
2.66122 0.531179
2.67346 0.878982
2.68569 0.907541
2.69793 0.792024
2.71016 0.760026
2.7224 2.27002
2.73464 1.21543
2.74687 1.03287
2.75911 1.10325
2.77134 0.931611
2.78358 1.07498
2.79581 0.875387
2.80805 0.818066
2.82028 0.551643
2.83252 0.947027
2.84476 0.631366
2.85699 0.507898
2.86923 0.605769
2.88146 1.07758
2.8937 0.453648
2.90593 1.16454
2.91817 1.23343
2.9304 1.03545
2.94264 1.00836
2.95487 0.93926
2.96711 1.0724
2.97935 0.920585
2.99158 0.796369
3.00382 0.979789
3.01605 0.663954
3.02829 1.22086
3.04052 1.33936
3.05276 0.597815
3.06499 0.941016
3.07723 1.20094
3.08947 1.13067
3.1017 0.932184
3.11394 0.925815
3.12617 0.564987
3.13841 0.735867
3.15064 0.75688
3.16288 0.859173
3.17511 0.877991
3.18735 1.04586
3.19958 1.47897
3.21182 1.29998
3.22406 0.724201
3.23629 0.763601
3.24853 0.878293
3.26076 1.18453
3.273 1.36785
3.28523 0.999485
3.29747 1.15038
3.3097 0.863592
3.32194 1.094
3.33418 1.31957
3.34641 1.31829
3.35865 0.932406
3.37088 1.1619
3.38312 0.871533
3.39535 0.950843
3.40759 0.905118
3.41982 1.11308
3.43206 1.17094
3.44429 0.73651
3.45653 0.952569
3.46877 1.39548
3.481 1.28826
3.49324 1.5339
3.50547 0.720565
3.51771 0.691658
3.52994 0.769477
3.54218 1.11799
3.55441 1.12411
3.56665 1.31951
3.57889 0.936386
3.59112 0.955934
3.60336 1.31375
3.61559 0.939957
3.62783 0.800256
3.64006 0.940337
3.6523 1.21473
3.66453 1.00088
3.67677 1.15425
3.68901 1.14404
3.70124 0.995805
3.71348 1.01189
3.72571 1.00451
3.73795 0.736392
3.75018 1.09263
3.76242 1.25943
3.77465 1.31511
3.78689 1.14824
3.79912 1.018
3.81136 1.2808
3.8236 0.776908
3.83583 1.01029
3.84807 1.23789
3.8603 1.02718
3.87254 0.659568
3.88477 0.819064
3.89701 1.04335
3.90924 0.973512
3.92148 0.825561
3.93372 0.782079
3.94595 1.00931
3.95819 0.734623
3.97042 1.01316
3.98266 1.14359
3.99489 1.12172
4.00713 0.810883
4.01936 1.14504
4.0316 0.935781
4.04383 0.689859
4.05607 1.03711
4.06831 0.986423
4.08054 1.11903
4.09278 0.846309
4.10501 0.805102
4.11725 0.899594
4.12948 0.83998
4.14172 1.11214
4.15395 0.573649
4.16619 1.24833
4.17843 1.04732
4.19066 1.03466
4.2029 0.923077
4.21513 0.834086
4.22737 0.87642
4.2396 0.740692
4.25184 0.914891
4.26407 1.07075
4.27631 0.978779
4.28854 1.19511
4.30078 1.03878
4.31302 1.04311
4.32525 0.800911
4.33749 0.700455
4.34972 1.08634
4.36196 0.799403
4.37419 0.873057
4.38643 0.923414
4.39866 0.9597
4.4109 1.04128
4.42314 1.05168
4.43537 1.09902
4.44761 0.985457
4.45984 1.53208
4.47208 0.726487
4.48431 0.901344
4.49655 0.984993
4.50878 0.895952
4.52102 0.971148
4.53325 0.969005
4.54549 1.01323
4.55773 0.937755
4.56996 0.983996
4.5822 1.23691
4.59443 1.08015
4.60667 1.3339
4.6189 1.09951
4.63114 0.997445
4.64337 0.825622
4.65561 1.29098
4.66785 0.842595
4.68008 1.50312
4.69232 0.953575
4.70455 1.5432
4.71679 1.08477
4.72902 0.812909
4.74126 0.978305
4.75349 0.757796
4.76573 0.762135
4.77797 0.827546
4.7902 1.15558
4.80244 0.972736
4.81467 1.0479
4.82691 1.3308
4.83914 1.09663
4.85138 1.2891
4.86361 0.913538
4.87585 1.14576
4.88808 1.02787
4.90032 1.09954
4.91256 1.25725
4.92479 0.795607
4.93703 0.94118
4.94926 0.803434
4.9615 1.19388
4.97373 0.820923
4.98597 1.03822
4.9982 0.850617
5.01044 1.17353
5.02268 0.804257
5.03491 1.06443
5.04715 1.06497
5.05938 0.937782
5.07162 1.16074
5.08385 0.836135
5.09609 0.826438
5.10832 1.05202
5.12056 0.978838
5.13279 1.07223
5.14503 0.798758
5.15727 0.880453
5.1695 0.91653
5.18174 0.821135
5.19397 1.0798
5.20621 1.0651
5.21844 0.747324
5.23068 0.873494
5.24291 0.950374
5.25515 0.786903
5.26739 0.944006
5.27962 0.921323
5.29186 0.886066
5.30409 0.757499
5.31633 0.694934
5.32856 1.55328
5.3408 1.24085
5.35303 1.09681
5.36527 0.847092
5.3775 0.730968
5.38974 0.949387
5.40198 0.940494
5.41421 1.01358
5.42645 1.2407
5.43868 0.931471
5.45092 1.03268
5.46315 0.994776
5.47539 0.831385
5.48762 0.994611
5.49986 1.39626
5.5121 1.2519
5.52433 1.22576
5.53657 1.10617
5.5488 0.916964
5.56104 1.1486
5.57327 0.809473
5.58551 0.93228
5.59774 1.12701
5.60998 0.988168
5.62221 0.913255
5.63445 0.779235
5.64669 0.784548
5.65892 1.03005
5.67116 0.994151
5.68339 1.10253
5.69563 0.917551
5.70786 0.843857
5.7201 0.952251
5.73233 1.22107
5.74457 1.14199
5.75681 1.25869
5.76904 0.999981
5.78128 0.959123
5.79351 0.951875
5.80575 0.935829
5.81798 1.06389
5.83022 0.864853
5.84245 0.821839
5.85469 1.04139
5.86693 0.865793
5.87916 1.07315
5.8914 1.36779
5.90363 0.775454
5.91587 1.19673
5.9281 1.00169
5.94034 0.673184
5.95257 0.925398
5.96481 1.10235
5.97704 1.29476
5.98928 0.724085
6.00152 0.925355
6.01375 0.733571
6.02599 0.846319
6.03822 1.69565
6.05046 0.87433
6.06269 0.94268
6.07493 0.882307
6.08716 1.53546
6.0994 1.33869
6.11164 0.853739
