0.125201 0.000776404
0.163725 0.000415338
0.240772 0.00062992
0.260033 0.00546468
0.33708 0.0114136
0.356342 0.0214222
0.375604 0.00666138
0.433389 0.0400124
0.471913 0.0183286
0.491174 0.0215868
0.510436 0.0376253
0.529698 0.0535952
0.606745 0.095132
0.645268 0.0473655
0.683792 0.0602758
0.703053 0.0211486
0.722315 0.0653999
0.741577 0.183531
0.760839 0.340795
0.7801 0.147968
0.799362 0.687373
0.837886 0.138834
0.857147 0.632191
0.876409 0.928189
0.914932 1.33258
0.934194 1.49276
0.953456 1.14087
0.972718 1.8236
0.991979 1.37723
1.0305 1.20821
1.06903 4.61234
1.08829 2.51861
1.10755 2.77731
1.12681 2.56313
1.14607 2.08535
1.1846 0.824474
1.20386 0.951845
1.22312 0.428028
1.24238 0.984395
1.26164 1.24877
1.28091 1.11954
1.30017 1.47929
1.31943 0.986456
1.33869 0.835087
1.35795 0.583622
1.37721 1.48387
1.39648 0.569207
1.41574 0.869746
1.45426 0.710626
1.47352 0.508343
1.49278 0.77383
1.51205 0.270847
1.53131 0.730518
1.55057 0.4862
1.56983 0.328974
1.58909 1.12561
1.60835 0.413876
1.62762 0.577146
1.64688 0.519713
1.66614 1.2251
1.6854 0.759728
1.70466 0.806805
1.72393 0.521635
1.74319 1.32726
1.76245 0.93648
1.78171 1.03337
1.80097 1.0276
1.82023 0.534724
1.8395 0.732124
1.87802 0.852907
1.89728 0.720211
1.9358 0.753778
1.95507 1.93788
1.97433 0.479675
1.99359 0.920191
2.01285 1.32193
2.05137 0.893765
2.07064 1.01316
2.10916 1.5276
2.12842 2.01052
2.14768 1.44321
2.16695 0.915958
2.18621 1.09726
2.20547 1.00074
2.22473 2.69084
2.24399 1.30858
2.26325 0.802176
2.28252 0.655453
2.30178 0.79092
2.32104 1.01928
2.3403 1.79348
2.35956 1.2419
2.37882 0.869873
2.39809 1.60603
2.41735 0.707567
2.43661 1.09105
2.45587 0.420436
2.47513 0.878423
2.51366 0.929733
2.53292 1.56714
2.55218 0.960255
2.57144 1.55239
2.5907 0.966199
2.60997 0.509092
2.62923 0.990773
2.64849 0.794238
2.66775 0.684607
2.68701 0.850383
2.70627 1.05272
2.72554 0.445804
2.7448 0.889353
2.76406 1.09881
2.78332 0.974276
2.80258 1.00057
2.82184 0.424624
2.84111 0.881498
2.86037 0.624065
2.87963 0.64912
2.89889 1.20361
2.91815 0.872587
2.93741 0.644408
2.95668 1.22411
2.97594 1.21516
2.9952 0.407599
3.01446 0.929453
3.03372 0.968392
3.05299 0.976124
3.07225 0.726639
3.09151 1.14953
3.11077 1.08539
3.13003 0.517386
3.14929 1.35384
3.16856 0.992492
3.18782 1.06579
3.20708 0.795217
3.22634 0.984636
3.2456 1.18767
3.26486 1.27393
3.28413 1.2433
3.30339 1.16317
3.32265 1.36998
3.34191 1.09652
3.36117 1.51258
3.38043 1.01488
3.3997 1.2874
3.41896 0.642868
3.43822 1.20821
3.45748 1.09531
3.47674 1.53693
3.49601 0.859163
3.51527 1.13762
3.53453 1.41735
3.55379 0.945042
3.57305 0.811459
3.59231 0.965594
3.61158 1.08362
3.63084 1.47787
3.6501 0.632909
3.66936 0.868278
3.68862 1.06363
3.70788 0.672471
3.72715 1.45257
3.74641 0.841749
3.76567 1.04088
3.78493 0.577689
3.80419 0.954856
3.82345 1.18017
3.84272 1.14205
3.86198 0.962569
3.88124 0.785757
3.9005 1.03001
3.91976 1.11283
3.93903 0.895328
3.95829 0.848269
3.97755 0.800619
3.99681 0.592318
4.01607 0.970186
4.03533 1.47604
4.0546 0.740953
4.07386 1.19816
4.09312 1.0428
4.11238 0.757587
4.13164 0.861784
4.1509 1.12476
4.17017 0.997095
4.18943 0.49728
4.20869 1.09799
4.22795 0.810408
4.24721 0.926414
4.26647 1.43372
4.28574 0.99656
4.305 0.961424
4.32426 0.878076
4.34352 0.919404
4.36278 1.01754
4.38205 0.662161
4.40131 1.15136
4.42057 0.930281
4.43983 1.10303
4.45909 0.910474
4.47835 1.01894
4.49762 1.59234
4.51688 1.06143
4.53614 1.05723
4.5554 0.777461
4.57466 0.978028
4.59392 1.30803
4.61319 1.01822
4.63245 0.88615
4.65171 1.43603
4.67097 0.849045
4.69023 1.25608
4.70949 0.798496
4.72876 1.34734
4.74802 1.15869
4.76728 1.01907
4.78654 1.32474
4.8058 1.3094
4.82506 0.978305
4.84433 0.885401
4.86359 0.788706
4.88285 1.28738
4.90211 0.885163
4.92137 1.13485
4.94064 0.893001
4.9599 0.982997
4.97916 0.685887
4.99842 0.987773
5.01768 0.509142
5.03694 0.642676
5.05621 0.828436
5.07547 0.844643
5.09473 0.825901
5.11399 1.19333
5.13325 0.950746
5.15251 1.00764
5.17178 0.658274
5.19104 0.877357
5.2103 1.10304
5.22956 1.06311
5.24882 1.179
5.26808 0.69908
5.28735 1.1505
5.30661 1.1547
5.32587 0.887957
5.34513 0.842882
5.36439 1.28435
5.38366 0.81605
5.40292 0.990367
5.42218 1.12919
5.44144 0.962339
5.4607 0.921468
5.47996 1.03939
5.49923 1.10521
5.51849 0.90251
5.53775 1.12893
5.55701 1.00316
5.57627 1.35309
5.59553 1.19597
5.6148 1.08405
5.63406 1.2458
5.65332 0.67128
5.67258 0.905988
5.69184 0.853169
5.7111 0.939137
5.73037 0.967231
5.74963 1.2966
5.76889 0.669391
5.78815 1.09729
5.80741 0.951541
5.82668 1.23751
5.84594 1.33499
5.8652 0.955759
5.88446 1.07733
5.90372 1.19476
5.92298 0.831905
5.94225 1.10279
5.96151 0.991957
5.98077 1.29557
6.00003 0.683466
6.01929 0.842693
6.03855 1.01282
6.05782 1.00557
6.07708 0.831672
6.09634 0.728908
6.1156 0.751568
6.13486 1.09921
6.15412 0.633254
6.17339 1.06062
6.19265 1.16032
6.21191 0.991692
6.23117 0.782827
6.25043 0.976894
6.2697 1.31817
6.28896 0.767964
6.30822 0.98767
6.32748 1.08199
6.34674 0.919156
6.366 1.19554
6.38527 0.905273
6.40453 1.08619
6.42379 1.11856
6.44305 0.751866
6.46231 0.811765
6.48157 1.23115
6.50084 0.717136
6.5201 1.02239
6.53936 1.03266
6.55862 0.828253
6.57788 0.729478
6.59714 0.94557
6.61641 1.01151
6.63567 0.804192
6.65493 0.892207
6.67419 0.655592
6.69345 1.18434
6.71272 1.46257
6.73198 1.17642
6.75124 1.12802
6.7705 1.35826
6.78976 0.826883
6.80902 1.21999
6.82829 1.48716
6.84755 0.976914
6.86681 0.812419
6.88607 0.710909
6.90533 1.03351
6.92459 1.34978
6.94386 1.20082
6.96312 0.675322
6.98238 1.10621
7.00164 0.936072
7.0209 1.06668
7.04016 1.08277
7.05943 0.976051
7.07869 1.13569
7.09795 0.820185
7.11721 0.912169
7.13647 1.25114
7.15574 1.21928
7.175 0.849804
7.19426 0.768716
7.21352 0.807417
7.23278 0.853994
7.25204 0.998313
7.27131 0.950884
7.29057 0.95824
7.30983 1.05123
7.32909 1.09062
7.34835 0.893636
7.36761 0.735379
7.38688 1.20514
7.40614 1.301
7.4254 0.935189
7.44466 0.901815
7.46392 1.16216
7.48318 1.23948
7.50245 0.854893
7.52171 1.37167
7.54097 1.2087
7.56023 0.911857
7.57949 0.995428
7.59876 0.948437
7.61802 0.866668
7.63728 0.919543
7.65654 0.916161
7.6758 1.01118
7.69506 0.798723
7.71433 1.02532
7.73359 0.767878
7.75285 0.867671
7.77211 0.919818
7.79137 0.634131
7.81063 0.864524
7.8299 1.06366
7.84916 0.918632
7.86842 1.10744
7.88768 1.00574
7.90694 0.720313
7.9262 0.906267
7.94547 0.884126
7.96473 1.06991
7.98399 0.952392
8.00325 1.68591
8.02251 0.941645
8.04177 0.783546
8.06104 1.00806
8.0803 1.30605
8.09956 0.946862
8.11882 0.940848
8.13808 0.813824
8.15735 1.3961
8.17661 0.896024
8.19587 1.08609
8.21513 1.42375
8.23439 1.03151
8.25365 0.835751
8.27292 1.01493
8.29218 1.07595
8.31144 1.08543
8.3307 1.02942
8.34996 0.818635
8.36922 0.9172
8.38849 1.00499
8.40775 1.20861
8.42701 0.996903
8.44627 1.19285
8.46553 0.882123
8.48479 1.68048
8.50406 0.729732
8.52332 0.88433
8.54258 0.957756
8.56184 1.04299
8.5811 0.979864
8.60037 1.15114
8.61963 0.760551
8.63889 1.12105
8.65815 1.05752
8.67741 0.872103
8.69667 0.89515
8.71594 0.71345
8.7352 0.812129
8.75446 0.902746
8.77372 0.841477
8.79298 0.850943
8.81224 1.18844
8.83151 1.10487
8.85077 0.856869
8.87003 0.858417
8.88929 0.737259
8.90855 1.15176
8.92781 0.885045
8.94708 1.05756
8.96634 0.899574
8.9856 1.21713
9.00486 1.04411
9.02412 1.22729
9.04339 0.87321
9.06265 1.12099
9.08191 1.15284
9.10117 1.15524
9.12043 0.92342
9.13969 1.00327
9.15896 1.11501
9.17822 1.41554
9.19748 1.17725
9.21674 0.916633
9.236 0.799023
9.25526 0.859065
9.27453 0.991582
9.29379 0.955277
9.31305 1.05759
9.33231 0.735977
9.35157 0.828619
9.37083 1.05373
9.3901 0.944563
9.40936 0.821946
9.42862 0.951134
9.44788 1.0004
9.46714 1.18996
9.48641 0.984576
9.50567 0.425749
9.52493 0.949908
9.54419 1.04629
9.56345 1.11979
9.58271 1.07395
9.60198 1.01754
9.62124 1.09488
