0.991257666667 0.460387633333
0.990589333333 0.639325
0.01688943 0.547553333333
0.909385666667 0.605037333333
0.651147666667 0.997147333333
0.973738 0.483325666667
0.958344666667 0.525452333333
0.979231666667 0.575596333333
0.958276333333 0.556068666667
0.955989333333 0.610135333333
0.935034 0.590607666667
0.576074 0.994735
0.663296 0.987474666667
0.359517 0.86165
0.00763705 0.478911
0.0319579 0.652625333333
0.0286982333333 0.604728666667
0.98546 0.685716666667
0.960460666667 0.646041666667
0.89025 0.416270333333
0.0200684343333 0.0959986333333
0.450091333333 0.0149904333333
0.216282333333 0.0356828
0.144752333333 0.0466676666667
0.172702666667 0.0222292666667
0.941083 0.971438
0.886382 0.986932333333
0.928410666667 0.506166333333
0.90036 0.446190666667
0.943804 0.464039666667
0.933621333333 0.439367666667
0.679576 0.689449333333
0.651141666667 0.676258
0.413195 0.507864333333
0.885642 0.587083333333
0.504933333333 0.876489333333
0.37854 0.894580666667
0.414899 0.95472
0.376908666667 0.969004333333
0.00526215433333 0.444507666667
0.00912898666667 0.619987
0.225920666667 0.932583
0.0503952 0.696786666667
0.618873333333 0.0215936333333
0.789660666667 0.0278663333333
0.658166666667 0.0437606
0.265954666667 0.0301058
0.534544 0.400308
0.681857 0.531699
0.699368333333 0.504493666667
0.956293333333 0.392685333333
0.976008333333 0.437488333333
0.982238666667 0.3202053
0.974563333333 0.215087633333
0.203983333333 0.0648566
0.168310333333 0.0773500333333
0.713047 0.974807
0.704566666667 0.948382666667
0.670234 0.938792666667
0.628367 0.963305
0.864779666667 0.619188
0.888523333333 0.637142
0.705172 0.660143
0.639845666667 0.531635666667
0.57217 0.545161
0.578146 0.576721333333
0.552848666667 0.636901666667
0.617226666667 0.676687333333
0.597093333333 0.644214
0.467058 0.790095333333
0.533992 0.773073666667
0.497202333333 0.811357
0.526786666667 0.800519666667
0.51013 0.84558
0.539714333333 0.834742666667
0.459265666667 0.912634666667
0.469978333333 0.877430666667
0.408622 0.887076333333
0.425159666667 0.913879333333
0.486386 0.988185666667
0.438143333333 0.969956
0.472175666667 0.946052
0.305855333333 0.917020666667
0.349490666667 0.947954333333
0.353391 0.921349333333
0.244477 0.959114
0.334017333333 0.988029333333
0.306599333333 0.966979333333
0.282711666667 0.946722666667
0.205135 0.978485333333
0.243339133333 0.987964
0.1563878 0.980347333333
0.0805273333333 0.667342333333
0.0263142 0.773895666667
0.0550683666667 0.734156333333
0.207128 0.744651
0.319055 0.862023333333
0.290542333333 0.890625333333
0.248842333333 0.893796333333
0.02406963 0.462715333333
0.0325057633333 0.429557
0.1125317 0.367302333333
0.0437650633333 0.399977666667
0.02607655 0.364493666667
0.0390514533333 0.334452333333
0.0506248666667 0.493882
0.059061 0.460723666667
0.591655333333 0.0426094333333
0.626159666667 0.0944162333333
0.630948666667 0.0647764
0.753252 0.0729330333333
0.728148333333 0.0391911
0.69135 0.0506735333333
0.727429333333 0.0976524333333
0.700604666667 0.0860601333333
0.466112 0.0410818666667
0.419126666667 0.0457472
0.382529 0.0322685
0.506415333333 0.0259334666667
0.338031666667 0.0187927
0.379075666667 0.0156144333333
0.269274666667 0.0156239
0.520080333333 0.240903333333
0.546898666667 0.225145666667
0.577167333333 0.240318666667
0.643385666667 0.252415
0.644059 0.122949366667
0.675993 0.123609366667
0.587874 0.516899333333
0.619536 0.509003
0.820870666667 0.528827666667
0.873453333333 0.484770666667
0.891321333333 0.520074333333
0.874269333333 0.555945333333
0.841849666667 0.552600666667
0.727307666667 0.496823333333
0.755247666667 0.514322
0.724287 0.137786333333
0.679898666667 0.191239
0.689864666667 0.153593333333
0.850728 0.0372477666667
0.780219 0.0838830333333
0.816182666667 0.0595225333333
0.955497666667 0.286509666667
0.755572666667 0.291536333333
0.819285 0.380271666667
0.772326 0.326107
0.855722 0.426737
0.828275 0.406606666667
0.849144333333 0.469720333333
0.822773333333 0.490030666667
0.713200333333 0.350338333333
0.755906 0.351404666667
0.771877 0.377982333333
0.0585634 0.139351
0.0227457676667 0.165049666667
0.021221101 0.133410166667
0.0445582333333 0.0525812333333
0.0727457 0.0309507
0.0457109 0.0899927666667
0.0706417 0.103371933333
0.111083166667 0.0552128333333
0.1078265 0.0902225333333
0.131319 0.124723266667
0.158133666667 0.120395933333
0.182143 0.139193333333
0.148322 0.362434
0.175464 0.390849666667
0.763930333333 0.848040666667
0.846488333333 0.975163333333
0.985237333333 0.856072666667
0.924312333333 0.943384666667
0.776752 0.976025
0.751429333333 0.960945
0.809429 0.96182
0.775464333333 0.88566
0.748048666667 0.905146
0.742949 0.934520666667
0.532146 0.903294666667
0.729593 0.78728
0.661338 0.746131
0.68798 0.722416
0.719110333333 0.878822666667
0.728802333333 0.847379333333
0.711430666667 0.812767
0.729533666667 0.730853333333
0.738071666667 0.760868333333
0.819704666667 0.583093666667
0.831262 0.618543
0.661259 0.630983666667
0.689994333333 0.624225666667
0.644410333333 0.558291333333
0.686421666667 0.558354666667
0.630534666667 0.617327
0.621722333333 0.583247666667
0.439948 0.529772333333
0.382876333333 0.452842
0.416217333333 0.468436666667
0.443122 0.459000666667
0.378881333333 0.292016333333
0.436819666667 0.80249
0.410745333333 0.846125333333
0.437995666667 0.837724333333
0.381388 0.831376
0.380262333333 0.795848333333
0.408443666667 0.775363333333
0.466282333333 0.751257
0.503632 0.745072666667
0.598539666667 0.704237666667
0.620516666667 0.736983
0.594087 0.763516666667
0.560873 0.76049
0.0779331666667 0.290176333333
0.0960818666667 0.335715
0.0696576666667 0.330209333333
0.0485741933333 0.276501666667
0.00362784766667 0.255280333333
0.0189136133333 0.295021666667
0.166787666667 0.957877
0.192217666667 0.935328333333
0.0262500666667 0.885377666667
0.0480760666667 0.620632666667
0.0679553666667 0.639709666667
0.279611 0.631157333333
0.132639333333 0.697063
0.114465 0.662492
0.0463937333333 0.816370333333
0.0430997333333 0.852373666667
0.0758765666667 0.866228666667
0.1180323 0.731232666667
0.0839654666667 0.744084333333
0.308382666667 0.652457
0.338654666667 0.634364666667
0.283580333333 0.706009
0.312679 0.686744
0.299433333333 0.734373666667
0.351411333333 0.778779
0.348280333333 0.740165
0.237754666667 0.466701
0.230928666667 0.438657
0.0853962666667 0.446583
0.108204033333 0.398556
0.0788365 0.406695666667
0.395852 0.0661779
0.380214666667 0.0888834333333
0.329899666667 0.0548226
0.293125 0.0532917666667
0.330833333333 0.114821833333
0.35086 0.0910068333333
0.480329666667 0.0704474666667
0.596643333333 0.210302333333
0.597271333333 0.166566666667
0.623966 0.157724333333
0.631945333333 0.224943333333
0.645934 0.19603
0.568998666667 0.340675333333
0.622559333333 0.285784333333
0.591643 0.288329
0.571149666667 0.310821
0.513796666667 0.277105333333
0.532827666667 0.303910666667
0.530676666667 0.333765
0.886348333333 0.179632333333
0.965365 0.153021966667
0.955503666667 0.115135633333
0.900286666667 0.0398852333333
0.941725333333 0.0526507
0.951991666667 0.0827230333333
0.892195333333 0.142257333333
0.922621 0.125235666667
0.919109 0.0928230666667
0.893104666667 0.0714572333333
0.891184333333 0.297294333333
0.846503666667 0.354733333333
0.815515666667 0.327146333333
0.781968666667 0.276860333333
0.854726666667 0.257632
0.853736333333 0.288594333333
0.820132666667 0.298935333333
0.751529333333 0.159557333333
0.784889333333 0.23706
0.793378333333 0.424051333333
0.760169333333 0.406892
0.766218333333 0.479176333333
0.794454333333 0.464492
0.738278333333 0.461677666667
0.733305333333 0.429834
0.770722333333 0.793033666667
0.787688 0.819182
0.779201 0.766622
0.905951666667 0.867724333333
0.975211666667 0.901628666667
0.950346333333 0.917394666667
0.960842 0.859694
0.935976666667 0.87546
0.806173 0.901145666667
0.819914666667 0.932851
0.839241333333 0.880763333333
0.876106 0.896184333333
0.856974 0.946194333333
0.880097 0.92991
0.598392666667 0.954488
0.588075333333 0.927859666667
0.544178 0.928999333333
0.543633666667 0.972108333333
0.515154666667 0.950990333333
0.665677333333 0.902455
0.684413666667 0.880053
0.783664333333 0.583980666667
0.754700333333 0.551446
0.784466 0.552522666667
0.749435 0.610162
0.716811666667 0.573308
0.712348 0.600566
0.750270333333 0.70736
0.734312666667 0.669616333333
0.756222 0.643295
0.478721333333 0.478145666667
0.478569666667 0.509489666667
0.500923333333 0.457386
0.542931666667 0.525527333333
0.512523666667 0.534671333333
0.558635666667 0.497265666667
0.525432333333 0.440951
0.552888333333 0.458630666667
0.508306666667 0.566859666667
0.530765666667 0.611216
0.544690666667 0.589276
0.480876 0.421085333333
0.449297666667 0.423421
0.431235 0.391842
0.505163333333 0.390414666667
0.501877333333 0.353948333333
0.436067666667 0.351124333333
0.461999 0.334728666667
0.398868 0.271130333333
0.335125333333 0.141384
0.367527666667 0.156075333333
0.231119 0.21488
0.188768333333 0.167380333333
0.291426 0.142278
0.279597 0.173452666667
0.225878333333 0.155835666667
0.242461 0.181065333333
0.270386 0.09037
0.287134 0.115715833333
0.230916666667 0.0963578333333
0.219253 0.127648666667
0.402095 0.388225333333
0.375769333333 0.413461
0.406927666667 0.347507666667
0.383642666667 0.329879
0.196159666667 0.368975666667
0.180009333333 0.315111666667
0.169017666667 0.34056
0.221357 0.315532666667
0.221120666667 0.35845
0.337220666667 0.28027
0.253450666667 0.297150666667
0.244143333333 0.264836
0.262628 0.243356333333
0.407775 0.735602
0.435375333333 0.723890333333
0.366559666667 0.659484
0.376462666667 0.717473
0.356714333333 0.692416666667
0.516930333333 0.716585666667
0.563130666667 0.693336333333
0.551893666667 0.723055
0.537573 0.658473666667
0.504107333333 0.675393666667
0.362904333333 0.578991333333
0.335196666667 0.600069666667
0.295664333333 0.597504
0.0951989333333 0.217513666667
0.05789446 0.236658
0.0733732666667 0.160860666667
0.0375556343333 0.186559333333
0.0273126276667 0.215629
0.108944066667 0.159382333333
0.1125994 0.187568
0.240450666667 0.764717
0.273768333333 0.761151333333
0.1198745 0.915542333333
0.0826106666667 0.901147666667
0.0966446333333 0.968756333333
0.129732166667 0.951310333333
0.0573040333333 0.959232666667
0.0531277333333 0.927392
0.157215 0.858588
0.154005333333 0.887982333333
0.189293 0.901201666667
0.227874333333 0.877999
0.241503 0.840738
0.138802666667 0.631743666667
0.195839333333 0.714556333333
0.162063333333 0.686833333333
0.166784666667 0.646598333333
0.130954333333 0.836411
0.0996147333333 0.839903666667
0.124025966667 0.763249333333
0.0811415666667 0.808647666667
0.0899591333333 0.776101
0.586731 0.0972604666667
0.520497666667 0.0803102666667
0.536281333333 0.0503033333333
0.568396 0.0625165333333
0.469612666667 0.0969988
0.432120333333 0.0880639
0.416483 0.110769433333
0.652685 0.331658
0.643641666667 0.304040666667
0.693819 0.324801333333
0.664468 0.270671333333
0.699463666667 0.264784333333
0.719771333333 0.291297
0.579941666667 0.432951333333
0.565618333333 0.396109333333
0.5873 0.37148
0.481376 0.275661
0.460888333333 0.299087666667
0.452146333333 0.253542
0.431658666667 0.276968666667
0.945739 0.202392
0.912582333333 0.203380333333
0.891614333333 0.24428
0.911278333333 0.268227
0.941031333333 0.250243666667
0.859458 0.130024333333
0.800552333333 0.1067001
0.836516 0.0823396
0.863879333333 0.0916368333333
0.794789333333 0.140908
0.826331666667 0.154935
0.881379666667 0.35792
0.900255666667 0.326944
0.903487 0.386284
0.936269 0.369522
0.934816 0.334142666667
0.744687 0.191623
0.757158333333 0.217998666667
0.707478666667 0.207497666667
0.71995 0.233873333333
0.839342333333 0.232518333333
0.812063 0.220054
0.849996 0.195418333333
0.822716666667 0.182954
0.846277 0.854642333333
0.828724 0.82246
0.892399333333 0.843624
0.799594666667 0.735977333333
0.779202 0.706730333333
0.816503666667 0.651919666667
0.784852666667 0.662614666667
0.946390666667 0.673542
0.97139 0.713217
0.977582 0.795026666667
0.956775 0.816549
0.964183666667 0.743450333333
0.659679333333 0.842494333333
0.659986666667 0.774864666667
0.677004333333 0.806651666667
0.614562 0.787248333333
0.598068666667 0.898263
0.62854 0.884079333333
0.565354666667 0.881524666667
0.567726333333 0.843882
0.602154666667 0.820807
0.630254333333 0.844266
0.445632333333 0.224066
0.414521666667 0.201891333333
0.481145666667 0.209983
0.406656 0.162355666667
0.430548666667 0.145735333333
0.312074666667 0.200262333333
0.33812 0.247552
0.306447666667 0.236351333333
0.356306 0.183779
0.374010666667 0.239095
0.386569666667 0.211411
0.140872 0.205652
0.170656666667 0.201326
0.196424666667 0.223596
0.196255333333 0.256180333333
0.123471533333 0.235597666667
0.115526033333 0.268416666667
0.164215 0.288074
0.126654166667 0.292634666667
0.311618333333 0.427963
0.345177333333 0.403430333333
0.318130666667 0.300760333333
0.284517666667 0.307362
0.341370666667 0.332452
0.392917333333 0.586267333333
0.429777666667 0.564923666667
0.473838333333 0.673503666667
0.441608 0.693583333333
0.383433 0.512638
0.359107 0.540328666667
0.362490666667 0.476039666667
0.321958333333 0.802664
0.293162333333 0.790827666667
0.306028666667 0.835898333333
0.277232666667 0.824062
0.182460333333 0.834317333333
0.212670333333 0.820528
0.221128666667 0.786199333333
0.187806 0.766133333333
0.153087 0.778285
0.156199666667 0.812140333333
0.200559 0.477118333333
0.120038466667 0.464829
0.139149666667 0.430773
0.170619333333 0.427935
0.193733 0.449074333333
0.128104666667 0.601620666667
0.0713157333333 0.585659333333
0.0911950333333 0.604736333333
0.0615043666667 0.550364
0.0762508 0.524355333333
0.248988666667 0.693022333333
0.220235333333 0.694858
0.249315666667 0.652457666667
0.215476 0.633774666667
0.195983 0.656268333333
0.497707 0.130850666667
0.534965333333 0.187187666667
0.490754 0.184817
0.474280333333 0.156881666667
0.526607 0.1204906
0.565862 0.158625
0.560725666667 0.1252276
0.650992 0.362224
0.626823 0.381969333333
0.689686 0.378078
0.699719666667 0.415129
0.631963333333 0.471589
0.612274 0.441578333333
0.637473666667 0.415225666667
0.669784333333 0.467016333333
0.671676333333 0.432531333333
0.924996333333 0.737409666667
0.279707 0.340757666667
0.293944333333 0.406065333333
0.327503333333 0.381532666667
0.320656 0.353418666667
0.255793666667 0.410657333333
0.248403666667 0.373463666667
0.461340666667 0.644733333333
0.440302 0.590664666667
0.429110333333 0.664813
0.481611666667 0.613451666667
0.472478333333 0.588422666667
0.401410666667 0.644058333333
0.403441666667 0.612008333333
0.304791666667 0.461754333333
0.331553 0.481191666667
0.266839666667 0.481530333333
0.324710666667 0.524661666667
0.155445 0.574388333333
0.190807333333 0.507888333333
0.892744333333 0.716362333333
0.879184666667 0.667804666667
0.906932333333 0.682728
0.840682666667 0.683227333333
0.829424333333 0.723169333333
0.853738333333 0.741381
0.922426 0.793002333333
0.904045666667 0.765439333333
0.892901666667 0.814452666667
0.856105 0.798568333333
0.860534666667 0.768666333333
0.279802666667 0.571798
0.298504666667 0.536264
0.267395 0.51257
0.158855333333 0.514799333333
0.142276333333 0.542635
0.126382133333 0.496946
0.109803133333 0.524781666667
0.246376666667 0.572975666667
0.212268333333 0.599445333333
0.192133666667 0.579852
0.210917 0.541187666667
0.240580666667 0.536286333333
