0.0760523 0.580962
0.099453 0.261354
0.146254 0.364088
0.157955 0.0981717
0.204756 0.0259288
0.216457 0.382925
0.228157 0.0820869
0.263258 0.0272746
0.286659 0.231996
0.298359 0.0586133
0.31006 0.0349312
0.32176 0.0885735
0.368561 0.0725541
0.391962 0.116805
0.415363 0.103287
0.427063 0.0674165
0.438763 0.34946
0.450464 0.104211
0.462164 0.15554
0.473865 0.0450602
0.485565 0.0317185
0.508966 0.437871
0.520666 0.102946
0.532366 0.0637632
0.555767 0.0647849
0.567467 0.064821
0.579168 0.276741
0.590868 0.0715767
0.602568 0.190773
0.625969 0.161781
0.64937 3.05821
0.66107 1.53256
0.672771 0.286709
0.684471 0.232573
0.696171 0.286459
0.719572 0.408871
0.731272 0.409163
0.742973 0.185365
0.754673 0.174902
0.766374 0.122567
0.778074 0.66253
0.789774 0.416027
0.801475 0.152777
0.813175 0.340196
0.824875 13.7749
0.836576 3.42185
0.848276 0.366647
0.859976 0.4258
0.883377 0.819162
0.895077 0.289249
0.906778 0.203096
0.918478 0.546058
0.930179 0.412976
0.941879 0.787965
0.953579 0.364413
0.96528 0.347191
0.97698 0.516444
0.98868 0.378736
1.00038 0.609716
1.01208 0.62882
1.02378 0.524709
1.03548 0.422308
1.04718 0.703218
1.05888 0.725864
1.07058 0.738471
1.08228 0.799679
1.09398 0.286047
1.10568 0.185311
1.11738 0.773242
1.14078 0.46198
1.15249 0.76795
1.17589 0.506749
1.18759 0.615953
1.19929 1.2711
1.21099 2.79664
1.22269 1.36425
1.24609 1.3661
1.25779 0.332512
1.28119 0.787839
1.29289 1.58223
1.30459 2.19968
1.31629 0.993179
1.32799 1.14016
1.33969 3.03716
1.35139 1.86207
1.36309 4.41531
1.37479 1.51343
1.38649 0.458345
1.39819 0.824877
1.40989 1.3248
1.42159 1.03908
1.43329 20.6343
1.44499 2.08702
1.45669 2.41375
1.4684 0.783537
1.4801 1.38684
1.4918 3.95296
1.5035 0.974437
1.5269 0.665523
1.5386 0.779954
1.5503 0.587526
1.562 1.07345
1.5737 2.12975
1.5854 0.346618
1.5971 0.454259
1.6088 1.01571
1.6205 0.417916
1.6322 1.03944
1.6439 1.10555
1.6556 1.78957
1.6673 1.20089
1.679 0.229455
1.6907 1.33489
1.7024 0.459935
1.7141 0.488101
1.7258 0.641267
1.7375 0.299196
1.7492 0.259653
1.7609 0.686722
1.7726 0.434679
1.7843 0.290748
1.79601 0.373545
1.80771 0.4367
1.81941 0.401906
1.83111 0.412948
1.84281 1.2618
1.85451 0.429754
1.86621 0.605254
1.87791 1.16294
1.88961 0.172965
1.90131 0.449435
1.91301 1.10432
1.92471 0.799133
1.93641 0.566117
1.94811 0.678724
1.95981 1.09991
1.97151 0.61037
1.98321 0.543315
1.99491 0.649572
2.00661 1.20371
2.01831 1.18345
2.03001 0.657221
2.04171 0.458307
2.05341 0.343535
2.06511 0.658845
2.07681 0.462606
2.08851 0.581653
2.10021 1.30637
2.11191 0.657997
2.12362 0.839398
2.13532 0.862021
2.14702 0.740983
2.15872 2.12541
2.17042 0.89379
2.18212 0.633471
2.19382 1.81797
2.20552 1.395
2.21722 0.37261
2.22892 1.11801
2.24062 0.262338
2.25232 0.630061
2.26402 0.574957
2.27572 1.0247
2.28742 0.80134
2.29912 0.868955
2.31082 2.03268
2.32252 1.33462
2.33422 0.394585
2.34592 0.449844
2.35762 1.1661
2.36932 0.843333
2.38102 2.79657
2.39272 0.679285
2.40442 0.488618
2.41612 0.803187
2.42782 0.924855
2.43952 0.93636
2.45123 1.07214
2.46293 0.93147
2.47463 0.383403
2.48633 2.80769
2.49803 2.19451
2.50973 0.395876
2.52143 1.5543
2.53313 0.590738
2.54483 0.983937
2.55653 0.737591
2.56823 0.760292
2.57993 1.11852
2.59163 1.37801
2.60333 0.895992
2.61503 1.50929
2.62673 0.642521
2.63843 1.4473
2.65013 0.398601
2.66183 2.25206
2.67353 0.744126
2.68523 1.35405
2.69693 0.540506
2.70863 0.962252
2.72033 0.655197
2.73203 0.736022
2.74373 1.01502
2.75543 1.06843
2.76713 0.604772
2.77884 1.3282
2.79054 1.04529
2.80224 1.38672
2.81394 0.896748
2.82564 0.521624
2.83734 0.581031
2.84904 0.864629
2.86074 0.787346
2.87244 1.61315
2.88414 0.87112
2.89584 0.940767
2.90754 0.971976
2.91924 0.861956
2.93094 0.596862
2.94264 0.810118
2.95434 0.707775
2.96604 0.913885
2.97774 1.28459
2.98944 1.36727
3.00114 1.32195
3.01284 0.907841
3.02454 0.607385
3.03624 0.715445
3.04794 0.502345
3.05964 0.819097
3.07134 0.780454
3.08304 0.690871
3.09474 2.63664
3.10645 0.639209
3.11815 1.54359
3.12985 1.03171
3.14155 0.790243
3.15325 1.45814
3.16495 1.26826
3.17665 0.798302
3.18835 0.569638
3.20005 0.647296
3.21175 0.916161
3.22345 1.15559
3.23515 1.29643
3.24685 0.944719
3.25855 0.594508
3.27025 0.801511
3.28195 0.68694
3.29365 0.429774
3.30535 0.955798
3.31705 1.06464
3.32875 0.865502
3.34045 0.56578
3.35215 1.26846
3.36385 1.07753
3.37555 1.08963
3.38725 1.03129
3.39895 0.856154
3.41065 0.771719
3.42235 0.447523
3.43406 0.721916
3.44576 0.836581
3.45746 1.65887
3.46916 1.04891
3.48086 0.680133
3.49256 1.13631
3.50426 0.718641
3.51596 0.788889
3.52766 0.986991
3.53936 0.908461
3.55106 0.753311
3.56276 0.955599
3.57446 0.923939
3.58616 0.832162
3.59786 1.52006
3.60956 1.54645
3.62126 1.16669
3.63296 0.862921
3.64466 1.04388
3.65636 1.19378
3.66806 1.26973
3.67976 1.32597
3.69146 0.805456
3.70316 0.572081
3.71486 1.82813
3.72656 0.951012
3.73826 0.856042
3.74996 0.745295
3.76167 1.41842
3.77337 0.638583
3.78507 0.610237
3.79677 1.65598
3.80847 1.26017
3.82017 1.55898
3.83187 1.46331
3.84357 1.24955
3.85527 0.692127
3.86697 1.17944
3.87867 0.75036
3.89037 0.877317
3.90207 0.819948
3.91377 1.07808
3.92547 1.44293
3.93717 0.725439
3.94887 0.840306
3.96057 1.07518
3.97227 0.691164
3.98397 0.880959
3.99567 0.950894
4.00737 1.17417
4.01907 1.02739
4.03077 1.36176
4.04247 0.894237
4.05417 0.740674
4.06587 0.983941
4.07758 1.73851
4.08928 0.991371
4.10098 1.21889
4.11268 1.18377
4.12438 0.983356
4.13608 0.736579
4.14778 1.31243
4.15948 0.677894
4.17118 0.901164
4.18288 0.825549
4.19458 0.828784
4.20628 1.48457
4.21798 0.685136
4.22968 0.670475
4.24138 0.742493
4.25308 0.965896
4.26478 0.967631
4.27648 0.868789
4.28818 0.995795
4.29988 0.888055
4.31158 1.40723
4.32328 1.1144
4.33498 0.906394
4.34668 0.965807
4.35838 0.855573
4.37008 0.674912
4.38178 0.851674
4.39348 1.25894
4.40519 0.79139
4.41689 0.71473
4.42859 0.952194
4.44029 1.28056
4.45199 1.21794
4.46369 0.806403
4.47539 1.03502
4.48709 1.09052
4.49879 0.720875
4.51049 0.759754
4.52219 0.941655
4.53389 1.14132
4.54559 0.750975
4.55729 0.738635
4.56899 0.972325
4.58069 0.982569
4.59239 1.21928
4.60409 1.40489
4.61579 1.19137
4.62749 0.684963
4.63919 0.858816
4.65089 1.53444
4.66259 0.899029
4.67429 1.56449
4.68599 1.03716
4.69769 0.837553
4.70939 0.805483
4.72109 0.756862
4.7328 1.18064
4.7445 0.500676
4.7562 1.20835
4.7679 0.889313
4.7796 0.783958
4.7913 1.29768
4.803 1.2073
4.8147 1.20296
4.8264 1.04682
4.8381 0.855367
4.8498 0.614835
4.8615 1.36611
4.8732 0.937897
4.8849 0.998272
4.8966 0.694552
4.9083 1.01431
4.92 0.980521
4.9317 0.757824
4.9434 1.2132
4.9551 1.54917
4.9668 1.46422
4.9785 1.14341
4.9902 0.889295
5.0019 0.84127
5.0136 0.991379
5.0253 1.02955
5.037 0.858484
5.0487 0.776367
5.06041 0.41114
5.07211 1.03873
5.08381 0.67904
5.09551 0.69331
5.10721 1.09182
5.11891 0.947787
5.13061 0.766509
5.14231 0.870875
5.15401 1.66625
5.16571 1.27583
5.17741 0.870051
5.18911 0.922455
5.20081 0.984743
5.21251 1.26117
5.22421 0.719404
5.23591 1.20728
5.24761 1.52789
5.25931 0.879024
5.27101 1.08998
5.28271 0.798378
5.29441 1.02868
5.30611 1.75018
5.31781 1.30744
5.32951 1.03441
5.34121 1.29324
5.35291 0.673439
5.36461 0.650266
5.37631 1.05784
5.38802 1.03155
5.39972 1.08071
5.41142 1.31954
5.42312 0.616831
5.43482 1.08395
5.44652 1.29932
5.45822 0.831228
5.46992 0.853977
5.48162 1.16678
5.49332 1.1171
5.50502 0.830703
5.51672 1.06985
5.52842 0.887612
5.54012 1.07372
5.55182 1.16509
5.56352 1.03249
5.57522 1.00112
5.58692 0.91315
5.59862 0.889983
5.61032 1.33217
5.62202 0.666165
5.63372 1.38621
5.64542 0.73251
5.65712 0.919111
5.66882 1.37772
5.68052 0.847807
5.69222 0.693921
5.70392 0.997732
5.71563 0.82463
5.72733 0.931206
5.73903 1.18976
5.75073 0.82008
5.76243 0.853754
5.77413 0.622725
5.78583 1.27954
5.79753 0.993716
5.80923 0.681095
5.82093 1.03562
5.83263 1.19664
5.84433 0.814911
