0.104 0.000159092
0.136 0.000201592
0.2 0.000112616
0.216 6.18872e-05
0.28 5.78811e-05
0.296 0.000196858
0.312 0.00210565
0.36 0.00146793
0.392 0.000151059
0.408 0.000831916
0.424 0.00576836
0.44 0.00199508
0.504 0.00160403
0.536 0.00351563
0.568 0.0762256
0.584 0.0112615
0.6 0.00622644
0.616 0.0187048
0.632 0.0970159
0.648 0.0315637
0.664 0.0414119
0.696 0.0100621
0.712 0.0581139
0.728 0.043233
0.76 0.00473099
0.776 0.0315114
0.792 0.0176075
0.808 0.0726943
0.824 0.0226456
0.856 0.837872
0.888 6.69849
0.904 2.61333
0.92 0.591177
0.936 0.542151
0.952 0.873112
0.984 0.745358
1 0.44111
1.016 0.214541
1.032 0.0810155
1.048 0.33494
1.064 0.215026
1.08 0.3623
1.096 0.121977
1.112 0.395093
1.128 38.4313
1.144 11.6166
1.16 0.690927
1.176 0.118497
1.208 1.37773
1.224 0.143778
1.24 0.0718315
1.256 0.0251428
1.272 0.263017
1.288 0.149885
1.304 0.4589
1.32 0.170638
1.336 0.264273
1.352 0.0396686
1.368 0.173889
1.384 0.377784
1.4 0.404497
1.416 0.597602
1.432 0.64271
1.448 0.147392
1.464 0.789449
1.48 0.474744
1.496 0.451412
1.512 0.493558
1.528 0.38092
1.56 0.236309
1.576 0.946015
1.608 0.348169
1.624 0.167052
1.64 0.648158
1.656 2.86493
1.672 0.671898
1.704 0.237965
1.72 0.0836992
1.752 0.451803
1.768 0.942463
1.784 0.247798
1.8 0.256956
1.816 2.15171
1.832 1.08482
1.848 0.562209
1.864 2.97582
1.88 0.232004
1.896 0.120806
1.912 0.580514
1.928 0.367936
1.944 0.360078
1.96 18.7254
1.976 3.09196
1.992 2.34883
2.008 0.637597
2.024 2.88968
2.04 0.295787
2.056 0.803728
2.088 0.784416
2.104 0.618307
2.12 1.18737
2.136 0.488421
2.152 0.593807
2.168 0.53236
2.184 0.308991
2.2 0.608008
2.216 0.365624
2.232 0.406092
2.248 0.498457
2.264 4.35368
2.28 4.24707
2.296 0.295644
2.312 1.86386
2.328 0.504983
2.344 0.409043
2.36 0.386547
2.376 0.339714
2.392 0.197618
2.408 0.502603
2.424 0.5137
2.44 0.171323
2.456 1.78735
2.472 0.477509
2.488 0.326146
2.504 1.09585
2.52 0.496339
2.536 0.315057
2.552 0.887587
2.568 0.876812
2.584 0.230652
2.6 0.827978
2.616 0.53983
2.632 0.458421
2.648 0.399233
2.664 0.375109
2.68 4.13254
2.696 1.74693
2.712 0.701047
2.728 0.599747
2.744 0.400573
2.76 0.20707
2.776 1.28408
2.792 1.11989
2.808 1.51558
2.824 0.679549
2.84 1.34629
2.856 0.943542
2.872 0.626973
2.888 0.20682
2.904 1.14932
2.92 1.30504
2.936 0.515396
2.952 1.00132
2.968 0.365406
2.984 0.837599
3 3.51928
3.016 3.02147
3.032 0.333935
3.048 0.403961
3.064 0.232918
3.08 0.748236
3.096 0.438499
3.112 1.03358
3.128 0.923712
3.144 1.15461
3.16 1.48392
3.176 0.773918
3.192 0.337481
3.208 0.705319
3.224 0.7361
3.24 0.709712
3.256 1.964
3.272 0.506743
3.288 0.63554
3.304 0.937809
3.32 1.32736
3.336 0.7675
3.352 1.15055
3.368 0.291041
3.384 0.753381
3.4 1.51836
3.416 1.88861
3.432 0.937141
3.448 1.26981
3.464 0.651744
3.48 0.672992
3.496 0.581741
3.512 0.841628
3.528 0.425213
3.544 0.989331
3.56 0.69346
3.576 1.27463
3.592 1.54703
3.608 1.57615
3.624 0.513851
3.64 1.30601
3.656 1.15878
3.672 1.362
3.688 0.742217
3.704 0.643953
3.72 0.731035
3.736 1.15421
3.752 0.660834
3.768 1.26598
3.784 0.437887
3.8 1.18883
3.816 0.631707
3.832 1.34884
3.848 0.98561
3.864 0.491781
3.88 0.659093
3.896 0.787374
3.912 1.35371
3.928 0.879114
3.944 0.837432
3.96 1.05664
3.976 0.651521
3.992 0.56837
4.008 0.631988
4.024 1.12272
4.04 0.404445
4.056 0.592229
4.072 1.34509
4.088 1.6679
4.104 1.55132
4.12 1.52449
4.136 0.741159
4.152 0.881249
4.168 0.327989
4.184 0.696015
4.2 0.928144
4.216 0.922566
4.232 2.42749
4.248 0.946185
4.264 1.98068
4.28 0.449273
4.296 1.43202
4.312 0.70152
4.328 1.06004
4.344 0.859371
4.36 0.506549
4.376 0.410822
4.392 1.71929
4.408 0.631513
4.424 0.595274
4.44 1.15319
4.456 0.864495
4.472 1.06884
4.488 1.33064
4.504 0.737645
4.52 1.6323
4.536 1.19352
4.552 2.29535
4.568 1.03261
4.584 1.12345
4.6 0.522504
4.616 1.24659
4.632 1.43303
4.648 0.919319
4.664 0.740934
4.68 1.25144
4.696 0.796601
4.712 0.61347
4.728 2.0192
4.744 1.02343
4.76 0.372515
4.776 1.21885
4.792 0.729603
4.808 0.965183
4.824 1.12225
4.84 0.573515
4.856 0.391483
4.872 0.982849
4.888 1.53974
4.904 0.798991
4.92 0.973294
4.936 0.985937
4.952 1.3449
4.968 0.780942
4.984 0.900833
5 0.66998
5.016 1.25024
5.032 0.874699
5.048 0.767512
5.064 0.889042
5.08 0.822175
5.096 1.02435
5.112 0.477816
5.128 1.46836
5.144 1.07508
5.16 1.04631
5.176 0.660818
5.192 0.969344
5.208 0.791072
5.224 1.35937
5.24 1.08482
5.256 1.38965
5.272 0.826829
5.288 0.768583
5.304 1.12901
5.32 0.666712
5.336 0.535991
5.352 0.973153
5.368 1.18689
5.384 1.23876
5.4 0.574347
5.416 1.25857
5.432 0.395687
5.448 1.34269
5.464 1.30997
5.48 0.328451
5.496 0.736865
5.512 0.960415
5.528 1.09212
5.544 1.20813
5.56 0.901441
5.576 1.03524
5.592 1.38917
5.608 0.924499
5.624 1.54238
5.64 0.991671
5.656 0.829526
5.672 1.40675
5.688 1.99511
5.704 1.69029
5.72 0.70714
5.736 0.723615
5.752 0.686635
5.768 0.509665
5.784 0.702898
5.8 0.685012
5.816 0.768367
5.832 0.678566
5.848 1.19993
5.864 0.736213
5.88 1.13886
5.896 1.62832
5.912 1.29817
5.928 1.66763
5.944 0.994362
5.96 0.717892
5.976 0.549574
5.992 0.628131
6.008 0.943567
6.024 1.07236
6.04 0.995578
6.056 1.02358
6.072 0.972335
6.088 1.32912
6.104 0.730368
6.12 0.792248
6.136 1.01266
6.152 0.453864
6.168 1.10987
6.184 0.921378
6.2 0.739717
6.216 1.34297
6.232 0.760915
6.248 0.832818
6.264 0.713999
6.28 1.12454
6.296 0.625213
6.312 1.11413
6.328 1.03967
6.344 0.828658
6.36 1.06978
6.376 0.691814
6.392 1.11329
6.408 1.18735
6.424 0.944169
6.44 0.967306
6.456 1.10165
6.472 1.88961
6.488 1.06654
6.504 1.12114
6.52 1.08495
6.536 1.09897
6.552 0.737628
6.568 1.28962
6.584 1.11398
6.6 1.23856
6.616 0.996053
6.632 0.802806
6.648 1.22331
6.664 1.16473
6.68 0.865962
6.696 1.11887
6.712 1.0293
6.728 0.841398
6.744 1.38733
6.76 1.1008
6.776 1.20353
6.792 1.18248
6.808 1.05156
6.824 0.875033
6.84 0.557036
6.856 0.806753
6.872 1.18335
6.888 0.654722
6.904 0.805211
6.92 0.510308
6.936 0.885835
6.952 1.11617
6.968 1.04337
6.984 1.02483
7 1.26523
7.016 0.875806
7.032 0.66555
7.048 1.18081
7.064 1.1819
7.08 0.822916
7.096 1.07314
7.112 0.679294
7.128 1.27923
7.144 1.2988
7.16 0.657776
7.176 0.87821
7.192 0.642578
7.208 1.54858
7.224 1.23647
7.24 0.870826
7.256 0.699161
7.272 1.24189
7.288 0.87007
7.304 1.01031
7.32 1.32403
7.336 1.14372
7.352 0.464968
7.368 0.941695
7.384 1.31774
7.4 0.656154
7.416 1.22499
7.432 0.575678
7.448 0.95764
7.464 1.08151
7.48 0.919115
7.496 1.02207
7.512 1.58567
7.528 0.731444
7.544 1.33165
7.56 0.781674
7.576 1.14331
7.592 0.748815
7.608 1.08896
7.624 1.08363
7.64 0.755378
7.656 1.18317
7.672 0.680657
7.688 1.24667
7.704 1.05982
7.72 1.03334
7.736 1.17714
7.752 1.29777
7.768 0.575456
7.784 1.28447
7.8 0.857735
7.816 0.86881
7.832 1.66354
7.848 1.33461
7.864 1.6035
7.88 0.920299
7.896 0.485431
7.912 0.889284
7.928 0.89424
7.944 0.895348
7.96 0.890992
7.976 0.51787
7.992 0.614238
