0.105056 0.0748945
0.137381 0.068108
0.202031 0.0148417
0.218193 0.0562051
0.282843 0.0258097
0.299005 0.0784319
0.315168 0.0843789
0.363655 0.0476306
0.39598 0.137282
0.412142 0.0882813
0.428305 0.217453
0.444467 0.0796404
0.509117 0.0969414
0.541442 0.0972384
0.573767 0.364287
0.589929 0.113448
0.606092 0.0539595
0.622254 0.225169
0.638416 0.21253
0.654579 0.415221
0.670741 0.461207
0.703066 0.25282
0.719229 0.159814
0.735391 0.516669
0.767716 0.566336
0.783878 0.216504
0.800041 0.702002
0.816203 0.425682
0.832366 0.64505
0.864691 0.717497
0.897015 1.76927
0.913178 0.615546
0.92934 0.998561
0.945503 1.73403
0.961665 1.35065
0.99399 1.88102
1.01015 1.89741
1.02631 0.736459
1.04248 0.977621
1.05864 0.767954
1.0748 1.68802
1.09096 1.9437
1.10713 0.464757
1.12329 0.994921
1.13945 1.79549
1.15561 2.27737
1.17178 3.2985
1.18794 0.689329
1.22026 1.58603
1.23643 0.972894
1.25259 0.963175
1.26875 1.76633
1.28491 1.01565
1.30108 0.692068
1.31724 0.789912
1.3334 0.934603
1.34956 1.19194
1.36573 1.03015
1.38189 1.17683
1.39805 0.492066
1.41421 0.993735
1.43038 0.674251
1.44654 0.9195
1.4627 0.209078
1.47886 0.744477
1.49503 0.774136
1.51119 1.32627
1.52735 1.74771
1.54351 0.955902
1.57584 1.21018
1.592 0.719578
1.62433 1.08232
1.64049 0.736552
1.65665 1.04665
1.67281 1.28491
1.68898 1.30661
1.7213 0.877665
1.73746 1.07679
1.76979 1.08653
1.78595 0.640827
1.80211 1.7221
1.81827 0.535997
1.83444 0.509949
1.8506 1.05108
1.86676 0.608026
1.88292 0.443052
1.89909 1.22352
1.91525 0.480124
1.93141 1.56201
1.94757 0.805806
1.96374 0.875367
1.9799 1.11873
1.99606 0.59868
2.01222 0.580726
2.02839 0.692672
2.04455 1.12925
2.06071 0.919723
2.07687 0.909335
2.1092 1.07485
2.12536 0.957689
2.14152 0.872367
2.15769 0.931365
2.17385 0.490245
2.19001 0.517227
2.20617 1.87566
2.22234 1.44253
2.2385 1.1461
2.25466 1.08052
2.27082 1.4872
2.28699 1.17123
2.30315 0.87956
2.31931 0.510281
2.33547 1.09511
2.35164 0.751293
2.3678 1.03899
2.38396 0.784376
2.40012 0.959411
2.41628 1.27272
2.43245 1.2137
2.44861 0.951261
2.46477 1.28495
2.48093 1.11407
2.4971 1.73148
2.51326 0.887899
2.52942 0.903173
2.54558 0.773277
2.56175 1.23479
2.57791 1.23781
2.59407 1.01126
2.61023 0.507159
2.6264 1.03046
2.64256 1.6905
2.65872 1.11303
2.67488 0.840366
2.69105 1.05115
2.70721 1.47025
2.72337 0.88604
2.73953 1.01289
2.7557 0.976787
2.77186 1.01898
2.78802 0.906393
2.80418 0.724037
2.82035 1.18275
2.83651 1.19072
2.85267 0.978778
2.86883 1.02
2.885 0.762765
2.90116 0.879717
2.91732 0.871131
2.93348 0.982569
2.94965 0.905457
2.96581 0.477533
2.98197 0.986508
2.99813 1.05129
3.0143 1.46855
3.03046 1.07989
3.04662 0.710538
3.06278 0.87449
3.07894 0.889705
3.09511 1.11334
3.11127 0.668711
3.12743 1.04724
3.14359 1.10517
3.15976 1.13486
3.17592 0.665994
3.19208 1.46511
3.20824 1.26607
3.22441 0.720453
3.24057 1.53502
3.25673 1.01335
3.27289 0.78191
3.28906 1.17252
3.30522 1.18413
3.32138 0.779312
3.33754 0.900129
3.35371 1.06618
3.36987 0.939441
3.38603 0.993232
3.40219 0.947016
3.41836 0.658518
3.43452 0.954804
3.45068 0.742456
3.46684 0.552722
3.48301 1.08779
3.49917 0.601744
3.51533 0.999718
3.53149 0.932926
3.54766 1.12318
3.56382 1.29114
3.57998 1.37924
3.59614 0.533459
3.61231 0.572566
3.62847 1.00188
3.64463 0.915515
3.66079 0.769864
3.67696 0.988491
3.69312 0.511628
3.70928 0.868722
3.72544 1.06098
3.74161 0.923718
3.75777 1.28019
3.77393 0.967013
3.79009 1.25136
3.80625 1.16127
3.82242 0.958766
3.83858 0.861944
3.85474 1.00242
3.8709 0.782416
3.88707 0.639006
3.90323 1.55106
3.91939 0.748652
3.93555 1.0154
3.95172 0.91331
3.96788 1.32566
3.98404 1.12777
4.0002 1.05721
4.01637 0.987843
4.03253 1.01057
4.04869 0.66738
4.06485 0.777993
4.08102 0.916706
4.09718 1.27948
4.11334 0.609607
4.1295 0.867203
4.14567 1.41637
4.16183 1.25557
4.17799 1.38109
4.19415 0.940443
4.21032 0.597406
4.22648 0.578049
4.24264 0.746177
4.2588 1.60273
4.27497 0.699354
4.29113 1.17056
4.30729 0.813487
4.32345 1.01525
4.33962 1.12356
4.35578 1.00113
4.37194 1.04503
4.3881 0.881734
4.40427 1.12611
4.42043 0.834653
4.43659 1.16431
4.45275 0.731274
4.46891 0.988998
4.48508 0.914212
4.50124 0.565874
4.5174 1.21041
4.53356 0.879239
4.54973 1.25501
4.56589 0.871847
4.58205 1.33872
4.59821 0.690989
4.61438 1.4587
4.63054 1.03959
4.6467 0.854472
4.66286 0.931841
4.67903 1.05198
4.69519 1.0262
4.71135 0.818243
4.72751 1.1353
4.74368 0.874073
4.75984 0.952801
4.776 0.750708
4.79216 0.878776
4.80833 1.0419
4.82449 0.915507
4.84065 0.514864
4.85681 0.742073
4.87298 0.989874
4.88914 1.62902
4.9053 0.79771
4.92146 1.09505
4.93763 1.06829
4.95379 0.942606
4.96995 0.858965
4.98611 0.836502
5.00228 0.791965
5.01844 0.931415
5.0346 1.06053
5.05076 1.00465
5.06693 1.13757
5.08309 1.26972
5.09925 0.536628
5.11541 1.17826
5.13157 1.52592
5.14774 1.0197
5.1639 0.901118
5.18006 0.960781
5.19622 1.3965
5.21239 1.06635
5.22855 1.628
5.24471 1.02748
5.26087 1.22411
5.27704 0.903079
5.2932 1.11917
5.30936 0.746462
5.32552 1.89136
5.34169 1.02474
5.35785 0.757832
5.37401 1.09884
5.39017 1.23352
5.40634 1.22078
5.4225 0.886305
5.43866 0.904265
5.45482 1.09387
5.47099 0.99564
5.48715 0.926867
5.50331 0.999776
5.51947 1.12234
5.53564 1.5105
5.5518 0.79529
5.56796 0.888549
5.58412 0.755254
5.60029 0.760586
5.61645 0.661534
5.63261 1.27325
5.64877 0.735085
5.66494 0.930228
5.6811 0.950813
5.69726 1.06097
5.71342 1.04151
5.72959 0.879016
5.74575 0.913661
5.76191 0.846205
5.77807 0.792772
5.79423 0.665067
5.8104 1.15265
5.82656 1.66771
5.84272 1.27512
5.85888 1.13782
5.87505 0.819723
5.89121 1.01949
5.90737 1.01982
5.92353 0.821698
5.9397 0.81595
5.95586 1.2751
5.97202 0.918189
5.98818 0.886013
6.00435 1.07007
6.02051 0.971998
6.03667 0.913092
6.05283 1.02093
6.069 1.10722
6.08516 0.899083
6.10132 0.681429
6.11748 1.67528
6.13365 1.13825
6.14981 1.02616
6.16597 1.01164
6.18213 0.647905
6.1983 0.904352
6.21446 1.79943
6.23062 0.902722
6.24678 1.02257
6.26295 1.0737
6.27911 0.947013
6.29527 0.804937
6.31143 1.08904
6.3276 1.08667
6.34376 1.42818
6.35992 0.964459
6.37608 1.18949
6.39225 1.18353
6.40841 0.972766
6.42457 1.17989
6.44073 0.909906
6.4569 1.2477
6.47306 1.05343
6.48922 0.808067
6.50538 1.04471
6.52154 0.999388
6.53771 0.847925
6.55387 0.939989
6.57003 1.03315
6.58619 0.993256
6.60236 0.611522
6.61852 0.842411
6.63468 0.941084
6.65084 0.836855
6.66701 1.1337
6.68317 1.14168
6.69933 0.882774
6.71549 1.06987
6.73166 0.775475
6.74782 1.47359
6.76398 0.991221
6.78014 1.04619
6.79631 0.98571
6.81247 0.783814
6.82863 1.04998
6.84479 1.12522
6.86096 0.940954
6.87712 0.898422
6.89328 1.02815
6.90944 1.03063
6.92561 0.74498
6.94177 1.19431
6.95793 0.82707
6.97409 0.878541
6.99026 1.28998
7.00642 1.17794
7.02258 0.76581
7.03874 0.846652
7.05491 0.739016
7.07107 1.04058
7.08723 0.922634
7.10339 1.16096
7.11956 0.671321
7.13572 0.912324
7.15188 1.05296
7.16804 1.04403
7.1842 0.957818
7.20037 1.01603
7.21653 0.9554
7.23269 1.19175
7.24885 1.18547
7.26502 0.766218
7.28118 1.12333
7.29734 1.0241
7.3135 1.09376
7.32967 1.10318
7.34583 1.45208
7.36199 0.837821
7.37815 0.938695
7.39432 1.12125
7.41048 0.945411
7.42664 1.07716
7.4428 0.754851
7.45897 1.35449
7.47513 0.971382
7.49129 1.14442
7.50745 0.917095
7.52362 1.18596
7.53978 0.9231
7.55594 0.881507
7.5721 0.976043
7.58827 1.14009
7.60443 1.0383
7.62059 1.31574
7.63675 0.918413
7.65292 0.957981
7.66908 0.766369
7.68524 0.656366
7.7014 1.32136
7.71757 0.858367
7.73373 1.11968
7.74989 1.19756
7.76605 0.822516
7.78222 0.885337
7.79838 1.23117
7.81454 0.641153
7.8307 0.774591
7.84686 0.935576
7.86303 1.24256
7.87919 1.03419
7.89535 0.982787
7.91151 1.30455
7.92768 0.810548
7.94384 1.0776
7.96 0.928015
7.97616 0.944442
7.99233 1.03682
8.00849 0.887967
8.02465 1.11372
8.04081 1.12725
8.05698 1.00143
8.07314 0.907236
