0.0602456 0.0521013
0.0787827 0.0364041
0.115857 0.0321038
0.125125 0.0766869
0.1622 0.0675457
0.171468 0.109596
0.180737 0.0296102
0.208542 0.0811186
0.22708 0.0549378
0.236348 0.0477489
0.245617 0.232901
0.254885 0.0849529
0.291959 0.0869069
0.310496 0.104579
0.329034 0.35911
0.338302 0.0862544
0.347571 0.0823885
0.356839 0.114944
0.366108 0.126004
0.375376 0.278504
0.384645 0.160484
0.403182 0.112895
0.412451 0.106799
0.421719 0.131194
0.440256 0.386177
0.449525 0.203278
0.458793 0.151102
0.468062 0.218579
0.47733 0.381213
0.495867 0.218486
0.514405 0.578458
0.523673 0.377475
0.532942 0.509927
0.54221 0.776534
0.551479 0.293496
0.570016 0.52836
0.579284 0.479699
0.588553 0.368855
0.597822 0.329514
0.60709 0.242806
0.616359 0.518477
0.625627 0.609737
0.634896 0.0883774
0.644164 0.347312
0.653433 0.514428
0.662701 0.651453
0.67197 0.535561
0.681239 0.472345
0.699776 0.680327
0.709044 0.523892
0.718313 0.56192
0.727581 0.363365
0.73685 0.741931
0.746118 0.728402
0.755387 0.507111
0.764655 0.799132
0.773924 0.918347
0.783193 0.668484
0.792461 0.537159
0.80173 0.58146
0.810998 0.545108
0.820267 0.322454
0.829535 2.0855
0.838804 0.242376
0.848072 0.82212
0.857341 0.960631
0.86661 0.93104
0.875878 0.835429
0.885147 1.21055
0.903684 0.689595
0.912952 0.907341
0.931489 0.62573
0.940758 0.969889
0.950026 0.800955
0.959295 0.533688
0.968564 0.701532
0.987101 0.820643
0.996369 1.11041
1.01491 1.31656
1.02417 0.752865
1.03344 1.02019
1.04271 1.05991
1.05198 0.610644
1.06125 1.12083
1.07052 0.75512
1.07979 1.11276
1.08905 1.55236
1.09832 0.474968
1.10759 0.993005
1.11686 0.759537
1.12613 0.712488
1.1354 1.45803
1.14467 1.05375
1.15393 1.08774
1.1632 0.468924
1.17247 0.587925
1.18174 1.39044
1.19101 0.990574
1.20955 1.42376
1.21881 1.00136
1.22808 0.76216
1.23735 0.85413
1.24662 1.14804
1.25589 0.501019
1.26516 2.40944
1.27443 1.50271
1.28369 1.0757
1.29296 1.54241
1.30223 1.21464
1.3115 1.32516
1.32077 1.22009
1.33004 0.668053
1.33931 1.11085
1.34857 1.17602
1.35784 1.30344
1.36711 1.20412
1.37638 0.919345
1.38565 1.02372
1.39492 1.05124
1.40419 1.13789
1.41345 1.26502
1.42272 0.735157
1.43199 1.45078
1.44126 1.06438
1.45053 1.45068
1.4598 0.568596
1.46907 1.64092
1.47833 1.41424
1.4876 0.725712
1.49687 0.453652
1.50614 1.34647
1.51541 1.71941
1.52468 1.73729
1.53395 1.38215
1.54321 1.16271
1.55248 1.50731
1.56175 0.953008
1.57102 1.34584
1.58029 1.07092
1.58956 1.19305
1.59883 1.57897
1.60809 0.786654
1.61736 0.604815
1.62663 1.70215
1.6359 0.908867
1.64517 1.39069
1.65444 1.04399
1.6637 0.915613
1.67297 1.40557
1.68224 1.4562
1.69151 1.3318
1.70078 0.735594
1.71005 0.886013
1.71932 0.86896
1.72858 1.96154
1.73785 1.1008
1.74712 1.25747
1.75639 0.955075
1.76566 1.01509
1.77493 1.52617
1.7842 1.01112
1.79346 0.64469
1.80273 0.772871
1.812 1.37377
1.82127 0.550021
1.83054 0.817784
1.83981 2.08095
1.84908 1.04131
1.85834 1.3719
1.86761 0.926588
1.87688 0.735964
1.88615 1.19601
1.89542 1.43256
1.90469 1.01226
1.91396 1.11744
1.92322 0.915447
1.93249 0.895032
1.94176 1.19766
1.95103 0.998345
1.9603 0.832653
1.96957 0.769731
1.97884 0.754921
1.9881 0.241758
1.99737 0.85585
2.00664 0.587451
2.01591 1.08256
2.02518 0.900636
2.03445 1.14683
2.04372 1.16788
2.05298 1.06029
2.06225 0.779689
2.07152 0.864653
2.08079 0.820096
2.09006 0.885647
2.09933 0.869703
2.1086 0.503302
2.11786 0.674567
2.12713 0.874464
2.1364 0.756338
2.14567 0.731219
2.15494 0.592282
2.16421 1.05664
2.17348 1.00775
2.18274 0.813474
2.19201 0.737613
2.20128 0.778204
2.21055 0.699344
2.21982 0.822811
2.22909 0.601426
2.23836 1.43315
2.24762 1.11917
2.25689 1.14178
2.26616 0.735258
2.27543 0.966673
2.2847 1.03771
2.29397 1.01003
2.30323 0.935221
2.3125 0.588032
2.32177 0.988093
2.33104 0.758862
2.34031 0.937857
2.34958 0.883988
2.35885 0.644809
2.36811 0.394742
2.37738 0.964649
2.38665 0.601345
2.39592 0.695783
2.40519 0.962229
2.41446 0.68113
2.42373 0.82139
2.43299 0.889995
2.44226 1.08091
2.45153 0.693408
2.4608 0.949362
2.47007 0.606773
2.47934 0.8954
2.48861 0.899971
2.49787 0.912398
2.50714 1.43055
2.51641 1.00822
2.52568 1.0022
2.53495 1.12997
2.54422 0.976028
2.55349 0.872361
2.56275 0.971435
2.57202 0.702889
2.58129 1.19088
2.59056 1.18029
2.59983 0.808191
2.6091 1.01367
2.61837 0.766068
2.62763 1.34682
2.6369 0.918859
2.64617 0.739771
2.65544 0.735861
2.66471 0.971499
2.67398 0.911187
2.68325 1.09625
2.69251 1.27616
2.70178 0.995045
2.71105 0.94085
2.72032 1.18456
2.72959 0.811517
2.73886 0.790042
2.74813 1.15859
2.75739 1.18231
2.76666 1.1402
2.77593 1.34209
2.7852 1.20696
2.79447 1.13552
2.80374 1.10891
2.81301 1.32511
2.82227 0.970544
2.83154 1.08613
2.84081 1.01786
2.85008 0.827631
2.85935 0.89196
2.86862 1.02827
2.87789 1.0259
2.88715 1.00447
2.89642 1.09819
2.90569 1.03774
2.91496 1.34578
2.92423 0.847478
2.9335 1.27213
2.94276 0.970478
2.95203 0.866473
2.9613 1.47223
2.97057 0.795695
2.97984 1.18157
2.98911 1.45003
2.99838 1.3901
3.00764 1.21317
3.01691 1.50308
3.02618 1.53078
3.03545 1.08173
3.04472 0.999616
3.05399 1.08527
3.06326 1.0762
3.07252 0.66679
3.08179 1.19118
3.09106 1.3543
3.10033 1.35339
3.1096 0.797315
3.11887 1.24373
3.12814 0.73819
3.1374 1.14509
3.14667 1.03914
3.15594 1.10304
3.16521 1.1965
3.17448 1.80587
3.18375 0.613502
3.19302 1.22778
3.20228 0.836615
3.21155 1.01044
3.22082 1.0291
3.23009 1.00418
3.23936 0.773904
3.24863 0.869994
3.2579 1.11562
3.26716 1.56497
3.27643 0.931895
3.2857 0.786718
3.29497 1.08365
3.30424 0.961384
3.31351 0.974115
3.32278 0.982961
3.33204 1.09758
3.34131 1.26261
3.35058 0.939918
3.35985 0.987434
3.36912 0.767336
3.37839 0.963104
3.38766 0.898209
3.39692 0.944351
3.40619 1.0363
3.41546 0.828258
3.42473 1.40884
3.434 0.771635
3.44327 1.08603
3.45254 0.787671
3.4618 1.12116
3.47107 0.774807
3.48034 1.09226
3.48961 0.880561
3.49888 1.00677
3.50815 1.24759
3.51742 1.02718
3.52668 1.29015
3.53595 0.862032
3.54522 0.970412
3.55449 1.07561
3.56376 1.52799
3.57303 0.949421
3.5823 1.01255
3.59156 0.966147
3.60083 0.888078
3.6101 1.17019
3.61937 1.4545
3.62864 0.836229
3.63791 0.77729
3.64717 0.81778
3.65644 1.32531
3.66571 0.750921
3.67498 0.967947
3.68425 0.955904
3.69352 1.24628
3.70279 1.12652
3.71205 1.17596
3.72132 0.715722
3.73059 0.853118
3.73986 0.701556
3.74913 1.31062
3.7584 0.732742
3.76767 0.852312
3.77693 0.91455
3.7862 0.782248
3.79547 0.691226
3.80474 0.740384
3.81401 0.764527
3.82328 1.03614
3.83255 0.833773
3.84181 0.658766
3.85108 0.977648
3.86035 0.948672
3.86962 0.711084
3.87889 1.03707
3.88816 0.844184
3.89743 0.984697
3.90669 0.820119
3.91596 0.612876
3.92523 1.04589
3.9345 0.861269
3.94377 0.720497
3.95304 1.13638
3.96231 1.03154
3.97157 0.806115
3.98084 1.23672
3.99011 0.968421
3.99938 0.916551
4.00865 0.933548
4.01792 0.723808
4.02719 0.738129
4.03645 0.8057
4.04572 1.06652
4.05499 1.04964
4.06426 0.792449
4.07353 1.18279
4.0828 1.06956
4.09207 0.897624
4.10133 1.13932
4.1106 1.0953
4.11987 0.9277
4.12914 1.02027
4.13841 0.829474
4.14768 1.19825
4.15695 0.945243
4.16621 0.796665
4.17548 1.11072
4.18475 0.903646
4.19402 1.3146
4.20329 1.22347
4.21256 1.12523
4.22183 0.9986
4.23109 0.942248
4.24036 0.915159
4.24963 0.746507
4.2589 1.26309
4.26817 0.967737
4.27744 1.18671
4.2867 0.802856
4.29597 1.22277
4.30524 1.02022
4.31451 1.12234
4.32378 0.946464
4.33305 1.11948
4.34232 0.791172
4.35158 1.14188
4.36085 1.14339
4.37012 1.0923
4.37939 1.30168
4.38866 0.791605
4.39793 0.802443
4.4072 0.78636
4.41646 1.35936
4.42573 1.2486
4.435 0.960526
4.44427 1.04475
4.45354 0.832385
4.46281 1.23419
4.47208 1.07079
4.48134 0.880076
4.49061 0.807574
4.49988 1.0789
4.50915 1.19763
4.51842 1.41094
4.52769 0.848347
4.53696 1.16861
4.54622 1.05923
4.55549 1.68155
4.56476 1.04152
4.57403 0.983337
4.5833 0.877816
4.59257 1.26725
4.60184 1.1929
4.6111 1.0369
4.62037 1.28354
4.62964 1.05848
