0.0735391 4.88697e-05
0.0961665 0.000143317
0.141421 0.000115337
0.152735 0.000154649
0.19799 0.000121004
0.209304 0.000324806
0.220617 0.000199443
0.254558 0.000584717
0.277186 0.00110605
0.2885 0.000759227
0.299813 0.000819997
0.311127 0.00258975
0.356382 0.00737448
0.379009 0.0107628
0.401637 0.00925796
0.41295 0.00602114
0.424264 0.00132526
0.435578 0.00659891
0.446891 0.00430166
0.458205 0.00536535
0.469519 0.00385384
0.492146 0.00238842
0.50346 0.00289799
0.514774 0.00557186
0.537401 0.0152419
0.548715 0.0225746
0.560029 0.0500202
0.571342 0.02926
0.582656 0.0548989
0.605283 0.17099
0.627911 0.173454
0.639225 0.15735
0.650538 0.157608
0.661852 0.168377
0.673166 0.0779195
0.695793 0.128915
0.707107 0.15084
0.71842 0.0298121
0.729734 0.119427
0.741048 0.204963
0.752362 0.411052
0.763675 0.0977677
0.774989 0.366649
0.786303 0.342348
0.797616 0.332646
0.80893 0.223272
0.820244 0.48702
0.831558 0.641828
0.854185 1.00219
0.865499 1.10619
0.876812 0.969142
0.888126 1.56374
0.89944 2.63463
0.910754 2.20765
0.922067 2.45485
0.933381 2.28145
0.944695 1.20828
0.956008 2.39845
0.967322 0.854933
0.978636 0.704701
0.989949 0.819732
1.00126 1.21395
1.01258 0.897673
1.02389 0.55873
1.0352 0.133592
1.04652 0.650088
1.05783 1.11199
1.06915 0.52089
1.08046 2.25365
1.10309 2.00218
1.1144 2.98679
1.13703 2.67155
1.14834 2.31083
1.15966 3.35374
1.17097 1.71889
1.18228 2.22065
1.20491 1.86659
1.21622 1.32515
1.23885 1.00391
1.25016 0.908184
1.26148 0.624448
1.27279 0.375428
1.28411 1.24929
1.29542 0.983264
1.30673 0.406365
1.31805 0.496827
1.32936 0.776832
1.34067 1.08349
1.35199 1.14744
1.3633 1.09578
1.37462 0.925266
1.38593 0.63231
1.39724 0.886137
1.40856 1.56937
1.41987 0.550665
1.43118 1.92959
1.4425 0.922529
1.45381 0.651514
1.47644 1.36818
1.48775 0.886335
1.49907 0.671614
1.51038 0.997913
1.52169 0.595306
1.53301 0.655673
1.54432 0.496516
1.55563 0.358204
1.56695 0.575304
1.57826 0.516092
1.58958 0.961343
1.60089 0.483223
1.6122 0.602496
1.62352 0.93889
1.63483 0.653594
1.64614 0.756671
1.65746 0.670681
1.66877 0.597149
1.68009 0.891263
1.6914 1.68139
1.70271 0.710439
1.71403 1.01697
1.72534 0.85733
1.73665 0.563481
1.74797 0.760199
1.75928 0.756627
1.7706 0.710672
1.78191 0.271358
1.79322 0.651414
1.80454 0.562573
1.81585 1.05032
1.82716 0.575543
1.83848 0.730341
1.84979 0.39826
1.86111 0.716567
1.87242 1.17398
1.88373 0.812943
1.89505 0.497759
1.90636 0.733915
1.91767 1.49185
1.92899 0.642442
1.9403 0.84911
1.95161 1.1575
1.96293 0.999497
1.97424 1.05011
1.98556 0.966397
1.99687 1.24072
2.00818 1.07414
2.0195 0.858876
2.03081 1.56687
2.04212 1.09104
2.05344 0.967666
2.06475 0.947094
2.07607 1.21869
2.08738 0.555704
2.09869 1.2084
2.11001 1.33636
2.12132 1.09656
2.13263 1.15109
2.14395 0.605298
2.15526 1.27633
2.16658 1.52379
2.17789 0.81684
2.1892 1.42705
2.20052 1.3184
2.21183 1.23273
2.22314 1.42574
2.23446 1.19556
2.24577 1.16394
2.25708 1.92669
2.2684 1.43153
2.27971 1.55298
2.29103 1.46667
2.30234 0.936848
2.31365 1.10968
2.32497 0.821233
2.33628 1.30555
2.34759 1.04724
2.35891 1.15872
2.37022 0.908901
2.38154 1.59043
2.39285 0.897932
2.40416 1.11874
2.41548 0.711256
2.42679 0.785936
2.4381 0.919879
2.44942 1.17794
2.46073 1.51019
2.47205 1.18778
2.48336 1.56229
2.49467 1.42377
2.50599 1.21655
2.5173 0.674678
2.52861 0.706305
2.53993 1.3973
2.55124 0.804651
2.56255 0.995722
2.57387 0.783548
2.58518 0.695632
2.5965 0.679209
2.60781 0.516915
2.61912 0.771026
2.63044 0.78667
2.64175 0.798514
2.65306 0.704037
2.66438 0.84185
2.67569 0.684778
2.68701 0.627057
2.69832 0.701232
2.70963 0.889724
2.72095 0.691481
2.73226 0.893512
2.74357 0.936104
2.75489 0.724656
2.7662 0.763493
2.77752 0.816516
2.78883 0.957113
2.80014 0.98348
2.81146 1.23348
2.82277 1.361
2.83408 1.21235
2.8454 0.547683
2.85671 1.10507
2.86803 0.994098
2.87934 0.715233
2.89065 1.12394
2.90197 0.864519
2.91328 0.742004
2.92459 0.859302
2.93591 0.799622
2.94722 0.865698
2.95853 0.990516
2.96985 0.919935
2.98116 1.07771
2.99248 1.07309
3.00379 0.889654
3.0151 1.25337
3.02642 0.737506
3.03773 1.08858
3.04904 0.955094
3.06036 1.15101
3.07167 1.24532
3.08299 1.14891
3.0943 1.22168
3.10561 1.57316
3.11693 1.09133
3.12824 0.891131
3.13955 0.836879
3.15087 0.96168
3.16218 0.985901
3.1735 0.963957
3.18481 1.0852
3.19612 0.910428
3.20744 1.64537
3.21875 0.983391
3.23006 1.09569
3.24138 0.850904
3.25269 1.29788
3.264 0.98481
3.27532 1.82987
3.28663 0.88445
3.29795 0.850553
3.30926 0.921839
3.32057 1.17432
3.33189 0.784798
3.3432 1.81909
3.35451 1.07965
3.36583 1.70727
3.37714 1.02963
3.38846 1.19398
3.39977 1.05401
3.41108 1.16098
3.4224 0.701676
3.43371 0.845106
3.44502 0.897431
3.45634 1.14208
3.46765 0.916253
3.47897 1.0096
3.49028 1.25186
3.50159 0.824903
3.51291 0.754722
3.52422 0.684093
3.53553 1.04801
3.54685 0.984266
3.55816 1.01503
3.56948 1.27569
3.58079 0.725694
3.5921 1.03712
3.60342 1.21964
3.61473 0.83817
3.62604 0.835705
3.63736 1.1211
3.64867 1.10062
3.65998 0.678304
3.6713 1.06699
3.68261 1.25617
3.69393 0.749069
3.70524 0.893521
3.71655 1.05227
3.72787 1.20344
3.73918 0.913179
3.75049 1.26275
3.76181 0.790749
3.77312 0.593529
3.78444 1.32305
3.79575 1.01932
3.80706 0.919248
3.81838 0.816301
3.82969 0.985678
3.841 0.956573
3.85232 1.03149
3.86363 1.19807
3.87495 0.888629
3.88626 0.551425
3.89757 0.98143
3.90889 1.30132
3.9202 0.956334
3.93151 1.42816
3.94283 0.504587
3.95414 0.782852
3.96545 0.764284
3.97677 1.27674
3.98808 0.935726
3.9994 0.981345
4.01071 0.727808
4.02202 1.04714
4.03334 1.00905
4.04465 0.73935
4.05596 1.2404
4.06728 0.601358
4.07859 0.972123
4.08991 0.96862
4.10122 0.949837
4.11253 1.12106
4.12385 1.035
4.13516 1.24276
4.14647 0.892491
4.15779 1.01425
4.1691 0.987733
4.18042 0.990122
4.19173 0.654303
4.20304 1.2391
4.21436 0.853836
4.22567 0.877748
4.23698 1.19304
4.2483 1.22596
4.25961 1.09876
4.27092 1.08579
4.28224 1.2544
4.29355 1.10319
4.30487 0.968554
4.31618 0.899417
4.32749 1.19155
4.33881 1.07575
4.35012 0.915028
4.36143 0.814666
4.37275 1.14854
4.38406 1.00902
4.39538 1.26733
4.40669 0.825496
4.418 0.594945
4.42932 0.937709
4.44063 1.06778
4.45194 0.930727
4.46326 0.938776
4.47457 0.885656
4.48589 1.23451
4.4972 1.05947
4.50851 1.33706
4.51983 1.24731
4.53114 1.04688
4.54245 1.25443
4.55377 0.994567
4.56508 0.842527
4.5764 0.820991
4.58771 1.05838
4.59902 0.899282
4.61034 1.22314
4.62165 1.0863
4.63296 0.867113
4.64428 1.02234
4.65559 0.949778
4.6669 1.06966
4.67822 1.06805
4.68953 0.840906
4.70085 1.34615
4.71216 0.787885
4.72347 0.831854
4.73479 0.728952
4.7461 1.02722
4.75741 0.987078
4.76873 1.13806
4.78004 1.00829
4.79136 0.881339
4.80267 0.862553
4.81398 0.980835
4.8253 1.04923
4.83661 1.03536
4.84792 1.04085
4.85924 1.19492
4.87055 0.773696
4.88187 0.866972
4.89318 1.07895
4.90449 0.824205
4.91581 0.980706
4.92712 1.12071
4.93843 0.964402
4.94975 1.11907
4.96106 1.02009
4.97237 1.11213
4.98369 0.97359
4.995 0.984589
5.00632 1.17187
5.01763 0.83389
5.02894 0.799376
5.04026 0.708271
5.05157 1.03859
5.06288 0.943742
5.0742 1.09909
5.08551 0.798381
5.09683 1.01585
5.10814 0.919201
5.11945 1.07929
5.13077 1.14133
5.14208 0.973144
5.15339 1.23289
5.16471 0.806883
5.17602 1.18295
5.18734 1.18105
5.19865 0.829659
5.20996 0.872978
5.22128 1.0206
5.23259 1.09914
5.2439 1.13286
5.25522 1.03201
5.26653 1.11388
5.27785 0.9962
5.28916 0.986981
5.30047 1.20858
5.31179 0.658885
5.3231 1.16133
5.33441 0.790591
5.34573 0.884883
5.35704 1.102
5.36835 0.639029
5.37967 0.999328
5.39098 1.20175
5.4023 0.925176
5.41361 1.16828
5.42492 0.645083
5.43624 1.03256
5.44755 1.07933
5.45886 1.09213
5.47018 0.861694
5.48149 1.16123
5.49281 1.14484
5.50412 0.926556
5.51543 0.907181
5.52675 0.834506
5.53806 1.17747
5.54937 1.15755
5.56069 0.944452
5.572 0.947399
5.58332 1.07993
5.59463 0.886766
5.60594 0.973872
5.61726 1.02087
5.62857 0.791458
5.63988 0.923264
5.6512 0.97501
