0.0766698 0.706496
0.100261 0.21997
0.147442 0.438072
0.159237 0.0976707
0.206419 0.0266518
0.218214 0.304212
0.230009 0.0366976
0.265396 0.0500423
0.288986 0.622022
0.300782 0.0945044
0.312577 0.0316813
0.324372 0.0465564
0.371554 0.122548
0.395144 0.0675555
0.418735 0.0449308
0.430531 0.0229374
0.442326 0.450699
0.454121 0.0624345
0.465917 0.0674082
0.477712 0.00941024
0.489507 0.0710884
0.513098 0.26064
0.524893 0.0644347
0.536689 0.0938346
0.560279 0.124148
0.572075 0.0674615
0.58387 0.340461
0.595666 0.152021
0.607461 0.115392
0.631052 0.200899
0.654642 0.402161
0.666438 1.90845
0.678233 1.04922
0.690028 0.8193
0.701824 0.197106
0.725414 0.484319
0.73721 0.373714
0.749005 0.229599
0.7608 0.355507
0.772596 0.302803
0.784391 0.223209
0.796187 0.109885
0.807982 0.717809
0.819777 0.854518
0.831573 5.2841
0.843368 5.50374
0.855163 2.5275
0.866959 0.676591
0.890549 0.224085
0.902345 0.257668
0.91414 0.195261
0.925935 0.73662
0.937731 0.164162
0.949526 0.196098
0.961322 0.264243
0.973117 0.0300154
0.984912 0.38877
0.996708 0.274656
1.0085 0.430161
1.0203 0.415096
1.03209 0.424878
1.04389 0.381449
1.05568 0.557157
1.06748 0.743886
1.07928 0.356303
1.09107 0.581536
1.10287 0.625337
1.11466 0.362118
1.12646 0.595883
1.15005 0.389828
1.16184 0.791262
1.18543 0.614147
1.19723 0.627037
1.20902 1.32538
1.22082 0.475567
1.23261 1.82037
1.25621 2.78692
1.268 0.877664
1.29159 3.72589
1.30339 1.06886
1.31518 1.70979
1.32698 1.6548
1.33877 1.71116
1.35057 2.67196
1.36236 0.648864
1.37416 1.49497
1.38595 1.15055
1.39775 1.08168
1.40955 1.70721
1.42134 1.15051
1.43314 0.835305
1.44493 8.44162
1.45673 3.72163
1.46852 0.709459
1.48032 0.974355
1.49211 0.75957
1.50391 3.0152
1.5157 1.12424
1.53929 0.319921
1.55109 0.997951
1.56288 3.22963
1.57468 0.663354
1.58648 0.600602
1.59827 0.900519
1.61007 0.52869
1.62186 0.773555
1.63366 0.563442
1.64545 0.544129
1.65725 0.761608
1.66904 0.933075
1.68084 2.71625
1.69263 0.231003
1.70443 0.598241
1.71622 0.62204
1.72802 0.336824
1.73982 0.465862
1.75161 0.49219
1.76341 0.448218
1.7752 0.15612
1.787 0.324584
1.79879 0.333034
1.81059 0.360233
1.82238 0.484146
1.83418 0.546698
1.84597 0.515977
1.85777 0.83488
1.86956 0.397747
1.88136 0.32333
1.89315 0.838973
1.90495 0.596186
1.91675 0.815746
1.92854 0.736801
1.94034 0.407329
1.95213 1.12262
1.96393 1.17202
1.97572 0.601136
1.98752 1.03149
1.99931 2.75609
2.01111 0.462457
2.0229 1.20137
2.0347 0.574594
2.04649 1.41099
2.05829 0.491177
2.07009 1.09293
2.08188 0.699349
2.09368 0.670335
2.10547 0.455575
2.11727 0.719116
2.12906 1.54162
2.14086 0.802437
2.15265 0.725858
2.16445 1.73269
2.17624 0.598853
2.18804 1.01603
2.19983 0.870681
2.21163 0.830787
2.22342 1.33775
2.23522 0.523956
2.24702 0.751048
2.25881 0.851527
2.27061 0.589773
2.2824 1.275
2.2942 0.437684
2.30599 1.17772
2.31779 0.608662
2.32958 0.468817
2.34138 0.903677
2.35317 1.25507
2.36497 0.991122
2.37676 0.656568
2.38856 0.290316
2.40036 0.838598
2.41215 0.664966
2.42395 0.435358
2.43574 0.963307
2.44754 0.731315
2.45933 0.436459
2.47113 1.47366
2.48292 0.986978
2.49472 0.81998
2.50651 1.82527
2.51831 6.04349
2.5301 0.443116
2.5419 1.45603
2.55369 1.37408
2.56549 0.486427
2.57729 1.55217
2.58908 1.32347
2.60088 0.736209
2.61267 1.01231
2.62447 0.526876
2.63626 1.39776
2.64806 1.28106
2.65985 0.947377
2.67165 0.677468
2.68344 1.13719
2.69524 0.766862
2.70703 1.43804
2.71883 1.2997
2.73063 1.08135
2.74242 1.40996
2.75422 0.52161
2.76601 1.20143
2.77781 0.899444
2.7896 0.695434
2.8014 0.736147
2.81319 0.415946
2.82499 0.500848
2.83678 1.5408
2.84858 1.10923
2.86037 0.645696
2.87217 0.971169
2.88396 1.04777
2.89576 0.561108
2.90756 0.447985
2.91935 0.704241
2.93115 0.805725
2.94294 0.619515
2.95474 0.802389
2.96653 0.652325
2.97833 0.96129
2.99012 0.336337
3.00192 1.88961
3.01371 0.844857
3.02551 0.930925
3.0373 0.92793
3.0491 0.568213
3.0609 0.514021
3.07269 0.668518
3.08449 0.72577
3.09628 0.845861
3.10808 0.932272
3.11987 1.04546
3.13167 1.14511
3.14346 0.889132
3.15526 0.75962
3.16705 1.06234
3.17885 1.15966
3.19064 1.05759
3.20244 1.42624
3.21423 1.40781
3.22603 0.594248
3.23783 0.64658
3.24962 1.16758
3.26142 1.43047
3.27321 1.42691
3.28501 0.683338
3.2968 1.06581
3.3086 0.940273
3.32039 0.849972
3.33219 0.703964
3.34398 1.34312
3.35578 1.25037
3.36757 1.41374
3.37937 0.835348
3.39116 0.788384
3.40296 0.761802
3.41476 0.860733
3.42655 0.746576
3.43835 0.996227
3.45014 1.03595
3.46194 1.28459
3.47373 0.755203
3.48553 1.01668
3.49732 1.20231
3.50912 0.82575
3.52091 1.21917
3.53271 0.636043
3.5445 0.959059
3.5563 0.847876
3.5681 1.03197
3.57989 0.663303
3.59169 1.28518
3.60348 0.800853
3.61528 0.854643
3.62707 1.15074
3.63887 0.744417
3.65066 1.26982
3.66246 1.45857
3.67425 0.92022
3.68605 0.573287
3.69784 0.754062
3.70964 1.38231
3.72143 1.05548
3.73323 0.885915
3.74503 0.536738
3.75682 1.11712
3.76862 1.0231
3.78041 0.825364
3.79221 0.643921
3.804 1.23668
3.8158 1.48677
3.82759 1.28058
3.83939 1.61035
3.85118 1.38551
3.86298 1.65726
3.87477 0.596751
3.88657 1.84296
3.89837 1.02474
3.91016 1.23515
3.92196 1.00806
3.93375 0.604037
3.94555 0.792151
3.95734 1.0916
3.96914 0.895776
3.98093 0.753364
3.99273 1.04082
4.00452 1.96494
4.01632 1.51846
4.02811 0.721621
4.03991 1.33533
4.0517 1.15481
4.0635 0.790963
4.0753 1.02918
4.08709 0.985952
4.09889 1.06142
4.11068 0.781216
4.12248 0.81977
4.13427 1.15305
4.14607 1.43173
4.15786 0.849851
4.16966 0.781729
4.18145 0.891344
4.19325 0.995684
4.20504 1.03831
4.21684 0.75013
4.22864 0.729893
4.24043 0.804258
4.25223 1.08408
4.26402 0.897854
4.27582 0.918767
4.28761 0.891548
4.29941 1.09239
4.3112 0.67498
4.323 0.959292
4.33479 1.05731
4.34659 0.67596
4.35838 1.12947
4.37018 0.715376
4.38197 0.795311
4.39377 1.00696
4.40557 0.781412
4.41736 0.812753
4.42916 0.899218
4.44095 0.88738
4.45275 0.71991
4.46454 1.2097
4.47634 0.791375
4.48813 0.889463
4.49993 1.03314
4.51172 0.696901
4.52352 0.742451
4.53531 1.25674
4.54711 0.950811
4.55891 1.35132
4.5707 1.0291
4.5825 0.825069
4.59429 1.07098
4.60609 0.773903
4.61788 0.982678
4.62968 0.824703
4.64147 1.31745
4.65327 1.31972
4.66506 1.04526
4.67686 1.33522
4.68865 0.982867
4.70045 1.02998
4.71224 1.31748
4.72404 1.15587
4.73584 0.757411
4.74763 0.862246
4.75943 0.805094
4.77122 0.966612
4.78302 1.33067
4.79481 1.37751
4.80661 1.11426
4.8184 0.892796
4.8302 0.930459
4.84199 1.00111
4.85379 1.06108
4.86558 1.17555
4.87738 1.12989
4.88918 0.770425
4.90097 1.17503
4.91277 1.04004
4.92456 1.09576
4.93636 1.44151
4.94815 0.915749
4.95995 0.693965
4.97174 0.883267
4.98354 0.851614
4.99533 1.27578
5.00713 1.03749
5.01892 1.42786
5.03072 0.754608
5.04251 1.424
5.05431 1.13962
5.06611 1.22458
5.0779 1.13286
5.0897 1.29581
5.10149 1.28387
5.11329 1.20684
5.12508 0.94437
5.13688 1.29686
5.14867 0.773819
5.16047 0.870515
5.17226 0.875066
5.18406 0.87292
5.19585 0.753493
5.20765 0.84153
5.21945 0.669553
5.23124 0.860859
5.24304 0.908439
5.25483 0.953691
5.26663 1.07679
5.27842 1.16061
5.29022 0.779974
5.30201 0.947139
5.31381 0.846119
5.3256 1.00112
5.3374 0.77988
5.34919 1.01204
5.36099 0.939717
5.37278 1.00621
5.38458 0.919637
5.39638 0.716285
5.40817 0.770543
5.41997 1.01398
5.43176 0.672333
5.44356 0.918297
5.45535 1.15461
5.46715 1.18325
5.47894 0.974591
5.49074 0.94538
5.50253 0.7034
5.51433 0.848047
5.52612 0.885979
5.53792 0.752844
5.54972 0.878477
5.56151 1.0827
5.57331 0.919286
5.5851 0.790609
5.5969 0.951857
5.60869 1.03571
5.62049 0.631046
5.63228 0.943611
5.64408 0.657196
5.65587 1.23343
5.66767 1.09463
5.67946 1.20686
5.69126 1.07616
5.70305 1.316
5.71485 1.10562
5.72665 1.36349
5.73844 1.03573
5.75024 1.02671
5.76203 0.749256
5.77383 1.036
5.78562 1.27843
5.79742 1.0186
5.80921 0.997257
5.82101 0.640417
5.8328 1.32904
5.8446 0.980213
5.85639 0.917106
5.86819 0.727126
5.87999 1.36659
5.89178 0.962639
