0.104 0.000114482
0.136 3.46674e-05
0.2 0.000105756
0.216 0.000243615
0.28 0.000165543
0.296 0.000759796
0.312 0.000692631
0.36 0.000612753
0.392 0.00476073
0.408 0.000908362
0.424 0.000350633
0.44 0.000354601
0.504 0.00236076
0.536 0.00451708
0.568 0.000141769
0.584 0.00193406
0.6 0.00266263
0.616 0.0175024
0.632 0.022606
0.648 0.00127428
0.664 0.00378562
0.696 0.0179146
0.712 0.0111484
0.728 0.0252188
0.76 0.0525527
0.776 0.00625329
0.792 0.0078577
0.808 0.0714808
0.824 0.130178
0.856 0.407269
0.888 1.27412
0.904 6.54002
0.92 2.35026
0.936 1.38674
0.952 0.473668
0.984 0.457499
1 0.421883
1.016 0.18174
1.032 0.282727
1.048 0.315551
1.064 0.0755842
1.08 0.24572
1.096 0.530607
1.112 1.08669
1.128 7.54101
1.144 13.5846
1.16 8.75587
1.176 0.101637
1.208 0.0914283
1.224 0.244368
1.24 0.167843
1.256 2.10989
1.272 0.0702475
1.288 0.0833666
1.304 0.663619
1.32 0.0259282
1.336 0.316259
1.352 0.0776262
1.368 0.630042
1.384 0.529013
1.4 0.247445
1.416 0.0212434
1.432 1.0491
1.448 0.431527
1.464 0.158867
1.48 0.189696
1.496 0.197745
1.512 0.045466
1.528 0.257587
1.56 0.199551
1.576 0.57002
1.608 0.186123
1.624 0.102644
1.64 0.127525
1.656 0.397467
1.672 3.82927
1.704 1.81782
1.72 1.24539
1.752 2.09157
1.768 0.478471
1.784 0.266855
1.8 0.246411
1.816 2.03788
1.832 0.635127
1.848 0.127689
1.864 0.393774
1.88 0.0467804
1.896 0.432557
1.912 1.09147
1.928 0.51766
1.944 0.189067
1.96 5.19513
1.976 2.80818
1.992 3.12382
2.008 0.547016
2.024 0.519374
2.04 2.71858
2.056 2.06286
2.088 0.483657
2.104 0.353136
2.12 2.30105
2.136 0.898259
2.152 1.05829
2.168 0.649202
2.184 0.551326
2.2 0.672237
2.216 0.718076
2.232 0.905271
2.248 0.309119
2.264 0.905587
2.28 5.84964
2.296 0.13077
2.312 0.498442
2.328 0.616073
2.344 0.318914
2.36 1.14371
2.376 0.650434
2.392 0.586972
2.408 0.553202
2.424 0.996905
2.44 0.565258
2.456 0.458717
2.472 0.691607
2.488 0.52198
2.504 0.766472
2.52 1.5684
2.536 2.02956
2.552 0.57455
2.568 0.460405
2.584 0.45569
2.6 0.978152
2.616 0.348737
2.632 0.143202
2.648 0.618857
2.664 1.62411
2.68 0.475405
2.696 0.486249
2.712 0.983605
2.728 1.19781
2.744 3.53553
2.76 0.630441
2.776 1.97651
2.792 0.301706
2.808 1.52058
2.824 0.397066
2.84 0.45985
2.856 0.351643
2.872 3.07204
2.888 1.74823
2.904 0.462608
2.92 0.587164
2.936 0.799335
2.952 0.411745
2.968 0.987856
2.984 1.30651
3 1.50976
3.016 1.93544
3.032 1.44117
3.048 0.860063
3.064 0.715023
3.08 0.378386
3.096 0.896618
3.112 0.919055
3.128 0.777871
3.144 0.840866
3.16 0.405727
3.176 1.02156
3.192 1.03428
3.208 0.858615
3.224 1.53114
3.24 0.0816112
3.256 0.922233
3.272 0.609558
3.288 1.28345
3.304 1.67091
3.32 0.822506
3.336 0.412015
3.352 1.2267
3.368 0.627692
3.384 1.17716
3.4 1.14034
3.416 2.5492
3.432 0.157819
3.448 0.944574
3.464 0.392942
3.48 0.405834
3.496 1.68145
3.512 1.42655
3.528 0.522832
3.544 0.905466
3.56 0.567577
3.576 1.22162
3.592 1.05785
3.608 0.729147
3.624 0.797831
3.64 0.877467
3.656 0.347255
3.672 1.1336
3.688 1.19892
3.704 1.08336
3.72 0.473678
3.736 0.603932
3.752 1.35577
3.768 0.894044
3.784 1.2583
3.8 0.760562
3.816 0.474826
3.832 0.721114
3.848 1.82818
3.864 1.6696
3.88 0.715636
3.896 0.808733
3.912 1.024
3.928 0.855897
3.944 0.46463
3.96 0.737628
3.976 1.13147
3.992 1.11919
4.008 0.451908
4.024 0.967041
4.04 1.51438
4.056 1.25805
4.072 1.11933
4.088 0.600083
4.104 0.927674
4.12 1.8575
4.136 1.02127
4.152 1.11123
4.168 0.91738
4.184 1.15664
4.2 1.1749
4.216 0.962509
4.232 1.23945
4.248 0.796569
4.264 0.415547
4.28 0.5702
4.296 0.917965
4.312 0.943987
4.328 1.40152
4.344 1.09521
4.36 0.769508
4.376 1.35344
4.392 1.03189
4.408 1.26411
4.424 1.30122
4.44 0.599111
4.456 0.57055
4.472 0.866475
4.488 0.593372
4.504 0.827749
4.52 0.721807
4.536 0.990947
4.552 0.607817
4.568 2.46905
4.584 0.633131
4.6 0.72604
4.616 1.32563
4.632 1.03126
4.648 0.600719
4.664 0.995656
4.68 1.12796
4.696 1.90575
4.712 0.537677
4.728 0.865904
4.744 1.11418
4.76 0.999672
4.776 0.967578
4.792 0.647976
4.808 0.958844
4.824 0.881356
4.84 0.77939
4.856 0.704259
4.872 1.39623
4.888 1.36251
4.904 0.826622
4.92 1.12715
4.936 1.14224
4.952 1.23995
4.968 1.46634
4.984 0.66942
5 0.765712
5.016 1.20513
5.032 1.06785
5.048 0.708109
5.064 1.00274
5.08 0.644439
5.096 1.02806
5.112 0.947207
5.128 0.855375
5.144 0.894277
5.16 0.875348
5.176 0.374065
5.192 1.13383
5.208 1.33066
5.224 0.94087
5.24 1.13879
5.256 0.910637
5.272 0.930916
5.288 1.14331
5.304 0.813963
5.32 0.952257
5.336 0.668788
5.352 0.532628
5.368 1.11579
5.384 1.05755
5.4 0.948579
5.416 0.880629
5.432 1.2007
5.448 0.960911
5.464 0.785057
5.48 0.826975
5.496 0.932438
5.512 0.67829
5.528 1.28765
5.544 0.879857
5.56 0.718356
5.576 1.18176
5.592 0.860295
5.608 0.772682
5.624 0.826354
5.64 0.964319
5.656 1.00895
5.672 1.36931
5.688 1.43618
5.704 1.11354
5.72 1.23488
5.736 1.59277
5.752 0.630448
5.768 1.28283
5.784 1.15202
5.8 1.21945
5.816 1.07498
5.832 1.2694
5.848 1.032
5.864 0.925184
5.88 0.906679
5.896 0.91587
5.912 0.839565
5.928 1.2362
5.944 0.982195
5.96 0.915241
5.976 1.22095
5.992 1.3676
6.008 0.94721
6.024 1.05088
6.04 0.842081
6.056 1.42338
6.072 0.812092
6.088 0.852106
6.104 0.792012
6.12 0.832486
6.136 0.945667
6.152 0.818799
6.168 1.16072
6.184 0.852317
6.2 1.26022
6.216 0.811003
6.232 0.876292
6.248 0.925976
6.264 0.861881
6.28 1.08999
6.296 0.784686
6.312 0.893181
6.328 0.861921
6.344 1.0678
6.36 1.0524
6.376 1.0277
6.392 1.49733
6.408 0.93605
6.424 1.14861
6.44 1.14882
6.456 0.705409
6.472 1.05478
6.488 0.774443
6.504 0.861478
6.52 0.889745
6.536 1.00605
6.552 1.22333
6.568 0.520446
6.584 1.04516
6.6 1.04076
6.616 0.865819
6.632 0.915162
6.648 1.23774
6.664 1.07978
6.68 0.702425
6.696 1.36266
6.712 0.84351
6.728 1.17575
6.744 0.930038
6.76 0.85417
6.776 1.33701
6.792 0.915808
6.808 1.18977
6.824 1.18715
6.84 0.900981
6.856 1.36258
6.872 1.24395
6.888 1.03129
6.904 1.24691
6.92 1.03868
6.936 1.15164
6.952 1.09128
6.968 1.39082
6.984 0.747158
7 0.886935
7.016 0.65016
7.032 1.05448
7.048 1.09797
7.064 1.20431
7.08 0.961181
7.096 0.77697
7.112 0.717364
7.128 1.35759
7.144 0.79003
7.16 1.0561
7.176 0.671495
7.192 0.791557
7.208 0.961989
7.224 0.811158
7.24 0.986252
7.256 0.888855
7.272 0.746643
7.288 1.31151
7.304 1.13099
7.32 0.993555
7.336 0.806119
7.352 0.858143
7.368 0.951685
7.384 1.29288
7.4 1.10005
7.416 0.740619
7.432 0.809148
7.448 1.26839
7.464 0.888745
7.48 0.694788
7.496 1.02478
7.512 1.40815
7.528 1.041
7.544 0.934895
7.56 1.16524
7.576 1.05302
7.592 1.01069
7.608 1.14172
7.624 1.1807
7.64 1.18679
7.656 1.11872
7.672 0.753796
7.688 1.03645
7.704 0.489808
7.72 0.976316
7.736 1.06
7.752 0.883728
7.768 0.700989
7.784 0.93777
7.8 1.52674
7.816 0.884486
7.832 1.07817
7.848 0.748676
7.864 1.12686
7.88 1.00192
7.896 0.95931
7.912 1.06851
7.928 1.03133
7.944 1.1189
7.96 1.04481
7.976 0.790415
7.992 0.991341
