0.104 0.0557892
0.136 0.106467
0.2 0.0119108
0.216 0.161966
0.28 0.154635
0.296 0.268022
0.312 0.050379
0.36 0.060751
0.392 0.0561397
0.408 0.160092
0.424 0.179549
0.44 0.0761889
0.504 0.183251
0.536 0.842083
0.568 0.224116
0.584 0.13478
0.6 0.211593
0.616 0.161996
0.632 0.328653
0.648 0.202425
0.664 0.187505
0.696 0.624354
0.712 0.812701
0.728 0.314327
0.76 0.304579
0.776 1.7017
0.792 0.658081
0.808 0.812438
0.824 1.01444
0.856 0.828531
0.888 0.970003
0.904 1.1259
0.92 1.25378
0.936 0.419798
0.952 0.527177
0.984 1.01737
1 1.42906
1.016 1.53172
1.032 0.801285
1.048 0.572291
1.064 1.07382
1.08 1.01579
1.096 0.517034
1.112 0.872006
1.128 1.85624
1.144 1.46482
1.16 1.53658
1.176 1.50556
1.208 1.14744
1.224 1.26492
1.24 1.94351
1.256 1.40692
1.272 0.825782
1.288 1.7404
1.304 1.08857
1.32 0.954338
1.336 1.36824
1.352 0.921345
1.368 1.49881
1.384 0.348609
1.4 0.874744
1.416 0.944852
1.432 1.17191
1.448 0.223882
1.464 0.696847
1.48 0.850823
1.496 0.959853
1.512 1.02578
1.528 1.02853
1.56 0.796082
1.576 0.982593
1.608 0.828052
1.624 0.63029
1.64 1.07771
1.656 0.888739
1.672 0.493638
1.704 0.947208
1.72 1.45605
1.752 1.34103
1.768 1.18855
1.784 0.94836
1.8 1.28287
1.816 1.54167
1.832 1.14835
1.848 1.00576
1.864 0.743002
1.88 0.846862
1.896 1.32475
1.912 2.01312
1.928 1.01364
1.944 0.968218
1.96 0.637091
1.976 1.0603
1.992 0.722046
2.008 1.10975
2.024 0.823503
2.04 1.30614
2.056 0.687586
2.088 1.52282
2.104 1.14686
2.12 0.842003
2.136 0.929938
2.152 0.867854
2.168 0.32865
2.184 0.656085
2.2 1.20453
2.216 0.961176
2.232 0.506595
2.248 0.566402
2.264 1.02738
2.28 0.722151
2.296 0.458029
2.312 1.02906
2.328 0.895377
2.344 0.392573
2.36 2.01713
2.376 0.771625
2.392 1.26425
2.408 0.708598
2.424 0.771101
2.44 1.25038
2.456 1.7197
2.472 0.733588
2.488 0.697071
2.504 1.01899
2.52 0.984192
2.536 1.01349
2.552 1.42779
2.568 0.737869
2.584 0.7008
2.6 0.893448
2.616 1.55107
2.632 0.487967
2.648 0.953409
2.664 1.01928
2.68 1.27008
2.696 0.949144
2.712 0.825593
2.728 0.913767
2.744 1.17766
2.76 1.03885
2.776 0.761948
2.792 0.973332
2.808 1.18574
2.824 1.2755
2.84 0.781152
2.856 1.02627
2.872 0.56984
2.888 1.68359
2.904 1.30473
2.92 0.8361
2.936 1.10879
2.952 1.37265
2.968 0.890154
2.984 1.23978
3 0.836099
3.016 1.05823
3.032 0.914878
3.048 0.679529
3.064 0.900356
3.08 0.819201
3.096 1.45678
3.112 0.88269
3.128 1.2876
3.144 0.885413
3.16 0.991668
3.176 0.710301
3.192 1.06219
3.208 0.798056
3.224 0.740406
3.24 0.87667
3.256 1.01497
3.272 1.0923
3.288 0.824552
3.304 0.848501
3.32 1.23603
3.336 0.965316
3.352 1.3252
3.368 1.25206
3.384 1.234
3.4 1.09821
3.416 0.907581
3.432 0.428413
3.448 0.955121
3.464 1.34757
3.48 1.08972
3.496 1.08457
3.512 0.971376
3.528 1.32117
3.544 0.828243
3.56 1.8404
3.576 1.15729
3.592 0.675661
3.608 1.34257
3.624 1.54096
3.64 1.20219
3.656 1.02427
3.672 0.968548
3.688 0.727462
3.704 0.875617
3.72 1.30031
3.736 1.12694
3.752 0.820588
3.768 1.11919
3.784 1.1606
3.8 0.92256
3.816 0.974435
3.832 0.897926
3.848 1.31546
3.864 0.912707
3.88 0.874094
3.896 0.783051
3.912 0.482758
3.928 0.870238
3.944 1.00822
3.96 0.689396
3.976 1.00123
3.992 0.846002
4.008 0.8845
4.024 0.763569
4.04 1.42429
4.056 1.09293
4.072 1.06083
4.088 1.30355
4.104 1.2305
4.12 0.869487
4.136 0.948594
4.152 0.707111
4.168 1.42134
4.184 0.987415
4.2 0.910571
4.216 0.979963
4.232 1.01526
4.248 0.99729
4.264 1.73405
4.28 1.09584
4.296 1.01056
4.312 0.991729
4.328 1.17974
4.344 1.1086
4.36 1.07925
4.376 1.00615
4.392 0.972663
4.408 0.873277
4.424 0.695735
4.44 1.15731
4.456 0.76541
4.472 0.844813
4.488 0.642741
4.504 0.879354
4.52 0.761749
4.536 0.867798
4.552 1.11327
4.568 1.06588
4.584 1.12139
4.6 0.639749
4.616 1.06822
4.632 0.578086
4.648 0.902924
4.664 0.747673
4.68 1.16887
4.696 1.02776
4.712 1.20797
4.728 0.878655
4.744 1.15631
4.76 1.22316
4.776 0.852494
4.792 0.858172
4.808 1.25198
4.824 0.991418
4.84 0.817156
4.856 1.14233
4.872 1.14856
4.888 0.736592
4.904 1.1595
4.92 1.14037
4.936 0.799191
4.952 0.721018
4.968 1.48669
4.984 0.875291
5 0.970024
5.016 1.17811
5.032 0.936715
5.048 1.29887
5.064 0.796904
5.08 1.19624
5.096 1.08362
5.112 0.650594
5.128 1.3595
5.144 1.34343
5.16 0.850269
5.176 1.20167
5.192 0.9936
5.208 0.992594
5.224 1.58481
5.24 1.11645
5.256 0.891604
5.272 0.873458
5.288 0.890883
5.304 1.01234
5.32 0.898099
5.336 1.06264
5.352 1.04972
5.368 1.10704
5.384 1.19895
5.4 1.02879
5.416 1.13946
5.432 0.720049
5.448 0.594251
5.464 0.967777
5.48 0.992845
5.496 0.905032
5.512 0.937618
5.528 1.09388
5.544 0.806576
5.56 1.01661
5.576 0.969007
5.592 0.637951
5.608 1.01709
5.624 0.991009
5.64 0.911021
5.656 1.22038
5.672 1.1232
5.688 0.582189
5.704 0.930636
5.72 0.997115
5.736 0.978712
5.752 0.73752
5.768 1.19998
5.784 1.14378
5.8 1.19585
5.816 1.15156
5.832 0.839174
5.848 1.08476
5.864 0.929851
5.88 1.30569
5.896 0.897072
5.912 0.969152
5.928 1.26669
5.944 1.07347
5.96 1.11282
5.976 0.758396
5.992 0.850322
6.008 1.02108
6.024 0.883802
6.04 1.0631
6.056 0.786559
6.072 0.783034
6.088 0.896623
6.104 0.773443
6.12 0.717715
6.136 1.20497
6.152 0.922624
6.168 1.01674
6.184 0.976798
6.2 0.944018
6.216 0.962881
6.232 1.00842
6.248 1.28214
6.264 1.16103
6.28 1.1399
6.296 0.970126
6.312 0.816043
6.328 0.83551
6.344 0.947335
6.36 1.03617
6.376 0.896229
6.392 0.998962
6.408 0.769094
6.424 0.765657
6.44 1.03
6.456 1.11844
6.472 0.743177
6.488 1.14076
6.504 1.47092
6.52 0.916544
6.536 0.957002
6.552 0.978237
6.568 0.630602
6.584 1.07911
6.6 1.05497
6.616 0.986054
6.632 0.971986
6.648 0.981058
6.664 1.07144
6.68 1.3323
6.696 1.3148
6.712 0.993103
6.728 1.05397
6.744 1.17646
6.76 0.965763
6.776 1.23624
6.792 1.06368
6.808 0.950379
6.824 1.10723
6.84 0.778942
6.856 1.14004
6.872 0.929384
6.888 1.06281
6.904 1.17979
6.92 0.937605
6.936 1.00407
6.952 1.18458
6.968 1.0315
6.984 1.14906
7 0.934342
7.016 1.1252
7.032 0.892384
7.048 0.840846
7.064 0.799471
7.08 0.745009
7.096 0.957434
7.112 0.959225
7.128 1.4276
7.144 1.37577
7.16 0.878463
7.176 0.836092
7.192 0.803455
7.208 0.935857
7.224 0.965398
7.24 1.04344
7.256 0.978107
7.272 0.804164
7.288 1.26518
7.304 0.834031
7.32 1.14141
7.336 1.38434
7.352 1.08442
7.368 0.743396
7.384 0.751537
7.4 0.95801
7.416 0.858362
7.432 0.893766
7.448 0.770075
7.464 0.833458
7.48 1.12341
7.496 0.849743
7.512 0.810445
7.528 1.11251
7.544 0.922678
7.56 0.782071
7.576 0.963711
7.592 0.917411
7.608 1.21441
7.624 0.762215
7.64 0.695554
7.656 0.903354
7.672 1.17167
7.688 1.28312
7.704 1.02705
7.72 1.02677
7.736 0.803124
7.752 0.953633
7.768 1.54666
7.784 0.836987
7.8 0.794056
7.816 0.919661
7.832 1.54698
7.848 0.906999
7.864 1.11971
7.88 0.928363
7.896 0.998763
7.912 1.21491
7.928 1.10026
7.944 1.1735
7.96 1.07625
7.976 1.26053
7.992 0.682969
