0.0735391 0.137483
0.0961665 0.0536519
0.141421 0.0482221
0.152735 0.143586
0.19799 0.040374
0.209304 0.0532338
0.220617 0.0410811
0.254558 0.0871067
0.277186 0.0772759
0.2885 0.0425346
0.299813 0.0949234
0.311127 0.0925292
0.356382 0.108395
0.379009 0.092578
0.401637 0.204721
0.41295 0.0989525
0.424264 0.231272
0.435578 0.194349
0.446891 0.202737
0.458205 0.155802
0.469519 0.103917
0.492146 0.0508499
0.50346 0.223368
0.514774 0.15426
0.537401 0.194546
0.548715 0.153216
0.560029 0.283068
0.571342 0.139453
0.582656 0.212161
0.605283 0.166469
0.627911 0.202513
0.639225 0.265864
0.650538 0.377701
0.661852 0.151436
0.673166 0.150832
0.695793 0.306525
0.707107 0.244205
0.71842 0.226833
0.729734 0.494725
0.741048 0.329428
0.752362 0.781721
0.763675 0.241817
0.774989 0.728655
0.786303 0.926528
0.797616 0.634437
0.80893 0.710012
0.820244 1.02312
0.831558 0.557769
0.854185 0.45984
0.865499 0.444343
0.876812 0.706116
0.888126 0.597131
0.89944 0.515133
0.910754 0.881131
0.922067 0.681081
0.933381 1.49745
0.944695 0.925655
0.956008 0.680933
0.967322 1.72481
0.978636 0.552102
0.989949 1.40561
1.00126 1.30412
1.01258 0.597426
1.02389 0.277391
1.0352 0.453377
1.04652 1.50629
1.05783 1.34256
1.06915 1.35933
1.08046 1.06438
1.10309 1.65002
1.1144 1.24093
1.13703 1.34052
1.14834 1.12327
1.15966 1.87633
1.17097 1.11773
1.18228 1.01108
1.20491 0.983327
1.21622 1.2435
1.23885 2.43051
1.25016 2.2345
1.26148 1.48788
1.27279 2.14218
1.28411 1.81319
1.29542 2.47618
1.30673 1.08666
1.31805 1.72681
1.32936 0.759264
1.34067 1.49851
1.35199 2.48649
1.3633 1.44832
1.37462 2.07919
1.38593 1.85784
1.39724 1.53723
1.40856 0.863829
1.41987 1.66908
1.43118 1.18134
1.4425 1.98394
1.45381 0.94336
1.47644 1.64998
1.48775 0.910364
1.49907 0.691042
1.51038 0.705303
1.52169 1.08563
1.53301 0.657449
1.54432 0.836071
1.55563 0.842952
1.56695 1.06317
1.57826 0.657935
1.58958 0.703125
1.60089 0.913285
1.6122 0.549703
1.62352 0.531676
1.63483 0.933697
1.64614 0.450754
1.65746 0.329826
1.66877 1.11649
1.68009 0.644855
1.6914 0.322431
1.70271 0.445916
1.71403 0.723939
1.72534 0.861188
1.73665 0.704515
1.74797 0.799439
1.75928 0.840961
1.7706 0.740256
1.78191 0.716787
1.79322 0.696277
1.80454 0.644983
1.81585 0.959082
1.82716 0.376535
1.83848 0.738671
1.84979 0.842982
1.86111 0.534189
1.87242 1.04587
1.88373 0.435755
1.89505 0.258802
1.90636 0.581219
1.91767 0.297779
1.92899 0.567758
1.9403 0.724822
1.95161 0.812556
1.96293 0.528803
1.97424 0.726637
1.98556 1.41213
1.99687 0.594747
2.00818 0.336849
2.0195 0.997485
2.03081 0.44591
2.04212 1.24345
2.05344 1.14873
2.06475 0.590563
2.07607 0.557934
2.08738 0.89222
2.09869 1.01657
2.11001 1.19367
2.12132 0.837597
2.13263 0.906157
2.14395 0.754633
2.15526 0.851274
2.16658 0.80997
2.17789 0.687746
2.1892 1.31725
2.20052 1.11832
2.21183 0.679803
2.22314 1.04245
2.23446 0.944478
2.24577 0.85399
2.25708 1.62397
2.2684 1.18715
2.27971 0.962183
2.29103 1.06651
2.30234 1.22627
2.31365 1.49804
2.32497 1.44838
2.33628 1.19584
2.34759 1.7674
2.35891 1.34278
2.37022 0.91719
2.38154 1.47281
2.39285 1.48432
2.40416 1.16667
2.41548 1.09429
2.42679 0.314603
2.4381 1.33928
2.44942 1.35024
2.46073 1.10968
2.47205 1.60504
2.48336 1.57962
2.49467 1.82518
2.50599 1.2139
2.5173 1.70619
2.52861 1.29897
2.53993 0.967633
2.55124 1.51337
2.56255 1.46793
2.57387 1.70967
2.58518 1.13413
2.5965 1.35984
2.60781 0.843422
2.61912 0.888475
2.63044 1.21432
2.64175 1.22566
2.65306 1.17554
2.66438 1.47557
2.67569 1.08035
2.68701 0.957634
2.69832 1.00109
2.70963 0.803717
2.72095 1.57858
2.73226 1.06948
2.74357 0.582264
2.75489 0.696237
2.7662 0.698682
2.77752 1.30894
2.78883 1.07236
2.80014 0.742971
2.81146 0.912269
2.82277 1.26902
2.83408 0.90662
2.8454 0.862777
2.85671 1.01872
2.86803 0.684093
2.87934 0.977997
2.89065 0.611746
2.90197 0.859139
2.91328 0.482169
2.92459 0.572485
2.93591 0.821161
2.94722 0.757378
2.95853 0.723182
2.96985 0.624861
2.98116 0.790905
2.99248 0.383373
3.00379 0.715937
3.0151 1.30238
3.02642 0.696799
3.03773 0.891523
3.04904 0.623812
3.06036 0.734448
3.07167 0.737097
3.08299 1.02974
3.0943 0.710108
3.10561 0.541125
3.11693 0.96086
3.12824 0.675409
3.13955 0.910059
3.15087 0.905424
3.16218 0.78658
3.1735 0.627176
3.18481 0.529656
3.19612 0.869625
3.20744 0.906698
3.21875 0.822479
3.23006 0.839448
3.24138 0.80236
3.25269 0.518649
3.264 1.19522
3.27532 0.4845
3.28663 0.829717
3.29795 0.702598
3.30926 1.15589
3.32057 0.775094
3.33189 1.26033
3.3432 0.782431
3.35451 0.999817
3.36583 1.06265
3.37714 0.942664
3.38846 0.868643
3.39977 1.2633
3.41108 1.04432
3.4224 0.953233
3.43371 1.2062
3.44502 0.911621
3.45634 1.1102
3.46765 1.1958
3.47897 1.26186
3.49028 0.817596
3.50159 0.811309
3.51291 1.31563
3.52422 1.28355
3.53553 1.3843
3.54685 0.934942
3.55816 1.27697
3.56948 1.5367
3.58079 0.965142
3.5921 1.9551
3.60342 1.34047
3.61473 1.14628
3.62604 1.2835
3.63736 1.66268
3.64867 1.2195
3.65998 1.3927
3.6713 1.14349
3.68261 0.966219
3.69393 1.82786
3.70524 1.31718
3.71655 1.09935
3.72787 1.35569
3.73918 1.17942
3.75049 1.16207
3.76181 1.25878
3.77312 0.946348
3.78444 1.02049
3.79575 1.16148
3.80706 1.36904
3.81838 1.12719
3.82969 1.17513
3.841 1.15526
3.85232 0.772464
3.86363 1.00393
3.87495 0.894195
3.88626 0.823738
3.89757 0.850226
3.90889 1.41205
3.9202 0.814855
3.93151 0.998758
3.94283 1.44804
3.95414 0.878273
3.96545 1.11087
3.97677 0.933465
3.98808 0.920169
3.9994 1.08516
4.01071 1.15274
4.02202 0.573196
4.03334 0.77576
4.04465 0.942781
4.05596 0.940494
4.06728 0.731377
4.07859 0.727047
4.08991 1.10295
4.10122 0.964169
4.11253 0.682073
4.12385 0.938357
4.13516 0.827333
4.14647 0.883194
4.15779 0.980139
4.1691 0.591938
4.18042 0.787093
4.19173 0.764181
4.20304 0.898138
4.21436 0.966174
4.22567 0.486451
4.23698 0.829055
4.2483 1.0131
4.25961 0.714104
4.27092 0.911928
4.28224 0.691597
4.29355 0.418664
4.30487 0.887814
4.31618 0.778645
4.32749 0.706055
4.33881 0.871883
4.35012 0.996626
4.36143 0.960203
4.37275 0.783021
4.38406 0.861864
4.39538 1.16516
4.40669 0.778847
4.418 1.30382
4.42932 1.00674
4.44063 0.778065
4.45194 0.910783
4.46326 0.813503
4.47457 0.714369
4.48589 1.30674
4.4972 0.983836
4.50851 0.834828
4.51983 0.795805
4.53114 0.732064
4.54245 0.971974
4.55377 0.980204
4.56508 0.972123
4.5764 0.672725
4.58771 0.814967
4.59902 1.34732
4.61034 1.0647
4.62165 0.88569
4.63296 0.952167
4.64428 0.53604
4.65559 0.982734
4.6669 1.11816
4.67822 1.00789
4.68953 1.2054
4.70085 1.11232
4.71216 1.14125
4.72347 1.74383
4.73479 1.34036
4.7461 1.34048
4.75741 1.00683
4.76873 1.27888
4.78004 0.812766
4.79136 1.10607
4.80267 1.2558
4.81398 1.14376
4.8253 1.04134
4.83661 1.13629
4.84792 1.20799
4.85924 1.74408
4.87055 1.55597
4.88187 1.15659
4.89318 0.796036
4.90449 1.02331
4.91581 1.34118
4.92712 1.4181
4.93843 1.3127
4.94975 1.26532
4.96106 1.02485
4.97237 0.909277
4.98369 1.00131
4.995 1.14441
5.00632 0.988739
5.01763 1.14023
5.02894 1.17194
5.04026 1.38273
5.05157 1.32344
5.06288 1.10761
5.0742 0.819725
5.08551 0.977453
5.09683 1.11664
5.10814 0.982265
5.11945 0.838615
5.13077 0.99719
5.14208 1.15532
5.15339 0.823683
5.16471 1.16664
5.17602 1.09015
5.18734 0.895699
5.19865 0.97114
5.20996 0.646976
5.22128 0.810726
5.23259 0.825243
5.2439 0.756804
5.25522 0.79541
5.26653 0.864174
5.27785 0.803903
5.28916 1.43363
5.30047 0.792669
5.31179 0.706478
5.3231 0.938453
5.33441 0.919969
5.34573 1.01179
5.35704 0.946076
5.36835 1.01272
5.37967 0.927985
5.39098 0.808986
5.4023 1.11921
5.41361 0.601241
5.42492 0.977159
5.43624 0.914861
5.44755 0.629217
5.45886 1.00468
5.47018 0.795706
5.48149 0.860318
5.49281 0.97302
5.50412 0.718675
5.51543 0.594341
5.52675 0.753939
5.53806 0.992191
5.54937 0.681357
5.56069 0.925204
5.572 0.733175
5.58332 0.761371
5.59463 0.866247
5.60594 0.985453
5.61726 0.935354
5.62857 0.962685
5.63988 1.52742
5.6512 0.538539
