0.0852001 0.0497239
0.111416 0.0300124
0.163846 0.0166799
0.176954 0.0584841
0.229385 0.110046
0.242493 0.173953
0.2556 0.100634
0.294923 0.079862
0.321139 0.16915
0.334247 0.056634
0.347354 0.549364
0.360462 0.0720397
0.412893 0.155472
0.439108 0.159761
0.465324 0.285623
0.478431 0.394754
0.491539 0.438092
0.504647 0.161104
0.517755 0.422505
0.530862 0.314908
0.54397 0.402259
0.570185 0.717395
0.583293 0.443899
0.596401 0.584121
0.622616 0.477906
0.635724 0.439884
0.648832 0.24538
0.661939 1.07106
0.675047 0.982561
0.701263 1.03185
0.727478 0.602438
0.740586 0.493352
0.753693 1.00767
0.766801 1.07821
0.779909 0.91388
0.806124 0.598108
0.819232 1.54875
0.83234 1.04211
0.845447 0.407347
0.858555 2.31817
0.871663 1.24943
0.88477 1.00703
0.897878 0.597205
0.910986 0.930206
0.924094 0.34782
0.937201 1.15319
0.950309 0.704512
0.963417 0.831351
0.989632 1.1151
1.00274 1.19563
1.01585 1.04972
1.02896 1.08388
1.04206 0.745413
1.05517 0.790785
1.06828 0.789475
1.08139 1.00712
1.09449 1.9411
1.1076 0.836923
1.12071 1.22154
1.13382 1.60046
1.14692 1.15373
1.16003 0.989392
1.17314 0.950372
1.18625 0.639684
1.19936 1.35139
1.21246 0.878961
1.22557 1.05292
1.23868 0.680563
1.25179 1.04551
1.278 1.02741
1.29111 1.17381
1.31732 0.865851
1.33043 0.871614
1.34354 0.644191
1.35665 0.774919
1.36976 0.809249
1.39597 1.22826
1.40908 0.477818
1.43529 0.531393
1.4484 1.32508
1.46151 1.06408
1.47462 0.767166
1.48773 0.960916
1.50083 0.665559
1.51394 0.535335
1.52705 0.8542
1.54016 0.608914
1.55326 0.454163
1.56637 0.898755
1.57948 1.02859
1.59259 1.08077
1.60569 0.552045
1.6188 0.759583
1.63191 1.61953
1.64502 0.343443
1.65813 0.653803
1.67123 0.901574
1.68434 1.07124
1.71056 0.575265
1.72366 0.937749
1.73677 0.979257
1.74988 1.24839
1.76299 0.553181
1.77609 1.27213
1.7892 0.807362
1.80231 1.31985
1.81542 0.793346
1.82853 0.955101
1.84163 0.884071
1.85474 0.761414
1.86785 1.40624
1.88096 1.44363
1.89406 0.958951
1.90717 0.854424
1.92028 1.08225
1.93339 1.05212
1.9465 0.914231
1.9596 0.517466
1.97271 1.29622
1.98582 1.18468
1.99893 1.14637
2.01203 0.785178
2.02514 1.05215
2.03825 1.48303
2.05136 0.945545
2.06446 1.1217
2.07757 0.632517
2.09068 1.14877
2.10379 0.94569
2.1169 1.27667
2.13 1.33697
2.14311 1.73852
2.15622 0.943472
2.16933 1.55631
2.18243 0.786086
2.19554 0.699276
2.20865 0.720127
2.22176 1.39484
2.23486 0.929588
2.24797 0.471698
2.26108 0.942106
2.27419 1.14454
2.2873 1.60903
2.3004 1.10854
2.31351 1.17363
2.32662 0.802028
2.33973 0.621479
2.35283 1.10272
2.36594 0.826034
2.37905 1.1998
2.39216 1.20622
2.40526 0.818408
2.41837 1.27687
2.43148 1.30896
2.44459 0.848341
2.4577 1.20784
2.4708 0.696136
2.48391 0.874159
2.49702 1.00769
2.51013 0.986643
2.52323 1.07366
2.53634 0.68855
2.54945 0.773347
2.56256 0.769611
2.57567 0.984702
2.58877 1.09679
2.60188 0.925762
2.61499 1.14178
2.6281 1.02857
2.6412 0.973928
2.65431 0.944723
2.66742 0.809796
2.68053 0.875458
2.69363 0.959594
2.70674 1.05029
2.71985 1.03247
2.73296 0.932506
2.74607 1.20315
2.75917 0.561509
2.77228 0.723444
2.78539 1.09121
2.7985 0.867175
2.8116 0.942946
2.82471 1.09769
2.83782 1.61574
2.85093 1.19106
2.86403 1.36495
2.87714 1.4528
2.89025 1.46179
2.90336 1.04697
2.91647 1.54468
2.92957 0.783771
2.94268 1.27261
2.95579 1.27069
2.9689 1.55916
2.982 0.91774
2.99511 0.926613
3.00822 1.19334
3.02133 1.14327
3.03444 0.608219
3.04754 1.23759
3.06065 0.832468
3.07376 0.883858
3.08687 1.10346
3.09997 1.15417
3.11308 1.12568
3.12619 0.652293
3.1393 0.979536
3.1524 1.26361
3.16551 1.20121
3.17862 0.421053
3.19173 0.917931
3.20484 1.21146
3.21794 0.634053
3.23105 0.905579
3.24416 1.49821
3.25727 1.58289
3.27037 0.715591
3.28348 0.757175
3.29659 0.80121
3.3097 1.23867
3.3228 0.992507
3.33591 1.12778
3.34902 0.915996
3.36213 0.895871
3.37524 0.86226
3.38834 1.0332
3.40145 1.07223
3.41456 1.75469
3.42767 0.64092
3.44077 0.996652
3.45388 0.842018
3.46699 0.96404
3.4801 1.11608
3.4932 0.807258
3.50631 0.771324
3.51942 0.927692
3.53253 0.963836
3.54564 1.06673
3.55874 0.838214
3.57185 0.848322
3.58496 0.687493
3.59807 0.656868
3.61117 0.994831
3.62428 1.10242
3.63739 0.826048
3.6505 0.820821
3.66361 0.613648
3.67671 0.776271
3.68982 0.876988
3.70293 1.01959
3.71604 0.912998
3.72914 0.776454
3.74225 0.859601
3.75536 0.739492
3.76847 0.740676
3.78157 1.05754
3.79468 0.79183
3.80779 0.960179
3.8209 1.06187
3.83401 1.4574
3.84711 1.04687
3.86022 0.931462
3.87333 0.458761
3.88644 0.857028
3.89954 0.731093
3.91265 1.29853
3.92576 0.668547
3.93887 1.18019
3.95197 1.19133
3.96508 0.774644
3.97819 0.939093
3.9913 1.13998
4.00441 1.01947
4.01751 1.00688
4.03062 1.0739
4.04373 1.01129
4.05684 0.963938
4.06994 1.11973
4.08305 1.06726
4.09616 0.902931
4.10927 0.851791
4.12238 0.814976
4.13548 0.951684
4.14859 1.20148
4.1617 1.13692
4.17481 0.80083
4.18791 1.10452
4.20102 0.775231
4.21413 0.69758
4.22724 0.840687
4.24034 1.58403
4.25345 1.06681
4.26656 0.910674
4.27967 1.2008
4.29278 0.921065
4.30588 0.868334
4.31899 0.755429
4.3321 0.887273
4.34521 1.07567
4.35831 1.09189
4.37142 1.32832
4.38453 1.1997
4.39764 0.836959
4.41074 0.985918
4.42385 1.60262
4.43696 1.10376
4.45007 0.993759
4.46318 1.09593
4.47628 0.856867
4.48939 1.33728
4.5025 0.854105
4.51561 0.712776
4.52871 1.14039
4.54182 1.0438
4.55493 1.01946
4.56804 1.23887
4.58114 1.14417
4.59425 1.37338
4.60736 1.41039
4.62047 1.23468
4.63358 0.817701
4.64668 0.972557
4.65979 0.69941
4.6729 0.844774
4.68601 1.26823
4.69911 1.25929
4.71222 0.883521
4.72533 0.845078
4.73844 0.671045
4.75155 0.745912
4.76465 0.57385
4.77776 1.35231
4.79087 1.21864
4.80398 0.735113
4.81708 1.47791
4.83019 0.886845
4.8433 0.776945
4.85641 1.0688
4.86951 1.12803
4.88262 1.11817
4.89573 0.923712
4.90884 1.14879
4.92195 1.29732
4.93505 0.990267
4.94816 1.11961
4.96127 1.24808
4.97438 1.39646
4.98748 1.13843
5.00059 1.05491
5.0137 0.89961
5.02681 0.838875
5.03991 1.20164
5.05302 0.954441
5.06613 0.773426
5.07924 0.874528
5.09235 0.841196
5.10545 1.04653
5.11856 0.857815
5.13167 0.919677
5.14478 0.859735
5.15788 0.951561
5.17099 1.06206
5.1841 1.51152
5.19721 0.843114
5.21032 1.0519
5.22342 1.30473
5.23653 0.803789
5.24964 1.07113
5.26275 1.03624
5.27585 1.26034
5.28896 1.01563
5.30207 0.962299
5.31518 0.89527
5.32828 1.08663
5.34139 1.06843
5.3545 0.740985
5.36761 1.12463
5.38072 1.00164
5.39382 0.861489
5.40693 0.990706
5.42004 0.955927
5.43315 0.721216
5.44625 0.923718
5.45936 0.967034
5.47247 1.13474
5.48558 1.18496
5.49868 0.959846
5.51179 0.776837
5.5249 1.64606
5.53801 0.982464
5.55112 0.81528
5.56422 1.21137
5.57733 1.01432
5.59044 0.914664
5.60355 1.20705
5.61665 1.02174
5.62976 0.842145
5.64287 1.00766
5.65598 0.97666
5.66908 1.00023
5.68219 0.924801
5.6953 0.913884
5.70841 0.725653
5.72152 1.08207
5.73462 1.04334
5.74773 1.11553
5.76084 0.974576
5.77395 0.810729
5.78705 0.913047
5.80016 1.07747
5.81327 0.943314
5.82638 1.17894
5.83949 0.950464
5.85259 0.922357
5.8657 1.091
5.87881 1.523
5.89192 1.15321
5.90502 0.769854
5.91813 1.1777
5.93124 0.935421
5.94435 0.664779
5.95745 1.08561
5.97056 1.18578
5.98367 0.984436
5.99678 1.00052
6.00989 1.17102
6.02299 0.602935
6.0361 0.685846
6.04921 0.93898
6.06232 1.13721
6.07542 0.820095
6.08853 1.0826
6.10164 0.811702
6.11475 0.928095
6.12785 0.885563
6.14096 0.805798
6.15407 0.92887
6.16718 0.772474
6.18029 1.45613
6.19339 0.754782
6.2065 1.32118
6.21961 0.914655
6.23272 1.05065
6.24582 0.859416
6.25893 0.847722
6.27204 1.20694
6.28515 0.783366
6.29826 0.935796
6.31136 0.718914
6.32447 0.756494
6.33758 1.06162
6.35069 1.03042
6.36379 1.28113
6.3769 1.01942
6.39001 1.21473
6.40312 0.945054
6.41622 0.7206
6.42933 0.869502
6.44244 1.09218
6.45555 1.01895
6.46866 1.41488
6.48176 0.932642
6.49487 0.903785
6.50798 0.551274
6.52109 1.05092
6.53419 0.76484
6.5473 0.98505
