0.0484675 0.0560795
0.0807792 0.124427
0.113091 0.0803437
0.145403 0.0917086
0.177714 0.0807148
0.210026 0.0915623
0.242338 0.0969289
0.274649 0.186555
0.306961 0.321332
0.339273 0.306133
0.371585 0.63673
0.403896 0.374581
0.436208 0.449361
0.46852 0.463442
0.500831 0.61994
0.533143 0.558746
0.565455 0.503905
0.597766 0.413737
0.630078 0.559936
0.66239 0.664208
0.694701 0.490419
0.727013 0.797571
0.759325 0.727625
0.791637 0.760844
0.823948 0.861718
0.85626 0.776245
0.888572 0.921562
0.920883 0.87267
0.953195 0.95363
0.985507 0.715814
1.01782 0.641727
1.05013 0.806735
1.08244 0.642472
1.11475 0.679113
1.14707 0.971171
1.17938 0.774347
1.21169 0.79954
1.244 0.818377
1.27631 0.764875
1.30862 0.937313
1.34094 1.07343
1.37325 1.07394
1.40556 1.26252
1.43787 1.2292
1.47018 1.19186
1.50249 1.31363
1.53481 1.24538
1.56712 1.03241
1.59943 1.05777
1.63174 1.30689
1.66405 1.35699
1.69636 1.12059
1.72868 1.1107
1.76099 1.09404
1.7933 1.3834
1.82561 1.10437
1.85792 1.09698
1.89023 0.967821
1.92255 1.00985
1.95486 1.0214
1.98717 1.05014
2.01948 1.02669
2.05179 0.854783
2.0841 1.01698
2.11642 1.03478
2.14873 0.993027
2.18104 1.05148
2.21335 0.991134
2.24566 1.0558
2.27797 0.938058
2.31029 0.879109
2.3426 0.879291
2.37491 1.12929
2.40722 1.01226
2.43953 0.976778
2.47184 0.840337
2.50416 0.867196
2.53647 0.856893
2.56878 0.905733
2.60109 1.00016
2.6334 0.958437
2.66571 0.803418
2.69803 0.893616
2.73034 1.02647
2.76265 0.965732
2.79496 0.914873
2.82727 0.981567
2.85959 0.897392
2.8919 1.06608
2.92421 0.992499
2.95652 1.02711
2.98883 0.949491
3.02114 0.987837
3.05346 0.959068
3.08577 1.00062
3.11808 0.995667
3.15039 1.13645
3.1827 1.13864
3.21501 0.986567
