0.148571 0.0642186
0.194286 0.0862669
0.285714 0.00848657
0.308571 0.100903
0.4 0.0691015
0.422857 0.110446
0.445714 0.135069
0.514286 0.120969
0.56 0.29517
0.582857 0.136967
0.605714 0.996626
0.628571 0.11054
0.72 0.211073
0.765714 0.310159
0.811429 1.00598
0.834286 0.6492
0.857143 1.18931
0.88 0.59668
0.902857 0.748369
0.925714 0.821171
0.948571 1.74873
0.994286 1.47921
1.01714 0.712599
1.04 1.6513
1.08571 1.14044
1.10857 1.65841
1.13143 0.0150935
1.15429 2.06234
1.17714 0.94664
1.22286 1.27303
1.26857 1.32577
1.29143 1.62765
1.31429 1.19979
1.33714 0.690808
1.36 1.93883
1.40571 1.11008
1.42857 1.18723
1.45143 1.50263
1.47429 1.3069
1.49714 2.16722
1.52 1.20942
1.54286 0.995007
1.56571 0.943219
1.58857 0.594065
1.61143 1.88401
1.63429 0.403896
1.65714 1.05399
1.68 0.474602
1.72571 0.744027
1.74857 0.857425
1.77143 1.0692
1.79429 0.390266
1.81714 0.98744
1.84 1.04506
1.86286 0.807704
1.88571 0.649882
1.90857 0.504181
1.93143 0.338969
1.95429 0.791578
1.97714 1.20784
2 0.620129
2.02286 0.936354
2.04571 1.008
2.06857 0.587227
2.09143 0.877292
2.11429 0.739592
2.13714 0.547728
2.16 0.849833
2.18286 1.97192
2.22857 0.855183
2.25143 1.03422
2.29714 0.88321
2.32 0.850125
2.34286 0.734084
2.36571 1.13683
2.38857 1.04814
2.43429 1.90112
2.45714 0.822989
2.50286 1.06214
2.52571 0.630827
2.54857 1.75543
2.57143 1.39097
2.59429 1.5637
2.61714 0.685232
2.64 0.757831
2.66286 1.47195
2.68571 1.02315
2.70857 0.892513
2.73143 1.71826
2.75429 0.476165
2.77714 1.13998
2.8 0.958344
2.82286 0.58143
2.84571 1.10124
2.86857 0.721448
2.89143 1.04777
2.91429 1.27652
2.93714 1.47197
2.98286 0.42263
3.00571 0.639727
3.02857 0.865833
3.05143 1.14226
3.07429 0.755588
3.09714 0.518484
3.12 0.676431
3.14286 1.0039
3.16571 0.786309
3.18857 0.946917
3.21143 0.932837
3.23429 1.32276
3.25714 0.840445
3.28 0.74342
3.30286 0.806845
3.32571 0.512753
3.34857 1.00426
3.37143 1.15037
3.39429 0.798474
3.41714 1.23302
3.44 0.781655
3.46286 1.19586
3.48571 1.04047
3.50857 0.72457
3.53143 1.05933
3.55429 1.19497
3.57714 1.04566
3.6 1.25171
3.62286 1.96584
3.64571 1.31673
3.66857 1.39884
3.69143 0.741609
3.71429 0.90199
3.73714 1.95289
3.76 1.00443
3.78286 1.27886
3.80571 1.03496
3.82857 0.618295
3.85143 1.08012
3.87429 1.17948
3.89714 0.802735
3.92 0.927223
3.94286 0.95068
3.96571 1.11189
3.98857 1.58027
4.01143 1.06916
4.03429 1.06624
4.05714 1.00694
4.08 0.711853
4.10286 0.755164
4.12571 0.350748
4.14857 0.897944
4.17143 0.776983
4.19429 0.900214
4.21714 0.816698
4.24 0.896301
4.26286 0.764347
4.28571 1.45277
4.30857 0.775124
4.33143 0.561818
4.35429 1.0572
4.37714 0.862029
4.4 0.857898
4.42286 0.9174
4.44571 0.978557
4.46857 1.32365
4.49143 1.32994
4.51429 0.852845
4.53714 0.893251
4.56 0.995199
4.58286 0.932226
4.60571 0.650243
4.62857 1.66935
4.65143 0.621278
4.67429 1.18579
4.69714 1.34573
4.72 0.961894
4.74286 0.974966
4.76571 0.965537
4.78857 1.18811
4.81143 0.50355
4.83429 1.11799
4.85714 1.15017
4.88 0.915657
4.90286 0.820633
4.92571 1.17336
4.94857 1.12551
4.97143 0.572281
4.99429 1.2398
5.01714 1.53979
5.04 0.677966
5.06286 0.947389
5.08571 1.26826
5.10857 0.941535
5.13143 1.10369
5.15429 1.43022
5.17714 0.674518
5.2 1.00772
5.22286 0.919035
5.24571 1.09903
5.26857 1.47417
5.29143 0.804942
5.31429 0.793297
5.33714 0.744153
5.36 1.07348
5.38286 0.964108
5.40571 1.50004
5.42857 0.913035
5.45143 0.801565
5.47429 0.603769
5.49714 1.36967
5.52 0.903906
5.54286 0.698621
5.56571 1.08995
5.58857 1.05782
5.61143 0.862544
5.63429 0.761559
5.65714 1.17275
5.68 1.09894
5.70286 0.534891
5.72571 0.961714
5.74857 0.870137
5.77143 1.48082
5.79429 0.918052
5.81714 0.722269
5.84 0.897019
5.86286 0.875444
5.88571 1.05981
5.90857 1.30345
5.93143 0.994694
5.95429 2.12687
5.97714 0.855755
6 0.936195
6.02286 0.791678
6.04571 1.24509
6.06857 1.0693
6.09143 0.716014
6.11429 1.19977
6.13714 1.07939
6.16 0.922247
6.18286 0.955315
6.20571 0.980816
6.22857 0.569843
6.25143 0.908762
6.27429 1.38121
6.29714 0.89541
6.32 1.28543
6.34286 0.865874
6.36571 0.892498
6.38857 0.820002
6.41143 1.10004
6.43429 1.26072
6.45714 0.959781
6.48 1.1778
6.50286 1.19694
6.52571 0.927602
6.54857 0.962557
6.57143 0.925962
6.59429 1.04382
6.61714 0.718069
6.64 0.917223
6.66286 0.788076
6.68571 1.01635
6.70857 1.01833
6.73143 0.941298
6.75429 0.593741
6.77714 0.987556
6.8 0.900254
6.82286 1.21966
6.84571 0.904938
6.86857 1.29418
6.89143 1.14814
6.91429 0.677714
6.93714 0.98101
6.96 0.734934
6.98286 1.35409
7.00571 0.927608
7.02857 0.957143
7.05143 1.11142
7.07429 1.37478
7.09714 1.19738
7.12 0.50481
7.14286 1.20439
7.16571 1.18683
7.18857 0.774463
7.21143 0.983732
7.23429 1.0045
7.25714 1.04485
7.28 0.910864
7.30286 0.939344
7.32571 0.725894
7.34857 0.874424
7.37143 0.854586
7.39429 1.18448
7.41714 1.082
7.44 0.948309
7.46286 0.910507
7.48571 1.06009
7.50857 0.918458
7.53143 0.875562
7.55429 0.936052
7.57714 1.02336
7.6 0.964892
7.62286 1.54882
7.64571 1.23972
7.66857 0.77652
7.69143 0.661917
7.71429 0.874245
7.73714 1.1716
7.76 1.26594
7.78286 0.858751
7.80571 1.06698
7.82857 0.900437
7.85143 0.910806
7.87429 0.897059
7.89714 1.03514
7.92 1.26421
7.94286 1.03017
7.96571 1.25047
7.98857 1.07584
8.01143 1.10102
8.03429 1.04739
8.05714 1.10543
8.08 1.25429
8.10286 0.914941
8.12571 0.917974
8.14857 0.804093
8.17143 0.975689
8.19429 1.16205
8.21714 1.25758
8.24 0.824314
8.26286 0.662272
8.28571 0.806702
8.30857 0.907096
8.33143 1.10113
8.35429 0.900265
8.37714 0.822197
8.4 1.27957
8.42286 0.912162
8.44571 0.95756
8.46857 0.666314
8.49143 0.986797
8.51429 0.871965
8.53714 0.926927
8.56 1.01129
8.58286 1.11335
8.60571 1.0678
8.62857 0.894279
8.65143 0.867843
8.67429 0.907814
8.69714 1.11474
8.72 0.957834
8.74286 0.899474
8.76571 1.10539
8.78857 0.818005
8.81143 1.10151
8.83429 1.24009
8.85714 1.06473
8.88 1.25252
8.90286 0.971598
8.92571 0.885611
8.94857 0.960109
8.97143 1.10529
8.99429 0.95715
9.01714 0.980314
9.04 1.3917
9.06286 0.66949
9.08571 0.939694
9.10857 0.995611
9.13143 0.635305
9.15429 1.11115
9.17714 0.983041
9.2 1.19416
9.22286 1.32541
9.24571 0.791209
9.26857 0.852325
9.29143 0.758725
9.31429 1.01965
9.33714 0.66184
9.36 1.00189
9.38286 0.864291
9.40571 1.34846
9.42857 1.45709
9.45143 0.734059
9.47429 0.918941
9.49714 0.966895
9.52 1.02613
9.54286 1.05303
9.56571 1.02979
9.58857 0.946455
9.61143 0.809193
9.63429 1.02463
9.65714 0.876529
9.68 0.956156
9.70286 0.822436
9.72571 0.966038
9.74857 0.987252
9.77143 1.11391
9.79429 0.748403
9.81714 1.12954
9.84 0.911134
9.86286 0.946848
9.88571 1.06127
9.90857 1.04992
9.93143 0.769062
9.95429 0.916216
9.97714 1.13722
10 1.00677
10.0229 0.985239
10.0457 1.15045
10.0686 1.32765
10.0914 0.959454
10.1143 0.982694
10.1371 0.921628
10.16 1.247
10.1829 0.925845
10.2057 0.843997
10.2286 1.08426
10.2514 1.17539
10.2743 1.21314
10.2971 1.1872
10.32 0.958046
10.3429 0.808469
10.3657 1.17103
10.3886 1.19209
10.4114 1.1296
10.4343 0.72533
10.4571 1.0197
10.48 0.968192
10.5029 0.857777
10.5257 0.828537
10.5486 0.885078
10.5714 0.963559
10.5943 1.06221
10.6171 1.25706
10.64 1.01205
10.6629 1.10627
10.6857 0.692616
10.7086 1.05227
10.7314 0.757099
10.7543 0.904569
10.7771 0.921699
10.8 0.880655
10.8229 1.29151
10.8457 1.01074
10.8686 0.833804
10.8914 0.744463
10.9143 0.856982
10.9371 1.17203
10.96 0.889256
10.9829 0.833379
11.0057 1.10081
11.0286 0.774369
11.0514 0.874271
11.0743 1.25735
11.0971 1.51321
11.12 0.920828
11.1429 1.4144
11.1657 1.0826
11.1886 0.854021
11.2114 1.09755
11.2343 0.677862
11.2571 1.25324
11.28 1.18469
11.3029 1.26466
11.3257 0.931476
11.3486 0.949734
11.3714 0.95031
11.3943 0.927785
11.4171 0.873897
