0.104 0.0345323
0.136 0.0409531
0.2 0.0161331
0.216 0.0703025
0.28 0.166385
0.296 0.0853098
0.312 0.126246
0.36 0.0810526
0.392 0.145587
0.408 0.0943036
0.424 0.213326
0.44 0.0643712
0.504 0.11282
0.536 0.172326
0.568 0.244477
0.584 0.136798
0.6 0.0409093
0.616 0.0863419
0.632 0.167012
0.648 0.138792
0.664 0.174466
0.696 0.208991
0.712 0.237759
0.728 0.156112
0.76 0.480986
0.776 0.174607
0.792 0.392946
0.808 0.810619
0.824 0.65607
0.856 0.800866
0.888 0.749054
0.904 1.38002
0.92 1.30239
0.936 0.895958
0.952 0.603181
0.984 1.11755
1 2.18341
1.016 1.68993
1.032 1.2651
1.048 1.92645
1.064 0.722745
1.08 1.92713
1.096 0.329934
1.112 1.10928
1.128 0.335548
1.144 1.38108
1.16 1.25201
1.176 1.53222
1.208 1.86845
1.224 1.70412
1.24 0.718206
1.256 1.23083
1.272 1.11068
1.288 0.631195
1.304 0.631226
1.32 1.02384
1.336 2.39484
1.352 0.879142
1.368 0.974183
1.384 1.51387
1.4 1.58545
1.416 1.10066
1.432 1.34717
1.448 0.899681
1.464 1.59386
1.48 1.3233
1.496 0.980923
1.512 0.637531
1.528 0.521275
1.56 1.03933
1.576 1.17132
1.608 1.17753
1.624 0.683771
1.64 0.472295
1.656 0.837941
1.672 1.28437
1.704 0.789987
1.72 0.16104
1.752 0.548104
1.768 1.20447
1.784 0.797076
1.8 0.753723
1.816 0.767835
1.832 0.761745
1.848 0.560743
1.864 1.12803
1.88 0.393015
1.896 0.597943
1.912 0.492386
1.928 1.04386
1.944 0.910653
1.96 0.637042
1.976 0.942062
1.992 1.63931
2.008 0.445556
2.024 0.875703
2.04 0.689622
2.056 0.816806
2.088 0.904454
2.104 1.2365
2.12 0.785926
2.136 1.16489
2.152 0.78778
2.168 1.14122
2.184 0.740302
2.2 1.2678
2.216 0.780012
2.232 0.996041
2.248 0.692348
2.264 0.548338
2.28 1.89568
2.296 1.62461
2.312 0.956422
2.328 1.22397
2.344 1.32957
2.36 0.715377
2.376 1.0106
2.392 1.11188
2.408 1.31661
2.424 0.963413
2.44 1.25199
2.456 0.985112
2.472 1.01679
2.488 1.83142
2.504 0.940289
2.52 1.17549
2.536 1.34826
2.552 0.998462
2.568 1.21437
2.584 1.53745
2.6 1.49889
2.616 1.31753
2.632 1.15033
2.648 1.19891
2.664 0.636459
2.68 0.753354
2.696 0.757252
2.712 1.63414
2.728 0.695491
2.744 0.716471
2.76 1.04713
2.776 0.954666
2.792 1.63508
2.808 0.94756
2.824 1.07078
2.84 1.0908
2.856 0.65925
2.872 0.877824
2.888 0.836367
2.904 1.0501
2.92 1.28348
2.936 0.88467
2.952 0.888
2.968 1.21638
2.984 0.650629
3 0.793924
3.016 0.791091
3.032 0.736743
3.048 0.822321
3.064 0.788871
3.08 1.23913
3.096 0.613695
3.112 0.642983
3.128 0.852969
3.144 0.848649
3.16 1.17442
3.176 0.877092
3.192 0.97959
3.208 0.756282
3.224 0.939145
3.24 0.455298
3.256 0.883872
3.272 0.674209
3.288 0.772345
3.304 0.933532
3.32 0.878809
3.336 1.40395
3.352 1.01737
3.368 0.634181
3.384 0.673217
3.4 1.0554
3.416 1.15369
3.432 0.560672
3.448 1.19813
3.464 1.20252
3.48 1.08613
3.496 1.32164
3.512 0.989591
3.528 1.5143
3.544 0.865488
3.56 0.746913
3.576 0.895484
3.592 1.12126
3.608 1.03945
3.624 1.56099
3.64 1.17323
3.656 0.785123
3.672 1.12258
3.688 1.13681
3.704 0.742252
3.72 1.38725
3.736 1.13135
3.752 0.745967
3.768 1.0671
3.784 1.92481
3.8 1.15363
3.816 0.967742
3.832 0.998896
3.848 1.09492
3.864 0.912625
3.88 0.800698
3.896 0.890534
3.912 1.38925
3.928 0.681024
3.944 0.931268
3.96 1.13006
3.976 1.23604
3.992 0.714541
4.008 1.07125
4.024 0.758447
4.04 0.653263
4.056 1.06278
4.072 1.14627
4.088 1.01914
4.104 0.889395
4.12 0.947222
4.136 0.804491
4.152 0.845299
4.168 1.11412
4.184 0.621077
4.2 1.01197
4.216 0.940954
4.232 1.32502
4.248 1.3332
4.264 1.28539
4.28 0.808133
4.296 0.959335
4.312 0.881593
4.328 1.11002
4.344 0.749623
4.36 1.31201
4.376 1.07241
4.392 0.914686
4.408 1.14876
4.424 1.24167
4.44 0.777366
4.456 1.08716
4.472 0.944109
4.488 0.749144
4.504 0.746032
4.52 1.06087
4.536 0.618544
4.552 0.558545
4.568 1.01752
4.584 0.875172
4.6 1.03742
4.616 1.10947
4.632 0.700657
4.648 1.04406
4.664 1.0353
4.68 1.48649
4.696 1.11973
4.712 0.956171
4.728 0.928671
4.744 0.986734
4.76 0.974617
4.776 0.872628
4.792 0.874746
4.808 0.864055
4.824 1.40365
4.84 0.852873
4.856 1.20786
4.872 1.31613
4.888 1.20587
4.904 0.995428
4.92 0.803563
4.936 0.960665
4.952 1.16086
4.968 1.16907
4.984 1.4703
5 1.01527
5.016 0.968967
5.032 0.847617
5.048 1.0819
5.064 1.52046
5.08 1.13421
5.096 0.880448
5.112 0.880301
5.128 0.830609
5.144 0.695221
5.16 0.751118
5.176 1.53157
5.192 0.975182
5.208 0.830092
5.224 0.939916
5.24 0.933613
5.256 1.123
5.272 0.837236
5.288 0.938146
5.304 1.13953
5.32 0.948129
5.336 1.23912
5.352 1.25584
5.368 0.990528
5.384 1.01539
5.4 1.23744
5.416 1.0148
5.432 0.759757
5.448 1.24264
5.464 0.810749
5.48 1.13965
5.496 0.835243
5.512 0.670838
5.528 0.964928
5.544 0.839271
5.56 1.08802
5.576 0.942528
5.592 0.992242
5.608 1.20979
5.624 1.44707
5.64 1.13539
5.656 0.786444
5.672 1.08329
5.688 0.769638
5.704 0.865849
5.72 1.16238
5.736 0.983544
5.752 0.814665
5.768 0.772867
5.784 0.741885
5.8 0.942638
5.816 0.625335
5.832 1.1647
5.848 1.41111
5.864 0.759208
5.88 1.03031
5.896 0.98441
5.912 0.760285
5.928 1.22105
5.944 1.13392
5.96 1.1241
5.976 1.24188
5.992 1.00017
6.008 1.3701
6.024 1.08945
6.04 1.07513
6.056 1.1877
6.072 1.17506
6.088 1.02766
6.104 0.962352
6.12 0.918983
6.136 1.00726
6.152 1.3787
6.168 1.07501
6.184 0.547125
6.2 0.865456
6.216 0.841051
6.232 0.87109
6.248 0.947417
6.264 0.999891
6.28 1.34847
6.296 0.782642
6.312 0.956675
6.328 1.25283
6.344 0.990524
6.36 0.958729
6.376 1.15446
6.392 0.724285
6.408 1.0967
6.424 1.06889
6.44 1.161
6.456 0.933112
6.472 0.742513
6.488 0.799778
6.504 1.1288
6.52 0.98735
6.536 0.896179
6.552 0.990537
6.568 1.20326
6.584 1.07898
6.6 0.864071
6.616 1.02837
6.632 0.603592
6.648 0.949119
6.664 0.791148
6.68 1.05554
6.696 0.875606
6.712 0.817857
6.728 0.836436
6.744 1.45261
6.76 1.12009
6.776 0.724771
6.792 1.19561
6.808 1.09023
6.824 1.08725
6.84 1.27131
6.856 1.21104
6.872 1.04277
6.888 1.13845
6.904 0.973356
6.92 0.875935
6.936 0.733176
6.952 1.00137
6.968 0.613231
6.984 1.14054
7 1.28874
7.016 1.04094
7.032 1.03604
7.048 0.75059
7.064 0.857954
7.08 1.203
7.096 1.04003
7.112 1.02272
7.128 1.15365
7.144 0.876195
7.16 0.804841
7.176 1.48487
7.192 1.06539
7.208 0.898271
7.224 1.09185
7.24 0.915233
7.256 0.725406
7.272 1.19528
7.288 1.13858
7.304 0.975476
7.32 0.956746
7.336 1.34211
7.352 0.723639
7.368 0.832112
7.384 1.12436
7.4 1.00919
7.416 0.699321
7.432 0.918495
7.448 0.973231
7.464 0.80898
7.48 0.925774
7.496 1.00477
7.512 1.02202
7.528 1.01879
7.544 1.70905
7.56 0.909749
7.576 1.17512
7.592 0.74935
7.608 1.06633
7.624 1.19732
7.64 0.748085
7.656 1.11865
7.672 0.817409
7.688 0.952949
7.704 0.746535
7.72 0.861845
7.736 1.11983
7.752 0.990702
7.768 1.01799
7.784 0.905061
7.8 1.32213
7.816 1.19372
7.832 0.711746
7.848 0.84276
7.864 1.0647
7.88 1.09346
7.896 1.02364
7.912 0.934732
7.928 0.957558
7.944 0.695141
7.96 0.892673
7.976 1.18101
7.992 0.843637
