0.106145 0.00110916
0.138804 0.00685736
0.204124 0.00089966
0.220454 0.00878666
0.285774 0.0149628
0.302104 0.0366438
0.318434 0.0229141
0.367423 0.0824078
0.400083 0.0675814
0.416413 0.0307821
0.432743 0.116803
0.449073 0.0334388
0.514393 0.0545679
0.547053 0.0356594
0.579713 0.00406725
0.596043 0.0681564
0.612372 0.10879
0.628702 0.164712
0.645032 0.116479
0.661362 0.211112
0.677692 0.349362
0.710352 0.445444
0.726682 0.309088
0.743012 0.209786
0.775672 0.282486
0.792002 0.487055
0.808332 0.0417261
0.824662 0.470626
0.840991 0.836831
0.873651 1.36388
0.906311 0.502257
0.922641 1.55659
0.938971 0.624149
0.955301 0.636946
0.971631 1.11575
1.00429 1.08315
1.02062 2.18516
1.03695 0.588985
1.05328 0.373938
1.06961 1.30812
1.08594 0.900015
1.10227 3.41845
1.1186 2.49405
1.13493 2.47492
1.15126 7.86236
1.16759 0.872124
1.18392 2.27044
1.20025 0.574831
1.23291 1.06945
1.24924 2.27821
1.26557 0.902635
1.2819 1.37777
1.29823 0.545776
1.31456 2.50162
1.33089 0.862717
1.34722 2.52399
1.36355 0.937552
1.37988 0.687436
1.39621 1.19356
1.41254 0.387937
1.42887 0.978605
1.4452 0.774856
1.46153 0.778207
1.47786 0.919616
1.49419 0.241267
1.51052 0.928878
1.52685 0.699382
1.54318 0.923034
1.55951 0.627011
1.59217 0.432704
1.6085 0.185621
1.64116 0.892608
1.65749 0.531481
1.67382 0.338809
1.69015 1.18664
1.70648 0.828628
1.73914 0.464113
1.75547 0.332035
1.78813 0.992553
1.80446 0.559193
1.82079 0.533661
1.83712 0.884979
1.85345 1.16882
1.86978 0.545541
1.88611 0.712009
1.90244 1.19248
1.91877 0.786645
1.9351 1.38162
1.95143 0.553531
1.96776 0.80095
1.98409 0.559173
2.00042 0.667582
2.01675 0.822991
2.03308 0.973391
2.04941 1.14331
2.06574 1.29133
2.08207 0.390158
2.0984 1.55492
2.13106 0.590756
2.14739 1.0976
2.16372 1.54262
2.18005 1.32599
2.19638 1.47631
2.21271 0.988996
2.22904 1.15454
2.24537 2.17131
2.2617 1.27011
2.27803 1.51312
2.29436 1.27264
2.31069 0.579195
2.32702 1.42375
2.34335 1.50417
2.35968 0.899572
2.37601 1.43011
2.39233 0.92522
2.40866 0.935718
2.42499 0.982902
2.44132 2.16892
2.45765 1.00695
2.47398 0.938621
2.49031 1.08443
2.50664 0.815806
2.52297 0.900273
2.5393 0.491355
2.55563 0.693989
2.57196 0.478626
2.58829 1.29904
2.60462 0.87014
2.62095 1.02989
2.63728 1.31402
2.65361 0.712153
2.66994 1.05506
2.68627 0.49903
2.7026 0.549829
2.71893 1.073
2.73526 0.598723
2.75159 1.16277
2.76792 0.881606
2.78425 0.967016
2.80058 1.02619
2.81691 0.599111
2.83324 0.84081
2.84957 0.922345
2.8659 0.87557
2.88223 1.07067
2.89856 0.704832
2.91489 0.778554
2.93122 0.755187
2.94755 1.00518
2.96388 1.14129
2.98021 1.10262
2.99654 0.957417
3.01287 0.765106
3.0292 0.916051
3.04553 0.812254
3.06186 1.06913
3.07819 0.933472
3.09452 0.984489
3.11085 0.631257
3.12718 0.813174
3.14351 0.84495
3.15984 0.745609
3.17617 1.02045
3.1925 0.927733
3.20883 1.05107
3.22516 1.37188
3.24149 1.09143
3.25782 0.650337
3.27415 1.03966
3.29048 1.31602
3.30681 1.46509
3.32314 1.06519
3.33947 1.03609
3.3558 1.01886
3.37213 1.05941
3.38846 1.495
3.40479 1.2138
3.42112 0.798757
3.43745 1.28933
3.45378 1.10812
3.47011 1.14428
3.48644 1.08779
3.50277 1.31895
3.5191 0.857643
3.53543 0.709642
3.55176 0.981978
3.56809 1.09395
3.58442 1.48771
3.60075 0.958196
3.61708 1.11707
3.63341 1.1637
3.64974 1.15505
3.66607 0.990391
3.6824 1.12951
3.69873 1.2808
3.71506 0.718255
3.73139 0.937349
3.74772 1.1258
3.76405 0.739474
3.78038 0.736091
3.79671 0.96522
3.81304 0.970768
3.82937 1.08411
3.8457 1.08346
3.86203 1.55763
3.87836 1.02812
3.89469 1.06046
3.91102 0.884969
3.92735 0.764303
3.94368 0.683212
3.96001 0.652678
3.97634 0.967201
3.99267 0.667491
4.009 0.897213
4.02533 1.14274
4.04166 0.638003
4.05799 1.03441
4.07432 0.816195
4.09065 1.15315
4.10698 0.851374
4.12331 1.1367
4.13964 0.907895
4.15597 0.474996
4.1723 1.25337
4.18863 0.774377
4.20496 0.784818
4.22129 0.723449
4.23762 1.1276
4.25395 0.993849
4.27028 1.06175
4.28661 1.2038
4.30294 0.784584
4.31927 1.35112
4.3356 1.18906
4.35193 0.492408
4.36826 1.03327
4.38459 0.692211
4.40092 1.12506
4.41725 1.1852
4.43358 1.17127
4.44991 1.28682
4.46624 1.0646
4.48257 1.05443
4.4989 0.905797
4.51523 1.30191
4.53156 1.51882
4.54789 1.04294
4.56422 1.40124
4.58055 0.997456
4.59688 0.911095
4.61321 1.03439
4.62954 1.08933
4.64587 1.23867
4.6622 1.09699
4.67853 0.497336
4.69486 0.753411
4.71119 0.871868
4.72752 1.0768
4.74385 1.08665
4.76018 1.01591
4.7765 1.05388
4.79283 1.12059
4.80916 1.24723
4.82549 1.46395
4.84182 0.939469
4.85815 0.973508
4.87448 1.05684
4.89081 1.00886
4.90714 0.829216
4.92347 0.916497
4.9398 1.10741
4.95613 0.693491
4.97246 0.974256
4.98879 0.982722
5.00512 1.03786
5.02145 1.1345
5.03778 1.27029
5.05411 0.876261
5.07044 0.99642
5.08677 1.07842
5.1031 1.00035
5.11943 0.95056
5.13576 0.88685
5.15209 0.668426
5.16842 0.780121
5.18475 0.717787
5.20108 1.00722
5.21741 1.08906
5.23374 1.29731
5.25007 0.774502
5.2664 1.05555
5.28273 1.40562
5.29906 1.22576
5.31539 0.589685
5.33172 0.70967
5.34805 0.748268
5.36438 0.889198
5.38071 1.06046
5.39704 0.852317
5.41337 1.19124
5.4297 0.875141
5.44603 0.807704
5.46236 1.12272
5.47869 1.0177
5.49502 0.988125
5.51135 0.905109
5.52768 1.14359
5.54401 1.00864
5.56034 0.782512
5.57667 1.09546
5.593 1.07805
5.60933 1.10161
5.62566 0.940364
5.64199 0.94972
5.65832 1.04574
5.67465 1.07437
5.69098 1.39644
5.70731 1.20667
5.72364 1.25007
5.73997 0.710092
5.7563 0.719775
5.77263 0.857158
5.78896 1.29716
5.80529 1.15928
5.82162 0.874782
5.83795 0.882684
5.85428 1.11849
5.87061 1.1309
5.88694 1.06042
5.90327 0.77484
5.9196 0.931242
5.93593 1.26954
5.95226 1.08495
5.96859 1.14432
5.98492 0.908283
6.00125 0.814813
6.01758 0.871125
6.03391 1.06965
6.05024 1.39608
6.06657 1.23132
6.0829 0.945348
6.09923 0.599197
6.11556 0.988121
6.13189 1.0175
6.14822 1.10963
6.16455 0.959531
6.18088 0.961477
6.19721 0.946589
6.21354 1.00054
6.22987 1.04128
6.2462 0.869546
6.26253 0.945631
6.27886 0.841805
6.29519 0.955842
6.31152 1.4736
6.32785 0.849632
6.34418 0.603935
6.36051 1.05449
6.37684 1.0824
6.39317 0.804388
6.4095 1.02656
6.42583 1.03705
6.44216 0.993731
6.45849 0.719113
6.47482 0.818239
6.49115 1.10555
6.50748 0.566567
6.52381 0.668386
6.54014 0.845635
6.55647 0.946806
6.5728 1.47966
6.58913 0.962437
6.60546 0.747535
6.62179 0.82097
6.63812 1.08292
6.65445 0.778174
6.67078 0.904377
6.68711 1.18259
6.70344 1.28673
6.71977 0.965496
6.7361 1.2221
6.75243 0.96017
6.76876 1.04788
6.78509 1.07553
6.80142 1.17859
6.81775 1.44162
6.83408 0.92124
6.85041 1.07637
6.86674 0.65568
6.88307 1.01866
6.8994 1.44541
6.91573 1.03792
6.93206 0.991666
6.94839 1.00334
6.96472 1.29097
6.98105 1.47616
6.99738 0.733128
7.01371 1.27989
7.03004 0.856667
7.04637 0.999462
7.0627 1.29985
7.07903 0.842566
7.09536 1.00128
7.11169 1.00144
7.12802 0.56302
7.14435 0.870767
7.16068 0.868925
7.177 1.13122
7.19333 1.05221
7.20966 0.988133
7.22599 0.67008
7.24232 1.06532
7.25865 0.951444
7.27498 1.29941
7.29131 0.97374
7.30764 1.06126
7.32397 1.32165
7.3403 1.08142
7.35663 1.00043
7.37296 0.798466
7.38929 0.812624
7.40562 0.843936
7.42195 0.999779
7.43828 1.13324
7.45461 0.983633
7.47094 0.787782
7.48727 0.966069
7.5036 0.938486
7.51993 0.80627
7.53626 0.854663
7.55259 1.02045
7.56892 1.087
7.58525 1.3361
7.60158 1.01266
7.61791 0.906257
7.63424 0.780145
7.65057 0.91438
7.6669 1.1529
7.68323 1.24102
7.69956 1.09048
7.71589 1.19471
7.73222 0.983556
7.74855 0.871469
7.76488 0.836937
7.78121 0.853513
7.79754 1.40148
7.81387 0.794392
7.8302 0.982977
7.84653 1.0495
7.86286 1.21507
7.87919 1.39318
7.89552 1.10981
7.91185 0.964047
7.92818 1.04365
7.94451 0.833296
7.96084 0.924029
7.97717 1.10292
7.9935 1.14064
8.00983 1.12816
8.02616 0.824805
8.04249 1.04773
8.05882 1.03774
8.07515 0.73993
8.09148 0.808994
8.10781 0.873119
8.12414 0.949067
8.14047 0.881361
8.1568 0.921906
