0.61336	0.162346
0.588899	0.984562
0.11219	0.108507
0.207457	0.642889
0.393698	0.631631
0.506666	0.943077
0.447737	0.778049
0.592824	0.836875
0.150505	0.632306
0.81891	0.0425581
0.809316	0.802057
0.254567	0.435749
0.793739	0.953795
0.886398	0.148009
0.381592	0.521211
0.588645	0.088376
0.266197	0.0974898
0.336791	0.97077
0.673237	0.483203
0.557334	0.405404
0.0301529	0.890406
0.440652	0.353265
0.672147	0.778789
0.994299	0.797004
0.00791885	0.22965
0.377077	0.778106
0.594339	0.74696
0.221646	0.761927
0.456459	0.216246
0.789054	0.503522
0.384696	0.0314287
0.408576	0.921582
0.297447	0.337308
0.881924	0.99725
0.80909	0.406561
0.382296	0.859368
0.979249	0.667727
0.841693	0.62246
0.0411137	0.0429068
0.34429	0.126127
0.254256	0.293227
0.79373	0.191591
0.995001	0.996152
0.524193	0.815966
0.345855	0.422973
0.78726	0.584854
0.631878	0.259257
0.909108	0.525488
0.373577	0.694207
0.627616	0.634584
0.995669	0.0947837
0.573089	0.566969
0.652339	0.910301
0.28049	0.730614
0.821041	0.276052
0.317359	0.0665288
0.461094	0.140453
0.0281276	0.328479
0.521915	0.175134
0.561325	0.219598
0.828366	0.74548
0.0789675	0.488194
0.716597	0.351841
0.0600961	0.568914
0.640019	0.104127
0.0730022	0.390162
0.957297	0.207802
0.845373	0.220303
0.560079	0.276734
0.993273	0.572665
0.126295	0.452338
0.699729	0.0182687
0.898081	0.375546
0.92007	0.430345
0.306148	0.240029
0.769107	0.131484
0.530909	0.32502
0.955682	0.902429
0.237304	0.586717
0.878561	0.92315
0.40171	0.401013
0.512946	0.755979
0.198581	0.0986038
0.660501	0.570141
0.0297494	0.951743
0.538016	0.000401465
0.743287	0.897678
0.134668	0.32673
0.743142	0.444509
0.352893	0.268612
0.15702	0.803495
0.309323	0.501827
0.270918	0.83587
0.530689	0.880485
0.0353843	0.431808
0.232332	0.236538
0.757776	0.694595
0.0872916	0.785124
0.286755	0.921427
0.507074	0.0549235
0.916967	0.0864052
0.539918	0.689082
0.878431	0.471333
0.920973	0.843954
0.427303	0.0822726
0.228708	0.982591
0.513779	0.53208
0.57654	0.470666
0.65107	0.196293
0.951407	0.270923
0.935825	0.724598
0.48763	0.639925
0.0879839	0.246604
0.457951	0.896302
0.140595	0.196711
0.893137	0.771904
0.849801	0.866699
0.066172	0.173041
0.690399	0.282338
0.743944	0.539214
0.595524	0.315887
0.810086	0.668508
0.984879	0.501198
0.668852	0.41587
0.0844503	0.679841
0.199599	0.482085
0.0916657	0.919315
0.913657	0.320989
0.447169	0.839976
0.72659	0.764351
0.464568	0.467445
0.158184	0.573048
0.450069	0.0207987
0.191053	0.337543
0.0890499	0.00940619
0.460557	0.298575
0.27723	0.174662
0.349373	0.188764
0.652282	0.0309562
0.442561	0.96273
0.921941	0.588804
0.143769	0.869607
0.698793	0.623165
0.561688	0.620342
0.349289	0.597028
0.232588	0.887959
0.186876	0.426405
0.394578	0.313363
0.140128	0.731567
0.832666	0.143544
0.924915	0.644845
0.00795732	0.737238
0.266794	0.664408
0.713955	0.162412
0.688371	0.957612
0.20194	0.166115
0.997286	0.14607
0.169803	0.0343159
0.8436	0.543535
0.471391	0.581454
0.526357	0.481175
0.839902	0.343186
0.24704	0.0376667
0.168551	0.9592
0.708338	0.822845
0.964201	0.36052
0.942434	0.0295015
0.871961	0.703836
0.693517	0.712087
0.738052	0.268606
0.704195	0.11028
0.753446	0.0474901
0.133457	0.519867
0.888844	0.25193
0.652681	0.34415
0.188674	0.712243
0.44366	0.675516
0.172623	0.244201
0.256113	0.509661
0.943407	0.97124
0.0204123	0.612225
0.395421	0.219013
0.32247	0.829293
0.856109	0.0861932
0.0750633	0.85578
0.511264	0.382543
0.405372	0.581332
0.406907	0.127472
0.334752	0.648713
0.575182	0.912925
0.779948	0.316967
0.347056	0.348629
0.200731	0.834636
0.621135	0.694549
0.627472	0.527026
0.139578	0.377318
0.535109	0.121822
0.651354	0.839032
0.0547623	0.104299
0.406247	0.45036
0.718096	0.230341
0.273891	0.251249
0.114231	0.389354
0.333946	0.51512
0.587497	0.0492903
0.53753	0.596924
0.524502	0.712997
0.184758	0.748066
0.34452	0.910319
0.0907702	0.296715
0.593583	0.875598
0.696303	0.981065
0.937756	0.102269
0.504155	0.881059
0.398985	0.69231
0.170162	0.143804
0.114684	0.600309
0.813199	0.501857
0.466325	0.411643
0.904826	0.981007
0.637799	0.596277
0.784045	0.40243
0.486163	0.245988
0.518949	0.508401
0.00171582	0.0201756
0.982411	0.527349
0.0813288	0.120939
0.434821	0.534691
0.781833	0.717893
0.214447	0.0160488
0.935204	0.672338
0.0890988	0.723795
0.960297	0.851529
0.87963	0.886723
0.66526	0.136138
0.981242	0.378846
0.362751	0.0206115
0.18563	0.94085
0.228989	0.631214
0.582906	0.419415
0.10663	0.896056
0.299376	0.836885
0.866116	0.236643
0.440307	0.813636
0.888068	0.612222
0.36987	0.113478
0.207901	0.506055
0.102058	0.502109
0.274694	0.704007
0.353047	0.787734
0.855196	0.747848
0.667597	0.32367
0.0550833	0.203759
0.261339	0.411699
0.773702	0.833248
0.501321	0.327822
0.748095	0.300038
0.740133	0.102953
0.933398	0.28904
0.338733	0.211627
0.74794	0.612599
0.193738	0.308139
0.482488	0.999402
0.588352	0.263165
0.175346	0.83077
0.631639	0.716934
0.784664	0.168974
0.884196	0.350191
0.0151403	0.931976
0.697932	0.434715
0.441556	0.182206
0.53343	0.153617
0.021301	0.770316
0.556995	0.798666
0.377198	0.346025
0.825894	0.0183424
0.683675	0.863535
0.719212	0.533266
0.321991	0.627828
0.00698339	0.646718
0.288522	0.124429
0.90447	0.474631
0.147121	0.0545565
0.600225	0.518903
0.0998426	0.813516
0.0823199	0.983687
0.584539	0.958323
0.695816	0.761883
0.805348	0.930683
0.281681	0.972095
0.503755	0.0795096
0.947065	0.180771
0.432111	0.930523
0.435377	0.629649
0.860063	0.111674
0.149977	0.233157
0.0170406	0.447795
0.37657	0.432738
0.403655	0.270111