0.148571 0.245337
0.194286 0.0826957
0.285714 0.103615
0.308571 0.0880547
0.4 0.0456373
0.422857 0.0582909
0.445714 0.0529909
0.514286 0.113818
0.56 0.0495146
0.582857 0.258376
0.605714 0.309083
0.628571 0.378012
0.72 0.38219
0.765714 0.163304
0.811429 0.736996
0.834286 0.367733
0.857143 1.63686
0.88 0.452989
0.902857 0.440415
0.925714 0.585553
0.948571 0.748889
0.994286 1.80057
1.01714 1.08
1.04 1.63676
1.08571 0.65651
1.10857 1.67169
1.13143 1.22312
1.15429 2.31258
1.17714 1.55648
1.22286 1.936
1.26857 2.40136
1.29143 1.91455
1.31429 1.17887
1.33714 1.04603
1.36 0.247644
1.40571 1.1189
1.42857 1.32735
1.45143 0.382
1.47429 0.723667
1.49714 0.649254
1.52 0.981578
1.54286 1.05879
1.56571 0.901594
1.58857 0.497756
1.61143 0.321857
1.63429 0.868759
1.65714 0.96472
1.68 0.440652
1.72571 1.07235
1.74857 0.658783
1.77143 1.18103
1.79429 0.38688
1.81714 1.10116
1.84 0.461074
1.86286 0.620077
1.88571 0.478736
1.90857 0.608962
1.93143 0.244757
1.95429 1.00336
1.97714 0.903924
2 0.842746
2.02286 0.908366
2.04571 0.907968
2.06857 0.774614
2.09143 1.85022
2.11429 0.491707
2.13714 1.39237
2.16 0.980319
2.18286 1.09871
2.22857 0.914966
2.25143 1.86136
2.29714 1.32641
2.32 0.798667
2.34286 0.968811
2.36571 0.840083
2.38857 0.68616
2.43429 1.33362
2.45714 1.27834
2.50286 0.858055
2.52571 1.52807
2.54857 0.937615
2.57143 1.52937
2.59429 1.90597
2.61714 0.905971
2.64 0.755682
2.66286 1.16754
2.68571 1.30186
2.70857 0.645337
2.73143 0.465793
2.75429 1.20806
2.77714 1.16915
2.8 0.597275
2.82286 0.737732
2.84571 1.16652
2.86857 0.731924
2.89143 1.15247
2.91429 1.3626
2.93714 0.935739
2.98286 0.567129
3.00571 0.617442
3.02857 0.710353
3.05143 0.841756
3.07429 0.626575
3.09714 0.675972
3.12 1.0515
3.14286 0.783415
3.16571 1.00104
3.18857 0.655654
3.21143 1.95533
3.23429 1.51719
3.25714 0.811486
3.28 1.06863
3.30286 0.529263
3.32571 1.37357
3.34857 0.822722
3.37143 0.921584
3.39429 0.929024
3.41714 1.21443
3.44 1.0201
3.46286 0.88809
3.48571 1.26993
3.50857 0.903788
3.53143 0.954432
3.55429 1.7511
3.57714 1.01568
3.6 1.08173
3.62286 1.19008
3.64571 1.35921
3.66857 0.966691
3.69143 0.203177
3.71429 1.18717
3.73714 0.730449
3.76 1.00565
3.78286 1.0094
3.80571 1.33723
3.82857 1.27868
3.85143 1.03581
3.87429 0.741917
3.89714 0.514858
3.92 0.858599
3.94286 1.11767
3.96571 1.19535
3.98857 1.25042
4.01143 1.52914
4.03429 1.04362
4.05714 1.36351
4.08 0.611959
4.10286 1.25707
4.12571 0.735958
4.14857 0.819396
4.17143 1.28557
4.19429 0.669096
4.21714 0.742728
4.24 0.989597
4.26286 0.822239
4.28571 0.897189
4.30857 0.755707
4.33143 0.810616
4.35429 0.871765
4.37714 0.771225
4.4 0.586676
4.42286 1.43789
4.44571 1.00939
4.46857 1.12793
4.49143 0.586853
4.51429 1.14351
4.53714 1.07731
4.56 0.994198
4.58286 0.582801
4.60571 0.987245
4.62857 0.542982
4.65143 0.874267
4.67429 1.13493
4.69714 0.98934
4.72 1.1051
4.74286 1.17942
4.76571 0.906887
4.78857 1.2181
4.81143 1.41916
4.83429 1.46348
4.85714 1.08144
4.88 0.949714
4.90286 0.672191
4.92571 1.01424
4.94857 0.965774
4.97143 1.01759
4.99429 1.43096
5.01714 1.1551
5.04 1.23183
5.06286 0.82469
5.08571 0.715349
5.10857 0.653703
5.13143 0.58361
5.15429 0.884177
5.17714 1.03103
5.2 1.26993
5.22286 0.812681
5.24571 1.35989
5.26857 0.794991
5.29143 0.659615
5.31429 1.18621
5.33714 0.714974
5.36 1.05255
5.38286 0.94278
5.40571 0.663315
5.42857 1.17113
5.45143 0.896966
5.47429 1.18407
5.49714 1.00554
5.52 1.13488
5.54286 0.943044
5.56571 0.880666
5.58857 0.940877
5.61143 1.1514
5.63429 0.890122
5.65714 0.964886
5.68 0.599475
5.70286 0.707281
5.72571 0.860562
5.74857 0.869056
5.77143 0.943705
5.79429 0.622431
5.81714 1.245
5.84 1.46669
5.86286 0.903697
5.88571 1.01515
5.90857 0.863636
5.93143 0.860673
5.95429 1.31131
5.97714 1.00263
6 1.14106
6.02286 1.44956
6.04571 0.862127
6.06857 0.895861
6.09143 1.13162
6.11429 1.1721
6.13714 0.74972
6.16 1.0388
6.18286 0.713842
6.20571 0.848942
6.22857 0.91387
6.25143 1.14454
6.27429 1.21286
6.29714 1.14536
6.32 1.00167
6.34286 1.0728
6.36571 1.69322
6.38857 0.867826
6.41143 1.25903
6.43429 1.14921
6.45714 1.05269
6.48 0.752843
6.50286 1.08182
6.52571 0.712833
6.54857 0.852111
6.57143 1.32941
6.59429 0.826656
6.61714 1.33311
6.64 1.16926
6.66286 0.894996
6.68571 0.774948
6.70857 1.18135
6.73143 0.82003
6.75429 1.04806
6.77714 1.12308
6.8 0.975124
6.82286 0.958161
6.84571 1.04937
6.86857 0.902925
6.89143 0.686881
6.91429 0.700996
6.93714 1.16776
6.96 0.723817
6.98286 0.762856
7.00571 0.783003
7.02857 1.17659
7.05143 0.965225
7.07429 0.754292
7.09714 1.02331
7.12 0.703573
7.14286 1.02128
7.16571 1.1609
7.18857 0.993004
7.21143 1.04556
7.23429 1.21984
7.25714 1.15186
7.28 1.13194
7.30286 0.760928
7.32571 1.08531
7.34857 0.918078
7.37143 1.07529
7.39429 0.872572
7.41714 1.337
7.44 1.14698
7.46286 1.59209
7.48571 1.16969
7.50857 1.09067
7.53143 1.25244
7.55429 1.19027
7.57714 0.888442
7.6 0.714637
7.62286 1.0654
7.64571 0.972445
7.66857 1.01215
7.69143 0.932712
7.71429 1.12621
7.73714 0.852952
7.76 1.33548
7.78286 0.874221
7.80571 0.77406
7.82857 1.06978
7.85143 1.02573
7.87429 0.827949
7.89714 0.842281
7.92 0.955956
7.94286 0.660186
7.96571 1.06186
7.98857 0.942062
8.01143 0.890813
8.03429 1.06426
8.05714 0.858988
8.08 0.826644
8.10286 1.05616
8.12571 1.03821
8.14857 0.802371
8.17143 1.17893
8.19429 1.42107
8.21714 1.37873
8.24 0.734018
8.26286 0.86241
8.28571 1.03243
8.30857 0.993742
8.33143 0.866598
8.35429 1.00255
8.37714 1.05886
8.4 1.03541
8.42286 0.747573
8.44571 0.900394
8.46857 1.59694
8.49143 1.09581
8.51429 1.16027
8.53714 1.12238
8.56 1.53459
8.58286 0.903589
8.60571 0.813164
8.62857 1.04017
8.65143 0.830137
8.67429 0.880651
8.69714 1.09287
8.72 1.16523
8.74286 1.04046
8.76571 1.1674
8.78857 1.20318
8.81143 0.693082
8.83429 0.866262
8.85714 0.902519
8.88 1.07654
8.90286 0.803661
8.92571 0.520958
8.94857 0.961654
8.97143 0.960616
8.99429 0.849068
9.01714 0.904857
9.04 0.951339
9.06286 0.99606
9.08571 1.16927
9.10857 0.578664
9.13143 1.17046
9.15429 0.939746
9.17714 1.13143
9.2 0.96809
9.22286 1.1713
9.24571 1.00199
9.26857 1.15804
9.29143 1.01593
9.31429 1.00754
9.33714 1.32514
9.36 1.27527
9.38286 0.929009
9.40571 1.09901
9.42857 0.880334
9.45143 0.980305
9.47429 1.06827
9.49714 0.871413
9.52 1.07608
9.54286 0.859675
9.56571 0.702311
9.58857 1.05422
9.61143 1.01433
9.63429 0.867574
9.65714 1.22311
9.68 0.699921
9.70286 0.962347
9.72571 0.993627
9.74857 1.04228
9.77143 1.00723
9.79429 1.07965
9.81714 0.951073
9.84 1.03871
9.86286 1.00903
9.88571 0.942516
9.90857 1.08716
9.93143 1.11495
9.95429 1.11567
9.97714 0.958204
10 1.13308
10.0229 0.846162
10.0457 0.810558
10.0686 0.869855
10.0914 0.834198
10.1143 1.16814
10.1371 1.2758
10.16 1.01844
10.1829 0.87182
10.2057 0.981437
10.2286 0.868525
10.2514 0.747633
10.2743 1.13386
10.2971 0.96953
10.32 0.739552
10.3429 1.20142
10.3657 0.849151
10.3886 1.2496
10.4114 1.0872
10.4343 1.02942
10.4571 1.10302
10.48 1.20466
10.5029 0.820163
10.5257 0.928079
10.5486 0.943308
10.5714 1.02311
10.5943 0.983595
10.6171 0.976624
10.64 1.10988
10.6629 0.913093
10.6857 0.972832
10.7086 0.773067
10.7314 1.16336
10.7543 1.05247
10.7771 1.09224
10.8 0.840057
10.8229 1.22127
10.8457 1.08471
10.8686 1.09328
10.8914 0.953698
10.9143 1.1037
10.9371 0.838466
10.96 0.997276
10.9829 0.842407
11.0057 0.850862
11.0286 1.09203
11.0514 0.774684
11.0743 0.908608
11.0971 1.05523
11.12 1.21486
11.1429 0.855487
11.1657 0.751132
11.1886 1.17246
11.2114 0.950585
11.2343 0.721772
11.2571 1.29142
11.28 2.08137
11.3029 0.925014
11.3257 0.859875
11.3486 1.00785
11.3714 1.07368
11.3943 0.850603
11.4171 0.898446
