0.104524 0.0737241
0.136685 0.0463729
0.201008 0.0408927
0.217088 0.0229683
0.281411 0.0483032
0.297491 0.0989317
0.313572 0.0774433
0.361814 0.0500609
0.393975 0.0515221
0.410055 0.114447
0.426136 0.0725507
0.442217 0.138659
0.506539 0.152881
0.5387 0.101523
0.570861 0.175335
0.586942 0.250336
0.603023 0.099203
0.619103 0.191274
0.635184 0.121227
0.651265 0.360078
0.667345 0.190701
0.699506 0.136352
0.715587 0.257246
0.731668 0.324166
0.763829 0.32555
0.779909 0.167221
0.79599 0.802091
0.812071 0.323598
0.828151 0.554989
0.860312 0.67907
0.892474 0.714218
0.908554 0.830066
0.924635 1.52756
0.940715 1.74006
0.956796 0.941798
0.988957 1.58626
1.00504 1.59913
1.02112 2.82175
1.0372 2.20047
1.05328 1.11514
1.06936 0.430684
1.08544 1.61142
1.10152 0.668733
1.1176 1.51854
1.13368 2.79247
1.14976 1.13905
1.16584 1.0697
1.18192 0.537819
1.21409 1.54315
1.23017 2.19564
1.24625 2.03274
1.26233 1.83033
1.27841 1.01001
1.29449 1.07964
1.31057 0.960195
1.32665 1.66333
1.34273 0.997825
1.35881 1.06281
1.37489 1.44015
1.39097 0.423984
1.40705 1.04227
1.42313 1.13127
1.43921 0.975938
1.45529 0.530594
1.47138 1.27818
1.48746 1.15815
1.50354 0.94346
1.51962 1.22464
1.5357 0.943527
1.56786 0.818416
1.58394 0.639004
1.6161 0.833093
1.63218 0.593934
1.64826 0.58191
1.66434 1.2263
1.68042 1.1576
1.71258 0.622768
1.72867 1.00214
1.76083 0.769997
1.77691 0.722605
1.79299 0.826457
1.80907 0.639486
1.82515 1.15646
1.84123 0.899874
1.85731 0.766426
1.87339 0.625929
1.88947 0.931248
1.90555 1.12816
1.92163 0.812933
1.93771 0.833999
1.95379 1.31485
1.96987 1.57453
1.98595 1.16392
2.00204 0.825159
2.01812 0.398172
2.0342 1.59525
2.05028 0.997518
2.06636 0.833837
2.09852 0.403062
2.1146 0.688649
2.13068 1.09199
2.14676 1.69321
2.16284 1.00421
2.17892 0.396322
2.195 1.04445
2.21108 0.758968
2.22716 0.701647
2.24324 0.96661
2.25933 1.16062
2.27541 1.23265
2.29149 1.06801
2.30757 0.900612
2.32365 1.26757
2.33973 1.23419
2.35581 0.938812
2.37189 1.26806
2.38797 0.928987
2.40405 1.16726
2.42013 1.78116
2.43621 1.03375
2.45229 1.54248
2.46837 0.624584
2.48445 0.655549
2.50053 1.45094
2.51661 1.20681
2.5327 1.15408
2.54878 1.2275
2.56486 1.24712
2.58094 1.54171
2.59702 0.579051
2.6131 0.915906
2.62918 1.74093
2.64526 1.10583
2.66134 0.916559
2.67742 1.22617
2.6935 0.410205
2.70958 0.897157
2.72566 1.07597
2.74174 0.938412
2.75782 0.569434
2.7739 1.44972
2.78998 1.47968
2.80607 0.937571
2.82215 0.86986
2.83823 1.05227
2.85431 0.569809
2.87039 0.950763
2.88647 1.27661
2.90255 1.09284
2.91863 0.995919
2.93471 0.821417
2.95079 0.871858
2.96687 1.05218
2.98295 0.605346
2.99903 0.703279
3.01511 0.634586
3.03119 0.923843
3.04727 1.15145
3.06336 1.08208
3.07944 0.926895
3.09552 1.27855
3.1116 0.880285
3.12768 0.714226
3.14376 0.760848
3.15984 0.929135
3.17592 1.03553
3.192 1.09353
3.20808 0.493794
3.22416 0.660796
3.24024 1.29693
3.25632 1.76907
3.2724 0.622943
3.28848 1.0327
3.30456 1.36008
3.32064 0.992861
3.33673 1.13834
3.35281 1.19734
3.36889 0.463566
3.38497 0.743146
3.40105 1.83509
3.41713 0.898505
3.43321 1.11623
3.44929 1.4514
3.46537 0.966119
3.48145 0.996045
3.49753 0.693746
3.51361 0.953618
3.52969 1.13417
3.54577 0.99276
3.56185 1.15611
3.57793 1.01188
3.59402 0.865954
3.6101 1.2385
3.62618 0.989313
3.64226 0.899159
3.65834 1.83257
3.67442 0.385491
3.6905 1.13681
3.70658 1.19412
3.72266 0.95489
3.73874 0.57096
3.75482 1.83733
3.7709 0.883144
3.78698 0.932272
3.80306 1.10014
3.81914 1.18857
3.83522 1.05871
3.8513 0.697253
3.86739 0.855353
3.88347 1.1636
3.89955 0.84306
3.91563 0.83224
3.93171 1.26549
3.94779 1.21885
3.96387 0.434301
3.97995 1.08642
3.99603 0.714258
4.01211 0.887513
4.02819 1.01352
4.04427 1.37921
4.06035 1.24251
4.07643 0.969622
4.09251 0.755437
4.10859 0.755873
4.12468 0.870807
4.14076 0.627293
4.15684 1.14509
4.17292 1.51897
4.189 1.22444
4.20508 0.799127
4.22116 1.2438
4.23724 0.5994
4.25332 1.38746
4.2694 0.837592
4.28548 1.5986
4.30156 0.894192
4.31764 1.22956
4.33372 0.946609
4.3498 1.01317
4.36588 0.883387
4.38196 1.28791
4.39805 0.81549
4.41413 0.958053
4.43021 0.785182
4.44629 1.06897
4.46237 1.03217
4.47845 1.01295
4.49453 1.10213
4.51061 0.958733
4.52669 1.20718
4.54277 1.12033
4.55885 1.19507
4.57493 0.99162
4.59101 1.20217
4.60709 0.890768
4.62317 1.03885
4.63925 0.901682
4.65534 0.722839
4.67142 0.665284
4.6875 0.827432
4.70358 0.901589
4.71966 0.965853
4.73574 0.996744
4.75182 0.61001
4.7679 0.786099
4.78398 1.0045
4.80006 1.14613
4.81614 0.757892
4.83222 0.989805
4.8483 1.38165
4.86438 1.11904
4.88046 0.855597
4.89654 0.899963
4.91262 1.21884
4.92871 1.14661
4.94479 1.15119
4.96087 1.1178
4.97695 1.20347
4.99303 1.0237
5.00911 0.931509
5.02519 1.14073
5.04127 1.02823
5.05735 0.864675
5.07343 0.740033
5.08951 1.05507
5.10559 1.07966
5.12167 1.05153
5.13775 0.618227
5.15383 1.28935
5.16991 1.39046
5.186 0.877865
5.20208 0.612147
5.21816 0.912182
5.23424 1.06984
5.25032 0.824591
5.2664 1.00677
5.28248 0.954467
5.29856 1.09158
5.31464 0.690121
5.33072 1.07229
5.3468 0.973714
5.36288 1.17719
5.37896 0.887983
5.39504 0.898439
5.41112 0.845634
5.4272 1.48481
5.44328 0.939315
5.45937 0.796172
5.47545 0.848746
5.49153 1.1718
5.50761 1.31596
5.52369 0.729757
5.53977 1.30535
5.55585 0.952733
5.57193 1.30299
5.58801 1.13638
5.60409 1.18513
5.62017 0.986726
5.63625 0.925088
5.65233 1.22393
5.66841 0.98403
5.68449 1.04942
5.70057 1.15155
5.71666 0.97759
5.73274 0.761876
5.74882 0.947628
5.7649 0.872368
5.78098 0.790936
5.79706 0.76976
5.81314 0.843013
5.82922 1.16027
5.8453 0.987737
5.86138 0.915681
5.87746 1.03025
5.89354 0.883656
5.90962 0.805301
5.9257 0.97284
5.94178 1.22625
5.95786 0.954514
5.97394 0.906411
5.99003 0.701394
6.00611 1.16436
6.02219 1.39253
6.03827 1.18697
6.05435 1.12937
6.07043 1.09955
6.08651 0.743333
6.10259 0.77566
6.11867 0.895386
6.13475 1.09711
6.15083 0.855265
6.16691 0.761014
6.18299 1.65697
6.19907 1.18336
6.21515 1.01385
6.23123 1.21717
6.24732 0.849431
6.2634 0.920329
6.27948 0.944518
6.29556 0.810454
6.31164 1.2005
6.32772 1.04777
6.3438 1.0729
6.35988 0.879834
6.37596 0.66471
6.39204 0.92758
6.40812 1.20707
6.4242 1.05709
6.44028 0.900727
6.45636 0.959244
6.47244 1.06076
6.48852 0.903132
6.5046 0.892598
6.52069 0.855447
6.53677 1.02153
6.55285 1.48595
6.56893 0.824761
6.58501 0.930609
6.60109 1.3623
6.61717 1.16384
6.63325 0.808672
6.64933 0.790706
6.66541 0.752946
6.68149 1.08876
6.69757 0.905696
6.71365 1.13974
6.72973 1.07237
6.74581 1.04006
6.76189 0.672865
6.77798 1.00175
6.79406 1.27135
6.81014 1.11152
6.82622 1.31261
6.8423 0.813404
6.85838 0.980248
6.87446 1.53075
6.89054 0.979788
6.90662 0.951942
6.9227 0.812575
6.93878 0.829597
6.95486 1.09481
6.97094 1.26275
6.98702 0.959701
7.0031 0.921374
7.01918 0.960293
7.03526 0.984195
7.05135 1.05036
7.06743 0.668427
7.08351 0.830317
7.09959 1.29262
7.11567 0.940715
7.13175 0.943671
7.14783 1.09122
7.16391 1.0096
7.17999 0.751052
7.19607 0.966039
7.21215 0.959807
7.22823 1.06938
7.24431 1.02145
7.26039 0.957414
7.27647 1.02612
7.29255 1.2526
7.30863 0.991967
7.32472 0.987428
7.3408 0.947516
7.35688 0.900164
7.37296 1.16176
7.38904 0.983931
7.40512 1.07874
7.4212 1.10979
7.43728 1.08794
7.45336 0.982725
7.46944 0.915642
7.48552 0.818761
7.5016 0.865677
7.51768 0.94907
7.53376 0.964284
7.54984 0.888987
7.56592 0.82115
7.58201 0.932454
7.59809 1.06906
7.61417 1.0869
7.63025 0.99238
7.64633 1.16828
7.66241 0.670694
7.67849 0.984383
7.69457 0.985031
7.71065 1.22537
7.72673 0.894701
7.74281 0.726022
7.75889 0.894311
7.77497 0.776556
7.79105 0.894357
7.80713 1.35948
7.82321 1.09063
7.83929 1.12372
7.85538 0.851457
7.87146 0.929776
7.88754 1.187
7.90362 1.10534
7.9197 0.68099
7.93578 0.7857
7.95186 1.48289
7.96794 0.792095
7.98402 1.30374
8.0001 1.02836
8.01618 0.91258
8.03226 1.20888
