0.0957398 0.00478616
0.125198 0.140646
0.184115 0.077155
0.198844 0.0727765
0.257761 0.0497296
0.27249 0.0139802
0.287219 0.0862573
0.331407 0.0169223
0.360865 0.0224292
0.375594 0.0946516
0.390324 0.0986958
0.405053 0.0436433
0.46397 0.150411
0.493428 0.203153
0.522886 0.192973
0.537616 0.25652
0.552345 0.164228
0.567074 0.135752
0.581803 0.0651379
0.596532 0.298469
0.611262 0.225854
0.64072 0.0111803
0.655449 0.192327
0.670178 0.320345
0.699637 0.356463
0.714366 0.180291
0.729095 0.436187
0.743824 0.183328
0.758553 0.359825
0.788012 0.484693
0.81747 0.487607
0.832199 0.821934
0.846929 0.442894
0.861658 0.645086
0.876387 0.373853
0.905845 0.402425
0.920575 2.03319
0.935304 0.370397
0.950033 1.57721
0.964762 0.928845
0.979491 1.29753
0.994221 1.31658
1.00895 0.203308
1.02368 1.15417
1.03841 1.57446
1.05314 1.24796
1.06787 2.83855
1.0826 1.26453
1.11205 2.13871
1.12678 1.43066
1.14151 1.84069
1.15624 2.44315
1.17097 0.676911
1.1857 1.89047
1.20043 1.09236
1.21516 1.70588
1.22989 1.56307
1.24462 0.457169
1.25935 1.46734
1.27408 1.21371
1.2888 1.06229
1.30353 2.162
1.31826 1.28107
1.33299 0.888381
1.34772 0.75287
1.36245 0.774025
1.37718 1.54827
1.39191 1.2237
1.40664 1.37279
1.4361 1.2207
1.45083 1.36588
1.48028 1.0687
1.49501 0.571902
1.50974 0.417403
1.52447 1.38336
1.5392 0.740784
1.56866 0.884012
1.58339 1.00441
1.61285 1.09758
1.62758 1.12461
1.64231 0.999033
1.65703 0.649535
1.67176 0.508245
1.68649 1.11157
1.70122 0.528241
1.71595 0.93323
1.73068 0.600894
1.74541 0.452578
1.76014 0.678949
1.77487 0.64022
1.7896 0.942429
1.80433 1.42494
1.81906 0.473239
1.83378 0.558367
1.84851 0.413888
1.86324 0.560131
1.87797 0.728679
1.8927 0.759077
1.92216 0.678951
1.93689 0.658786
1.95162 0.529116
1.96635 0.755847
1.98108 1.39905
1.99581 0.535016
2.01053 0.112907
2.02526 1.38263
2.03999 1.18514
2.05472 0.735429
2.06945 0.80293
2.08418 1.15539
2.09891 0.79833
2.11364 0.768612
2.12837 1.11779
2.1431 1.21195
2.15783 1.00511
2.17256 0.715452
2.18729 1.00263
2.20201 1.25129
2.21674 0.991578
2.23147 1.08604
2.2462 0.84176
2.26093 1.72205
2.27566 0.847946
2.29039 0.89644
2.30512 1.33539
2.31985 1.74202
2.33458 0.894005
2.34931 1.3438
2.36404 1.30157
2.37876 0.560898
2.39349 0.949007
2.40822 0.516867
2.42295 0.98841
2.43768 1.68483
2.45241 0.956094
2.46714 0.806677
2.48187 1.09679
2.4966 1.73607
2.51133 0.991849
2.52606 0.909223
2.54079 0.525617
2.55552 1.48741
2.57024 1.57767
2.58497 1.76127
2.5997 1.332
2.61443 1.93399
2.62916 1.0445
2.64389 0.703052
2.65862 1.11477
2.67335 0.811263
2.68808 1.29471
2.70281 1.02367
2.71754 1.36479
2.73227 1.08574
2.74699 0.623376
2.76172 0.635538
2.77645 0.987494
2.79118 1.12405
2.80591 0.699722
2.82064 1.05638
2.83537 1.12951
2.8501 1.18623
2.86483 0.666112
2.87956 1.03336
2.89429 0.826892
2.90902 0.490162
2.92374 0.664703
2.93847 0.718388
2.9532 0.745306
2.96793 0.705
2.98266 0.714927
2.99739 0.903397
3.01212 0.932052
3.02685 0.997936
3.04158 0.971456
3.05631 0.797096
3.07104 1.02196
3.08577 0.857726
3.1005 0.99552
3.11522 1.48846
3.12995 0.947916
3.14468 1.13479
3.15941 0.778369
3.17414 1.08596
3.18887 0.545423
3.2036 0.731157
3.21833 1.04069
3.23306 0.616328
3.24779 1.0364
3.26252 0.961793
3.27725 0.200769
3.29197 0.985253
3.3067 1.06741
3.32143 1.01562
3.33616 1.11853
3.35089 1.0722
3.36562 1.76491
3.38035 0.610394
3.39508 0.82933
3.40981 1.3421
3.42454 1.25107
3.43927 1.46504
3.454 0.918455
3.46873 0.753741
3.48345 1.27308
3.49818 0.77441
3.51291 0.981487
3.52764 1.02615
3.54237 1.41714
3.5571 1.02463
3.57183 0.774934
3.58656 1.13607
3.60129 1.19042
3.61602 0.933024
3.63075 1.05723
3.64548 1.23475
3.6602 1.05116
3.67493 1.21569
3.68966 0.657461
3.70439 1.18395
3.71912 1.39821
3.73385 0.975513
3.74858 1.08971
3.76331 1.42936
3.77804 0.80481
3.79277 1.04957
3.8075 1.00132
3.82223 0.760371
3.83696 0.71977
3.85168 1.10026
3.86641 1.22088
3.88114 1.11331
3.89587 0.669346
3.9106 1.28632
3.92533 1.61898
3.94006 1.53525
3.95479 0.732129
3.96952 0.88694
3.98425 1.00688
3.99898 0.860961
4.01371 0.592068
4.02843 0.884321
4.04316 0.915167
4.05789 1.34979
4.07262 0.931626
4.08735 0.975041
4.10208 0.992472
4.11681 0.816676
4.13154 0.897557
4.14627 1.05449
4.161 0.819078
4.17573 0.960661
4.19046 1.08303
4.20518 1.15191
4.21991 0.903986
4.23464 0.944798
4.24937 1.01331
4.2641 0.922603
4.27883 0.986438
4.29356 0.870709
4.30829 0.780754
4.32302 1.36786
4.33775 1.34586
4.35248 1.32994
4.36721 0.606174
4.38194 0.606403
4.39666 0.948121
4.41139 0.718508
4.42612 0.62875
4.44085 0.748099
4.45558 1.06556
4.47031 0.925359
4.48504 1.10216
4.49977 1.03734
4.5145 1.0344
4.52923 1.01142
4.54396 0.90224
4.55869 1.16079
4.57341 1.18585
4.58814 1.1413
4.60287 0.784918
4.6176 1.11278
4.63233 0.927161
4.64706 0.844729
4.66179 1.05863
4.67652 1.43554
4.69125 0.731051
4.70598 1.55344
4.72071 1.22326
4.73544 1.1219
4.75017 1.02528
4.76489 0.482847
4.77962 1.21328
4.79435 1.03251
4.80908 1.03537
4.82381 1.25463
4.83854 1.09152
4.85327 0.7974
4.868 0.964138
4.88273 0.995748
4.89746 1.01127
4.91219 1.2545
4.92692 1.06171
4.94164 1.09924
4.95637 0.837158
4.9711 1.07964
4.98583 0.988921
5.00056 0.951371
5.01529 0.760486
5.03002 0.749639
5.04475 0.945353
5.05948 0.988654
5.07421 1.04378
5.08894 0.780484
5.10367 1.16302
5.11839 0.630936
5.13312 1.67631
5.14785 1.07908
5.16258 1.06805
5.17731 0.876647
5.19204 1.15674
5.20677 1.06933
5.2215 0.955384
5.23623 1.06516
5.25096 0.846115
5.26569 0.83707
5.28042 0.847461
5.29515 0.865967
5.30987 0.852745
5.3246 1.22542
5.33933 0.961444
5.35406 0.795025
5.36879 0.744105
5.38352 1.25026
5.39825 1.19977
5.41298 1.00574
5.42771 0.925484
5.44244 0.630545
5.45717 1.35653
5.4719 1.36319
5.48662 1.06978
5.50135 0.858639
5.51608 1.01158
5.53081 0.881231
5.54554 1.06488
5.56027 1.34391
5.575 0.974607
5.58973 0.938568
5.60446 0.823612
5.61919 0.966223
5.63392 0.961231
5.64865 0.954762
5.66338 1.10814
5.6781 1.18992
5.69283 1.05383
5.70756 1.029
5.72229 0.944873
5.73702 0.809909
5.75175 0.848416
5.76648 0.992424
5.78121 1.0529
5.79594 0.951364
5.81067 0.923456
5.8254 0.904579
5.84013 1.3326
5.85485 0.927257
5.86958 0.846007
5.88431 0.9454
5.89904 0.935487
5.91377 0.747205
5.9285 0.86578
5.94323 0.949042
5.95796 1.6486
5.97269 0.68811
5.98742 1.10768
6.00215 0.96113
6.01688 1.02291
6.0316 1.01876
6.04633 1.09132
6.06106 1.19227
6.07579 0.928224
6.09052 1.15864
6.10525 0.889217
6.11998 0.829658
6.13471 0.797484
6.14944 1.03795
6.16417 1.01532
6.1789 1.13645
6.19363 1.21325
6.20836 0.840995
6.22308 1.17673
6.23781 1.14287
6.25254 0.69123
6.26727 1.16547
6.282 0.96828
6.29673 1.10569
6.31146 1.22969
6.32619 1.15274
6.34092 1.1947
6.35565 0.987811
6.37038 0.719836
6.38511 1.10949
6.39983 0.665265
6.41456 0.949132
6.42929 1.10531
6.44402 0.90119
6.45875 0.886716
6.47348 0.739836
6.48821 0.717616
6.50294 1.09221
6.51767 1.22494
6.5324 1.16884
6.54713 0.792128
6.56186 1.139
6.57659 0.609287
6.59131 0.961838
6.60604 1.00186
6.62077 1.18524
6.6355 0.994246
6.65023 1.32562
6.66496 1.05008
6.67969 1.01422
6.69442 0.87228
6.70915 1.02238
6.72388 0.767443
6.73861 1.28762
6.75334 1.3242
6.76806 0.901974
6.78279 1.17405
6.79752 0.74941
6.81225 0.942803
6.82698 1.10618
6.84171 1.08947
6.85644 0.963804
6.87117 1.14929
6.8859 1.13442
6.90063 0.921869
6.91536 1.08885
6.93009 0.811627
6.94481 0.881038
6.95954 0.962696
6.97427 1.14463
6.989 0.968918
7.00373 1.13595
7.01846 1.10194
7.03319 0.999382
7.04792 0.97408
7.06265 1.00511
7.07738 0.821323
7.09211 1.02784
7.10684 1.21726
7.12157 0.725901
7.13629 1.04388
7.15102 0.947643
7.16575 1.14296
7.18048 0.815254
7.19521 0.624128
7.20994 1.05361
7.22467 1.23294
7.2394 0.726797
7.25413 1.09597
7.26886 0.940112
7.28359 0.790061
7.29832 1.11333
7.31304 0.936493
7.32777 1.04677
7.3425 1.14036
7.35723 0.894509
