0.0657754 0.0372058
0.086014 0.025874
0.126491 0.13164
0.13661 0.0226532
0.177088 0.116259
0.187207 0.0652679
0.197326 0.025276
0.227684 0.0303965
0.247923 0.16429
0.258042 0.0830605
0.268161 0.168566
0.27828 0.0726068
0.318758 0.107814
0.338996 0.0372368
0.359235 0.305672
0.369354 0.138398
0.379473 0.0918797
0.389593 0.0918317
0.399712 0.129639
0.409831 0.100467
0.41995 0.152276
0.440189 0.148927
0.450308 0.104982
0.460428 0.156446
0.480666 0.0958921
0.490785 0.306567
0.500905 0.0924948
0.511024 0.175937
0.521143 0.144629
0.541382 0.129766
0.561621 0.124615
0.57174 0.221434
0.581859 0.141926
0.591978 0.156668
0.602098 0.207697
0.622336 0.149155
0.632456 0.250124
0.642575 0.153538
0.652694 0.216012
0.662813 0.177294
0.672933 0.192832
0.683052 0.131254
0.693171 0.320393
0.703291 0.288696
0.71341 0.0371306
0.723529 0.395127
0.733648 0.344048
0.743768 0.220938
0.764006 0.49079
0.774126 0.311746
0.784245 0.360387
0.794364 0.450438
0.804483 0.424138
0.814603 0.636072
0.824722 0.719878
0.834841 0.739177
0.844961 1.10688
0.85508 0.884814
0.865199 0.78222
0.875318 0.68564
0.885438 0.570008
0.895557 0.919496
0.905676 0.910417
0.915796 0.233786
0.925915 1.29198
0.936034 0.854907
0.946153 0.937
0.956273 0.702151
0.966392 0.994183
0.986631 1.55292
0.99675 1.01499
1.01699 2.22412
1.02711 1.22843
1.03723 1.15267
1.04735 1.17413
1.05747 1.33478
1.0777 1.29388
1.08782 1.25711
1.10806 2.27005
1.11818 1.12669
1.1283 1.78904
1.13842 1.2313
1.14854 0.733236
1.15866 1.15046
1.16878 2.41581
1.1789 1.51596
1.18902 1.05856
1.19914 2.18587
1.20925 1.8631
1.21937 1.59704
1.22949 1.40897
1.23961 2.60268
1.24973 1.35511
1.25985 1.65083
1.26997 1.27437
1.28009 1.25821
1.29021 0.778968
1.30033 1.53686
1.32057 1.24941
1.33069 1.56313
1.34081 1.11364
1.35093 1.62337
1.36104 0.788284
1.37116 0.913243
1.38128 0.817598
1.3914 1.21584
1.40152 1.16909
1.41164 0.911806
1.42176 1.04806
1.43188 1.17578
1.442 0.874962
1.45212 1.3993
1.46224 1.75635
1.47236 0.964867
1.48248 1.37524
1.4926 0.785496
1.50271 0.811421
1.51283 0.490553
1.52295 0.84483
1.53307 0.907503
1.54319 1.26513
1.55331 1.3282
1.56343 0.811567
1.57355 0.835119
1.58367 0.626118
1.59379 1.07653
1.60391 1.2326
1.61403 0.542087
1.62415 0.879703
1.63427 0.208816
1.64438 0.536637
1.6545 0.52797
1.66462 0.699516
1.67474 0.448344
1.68486 0.648579
1.69498 0.438435
1.7051 0.695429
1.71522 1.00005
1.72534 0.747717
1.73546 0.652082
1.74558 1.03709
1.7557 0.639538
1.76582 0.553132
1.77594 0.764701
1.78605 0.918524
1.79617 1.06861
1.80629 0.895114
1.81641 0.989205
1.82653 0.865729
1.83665 0.971629
1.84677 0.920249
1.85689 0.518851
1.86701 0.63207
1.87713 0.730023
1.88725 0.522544
1.89737 0.905854
1.90749 0.680042
1.91761 1.12851
1.92772 0.893362
1.93784 0.504384
1.94796 1.12654
1.95808 0.644826
1.9682 1.12319
1.97832 0.997331
1.98844 0.906397
1.99856 0.428479
2.00868 1.18965
2.0188 0.532653
2.02892 0.965866
2.03904 1.09313
2.04916 0.555751
2.05928 1.47151
2.06939 1.06599
2.07951 1.28433
2.08963 0.889
2.09975 1.03152
2.10987 0.926057
2.11999 0.669557
2.13011 1.31852
2.14023 1.1245
2.15035 0.996619
2.16047 1.11057
2.17059 0.918739
2.18071 0.88394
2.19083 1.00803
2.20095 0.953667
2.21106 0.907162
2.22118 0.73124
2.2313 0.847751
2.24142 0.794074
2.25154 1.26796
2.26166 1.20439
2.27178 1.53916
2.2819 1.21377
2.29202 1.43374
2.30214 0.820093
2.31226 1.26325
2.32238 1.15523
2.3325 1.09138
2.34262 1.21824
2.35273 0.75913
2.36285 0.744036
2.37297 1.23996
2.38309 1.14894
2.39321 1.9508
2.40333 1.35226
2.41345 1.42672
2.42357 1.27262
2.43369 0.832653
2.44381 1.38438
2.45393 0.985279
2.46405 1.28364
2.47417 1.04424
2.48429 1.03013
2.4944 1.65822
2.50452 0.938593
2.51464 1.05376
2.52476 1.46764
2.53488 0.814252
2.545 1.0012
2.55512 0.78576
2.56524 0.690942
2.57536 1.25058
2.58548 0.955289
2.5956 0.907748
2.60572 1.30435
2.61584 1.17555
2.62596 1.32807
2.63607 1.02817
2.64619 1.18445
2.65631 1.09059
2.66643 1.15284
2.67655 0.969672
2.68667 0.879551
2.69679 1.09993
2.70691 0.875118
2.71703 1.11527
2.72715 0.833009
2.73727 0.665304
2.74739 0.952663
2.75751 1.29493
2.76763 1.4518
2.77774 0.838674
2.78786 0.938532
2.79798 0.818595
2.8081 1.1933
2.81822 0.851121
2.82834 1.12895
2.83846 1.40131
2.84858 0.958892
2.8587 0.715887
2.86882 0.735094
2.87894 1.1823
2.88906 0.568776
2.89918 0.643288
2.9093 0.9227
2.91941 0.927193
2.92953 1.04545
2.93965 1.26341
2.94977 1.18419
2.95989 0.653948
2.97001 1.11951
2.98013 0.728033
2.99025 1.03246
3.00037 0.950612
3.01049 1.00701
3.02061 0.904421
3.03073 0.631439
3.04085 1.08564
3.05097 0.731004
3.06108 0.976479
3.0712 0.907835
3.08132 0.781692
3.09144 0.744326
3.10156 0.913039
3.11168 0.914462
3.1218 1.13117
3.13192 1.18932
3.14204 1.13925
3.15216 0.865814
3.16228 1.00432
3.1724 0.805576
3.18252 0.733619
3.19264 0.817701
3.20275 0.681656
3.21287 1.06614
3.22299 1.11697
3.23311 0.84306
3.24323 1.27072
3.25335 0.897218
3.26347 0.94585
3.27359 0.994978
3.28371 1.06504
3.29383 0.697367
3.30395 0.876002
3.31407 0.963666
3.32419 0.781745
3.33431 0.87955
3.34442 0.74862
3.35454 0.746773
3.36466 1.04029
3.37478 0.925685
3.3849 1.18505
3.39502 1.3206
3.40514 1.12461
3.41526 1.31708
3.42538 1.25984
3.4355 1.07724
3.44562 1.09727
3.45574 1.23546
3.46586 0.924633
3.47598 0.953427
3.48609 1.26984
3.49621 1.02228
3.50633 1.02855
3.51645 1.0212
3.52657 0.989754
3.53669 1.31654
3.54681 1.23958
3.55693 1.43325
3.56705 0.864724
3.57717 1.10571
3.58729 1.12302
3.59741 1.07467
3.60753 0.751781
3.61765 0.842359
3.62776 1.00513
3.63788 1.09181
3.648 0.998555
3.65812 0.969944
3.66824 1.07519
3.67836 0.732163
3.68848 1.01947
3.6986 1.08222
3.70872 1.21457
3.71884 1.20665
3.72896 1.34488
3.73908 1.00288
3.7492 1.1404
3.75932 1.08341
3.76943 0.879688
3.77955 1.0655
3.78967 0.999764
3.79979 0.774686
3.80991 0.873692
3.82003 1.14947
3.83015 0.76237
3.84027 0.947863
3.85039 0.793289
3.86051 0.907584
3.87063 1.39171
3.88075 0.852955
3.89087 0.845213
3.90099 1.01426
3.91111 0.926733
3.92122 0.878586
3.93134 0.838606
3.94146 0.906382
3.95158 0.960355
3.9617 0.972472
3.97182 0.600172
3.98194 1.04173
3.99206 0.884627
4.00218 0.832633
4.0123 0.624943
4.02242 0.941179
4.03254 1.41325
4.04266 1.03726
4.05278 0.882444
4.06289 0.738139
4.07301 0.910953
4.08313 0.878151
4.09325 0.817624
4.10337 1.12193
4.11349 1.28046
4.12361 1.01592
4.13373 1.46341
4.14385 0.832318
4.15397 0.92694
4.16409 0.904265
4.17421 1.27927
4.18433 1.06641
4.19445 0.901821
4.20456 1.15105
4.21468 1.1632
4.2248 1.11218
4.23492 1.37334
4.24504 0.910246
4.25516 0.972708
4.26528 1.29179
4.2754 0.614368
4.28552 0.771029
4.29564 0.788567
4.30576 1.03365
4.31588 1.14001
4.326 0.820758
4.33612 1.12682
4.34623 0.888869
4.35635 0.983528
4.36647 1.2996
4.37659 1.07826
4.38671 0.879066
4.39683 0.789365
4.40695 1.05221
4.41707 1.29362
4.42719 0.885383
4.43731 1.23823
4.44743 1.38952
4.45755 0.788688
4.46767 1.0141
4.47779 0.841183
4.4879 0.982501
4.49802 0.789234
4.50814 0.929997
4.51826 0.831861
4.52838 0.662897
4.5385 1.16106
4.54862 1.37262
4.55874 1.07976
4.56886 0.927644
4.57898 1.04167
4.5891 1.16226
4.59922 0.956202
4.60934 1.07331
4.61946 1.15235
4.62957 1.22356
4.63969 0.920559
4.64981 0.845429
4.65993 1.16234
4.67005 0.910423
4.68017 0.874148
4.69029 0.781666
4.70041 0.872272
4.71053 1.03154
4.72065 0.685724
4.73077 1.12222
4.74089 0.812322
4.75101 0.884062
4.76113 0.905841
4.77124 0.955269
4.78136 1.18369
4.79148 1.06583
4.8016 1.14782
4.81172 1.15275
4.82184 0.828002
4.83196 0.864763
4.84208 1.13317
4.8522 1.26074
4.86232 1.17086
4.87244 1.22591
4.88256 0.882814
4.89268 1.09754
4.9028 0.391993
4.91291 0.828545
4.92303 0.625494
4.93315 1.22064
4.94327 1.07304
4.95339 0.981911
4.96351 0.739241
4.97363 0.68461
4.98375 1.31275
4.99387 0.679441
5.00399 0.934405
5.01411 1.03121
5.02423 0.630101
5.03435 0.545409
5.04447 1.0507
5.05458 1.18143
