0.110864 0.0768405
0.144976 0.048053
0.213201 0.0880679
0.230257 0.057277
0.298481 0.0980708
0.315537 0.126444
0.332593 0.0827322
0.383761 0.116438
0.417873 0.101693
0.434929 0.0860675
0.451986 0.127592
0.469042 0.0628279
0.537266 0.0946275
0.571378 0.0691961
0.60549 0.224893
0.622546 0.175336
0.639602 0.0659311
0.656658 0.168502
0.673714 0.133916
0.69077 0.236503
0.707826 0.367019
0.741938 0.262328
0.758995 0.844241
0.776051 0.56496
0.810163 0.196652
0.827219 1.02059
0.844275 1.01716
0.861331 0.766976
0.878387 0.525739
0.912499 0.821073
0.946611 1.96626
0.963667 0.897956
0.980723 1.0853
0.997779 0.629982
1.01484 1.25897
1.04895 0.816006
1.066 2.54556
1.08306 1.5486
1.10012 0.475478
1.11717 1.52476
1.13423 0.961689
1.15128 1.79433
1.16834 0.654663
1.1854 1.45995
1.20245 0.786724
1.21951 2.1437
1.23656 1.86536
1.25362 2.45731
1.28773 1.67757
1.30479 0.98375
1.32184 0.553498
1.3389 1.14642
1.35596 0.736141
1.37301 0.781002
1.39007 0.993391
1.40712 1.11296
1.42418 0.747125
1.44124 3.22994
1.45829 1.00056
1.47535 1.36667
1.49241 0.851613
1.50946 0.885886
1.52652 0.676807
1.54357 1.80851
1.56063 0.252413
1.57769 0.845501
1.59474 0.834687
1.6118 0.700655
1.62885 0.75088
1.66297 1.25697
1.68002 0.632134
1.71413 0.846921
1.73119 1.16126
1.74825 1.07524
1.7653 0.438059
1.78236 0.730063
1.81647 0.690939
1.83353 0.584249
1.86764 0.597499
1.88469 0.407231
1.90175 0.838084
1.91881 1.16877
1.93586 1.03626
1.95292 0.549839
1.96997 0.9082
1.98703 0.734186
2.00409 1.00716
2.02114 0.731519
2.0382 0.568502
2.05525 0.369511
2.07231 0.646861
2.08937 1.3664
2.10642 1.28146
2.12348 1.46216
2.14054 0.958444
2.15759 0.931856
2.17465 0.873001
2.1917 1.27603
2.22582 1.08485
2.24287 1.16798
2.25993 1.25305
2.27698 0.810094
2.29404 1.75747
2.3111 1.74436
2.32815 0.740195
2.34521 1.12211
2.36226 0.955244
2.37932 1.41355
2.39638 0.590541
2.41343 1.43108
2.43049 1.28503
2.44754 0.976126
2.4646 1.09021
2.48166 1.3064
2.49871 1.44638
2.51577 0.827811
2.53282 1.50326
2.54988 0.87985
2.56694 1.34588
2.58399 1.18783
2.60105 1.10745
2.6181 0.915694
2.63516 0.924407
2.65222 0.866479
2.66927 0.860847
2.68633 1.06714
2.70339 1.57095
2.72044 0.799853
2.7375 1.21908
2.75455 1.074
2.77161 0.540481
2.78867 1.07468
2.80572 1.09169
2.82278 1.39224
2.83983 0.734013
2.85689 0.954434
2.87395 0.975413
2.891 1.00315
2.90806 0.962298
2.92511 0.821444
2.94217 0.992269
2.95923 0.636112
2.97628 0.587057
2.99334 0.664054
3.01039 0.744759
3.02745 0.720073
3.04451 0.527917
3.06156 0.898736
3.07862 0.843891
3.09567 0.905861
3.11273 1.33069
3.12979 0.772485
3.14684 1.43913
3.1639 0.97315
3.18095 1.02172
3.19801 1.24435
3.21507 0.685827
3.23212 1.50623
3.24918 0.786231
3.26623 0.833627
3.28329 1.31769
3.30035 1.61495
3.3174 0.71425
3.33446 0.661681
3.35152 1.0147
3.36857 1.40353
3.38563 1.49984
3.40268 0.580405
3.41974 1.11698
3.4368 1.19906
3.45385 1.29382
3.47091 0.441866
3.48796 0.583915
3.50502 0.820308
3.52208 1.37779
3.53913 0.948907
3.55619 1.03783
3.57324 0.934981
3.5903 1.24019
3.60736 0.319884
3.62441 1.10803
3.64147 0.897589
3.65852 0.834997
3.67558 1.30896
3.69264 0.95337
3.70969 0.945427
3.72675 0.855057
3.7438 0.955448
3.76086 1.37072
3.77792 1.07062
3.79497 0.722374
3.81203 0.718508
3.82908 0.841965
3.84614 1.21724
3.8632 0.839347
3.88025 1.12911
3.89731 0.40995
3.91437 1.4148
3.93142 0.885332
3.94848 1.21075
3.96553 0.91558
3.98259 0.77899
3.99965 1.2617
4.0167 0.971698
4.03376 0.564451
4.05081 0.969009
4.06787 1.08064
4.08493 0.966419
4.10198 0.659279
4.11904 0.938219
4.13609 1.37516
4.15315 1.16002
4.17021 1.13183
4.18726 0.564337
4.20432 1.25551
4.22137 0.736779
4.23843 1.26359
4.25549 1.35845
4.27254 0.895529
4.2896 1.05984
4.30665 0.809341
4.32371 0.91357
4.34077 0.760185
4.35782 1.42858
4.37488 0.719325
4.39193 0.903247
4.40899 0.740153
4.42605 0.913226
4.4431 0.901083
4.46016 1.07732
4.47722 0.999058
4.49427 0.944259
4.51133 1.53985
4.52838 1.01979
4.54544 1.54099
4.5625 0.794697
4.57955 0.97742
4.59661 0.99301
4.61366 1.33596
4.63072 0.836565
4.64778 0.649143
4.66483 0.898864
4.68189 1.08379
4.69894 0.858401
4.716 0.84298
4.73306 1.0761
4.75011 0.94349
4.76717 1.16838
4.78422 0.956171
4.80128 0.770932
4.81834 0.967938
4.83539 1.3274
4.85245 1.12635
4.8695 0.751799
4.88656 1.25277
4.90362 0.873243
4.92067 0.935715
4.93773 0.795907
4.95478 1.11368
4.97184 1.37463
4.9889 0.951367
5.00595 1.03815
5.02301 1.40151
5.04006 0.845764
5.05712 0.976938
5.07418 0.836719
5.09123 1.29662
5.10829 0.91764
5.12535 1.03382
5.1424 0.646041
5.15946 0.983299
5.17651 1.38643
5.19357 1.13534
5.21063 0.926315
5.22768 1.01361
5.24474 1.50133
5.26179 1.07517
5.27885 0.634965
5.29591 0.929495
5.31296 0.875506
5.33002 0.842136
5.34707 0.928965
5.36413 0.890751
5.38119 0.8189
5.39824 0.985488
5.4153 1.37741
5.43235 1.07552
5.44941 0.927583
5.46647 1.00736
5.48352 1.27765
5.50058 0.836184
5.51763 0.640249
5.53469 1.34499
5.55175 1.34806
5.5688 0.69312
5.58586 1.06934
5.60291 0.961475
5.61997 0.673147
5.63703 1.25074
5.65408 0.706861
5.67114 0.823638
5.6882 1.2025
5.70525 0.488388
5.72231 1.43447
5.73936 0.904647
5.75642 1.30852
5.77348 0.768737
5.79053 0.626945
5.80759 1.02469
5.82464 0.996435
5.8417 0.691708
5.85876 0.843845
5.87581 1.06305
5.89287 0.945301
5.90992 1.07361
5.92698 0.825735
5.94404 0.824156
5.96109 0.888416
5.97815 0.965471
5.9952 0.88061
6.01226 1.08168
6.02932 0.962452
6.04637 1.13618
6.06343 1.10495
6.08048 1.02487
6.09754 1.08259
6.1146 0.832743
6.13165 0.951548
6.14871 0.975913
6.16576 0.94308
6.18282 0.958152
6.19988 1.25572
6.21693 1.06303
6.23399 1.04174
6.25105 0.950267
6.2681 1.03227
6.28516 0.860189
6.30221 1.06846
6.31927 1.3176
6.33633 1.07042
6.35338 0.848892
6.37044 0.869248
6.38749 1.77538
6.40455 0.996172
6.42161 1.10077
6.43866 0.91971
6.45572 0.877701
6.47277 0.995295
6.48983 1.07458
6.50689 1.15945
6.52394 0.966271
6.541 1.01186
6.55805 1.18022
6.57511 0.740553
6.59217 0.749627
6.60922 0.939824
6.62628 0.909851
6.64333 1.28831
6.66039 0.893894
6.67745 0.80521
6.6945 0.924491
6.71156 0.830271
6.72861 1.01021
6.74567 1.04323
6.76273 1.14357
6.77978 1.00939
6.79684 0.699018
6.81389 1.0526
6.83095 0.979025
6.84801 0.829516
6.86506 1.25321
6.88212 1.01989
6.89918 0.831135
6.91623 1.36461
6.93329 1.30193
6.95034 0.918716
6.9674 1.03921
6.98446 1.40463
7.00151 0.944236
7.01857 0.79024
7.03562 0.942157
7.05268 0.90993
7.06974 0.795811
7.08679 0.828495
7.10385 1.1363
7.1209 0.807339
7.13796 0.633117
7.15502 0.948727
7.17207 0.900991
7.18913 0.863527
7.20618 0.780019
7.22324 1.18886
7.2403 1.18429
7.25735 1.1359
7.27441 0.843219
7.29146 1.06147
7.30852 0.891206
7.32558 0.804187
7.34263 1.07988
7.35969 1.28889
7.37674 1.02253
7.3938 1.10625
7.41086 0.902025
7.42791 0.879104
7.44497 0.945131
7.46203 0.767238
7.47908 1.19954
7.49614 0.755962
7.51319 0.736767
7.53025 1.09012
7.54731 1.10585
7.56436 1.03259
7.58142 0.908025
7.59847 0.964192
7.61553 0.867993
7.63259 1.31403
7.64964 0.688621
7.6667 1.17776
7.68375 1.05588
7.70081 0.975651
7.71787 0.862829
7.73492 1.0591
7.75198 1.02079
7.76903 0.99201
7.78609 1.02883
7.80315 0.904298
7.8202 1.13692
7.83726 1.44007
7.85431 1.02504
7.87137 0.943341
7.88843 0.786551
7.90548 0.876979
7.92254 0.954592
7.93959 1.15217
7.95665 1.20527
7.97371 0.759753
7.99076 1.09667
8.00782 1.0687
8.02487 1.21761
8.04193 1.44509
8.05899 0.868765
8.07604 1.1856
8.0931 1.05501
8.11016 0.920262
8.12721 1.28843
8.14427 0.728017
8.16132 0.737931
8.17838 0.83639
8.19544 1.14474
8.21249 0.952501
8.22955 0.94344
8.2466 1.2437
8.26366 0.774618
8.28072 0.682905
8.29777 0.967846
8.31483 1.12961
8.33188 0.897216
8.34894 0.997204
8.366 0.867939
8.38305 1.35534
8.40011 0.911542
8.41716 0.487383
8.43422 0.987246
8.45128 1.0622
8.46833 0.972904
8.48539 0.943902
8.50244 0.914098
8.5195 0.873062
