0.0430724 0.312317
0.0563254 0.162071
0.0828315 0.249881
0.0894581 0.121263
0.115964 0.0583906
0.122591 0.215034
0.129217 0.0747594
0.149097 0.0841658
0.16235 0.233948
0.168976 0.0370702
0.175603 0.0683812
0.182229 0.0386611
0.208735 0.0981807
0.221989 0.0958383
0.235242 0.0190308
0.241868 0.0754922
0.248495 0.227499
0.255121 0.0272179
0.261748 0.0493814
0.268374 0.0911731
0.275001 0.0384806
0.288254 0.395168
0.29488 0.112914
0.301507 0.0923642
0.31476 0.0516607
0.321386 0.0945689
0.328013 0.431393
0.334639 0.136439
0.341266 0.0749545
0.354519 0.0518113
0.367772 0.18698
0.374399 0.201839
0.381025 0.119433
0.387652 0.143287
0.394278 0.0534265
0.407531 0.106746
0.414158 0.213741
0.420784 0.0399064
0.427411 0.0882501
0.434037 0.14056
0.440664 0.0531108
0.44729 0.125622
0.453917 0.301451
0.460543 0.064679
0.46717 0.0163845
0.473796 0.096435
0.480423 0.0793412
0.487049 0.0632303
0.500302 0.133581
0.506929 0.0989686
0.513556 0.170862
0.520182 0.410412
0.526809 0.253979
0.533435 0.226376
0.540062 0.521037
0.546688 0.193366
0.553315 0.428878
0.559941 0.522509
0.566568 0.204952
0.573194 0.274608
0.579821 0.284058
0.586447 0.219593
0.593074 0.225838
0.5997 0.550962
0.606327 0.459049
0.612953 0.180813
0.61958 0.337899
0.626206 0.199838
0.632833 0.330295
0.646086 0.649949
0.652713 1.07218
0.665966 1.83996
0.672592 1.0326
0.679219 2.87712
0.685845 1.3968
0.692472 0.999847
0.705725 0.78674
0.712351 0.334925
0.725604 1.10672
0.732231 0.628658
0.738857 0.617864
0.745484 0.651252
0.75211 0.577863
0.758737 0.726237
0.765363 0.261267
0.77199 0.575304
0.778616 0.51746
0.785243 0.775868
0.791869 0.734725
0.798496 0.83833
0.805123 0.993132
0.811749 0.467957
0.818376 0.498861
0.825002 0.662251
0.831629 0.626495
0.838255 1.02367
0.844882 0.341401
0.851508 0.921033
0.864761 0.886076
0.871388 0.430211
0.878014 0.415812
0.884641 0.388218
0.891267 0.620574
0.897894 0.835076
0.90452 1.11899
0.911147 0.510466
0.917773 0.40006
0.9244 0.471183
0.931026 0.532612
0.937653 0.367228
0.94428 0.462337
0.950906 0.359143
0.957533 0.68383
0.964159 0.433363
0.970786 0.347618
0.977412 0.453949
0.984039 0.565192
0.990665 0.421318
0.997292 0.630637
1.00392 0.449423
1.01054 0.581381
1.01717 0.454313
1.0238 0.711035
1.03042 0.350918
1.03705 0.717327
1.04368 0.683835
1.0503 0.802166
1.05693 0.775214
1.06356 0.710123
1.07018 0.503804
1.07681 0.897169
1.08344 0.336423
1.09006 0.956257
1.09669 0.906764
1.10332 0.664084
1.10994 1.39883
1.11657 0.936594
1.1232 0.906252
1.12982 0.871841
1.13645 1.15768
1.14308 0.885071
1.1497 0.897746
1.15633 1.22955
1.16295 1.24781
1.16958 1.39082
1.17621 1.17351
1.18283 1.31419
1.18946 1.31737
1.19609 1.76823
1.20271 0.835207
1.20934 0.879813
1.21597 1.12332
1.22259 2.10056
1.22922 0.996168
1.23585 0.808205
1.24247 1.37806
1.2491 1.16605
1.25573 1.41698
1.26235 1.06723
1.26898 0.7439
1.27561 1.28369
1.28223 1.37968
1.28886 1.273
1.29549 1.32397
1.30211 1.34893
1.30874 1.36693
1.31536 0.979366
1.32199 1.62303
1.32862 1.16624
1.33524 1.65637
1.34187 2.54906
1.3485 0.94855
1.35512 2.01108
1.36175 2.68057
1.36838 2.00755
1.375 2.36591
1.38163 1.94135
1.38826 1.33826
1.39488 2.25208
1.40151 1.19873
1.40814 1.55131
1.41476 1.67477
1.42139 1.06881
1.42802 1.42967
1.43464 1.59216
1.44127 1.70548
1.4479 2.04899
1.45452 1.11571
1.46115 1.40856
1.46777 2.11566
1.4744 1.40164
1.48103 1.365
1.48765 1.43129
1.49428 1.88293
1.50091 1.49454
1.50753 2.34385
1.51416 0.98205
1.52079 1.24739
1.52741 1.59388
1.53404 1.03187
1.54067 2.0846
1.54729 0.853904
1.55392 1.211
1.56055 1.431
1.56717 2.82703
1.5738 1.11348
1.58043 0.966422
1.58705 1.40455
1.59368 1.15003
1.60031 1.47334
1.60693 1.18007
1.61356 0.898049
1.62018 1.13185
1.62681 0.948208
1.63344 0.710466
1.64006 0.93913
1.64669 0.947425
1.65332 1.27024
1.65994 1.18348
1.66657 0.732095
1.6732 0.337824
1.67982 1.04312
1.68645 0.551281
1.69308 1.15801
1.6997 0.674157
1.70633 0.739472
1.71296 0.889383
1.71958 0.699857
1.72621 0.55759
1.73284 0.538123
1.73946 0.711556
1.74609 0.575515
1.75272 0.512039
1.75934 0.483641
1.76597 0.725788
1.77259 1.08803
1.77922 0.761491
1.78585 0.580863
1.79247 0.58611
1.7991 0.515248
1.80573 0.420455
1.81235 0.460644
1.81898 0.60932
1.82561 0.534651
1.83223 0.723418
1.83886 0.786818
1.84549 0.888157
1.85211 0.65746
1.85874 0.637408
1.86537 0.685802
1.87199 0.594682
1.87862 0.778256
1.88525 0.921513
1.89187 0.708069
1.8985 0.687276
1.90513 0.718827
1.91175 0.615966
1.91838 0.753836
1.925 0.577765
1.93163 0.647012
1.93826 0.673063
1.94488 0.772946
1.95151 0.861478
1.95814 0.728452
1.96476 0.770715
1.97139 0.588894
1.97802 0.912081
1.98464 0.78352
1.99127 0.740067
1.9979 0.777418
2.00452 0.603426
2.01115 0.880052
2.01778 0.947318
2.0244 1.07797
2.03103 0.86285
2.03766 0.647846
2.04428 0.654844
2.05091 1.42842
2.05754 1.06231
2.06416 1.19341
2.07079 0.866805
2.07741 0.889617
2.08404 0.556009
2.09067 0.511534
2.09729 0.96696
2.10392 1.16439
2.11055 0.819767
2.11717 0.679248
2.1238 0.779004
2.13043 1.04869
2.13705 0.876377
2.14368 1.42699
2.15031 0.764251
2.15693 1.07947
2.16356 0.900094
2.17019 0.809334
2.17681 1.10797
2.18344 0.805384
2.19007 1.21061
2.19669 0.990211
2.20332 1.00969
2.20995 0.946114
2.21657 1.37377
2.2232 1.16806
2.22982 1.24922
2.23645 1.02846
2.24308 0.927439
2.2497 0.998428
2.25633 1.0418
2.26296 0.98397
2.26958 1.24783
2.27621 1.45853
2.28284 0.924554
2.28946 1.17129
2.29609 1.13983
2.30272 0.823823
2.30934 0.887456
2.31597 1.37366
2.3226 0.81749
2.32922 1.01859
2.33585 0.693141
2.34248 0.785153
2.3491 1.38851
2.35573 1.1754
2.36236 1.03706
2.36898 0.940044
2.37561 1.04172
2.38223 1.12885
2.38886 1.21319
2.39549 1.15055
2.40211 0.816022
2.40874 1.0749
2.41537 0.884447
2.42199 0.955477
2.42862 1.23118
2.43525 1.07257
2.44187 1.38026
2.4485 1.39057
2.45513 0.908547
2.46175 1.07581
2.46838 0.939776
2.47501 0.811539
2.48163 1.08034
2.48826 1.36621
2.49489 0.93815
2.50151 0.913566
2.50814 1.20342
2.51477 1.03297
2.52139 0.900186
2.52802 0.739083
2.53465 1.1578
2.54127 1.11032
2.5479 0.671816
2.55452 1.17706
2.56115 0.922949
2.56778 1.08266
2.5744 1.01798
2.58103 0.964626
2.58766 1.2379
2.59428 0.854676
2.60091 0.906445
2.60754 1.02186
2.61416 1.26494
2.62079 1.13358
2.62742 0.941102
2.63404 0.812844
2.64067 1.10906
2.6473 1.13615
2.65392 1.02918
2.66055 0.947587
2.66718 1.09328
2.6738 1.18311
2.68043 1.14936
2.68706 0.952063
2.69368 1.10331
2.70031 1.055
2.70693 1.03273
2.71356 1.0015
2.72019 0.951297
2.72681 0.983285
2.73344 1.25264
2.74007 0.98434
2.74669 1.79797
2.75332 1.02221
2.75995 1.28312
2.76657 0.981662
2.7732 1.20591
2.77983 0.99918
2.78645 0.879909
2.79308 1.18139
2.79971 1.51755
2.80633 1.03471
2.81296 0.77106
2.81959 1.16983
2.82621 1.2142
2.83284 1.03524
2.83947 1.10624
2.84609 1.03818
2.85272 1.18492
2.85934 0.930789
2.86597 0.90611
2.8726 1.02285
2.87922 1.12331
2.88585 1.2131
2.89248 0.82968
2.8991 0.891315
2.90573 1.30014
2.91236 0.865641
2.91898 1.28129
2.92561 1.22493
2.93224 1.15872
2.93886 0.95247
2.94549 1.06614
2.95212 0.945312
2.95874 1.20359
2.96537 0.860314
2.972 1.03671
2.97862 1.14638
2.98525 0.877162
2.99188 0.826059
2.9985 1.03551
3.00513 0.989596
3.01175 0.791909
3.01838 0.971769
3.02501 1.03381
3.03163 0.832884
3.03826 1.04255
3.04489 1.0535
3.05151 0.924561
3.05814 1.24997
3.06477 0.892191
3.07139 0.967165
3.07802 1.01976
3.08465 1.11464
3.09127 0.878849
3.0979 1.0206
3.10453 0.984622
3.11115 0.962575
3.11778 0.934669
3.12441 1.12759
3.13103 1.08093
3.13766 0.943187
3.14429 0.876081
3.15091 1.10258
3.15754 1.05864
3.16416 0.900237
3.17079 0.942485
3.17742 1.30519
3.18404 0.887703
3.19067 0.795837
3.1973 1.35889
3.20392 0.795781
3.21055 1.4365
3.21718 0.722817
3.2238 0.78459
3.23043 0.893203
3.23706 1.1198
3.24368 0.809204
3.25031 1.05624
3.25694 0.774102
3.26356 0.934189
3.27019 0.76376
3.27682 1.71115
3.28344 0.889978
3.29007 0.72568
3.2967 1.03337
3.30332 0.96445
3.30995 1.37112
