0.0744759 0.023853
0.0973916 0.0803971
0.143223 0.0719839
0.154681 0.0622598
0.200512 0.0491286
0.21197 0.0069882
0.223428 0.0997127
0.257801 0.159298
0.280717 0.121084
0.292175 0.116453
0.303633 0.00774362
0.315091 0.128645
0.360922 0.110348
0.383838 0.111144
0.406753 0.0164477
0.418211 0.0764326
0.429669 0.0709048
0.441127 0.300331
0.452585 0.205481
0.464042 0.0721814
0.4755 0.0961998
0.498416 0.441584
0.509874 0.169912
0.521332 0.196465
0.544247 0.361732
0.555705 0.196945
0.567163 0.25645
0.578621 0.262898
0.590079 0.385889
0.612994 0.223285
0.63591 0.251205
0.647368 0.272882
0.658826 0.346549
0.670284 0.266633
0.681741 0.0902845
0.704657 0.189432
0.716115 0.411775
0.727573 0.537183
0.739031 0.449229
0.750488 0.909628
0.761946 0.484262
0.773404 0.552608
0.784862 1.88573
0.79632 0.681972
0.807778 0.168249
0.819235 1.1677
0.830693 0.692404
0.842151 0.419221
0.865067 0.843354
0.876525 1.45772
0.887982 1.79159
0.89944 0.865884
0.910898 1.02568
0.922356 0.873271
0.933814 0.954874
0.945272 0.696103
0.956729 0.590097
0.968187 1.31703
0.979645 1.06951
0.991103 0.992847
1.00256 1.18077
1.01402 1.24469
1.02548 1.40073
1.03693 0.957761
1.04839 1.19266
1.05985 1.40574
1.07131 1.4153
1.08277 1.37266
1.09422 1.74262
1.11714 1.34553
1.1286 0.620157
1.15151 1.84707
1.16297 0.934524
1.17443 0.661893
1.18589 0.946906
1.19734 0.503135
1.22026 1.09762
1.23172 1.65239
1.25463 1.07079
1.26609 0.805445
1.27755 1.73809
1.28901 1.08113
1.30046 1.08305
1.31192 1.05191
1.32338 1.83287
1.33484 1.62542
1.3463 1.24805
1.35775 0.933006
1.36921 1.43015
1.38067 1.0749
1.39213 0.768653
1.40359 0.809491
1.41504 1.09306
1.4265 1.17682
1.43796 0.821788
1.44942 0.711185
1.46087 1.42264
1.47233 0.990704
1.49525 0.867473
1.50671 1.17241
1.51816 1.08173
1.52962 0.612694
1.54108 1.15998
1.55254 0.341591
1.56399 0.34509
1.57545 0.968146
1.58691 0.974849
1.59837 0.841194
1.60983 1.1023
1.62128 0.659245
1.63274 1.13479
1.6442 1.45455
1.65566 1.14944
1.66712 1.01665
1.67857 1.37459
1.69003 0.919152
1.70149 1.24052
1.71295 1.1203
1.7244 0.833474
1.73586 0.545044
1.74732 1.45296
1.75878 0.732057
1.77024 1.13373
1.78169 0.686284
1.79315 0.971352
1.80461 0.880638
1.81607 2.22488
1.82753 1.014
1.83898 1.22348
1.85044 1.09851
1.8619 0.665538
1.87336 1.28426
1.88481 0.756169
1.89627 0.895002
1.90773 0.697788
1.91919 1.31944
1.93065 1.06388
1.9421 0.616757
1.95356 0.91145
1.96502 0.821743
1.97648 1.17971
1.98793 1.0584
1.99939 0.804233
2.01085 0.743988
2.02231 0.96087
2.03377 0.756793
2.04522 1.23029
2.05668 0.489974
2.06814 0.684892
2.0796 0.662145
2.09106 0.713968
2.10251 0.962767
2.11397 1.02898
2.12543 0.778657
2.13689 0.855116
2.14834 0.8659
2.1598 0.931808
2.17126 0.630649
2.18272 0.941354
2.19418 0.937387
2.20563 0.934035
2.21709 1.10645
2.22855 1.66844
2.24001 0.880188
2.25147 0.715998
2.26292 0.850306
2.27438 1.29085
2.28584 0.94855
2.2973 1.10811
2.30875 1.22516
2.32021 1.60714
2.33167 1.05687
2.34313 0.797149
2.35459 1.27993
2.36604 1.32494
2.3775 0.872086
2.38896 0.99908
2.40042 1.04711
2.41187 0.873618
2.42333 1.32055
2.43479 1.15763
2.44625 1.12236
2.45771 0.850116
2.46916 0.778015
2.48062 1.27098
2.49208 1.17418
2.50354 1.54542
2.515 1.19882
2.52645 0.971922
2.53791 0.862346
2.54937 1.31782
2.56083 0.890758
2.57228 0.977978
2.58374 1.06685
2.5952 0.542648
2.60666 1.34023
2.61812 1.95972
2.62957 0.849847
2.64103 1.27204
2.65249 0.921611
2.66395 0.789981
2.67541 1.32506
2.68686 1.09669
2.69832 0.788802
2.70978 0.471393
2.72124 0.749518
2.73269 0.812774
2.74415 0.620764
2.75561 0.815746
2.76707 1.23967
2.77853 0.934944
2.78998 0.661989
2.80144 1.15612
2.8129 1.1977
2.82436 1.02304
2.83581 0.937604
2.84727 0.889
2.85873 0.995704
2.87019 1.40552
2.88165 1.08443
2.8931 0.669738
2.90456 1.15237
2.91602 0.898537
2.92748 1.03593
2.93894 1.17801
2.95039 0.980397
2.96185 0.850957
2.97331 0.75891
2.98477 1.12767
2.99622 0.98949
3.00768 0.930693
3.01914 0.562447
3.0306 0.758677
3.04206 1.01256
3.05351 1.14406
3.06497 1.02747
3.07643 1.13204
3.08789 0.967816
3.09935 0.42927
3.1108 0.869942
3.12226 1.39888
3.13372 0.890954
3.14518 1.03628
3.15663 0.980952
3.16809 0.997593
3.17955 0.949327
3.19101 1.24581
3.20247 1.30901
3.21392 0.859738
3.22538 0.892005
3.23684 0.809091
3.2483 0.941837
3.25975 1.43875
3.27121 0.703854
3.28267 1.10094
3.29413 0.980034
3.30559 1.10638
3.31704 1.05443
3.3285 0.968747
3.33996 0.989943
3.35142 1.29451
3.36288 0.898405
3.37433 1.29586
3.38579 1.07077
3.39725 0.966389
3.40871 1.73098
3.42016 0.95008
3.43162 0.771743
3.44308 0.876855
3.45454 0.994945
3.466 1.48948
3.47745 1.30086
3.48891 0.863775
3.50037 0.729433
3.51183 1.04404
3.52329 0.855527
3.53474 0.868485
3.5462 0.915129
3.55766 1.00681
3.56912 1.11645
3.58057 0.78812
3.59203 0.851169
3.60349 1.30026
3.61495 0.765241
3.62641 0.993227
3.63786 1.02277
3.64932 1.05704
3.66078 0.830827
3.67224 0.899375
3.68369 1.22567
3.69515 1.01955
3.70661 0.557263
3.71807 0.814493
3.72953 0.984433
3.74098 1.07035
3.75244 1.14755
3.7639 0.793919
3.77536 0.908097
3.78682 0.908349
3.79827 0.98483
3.80973 0.952491
3.82119 1.49097
3.83265 0.677661
3.8441 1.28746
3.85556 1.25575
3.86702 1.56302
3.87848 1.03805
3.88994 0.917334
3.90139 0.902361
3.91285 0.856126
3.92431 0.964217
3.93577 0.981712
3.94723 1.08057
3.95868 0.852418
3.97014 1.05056
3.9816 0.834327
3.99306 1.11875
4.00451 1.00671
4.01597 1.07451
4.02743 0.932297
4.03889 1.11737
4.05035 0.925962
4.0618 0.943308
4.07326 0.893057
4.08472 0.870314
4.09618 1.08969
4.10763 0.891777
4.11909 0.900232
4.13055 1.0839
4.14201 1.11065
4.15347 0.937248
4.16492 0.950478
4.17638 1.06815
4.18784 1.29357
4.1993 0.985375
4.21076 1.21788
4.22221 0.931363
4.23367 0.759986
4.24513 0.906565
4.25659 0.899552
4.26804 0.813226
4.2795 0.942153
4.29096 0.857904
4.30242 0.901576
4.31388 1.10321
4.32533 1.00313
4.33679 0.800644
4.34825 1.00671
4.35971 1.13575
4.37117 1.19931
4.38262 0.904958
4.39408 0.984656
4.40554 1.31767
4.417 0.878949
4.42845 0.764999
4.43991 0.855624
4.45137 0.852829
4.46283 1.24766
4.47429 0.696536
4.48574 0.897373
4.4972 1.47888
4.50866 1.1526
4.52012 1.1512
4.53157 1.12352
4.54303 1.22341
4.55449 1.04202
4.56595 0.928983
4.57741 0.714403
4.58886 1.09154
4.60032 0.818997
4.61178 1.13381
4.62324 0.746174
4.6347 0.841537
4.64615 0.962499
4.65761 1.09594
4.66907 1.16476
4.68053 1.10342
4.69198 1.07112
4.70344 0.856333
4.7149 1.18519
4.72636 0.896643
4.73782 0.83891
4.74927 0.8394
4.76073 1.06871
4.77219 1.24485
4.78365 1.0862
4.79511 0.979867
4.80656 1.0234
4.81802 0.920173
4.82948 1.08941
4.84094 1.0212
4.85239 1.29909
4.86385 0.772569
4.87531 0.974612
4.88677 0.990223
4.89823 0.674662
4.90968 1.21027
4.92114 0.846075
4.9326 1.00584
4.94406 0.977238
4.95551 1.04191
4.96697 0.805042
4.97843 0.821623
4.98989 1.2356
5.00135 0.690363
5.0128 1.17717
5.02426 1.04774
5.03572 0.882656
5.04718 0.851971
5.05864 0.71839
5.07009 1.02171
5.08155 1.29091
5.09301 0.991787
5.10447 0.932743
5.11592 0.65737
5.12738 0.932276
5.13884 1.04194
5.1503 0.845464
5.16176 0.959637
5.17321 0.986667
5.18467 1.14068
5.19613 1.19013
5.20759 0.960908
5.21905 1.02639
5.2305 0.987492
5.24196 0.998646
5.25342 0.731532
5.26488 0.88127
5.27633 0.852293
5.28779 1.38559
5.29925 1.00938
5.31071 0.873834
5.32217 0.754273
5.33362 1.00898
5.34508 0.918474
5.35654 0.841744
5.368 1.07358
5.37945 1.19529
5.39091 1.05128
5.40237 1.13053
5.41383 1.01932
5.42529 1.19034
5.43674 1.20828
5.4482 1.10069
5.45966 1.62352
5.47112 0.812415
5.48258 1.14736
5.49403 0.995683
5.50549 1.07081
5.51695 1.24103
5.52841 0.863851
5.53986 0.853617
5.55132 0.847328
5.56278 1.22579
5.57424 0.930378
5.5857 0.711905
5.59715 0.797608
5.60861 1.13403
5.62007 0.89981
5.63153 0.74007
5.64299 1.43051
5.65444 1.43324
5.6659 0.894382
5.67736 1.0081
5.68882 0.994898
5.70027 1.15434
5.71173 1.09401
5.72319 1.27173
