0.904071333333 0.03490315
0.910986666667 0.336884333333
0.935871 0.958174333333
0.864527666667 0.869101
0.39399 0.0155333066667
0.342364 0.0193217066667
0.623591333333 0.244065666667
0.678368333333 0.322865
0.660793666667 0.290246333333
0.630760333333 0.284226333333
0.841552 0.398239666667
0.801925666667 0.0339987
0.857410333333 0.0193568833333
0.733437 0.0389805333333
0.767729333333 0.0430707
0.969367 0.0639359166667
0.937362 0.0408826833333
0.970494666667 0.339232666667
0.945654333333 0.315123333333
0.865023 0.230678
0.899255666667 0.281480333333
0.865009666667 0.266140666667
0.887166333333 0.320091666667
0.827418333333 0.28174
0.852330666667 0.158900666667
0.890067 0.164084666667
0.958509 0.924858333333
0.835920333333 0.870939666667
0.879817 0.908169
0.911742 0.904419333333
0.924272 0.931041
0.901634 0.964357
0.874307 0.827554666667
0.0280455833333 0.735468666667
0.0457498533333 0.709874
0.112871966667 0.6864
0.606128333333 0.661299666667
0.482040333333 0.593054666667
0.517075666667 0.650633
0.191719 0.217248666667
0.01832021 0.126312566667
0.0303030066667 0.226130333333
0.0584363666667 0.262450333333
0.0196463733333 0.307660666667
0.0105065933333 0.446256666667
0.0176800866667 0.559751
0.164023333333 0.565778333333
0.644746333333 0.0379356666667
0.689470333333 0.0206131333333
0.455703333333 0.0122434733333
0.598431 0.00849312333333
0.779247333333 0.0100614833333
0.575526333333 0.0362854333333
0.605453333333 0.0511104666667
0.655595 0.0701673333333
0.616302 0.0833421333333
0.297319 0.32685
0.290032333333 0.364025666667
0.302698333333 0.389416
0.541705333333 0.0542553
0.536412 0.0872013
0.408881333333 0.0499701666667
0.712768666667 0.682572333333
0.647336333333 0.659264333333
0.670492 0.684974666667
0.729175333333 0.709335333333
0.769896666667 0.711412
0.741745 0.161780666667
0.770325333333 0.0844522
0.929280666667 0.0744400333333
0.902211 0.100921766667
0.912992 0.136398666667
0.954900333333 0.132971666667
0.961285666667 0.0974932666667
0.938694 0.262544
0.961272333333 0.279394333333
0.993191666667 0.245885666667
0.986112666667 0.303503666667
0.835188666667 0.180028333333
0.83563 0.214465
0.800714333333 0.161419333333
0.774978666667 0.178105666667
0.710561333333 0.175988
0.679813666667 0.145964
0.649408666667 0.147311666667
0.644857666667 0.210616666667
0.636492666667 0.179348666667
0.719868 0.328363
0.730824 0.364569
0.684708333333 0.263111666667
0.675941333333 0.223642666667
0.705569333333 0.206723333333
0.788038 0.269195333333
0.796236333333 0.237383
0.770059333333 0.219632666667
0.731833666667 0.234043
0.718043 0.266575333333
0.735628 0.299208
0.766866 0.299116666667
0.855723333333 0.332047
0.830221333333 0.309035
0.8401 0.361818333333
0.802155666667 0.354037
0.792139333333 0.323779
0.865253333333 0.0627500666667
0.871474333333 0.0952113333333
0.831184333333 0.0605927666667
0.844519 0.125504233333
0.810357333333 0.124859233333
0.803243666667 0.0924090333333
0.80491 0.850901
0.736528666667 0.918590333333
0.749311666667 0.88162
0.78194 0.877032666667
0.812950333333 0.897071333333
0.971577 0.378666666667
0.869337333333 0.402875
0.905812666667 0.371128666667
0.941562666667 0.388801666667
0.938582333333 0.421115333333
0.987269333333 0.457281333333
0.991508666667 0.627408
0.852186333333 0.793143333333
0.964955 0.891134666667
0.935247333333 0.871198666667
0.720889666667 0.860668
0.727467 0.828394
0.703178 0.920426333333
0.691814333333 0.882245666667
0.657372333333 0.870529
0.529957 0.688078
0.516229 0.973833
0.550218 0.947615
0.0279115866667 0.676854666667
0.0281904666667 0.576129333333
0.0150250866667 0.619001
0.04472243 0.777781666667
0.0595528 0.856931333333
0.130141 0.622159
0.132462 0.581318
0.657545 0.712999666667
0.589796333333 0.634610333333
0.52903 0.599722
0.544056 0.629579
0.475843666667 0.643014333333
0.455834333333 0.615293
0.422590666667 0.606884
0.214125333333 0.970105
0.0790022 0.957358333333
0.0392032333333 0.924761
0.0652575333333 0.895391
0.191897666667 0.878291666667
0.195048 0.916661666667
0.16918 0.939676
0.0547368333333 0.298019333333
0.0389009666667 0.391596333333
0.0338625333333 0.358028
0.0899136 0.114988533333
0.138597 0.176504666667
0.161394 0.216058333333
0.0881166666667 0.240335666667
0.153842 0.147984333333
0.129959333333 0.115324533333
0.148211 0.0906042666667
0.0499634666667 0.420755666667
0.0642748 0.449665
0.196807 0.584100333333
0.0481042333333 0.533196666667
0.0761107666667 0.559317666667
0.105026466667 0.550470666667
0.0990806 0.506979
0.0414533 0.500155
0.0635139666667 0.482784333333
0.120874466667 0.490171333333
0.103327433333 0.449174666667
0.691525 0.120058666667
0.730898666667 0.128938666667
0.740857 0.100746733333
0.716560666667 0.0686640333333
0.683442666667 0.0825283
0.371185 0.294761
0.324816333333 0.318900666667
0.328247 0.289172333333
0.182657333333 0.302565333333
0.230053666667 0.375425333333
0.252883333333 0.353368333333
0.26017 0.316192666667
0.279571666667 0.420820666667
0.244076 0.417487333333
0.428476333333 0.268016666667
0.38487 0.269491
0.366346 0.239709666667
0.386444333333 0.204635333333
0.493672 0.242683
0.500574 0.283982333333
0.538408666667 0.363721
0.600115333333 0.111575433333
0.617085666667 0.137278666667
0.556948666667 0.114517433333
0.541178 0.144284333333
0.604169666667 0.169315666667
0.394260666667 0.123485933333
0.436632 0.0622102666667
0.47628 0.0356276666667
0.504172333333 0.0503077
0.498879 0.0832537
0.661879 0.630298333333
0.813431333333 0.417251
0.788004333333 0.383456
0.757706 0.389495333333
0.956503 0.168376333333
0.975556333333 0.19387
0.945899 0.234637666667
0.906474 0.218111333333
0.914907333333 0.189767333333
0.79593 0.822611
0.761090333333 0.809712333333
0.820873333333 0.794759
0.753876666667 0.772958
0.780568 0.748350333333
0.812725 0.757252666667
0.816 0.927013
0.863546333333 0.969515666667
0.854259333333 0.939949333333
0.810883333333 0.599296666667
0.875002333333 0.639309
0.872330333333 0.756759333333
0.861891 0.703181666667
0.850637666667 0.734370666667
0.891498666667 0.676341
0.937405333333 0.730613333333
0.912827333333 0.755402666667
0.96746 0.845637
0.977852666667 0.757757333333
0.966448666667 0.684965
0.599818333333 0.886168333333
0.634634 0.890446333333
0.584426333333 0.925852666667
0.565895 0.982417333333
0.542303 0.760321333333
0.562701333333 0.736937666667
0.555283666667 0.703386
0.589451333333 0.688227666667
0.603773 0.740715
0.617712333333 0.714217333333
0.494042333333 0.699340333333
0.465621 0.669509333333
0.02266236 0.804926
0.02556203 0.84032
0.00598551333333 0.762613
0.00362979 0.565670333333
0.0164592966667 0.887488666667
0.0758250666667 0.785131
0.0472468333333 0.652615333333
0.0831474666667 0.658401
0.0982675 0.626668333333
0.0410968333333 0.610637666667
0.0716728 0.594674333333
0.258414333333 0.594184666667
0.246652666667 0.539475
0.234542666667 0.568025666667
0.280873666667 0.484415666667
0.297776666667 0.452979
0.284326 0.521151666667
0.313004333333 0.537356333333
0.315165 0.633527333333
0.295174 0.599681333333
0.320958666667 0.575946
0.359740666667 0.587139333333
0.268075333333 0.665384
0.297993666667 0.661753333333
0.321499333333 0.694078
0.313029666667 0.727836333333
0.282831666667 0.737773
0.261383 0.707645333333
0.641572333333 0.833298333333
0.620354666667 0.769817333333
0.702682666667 0.808514
0.719615666667 0.77297
0.665401666667 0.812149666667
0.652981 0.777867666667
0.705585666667 0.746285666667
0.676232 0.747547666667
0.403901333333 0.633294
0.370095666667 0.623001
0.351304666667 0.645653666667
0.381337 0.706576666667
0.353054333333 0.683871
0.418710333333 0.697533333333
0.426922333333 0.668198
0.229749666667 0.933393666667
0.257956 0.960301666667
0.297469666667 0.951384333333
0.297584666667 0.916953333333
0.130687666667 0.897067
0.141369 0.929647333333
0.0996305 0.911683
0.110311833333 0.944263333333
0.233105333333 0.711542
0.283500333333 0.777107666667
0.325752666667 0.965386333333
0.494833666667 0.986861333333
0.439607333333 0.988435666667
0.487324666667 0.866799
0.454240666667 0.851533333333
0.11371 0.03643816
0.139771333333 0.0563413
0.150069 0.0122804333333
0.176130333333 0.0321835733333
0.0390488366667 0.0836600333333
0.0729182 0.0847506666667
0.03264807 0.0465788666667
0.0615091 0.0235892266667
0.0880686 0.0450375933333
0.104850833333 0.176032666667
0.0850425 0.203245666667
0.0800501 0.147176333333
0.0423260733333 0.159591
0.0454778066667 0.191714333333
0.113605 0.25373
0.145992666667 0.244549
0.121459333333 0.291318333333
0.153847 0.282137333333
0.166089666667 0.422141666667
0.122241633333 0.426143666667
0.196980666667 0.613695666667
0.216099666667 0.672717
0.239792666667 0.646487
0.235640333333 0.620437
0.186142333333 0.683823333333
0.159727 0.668723
0.161876 0.636214666667
0.168340333333 0.532077666667
0.147910666667 0.503840333333
0.246961 0.290084333333
0.213985666667 0.280805
0.211661 0.244906
0.521622 0.493661333333
0.472357 0.563706666667
0.495099 0.539733666667
0.488610666667 0.502183666667
0.46881 0.482845666667
0.464411666667 0.219653666667
0.436251 0.23326
0.412743 0.19966
0.521762333333 0.196632333333
0.519897666667 0.230218666667
0.578720666667 0.192297
0.551650333333 0.179999
0.589777333333 0.235779
0.508535666667 0.366090333333
0.506226666667 0.412995666667
0.530921333333 0.296913
0.574120666667 0.267793666667
0.545346 0.264582666667
0.548456666667 0.330930333333
0.589828666667 0.332141
0.601068 0.301334666667
0.379175666667 0.0645224666667
0.374421 0.0915754
0.361646333333 0.182413
0.364802333333 0.147979
0.478192666667 0.1064155
0.443838 0.1000521
0.499955 0.14013
0.489100666667 0.166875666667
0.423158666667 0.1315486
0.429568666667 0.165266
0.457975666667 0.177432666667
0.768375 0.583345333333
0.607994 0.598486333333
0.638868666667 0.596209666667
0.758335666667 0.432761666667
0.791602333333 0.44549
0.69964 0.376036333333
0.66598 0.349471666667
0.534367666667 0.432678
0.542710666667 0.468032
0.55948 0.402128333333
0.755072 0.942758333333
0.789361333333 0.944127666667
0.719369333333 0.972070333333
0.825383333333 0.973991
0.772449666667 0.984705
0.833736666667 0.684866666667
0.796345333333 0.687077333333
0.783737333333 0.655821
0.845532666667 0.648957
0.815825 0.632845333333
0.834914 0.574245666667
0.868279666667 0.565209
0.958132666667 0.452936333333
0.976805333333 0.499237333333
0.965466666667 0.650372333333
0.936423333333 0.696020666667
0.919760333333 0.671580666667
0.957435333333 0.611213666667
0.929707333333 0.628899
0.895096333333 0.579957
0.896142 0.612894333333
0.921837666667 0.783551333333
0.947088 0.804516333333
0.903461333333 0.819319333333
0.928711666667 0.840284333333
0.642594333333 0.923876666667
0.676696333333 0.94214
0.674344333333 0.969616
0.607664 0.943252
0.623121666667 0.973598666667
0.551035333333 0.789341333333
0.588015333333 0.79506
0.596812333333 0.824259
0.577796666667 0.857211666667
0.54853 0.863472333333
0.523670333333 0.840456
0.519695333333 0.811555
0.388359 0.744767333333
0.502487 0.759217333333
0.483599333333 0.730369333333
0.446966 0.729873666667
0.429248666667 0.756909333333
0.432556666667 0.788938333333
0.462266333333 0.806405666667
0.491375333333 0.792770333333
0.0980209666667 0.760306666667
0.111984633333 0.714766333333
0.0846226 0.727362666667
0.3383 0.392207666667
0.280336333333 0.853480333333
0.220437666667 0.869388
0.245033666667 0.904231333333
0.273355 0.896708333333
0.257817333333 0.789456333333
0.225042666667 0.83484
0.25662 0.826455333333
0.313319333333 0.850583666667
0.324406 0.888421
0.354791 0.944019666667
0.353329333333 0.901485333333
0.490396 0.895318666667
0.531757333333 0.896525
0.528544333333 0.929465
0.494555333333 0.955683
0.470396333333 0.931307
0.182245666667 0.336203
0.158179666667 0.360675
0.203953333333 0.362608
0.179887333333 0.38708
0.131435333333 0.364314666667
0.0650069333333 0.359684
0.0760694333333 0.388843333333
0.109294966667 0.394721666667
0.111420333333 0.327542
0.0782174666667 0.328789666667
0.229072666667 0.515456333333
0.197623666667 0.514954333333
0.248568 0.482063333333
0.229975333333 0.447293333333
0.190050333333 0.452449
0.177194 0.486717
0.344379 0.519894666667
0.464207 0.440623333333
0.476955333333 0.414649666667
0.483120666667 0.342825666667
0.446622333333 0.298300333333
0.478389333333 0.304234666667
0.462347666667 0.370335
0.331483666667 0.1054748
0.326771666667 0.140936
0.330781 0.236951666667
0.326327666667 0.205428
0.306367 0.261144333333
0.272320333333 0.258954
0.248713666667 0.235257333333
0.708011333333 0.591971333333
0.743429 0.600212666667
0.696006333333 0.624211333333
0.723740333333 0.650775
0.753849666667 0.639139666667
0.581453666667 0.538971
0.588842666667 0.572438666667
0.555619 0.578705666667
0.531371333333 0.548065333333
0.544033333333 0.524819333333
0.601587 0.518171333333
0.585255333333 0.478390333333
0.616887666667 0.456018666667
0.661517 0.476658666667
0.72163 0.472361666667
0.730961333333 0.441089666667
0.686602333333 0.461224333333
0.699147666667 0.409290666667
0.672589333333 0.420353
0.733826333333 0.527339333333
0.744909333333 0.497277333333
0.766452666667 0.549448666667
0.587619 0.402754
0.613289333333 0.425236
0.643905666667 0.405004666667
0.607919666667 0.365557333333
0.636804 0.367377666667
0.881712333333 0.520821666667
0.876880666667 0.439986
0.910375666667 0.440553333333
0.929926 0.472374333333
0.919825 0.503423333333
0.968817666667 0.541847666667
0.957521666667 0.573994
0.940044 0.526595666667
0.928748 0.558742
0.136371333333 0.770058333333
0.203112 0.803694666667
0.18002 0.728502
0.152717333333 0.741768
0.214136333333 0.744996333333
0.222743666667 0.775903333333
0.423171666667 0.864128666667
0.391895333333 0.850898
0.410068 0.895590333333
0.378791666667 0.882359666667
0.316601666667 0.788774666667
0.331097666667 0.82035
0.334854 0.759431333333
0.367418333333 0.76496
0.394570333333 0.7984
0.376502 0.824446666667
0.412312 0.975372666667
0.386124 0.955580333333
0.442126666667 0.946069
0.415938666667 0.926276666667
0.423533333333 0.438928
0.396961333333 0.422673666667
0.3532 0.486546666667
0.336758666667 0.455447666667
0.354155333333 0.426081
0.438347333333 0.537795333333
0.414787 0.558734333333
0.441288666667 0.494484333333
0.385742666667 0.549282666667
0.378335333333 0.520627666667
0.414476 0.469962666667
0.387156333333 0.487279666667
0.404360333333 0.392598666667
0.391008666667 0.328287666667
0.422839666667 0.333301333333
0.433833666667 0.366745
0.363937666667 0.345558666667
0.366295333333 0.376426
0.208535 0.0418640066667
0.287021333333 0.161527
0.289733333333 0.191585
0.251282333333 0.206280666667
0.212514 0.188492333333
0.665287333333 0.507429
0.636989666667 0.52657
0.69747 0.530202333333
0.686874333333 0.563555333333
0.651859 0.561706666667
0.824843333333 0.539754
0.798890333333 0.530908333333
0.848621 0.475111333333
0.854875666667 0.510198333333
0.803763 0.473485333333
0.784064666667 0.499726666667
0.171389 0.814455
0.140558333333 0.798459666667
0.134863666667 0.866570333333
0.164779666667 0.854504
0.0981017666667 0.842726666667
0.0971871 0.814665
0.300961666667 0.0985624333333
0.301142666667 0.0634366333333
0.266864666667 0.0593003
0.247602 0.0313054733333
0.294648333333 0.02361574
0.336419333333 0.0432960666667
0.249526 0.139732333333
0.258754333333 0.112228966667
0.186963333333 0.136630333333
0.213469666667 0.152002
0.242667333333 0.0832251
0.184133666667 0.0997934
0.208098666667 0.0752108666667
