2
300

100
0.0248087
0.18805
0.482156	0.0255468
0.106183	0.890579
0.914264	0.316045
0.210904	0.729754
0.393016	0.120736
0.678271	0.0751137
0.444079	0.772633
0.906172	0.953513
0.673621	0.256312
0.271378	0.254533
0.722937	0.59945
0.828215	0.702208
0.69991	0.409358
0.799103	0.841104
0.731721	0.503321
0.272126	0.519886
0.497221	0.610131
0.386958	0.592901
0.0640856	0.774464
0.145519	0.0787238
0.345347	0.18523
0.793575	0.184204
0.0109662	0.285738
0.328565	0.421578
0.169351	0.539308
0.992217	0.52892
0.565649	0.753038
0.346392	0.939819
0.996825	0.906063
0.586199	0.981329
0.775774	0.356649
0.561558	0.836494
0.817658	0.0701999
0.0444313	0.994542
0.504091	0.491159
0.293612	0.0230449
0.00488066	0.396405
0.0307296	0.639304
0.82567	0.511478
0.620754	0.502491
0.318122	0.781021
0.34025	0.335597
0.577677	0.0862878
0.167413	0.305108
0.477018	0.349595
0.840889	0.430117
0.503506	0.237938
0.935785	0.676232
0.640844	0.89863
0.458441	0.858964
0.34896	0.859393
0.244408	0.0863068
0.975961	0.225654
0.19158	0.434552
0.0171618	0.109574
0.492277	0.138447
0.222327	0.965753
0.888553	0.840975
0.676328	0.75889
0.487869	0.943551
0.390903	0.0244926
0.324277	0.701314
0.905803	0.578546
0.562629	0.311098
0.815218	0.933996
0.147936	0.200242
0.946352	0.0443184
0.0520566	0.172714
0.100835	0.43997
0.436522	0.432648
0.273305	0.617666
0.927475	0.457615
0.127151	0.992099
0.697755	0.170145
0.226211	0.842785
0.607911	0.595171
0.0849086	0.679588
0.804865	0.281571
0.753503	0.00138833
0.254406	0.358269
0.689467	0.681909
0.23583	0.176531
0.17571	0.639235
0.909076	0.13664
0.557536	0.671809
0.149276	0.810926
0.419805	0.682191
0.599339	0.184359
0.574562	0.452335
0.704138	0.82769
0.380281	0.514831
0.891607	0.193803
0.993943	0.811667
0.815202	0.621652
0.0737847	0.53074
0.412423	0.266733
0.646527	0.3395
0.0924769	0.342356
0.904138	0.756534
0.698836	0.974109
//###########################


200
0.0248087
0.132971
0.447297	0.612286
0.790331	0.233762
0.999089	0.600386
0.245853	0.0365545
0.398252	0.753452
0.315551	0.494416
0.52227	0.778245
0.794143	0.114847
0.509673	0.562062
0.779286	0.587387
0.320707	0.262002
0.674791	0.612767
0.50352	0.304038
0.0538987	0.374244
0.260663	0.133543
0.596921	0.369306
0.3928	0.971235
0.721395	0.780834
0.363519	0.80139
0.154293	0.467423
0.29167	0.738976
0.173071	0.972262
0.839877	0.380441
0.378248	0.302915
0.371841	0.227404
0.545542	0.623624
0.0847432	0.729321
0.224522	0.6291
0.590609	0.796068
0.105003	0.840241
0.922694	0.0885433
0.460145	0.515072
0.887331	0.690357
0.891952	0.422333
0.280361	0.435443
0.661056	0.129456
0.635749	0.986228
0.624359	0.449837
0.817768	0.329894
0.852908	0.557135
0.667943	0.486376
0.561664	0.0305028
0.525627	0.362284
0.866165	0.0530187
0.050433	0.434108
0.654439	0.388558
0.377925	0.0730418
0.961677	0.292154
0.486166	0.444134
0.0357688	0.688792
0.239708	0.689288
0.0466037	0.821484
0.128229	0.655311
0.868881	0.238642
0.167452	0.705527
0.410317	0.846585
0.308192	0.0705858
0.970721	0.43306
0.209878	0.330966
0.3741	0.703345
0.438983	0.382408
0.716453	0.230711
0.597255	0.132652
0.221221	0.915409
0.0169686	0.485707
0.694518	0.924622
0.0654733	0.123995
0.0252821	0.234646
0.194807	0.0884169
0.51834	0.861552
0.536239	0.114769
0.373502	0.372698
0.444841	0.229159
0.456639	0.982317
0.387841	0.642786
0.548926	0.191198
0.0940593	0.0294019
0.776673	0.902726
0.27013	0.979267
0.5534	0.497287
0.261917	0.569209
0.608347	0.936812
0.683516	0.873052
0.0540784	0.310651
0.767005	0.410364
0.532884	0.92215
0.0224068	0.949521
0.191311	0.783818
0.433511	0.0510634
0.871631	0.794293
0.524118	0.979006
0.195852	0.214736
0.868456	0.48601
0.254093	0.783161
0.413038	0.476605
0.0320449	0.558782
0.917165	0.882076
0.925917	0.507461
0.653204	0.807737
0.000103283	0.0186372
0.132371	0.40047
0.442246	0.127049
0.300166	0.921721
0.0557228	0.891616
0.867304	0.299479
0.218039	0.525213
0.282726	0.200575
0.864836	0.626417
0.00172791	0.175215
0.947861	0.552213
0.0469229	0.0690425
0.984891	0.66682
0.392982	0.170448
0.860363	0.126028
0.329633	0.136637
0.724281	0.359307
0.474496	0.811899
0.80519	0.465134
0.151062	0.912022
0.602727	0.692978
0.74197	0.0499094
0.953204	0.734776
0.485963	0.665574
0.939283	0.80374
0.721444	0.454605
0.779805	0.714775
0.710535	0.548339
0.14414	0.26126
0.627328	0.641652
0.619079	0.241013
0.922144	0.36601
0.612258	0.302845
0.089105	0.959551
0.141764	0.348135
0.685544	0.0224454
0.546065	0.263871
0.499495	0.0722689
0.083227	0.611008
0.755243	0.292144
0.718545	0.104325
0.864525	0.925685
0.374416	0.440626
0.489463	0.188095
0.979648	0.859387
0.777568	0.526267
0.222519	0.265469
0.119592	0.552359
0.227962	0.469574
0.68321	0.305461
0.988274	0.349206
0.330811	0.613743
0.301558	0.375692
0.749793	0.847544
0.532932	0.715054
0.284507	0.313769
0.714005	0.725258
0.600418	0.869853
0.927416	0.998391
0.747328	0.164832
0.339814	0.548279
0.793394	0.666297
0.844071	0.864263
0.127004	0.124937
0.973354	0.0862204
0.0848703	0.259024
0.923287	0.625992
0.632817	0.734382
0.798812	0.0220327
0.098953	0.189814
0.852971	0.984188
0.654309	0.195243
0.576944	0.556123
0.451651	0.908216
0.338445	0.00089779
0.927912	0.238725
0.291281	0.663993
0.727384	0.649031
0.856109	0.74364
0.441272	0.307146
0.843759	0.180618
0.268944	0.868257
0.171894	0.589674
0.10275	0.489882
0.638861	0.549465
0.218629	0.392798
0.176936	0.852191
0.539309	0.417349
0.461021	0.725752
0.765477	0.952565
0.946528	0.16945
0.188699	0.155895
0.377024	0.900355
0.30825	0.829846
0.414516	0.550834
0.125772	0.767118
0.16524	0.0328263
0.798718	0.791336
0.622556	0.0606595
0.0144952	0.766394
0.95821	0.938163
//###########################


