0.104 0.000819608
0.136 0.000489985
0.2 0.000237518
0.216 0.000436137
0.28 0.00323911
0.296 0.010655
0.312 0.0303741
0.36 0.0387445
0.392 0.044046
0.408 0.0222005
0.424 0.0377733
0.44 0.0182003
0.504 0.0326638
0.536 0.0371191
0.568 0.0819855
0.584 0.0928555
0.6 0.0219941
0.616 0.0680276
0.632 0.3746
0.648 0.233858
0.664 0.292795
0.696 0.0542425
0.712 0.102649
0.728 0.225242
0.76 0.269678
0.776 0.737536
0.792 0.695291
0.808 0.429508
0.824 0.84083
0.856 1.08758
0.888 1.16465
0.904 1.00634
0.92 1.34483
0.936 1.51926
0.952 1.73324
0.984 1.40491
1 1.16008
1.016 1.73806
1.032 0.775378
1.048 0.549259
1.064 0.379502
1.08 0.991509
1.096 1.93281
1.112 1.52651
1.128 5.07843
1.144 2.94025
1.16 2.91868
1.176 1.47548
1.208 1.603
1.224 2.6791
1.24 0.87615
1.256 1.00953
1.272 1.19043
1.288 0.882235
1.304 1.41266
1.32 1.29152
1.336 0.754094
1.352 1.06933
1.368 1.12189
1.384 1.86048
1.4 0.913223
1.416 0.838063
1.432 1.32601
1.448 0.854474
1.464 0.327255
1.48 0.629035
1.496 0.756928
1.512 0.364521
1.528 0.687241
1.56 0.462992
1.576 0.405006
1.608 0.36654
1.624 0.740389
1.64 0.529611
1.656 0.41987
1.672 0.842364
1.704 0.723472
1.72 0.355822
1.752 0.753931
1.768 0.887097
1.784 0.577135
1.8 1.02308
1.816 0.434922
1.832 0.646552
1.848 0.777079
1.864 0.736356
1.88 0.515822
1.896 1.41376
1.912 1.37376
1.928 0.948033
1.944 1.12772
1.96 0.704591
1.976 1.35291
1.992 0.796156
2.008 1.68853
2.024 1.43614
2.04 1.4985
2.056 0.986561
2.088 0.769594
2.104 1.42331
2.12 1.28857
2.136 0.790281
2.152 1.14547
2.168 1.00395
2.184 2.65993
2.2 1.34408
2.216 0.694632
2.232 1.1978
2.248 1.71787
2.264 1.42039
2.28 1.01924
2.296 0.791678
2.312 0.9982
2.328 1.29686
2.344 1.74153
2.36 1.47481
2.376 0.986714
2.392 1.21553
2.408 0.828601
2.424 0.927062
2.44 1.48994
2.456 1.29298
2.472 1.10386
2.488 1.91682
2.504 0.641788
2.52 0.820512
2.536 1.66303
2.552 1.03625
2.568 0.973292
2.584 0.561909
2.6 0.90624
2.616 0.503461
2.632 0.755735
2.648 0.566834
2.664 0.506656
2.68 1.07732
2.696 0.727719
2.712 0.8051
2.728 1.04791
2.744 0.619783
2.76 0.559454
2.776 1.33108
2.792 0.717669
2.808 0.671053
2.824 0.756309
2.84 0.605837
2.856 0.847942
2.872 0.981958
2.888 1.19543
2.904 0.956788
2.92 1.05105
2.936 1.0389
2.952 1.45702
2.968 0.91252
2.984 0.833508
3 1.39049
3.016 1.21299
3.032 1.06501
3.048 0.721386
3.064 1.11386
3.08 0.516197
3.096 1.29406
3.112 1.11962
3.128 1.54513
3.144 0.950043
3.16 0.676994
3.176 1.44755
3.192 1.14055
3.208 0.943232
3.224 1.40859
3.24 1.29938
3.256 1.697
3.272 0.975854
3.288 1.44842
3.304 0.909816
3.32 1.06302
3.336 1.04897
3.352 0.970911
3.368 0.905625
3.384 0.9741
3.4 0.719211
3.416 1.09856
3.432 0.527379
3.448 1.04791
3.464 0.813631
3.48 0.907434
3.496 0.739535
3.512 1.26768
3.528 1.34747
3.544 1.09918
3.56 2.39762
3.576 0.491795
3.592 0.752629
3.608 1.06023
3.624 1.31271
3.64 0.675351
3.656 0.936546
3.672 0.950491
3.688 1.27477
3.704 0.844311
3.72 0.959963
3.736 0.907064
3.752 0.842956
3.768 0.947557
3.784 1.21976
3.8 0.925901
3.816 0.678606
3.832 0.595626
3.848 0.927054
3.864 0.978499
3.88 1.47711
3.896 1.10588
3.912 1.16132
3.928 0.917093
3.944 1.09305
3.96 0.640337
3.976 0.673119
3.992 0.774007
4.008 0.791062
4.024 0.692046
4.04 0.710429
4.056 0.991456
4.072 1.43318
4.088 0.966266
4.104 1.14398
4.12 1.04399
4.136 1.11737
4.152 1.47153
4.168 1.45013
4.184 1.28005
4.2 1.30925
4.216 1.16121
4.232 1.53269
4.248 1.13279
4.264 0.846959
4.28 1.19013
4.296 1.01056
4.312 1.36533
4.328 0.81394
4.344 1.1071
4.36 1.08198
4.376 1.07987
4.392 1.13744
4.408 0.82593
4.424 0.978381
4.44 0.839799
4.456 0.913566
4.472 0.487465
4.488 0.847609
4.504 0.951468
4.52 0.98597
4.536 0.721845
4.552 0.704328
4.568 1.22465
4.584 0.860219
4.6 1.12436
4.616 0.950617
4.632 1.09541
4.648 0.984296
4.664 0.899655
4.68 0.847248
4.696 0.817479
4.712 1.06186
4.728 1.31509
4.744 0.854276
4.76 0.833036
4.776 1.09649
4.792 1.09357
4.808 1.09795
4.824 0.966453
4.84 1.3263
4.856 1.0219
4.872 1.13604
4.888 1.03238
4.904 0.938988
4.92 0.869022
4.936 0.811202
4.952 0.648566
4.968 0.957863
4.984 0.62843
5 0.79106
5.016 1.03092
5.032 0.946008
5.048 1.27118
5.064 1.08149
5.08 0.746369
5.096 1.25642
5.112 0.74342
5.128 0.810351
5.144 1.15771
5.16 1.19732
5.176 1.00773
5.192 0.838711
5.208 0.917108
5.224 0.97614
5.24 1.30492
5.256 1.2024
5.272 0.816031
5.288 1.08244
5.304 1.20859
5.32 0.848103
5.336 0.906495
5.352 0.812071
5.368 1.00531
5.384 1.24285
5.4 1.223
5.416 1.06945
5.432 0.918855
5.448 1.19124
5.464 0.794831
5.48 1.04366
5.496 1.0821
5.512 1.02897
5.528 1.22752
5.544 0.767148
5.56 1.17916
5.576 0.926356
5.592 0.917916
5.608 1.00204
5.624 0.873591
5.64 1.22557
5.656 0.819841
5.672 0.759284
5.688 1.07619
5.704 0.887267
5.72 0.975537
5.736 0.983565
5.752 0.590696
5.768 0.8414
5.784 1.20007
5.8 1.01833
5.816 1.14296
5.832 1.50755
5.848 0.887353
5.864 1.28026
5.88 0.90644
5.896 0.892685
5.912 0.738703
5.928 0.956589
5.944 0.979598
5.96 0.795464
5.976 0.812668
5.992 0.956997
6.008 1.00854
6.024 0.925082
6.04 1.00114
6.056 1.20645
6.072 1.07027
6.088 0.984328
6.104 1.03665
6.12 0.898496
6.136 0.877071
6.152 1.00149
6.168 0.647423
6.184 1.08977
6.2 1.31352
6.216 1.04812
6.232 0.882641
6.248 0.94127
6.264 0.812922
6.28 1.32915
6.296 1.06885
6.312 1.10304
6.328 0.757921
6.344 1.0045
6.36 1.29164
6.376 1.03175
6.392 1.43777
6.408 0.663149
6.424 1.39127
6.44 1.3619
6.456 0.882487
6.472 0.994268
6.488 1.03084
6.504 1.02551
6.52 1.29209
6.536 1.12033
6.552 1.1055
6.568 0.957424
6.584 1.1106
6.6 0.783862
6.616 0.823933
6.632 0.779997
6.648 1.1014
6.664 0.832159
6.68 0.741409
6.696 1.05547
6.712 0.84071
6.728 0.982672
6.744 1.04583
6.76 1.08934
6.776 0.782803
6.792 0.987609
6.808 0.925786
6.824 0.921589
6.84 0.809747
6.856 0.900822
6.872 0.829878
6.888 1.1644
6.904 0.907944
6.92 1.11169
6.936 1.0578
6.952 1.54027
6.968 1.00304
6.984 1.05033
7 0.969976
7.016 1.0171
7.032 0.785308
7.048 1.24903
7.064 0.828673
7.08 1.41916
7.096 0.926782
7.112 1.02692
7.128 1.13905
7.144 1.13075
7.16 0.853296
7.176 1.45866
7.192 0.775094
7.208 1.25473
7.224 0.970077
7.24 1.04804
7.256 0.817663
7.272 1.14267
7.288 0.902757
7.304 0.997781
7.32 0.849836
7.336 1.13291
7.352 0.614005
7.368 1.2805
7.384 0.847579
7.4 0.955811
7.416 1.02992
7.432 1.0827
7.448 1.13079
7.464 1.04539
7.48 0.671382
7.496 0.73331
7.512 0.890975
7.528 0.940172
7.544 1.18601
7.56 0.859813
7.576 0.654493
7.592 0.874428
7.608 1.10631
7.624 0.766601
7.64 1.16751
7.656 1.0995
7.672 1.12825
7.688 1.21456
7.704 0.999812
7.72 1.20222
7.736 0.736174
7.752 0.735534
7.768 1.33546
7.784 1.05057
7.8 0.696736
7.816 0.817111
7.832 0.853243
7.848 0.995049
7.864 1.41392
7.88 1.09467
7.896 1.08234
7.912 0.985016
7.928 0.933714
7.944 0.65759
7.96 0.794316
7.976 0.969759
7.992 1.20273
