0.0601448 0.000759303
0.0786508 7.16945e-05
0.115663 0.000259909
0.124916 0.00132599
0.161928 0.00268544
0.171181 0.00223223
0.180434 0.00235065
0.208193 0.00715689
0.226699 0.00111462
0.235952 0.0105248
0.245206 0.00316512
0.254459 0.0111079
0.291471 0.0135453
0.309977 0.00552742
0.328483 0.0707453
0.337736 0.015899
0.346989 0.0205329
0.356242 0.0198995
0.365495 0.0416085
0.374748 0.0328084
0.384001 0.0261525
0.402507 0.0143032
0.41176 0.0488046
0.421013 0.022448
0.439519 0.0477619
0.448772 0.0760693
0.458025 0.198706
0.467278 0.0927914
0.476532 0.0452622
0.495038 0.0787864
0.513544 0.139976
0.522797 0.154071
0.53205 0.126651
0.541303 0.103317
0.550556 0.215536
0.569062 0.0706687
0.578315 0.168821
0.587568 0.109606
0.596821 0.0650881
0.606074 0.102801
0.615327 0.235086
0.62458 0.151724
0.633833 0.0169788
0.643086 0.123773
0.652339 0.110821
0.661592 0.165275
0.670845 0.243308
0.680098 0.104312
0.698604 0.153349
0.707857 0.131827
0.717111 0.317994
0.726364 0.299673
0.735617 0.251741
0.74487 0.178267
0.754123 0.468328
0.763376 0.733213
0.772629 0.24253
0.781882 0.470021
0.791135 0.209966
0.800388 0.27995
0.809641 0.319047
0.818894 0.390627
0.828147 0.355355
0.8374 0.643013
0.846653 0.17339
0.855906 0.398451
0.865159 0.569292
0.874412 0.691957
0.883665 0.710418
0.902171 0.845892
0.911424 0.556911
0.92993 1.24075
0.939183 2.25465
0.948436 2.2877
0.95769 1.30306
0.966943 2.00752
0.985449 0.992411
0.994702 1.55801
1.01321 1.39879
1.02246 3.04343
1.03171 1.11126
1.04097 1.24103
1.05022 1.33179
1.05947 2.14017
1.06873 1.32741
1.07798 1.03383
1.08723 1.47519
1.09649 1.11466
1.10574 1.67586
1.11499 2.76824
1.12424 3.32386
1.1335 1.34564
1.14275 2.98044
1.152 3.92636
1.16126 2.69086
1.17051 3.13309
1.17976 1.99418
1.18902 1.84879
1.20752 0.936336
1.21677 1.80398
1.22603 0.861813
1.23528 1.16303
1.24453 1.18089
1.25379 0.909464
1.26304 1.26394
1.27229 1.2275
1.28155 1.31899
1.2908 1.08897
1.30005 1.81184
1.30931 0.630411
1.31856 1.26558
1.32781 1.61512
1.33706 0.661685
1.34632 1.1985
1.35557 1.33312
1.36482 0.708561
1.37408 0.886051
1.38333 1.29037
1.39258 0.961498
1.40184 0.948597
1.41109 1.08846
1.42034 0.835236
1.42959 0.704939
1.43885 0.605707
1.4481 0.945098
1.45735 0.731587
1.46661 0.843413
1.47586 0.493185
1.48511 1.18525
1.49437 0.865731
1.50362 0.574487
1.51287 0.800325
1.52212 0.554893
1.53138 0.670381
1.54063 0.695155
1.54988 0.399173
1.55914 0.710748
1.56839 0.937468
1.57764 0.52271
1.5869 0.742081
1.59615 0.353002
1.6054 0.858386
1.61466 0.737647
1.62391 0.592467
1.63316 0.765461
1.64241 0.446621
1.65167 0.614193
1.66092 0.878373
1.67017 0.664507
1.67943 0.523203
1.68868 0.59499
1.69793 0.509128
1.70719 0.369841
1.71644 0.682106
1.72569 0.775217
1.73494 0.67891
1.7442 0.805438
1.75345 0.804403
1.7627 0.776218
1.77196 0.386848
1.78121 0.852191
1.79046 0.572815
1.79972 0.831113
1.80897 0.699385
1.81822 0.544012
1.82748 1.1482
1.83673 0.578828
1.84598 0.886053
1.85523 0.720955
1.86449 0.813973
1.87374 0.495445
1.88299 0.665472
1.89225 0.404925
1.9015 0.515566
1.91075 0.712064
1.92001 1.07604
1.92926 0.918452
1.93851 1.03842
1.94776 0.858687
1.95702 0.811092
1.96627 0.871529
1.97552 0.501833
1.98478 0.75073
1.99403 0.625478
2.00328 0.95023
2.01254 0.407034
2.02179 0.991771
2.03104 1.17673
2.0403 0.763475
2.04955 0.85577
2.0588 0.931921
2.06805 0.772657
2.07731 1.19853
2.08656 1.04109
2.09581 0.89573
2.10507 1.11661
2.11432 0.651601
2.12357 1.40317
2.13283 1.52581
2.14208 1.57762
2.15133 0.872243
2.16058 0.712581
2.16984 1.93859
2.17909 1.50763
2.18834 1.36934
2.1976 1.2802
2.20685 2.09423
2.2161 1.62476
2.22536 1.29716
2.23461 1.57895
2.24386 1.88462
2.25311 1.71475
2.26237 1.49278
2.27162 1.71783
2.28087 1.40077
2.29013 1.50018
2.29938 0.870006
2.30863 1.64239
2.31789 1.70805
2.32714 1.31176
2.33639 1.55713
2.34565 1.00998
2.3549 1.11682
2.36415 0.876584
2.3734 1.16506
2.38266 1.31156
2.39191 1.20989
2.40116 0.825468
2.41042 1.2666
2.41967 1.16344
2.42892 1.28516
2.43818 1.68326
2.44743 1.175
2.45668 1.03441
2.46593 1.53604
2.47519 1.49045
2.48444 1.10286
2.49369 1.20775
2.50295 1.57104
2.5122 0.666651
2.52145 2.02126
2.53071 0.833294
2.53996 1.03281
2.54921 0.939097
2.55847 0.759301
2.56772 0.941757
2.57697 1.09609
2.58622 1.07808
2.59548 0.834458
2.60473 0.940561
2.61398 0.843122
2.62324 0.961436
2.63249 0.510647
2.64174 0.76976
2.651 0.620602
2.66025 1.105
2.6695 0.867161
2.67875 0.965153
2.68801 0.71894
2.69726 0.634374
2.70651 1.01855
2.71577 0.907735
2.72502 0.761796
2.73427 0.895146
2.74353 0.65451
2.75278 0.647858
2.76203 0.905289
2.77129 0.593538
2.78054 0.923813
2.78979 0.772947
2.79904 0.658487
2.8083 0.626243
2.81755 0.749652
2.8268 0.534049
2.83606 0.627437
2.84531 0.485369
2.85456 0.820419
2.86382 0.72539
2.87307 0.837967
2.88232 0.357541
2.89157 0.923168
2.90083 0.572743
2.91008 0.704509
2.91933 0.68371
2.92859 0.946253
2.93784 0.582168
2.94709 0.846145
2.95635 0.77097
2.9656 0.750181
2.97485 0.686475
2.98411 0.512632
2.99336 0.567114
3.00261 0.811097
3.01186 0.756528
3.02112 0.511539
3.03037 0.656967
3.03962 0.574298
3.04888 1.36
3.05813 0.627782
3.06738 0.910773
3.07664 0.713268
3.08589 0.89925
3.09514 0.811197
3.10439 0.87226
3.11365 1.0527
3.1229 0.84162
3.13215 0.742003
3.14141 1.13142
3.15066 0.886703
3.15991 1.01951
3.16917 0.574048
3.17842 0.950022
3.18767 1.2732
3.19692 0.69158
3.20618 0.863589
3.21543 1.30216
3.22468 1.25279
3.23394 1.14665
3.24319 0.930256
3.25244 1.87433
3.2617 1.11816
3.27095 1.27615
3.2802 0.725832
3.28946 1.90627
3.29871 1.49951
3.30796 1.20233
3.31721 1.24506
3.32647 1.38988
3.33572 1.808
3.34497 1.38017
3.35423 1.44862
3.36348 1.53056
3.37273 1.12721
3.38199 1.48241
3.39124 1.51581
3.40049 1.20919
3.40974 1.32406
3.419 1.69108
3.42825 1.61746
3.4375 1.34059
3.44676 0.998135
3.45601 1.39384
3.46526 1.82763
3.47452 1.20075
3.48377 1.28981
3.49302 1.12353
3.50228 1.3299
3.51153 1.49473
3.52078 1.32831
3.53003 1.3487
3.53929 0.985106
3.54854 1.36978
3.55779 1.23471
3.56705 1.06998
3.5763 1.79712
3.58555 0.819583
3.59481 0.979108
3.60406 1.1724
3.61331 1.01555
3.62256 1.22404
3.63182 0.812456
3.64107 1.10376
3.65032 0.717854
3.65958 1.18523
3.66883 0.934029
3.67808 0.828586
3.68734 1.31091
3.69659 0.649634
3.70584 0.777901
3.7151 0.804559
3.72435 1.05786
3.7336 1.10961
3.74285 0.738777
3.75211 0.714895
3.76136 0.83954
3.77061 1.14334
3.77987 0.683831
3.78912 0.62457
3.79837 1.15398
3.80763 0.64399
3.81688 0.94359
3.82613 0.737894
3.83538 0.672311
3.84464 0.670409
3.85389 0.616628
3.86314 0.597825
3.8724 0.668049
3.88165 0.6714
3.8909 0.848734
3.90016 0.769751
3.90941 0.776301
3.91866 0.68901
3.92792 0.862946
3.93717 0.721774
3.94642 0.74931
3.95567 0.619954
3.96493 0.620601
3.97418 0.630715
3.98343 0.724802
3.99269 0.860509
4.00194 0.78336
4.01119 0.597009
4.02045 0.937163
4.0297 0.623891
4.03895 0.671244
4.0482 0.822898
4.05746 1.02132
4.06671 0.900548
4.07596 0.652763
4.08522 0.850344
4.09447 0.603392
4.10372 0.656123
4.11298 0.74947
4.12223 0.653402
4.13148 1.10146
4.14073 0.930619
4.14999 0.924633
4.15924 0.814783
4.16849 0.656315
4.17775 0.787085
4.187 0.868969
4.19625 0.855537
4.20551 0.725109
4.21476 0.984521
4.22401 0.862075
4.23327 1.00503
4.24252 0.919028
4.25177 1.14708
4.26102 0.779181
4.27028 0.877476
4.27953 1.02118
4.28878 1.29674
4.29804 1.30721
4.30729 0.929123
4.31654 1.20477
4.3258 1.62263
4.33505 1.36391
4.3443 1.34898
4.35355 1.16186
4.36281 1.1272
4.37206 1.39306
4.38131 1.15353
4.39057 1.13055
4.39982 1.18644
4.40907 0.938738
4.41833 1.0254
4.42758 1.24216
4.43683 1.35519
4.44609 1.27807
4.45534 1.42403
4.46459 1.19478
4.47384 1.42746
4.4831 1.29056
4.49235 1.40712
4.5016 1.19424
4.51086 1.17982
4.52011 1.39551
4.52936 1.31274
4.53862 1.30342
4.54787 1.84549
4.55712 1.0756
4.56637 2.2451
4.57563 1.05841
4.58488 1.05404
4.59413 1.11567
4.60339 1.53062
4.61264 1.19582
4.62189 1.04631
