0.104 0.00250061
0.136 0.000362627
0.2 0.00387474
0.216 0.00523532
0.28 0.0114859
0.296 0.00787198
0.312 0.0119947
0.36 0.0370231
0.392 0.0126289
0.408 0.0501404
0.424 0.0494206
0.44 0.0375153
0.504 0.0397988
0.536 0.00834845
0.568 0.154493
0.584 0.110727
0.6 0.0670696
0.616 0.0680274
0.632 0.183027
0.648 0.0720333
0.664 0.129257
0.696 0.108939
0.712 0.130882
0.728 0.135339
0.76 0.205692
0.776 0.418767
0.792 0.400485
0.808 0.316337
0.824 0.370118
0.856 0.618319
0.888 1.25936
0.904 1.51391
0.92 2.03217
0.936 1.60631
0.952 1.5521
0.984 1.49375
1 1.64088
1.016 0.571884
1.032 1.36792
1.048 1.55918
1.064 3.09569
1.08 1.84858
1.096 1.53944
1.112 2.00058
1.128 2.73114
1.144 3.75811
1.16 1.39643
1.176 1.5565
1.208 1.10106
1.224 1.48463
1.24 1.26113
1.256 0.693267
1.272 0.429164
1.288 0.737894
1.304 1.45433
1.32 0.550601
1.336 0.865953
1.352 0.454602
1.368 0.897391
1.384 0.579396
1.4 0.760663
1.416 0.741311
1.432 0.854986
1.448 1.06996
1.464 0.407326
1.48 0.615153
1.496 0.679461
1.512 0.802348
1.528 0.479211
1.56 0.624163
1.576 0.469318
1.608 0.584741
1.624 0.637031
1.64 0.423009
1.656 0.414734
1.672 0.651348
1.704 0.567657
1.72 0.795235
1.752 1.05011
1.768 1.11725
1.784 1.00944
1.8 0.93135
1.816 1.13193
1.832 1.21662
1.848 0.56209
1.864 0.728916
1.88 0.864263
1.896 0.726355
1.912 0.899114
1.928 2.04023
1.944 1.73018
1.96 1.20033
1.976 1.12212
1.992 2.35048
2.008 1.81751
2.024 1.17962
2.04 0.748151
2.056 1.14934
2.088 0.404128
2.104 1.27842
2.12 0.707243
2.136 1.30422
2.152 1.21313
2.168 1.0791
2.184 1.19802
2.2 1.0418
2.216 1.04436
2.232 1.03688
2.248 1.2519
2.264 0.673347
2.28 1.05104
2.296 1.1183
2.312 1.08252
2.328 0.794571
2.344 1.73359
2.36 0.575869
2.376 0.878972
2.392 1.79746
2.408 0.913554
2.424 0.782934
2.44 1.03923
2.456 1.43906
2.472 0.353571
2.488 0.543599
2.504 0.658573
2.52 0.450933
2.536 1.21969
2.552 0.660197
2.568 0.938751
2.584 0.96925
2.6 0.837468
2.616 0.987551
2.632 0.737327
2.648 1.27511
2.664 1.10291
2.68 0.866955
2.696 1.29991
2.712 0.784088
2.728 0.825499
2.744 0.993617
2.76 1.27099
2.776 0.967297
2.792 1.42591
2.808 0.529104
2.824 0.970244
2.84 0.857079
2.856 1.45162
2.872 1.3181
2.888 1.19565
2.904 0.988547
2.92 0.882908
2.936 1.0176
2.952 0.970617
2.968 1.1003
2.984 1.41526
3 1.19544
3.016 1.31715
3.032 0.771874
3.048 1.12434
3.064 0.781842
3.08 1.04886
3.096 0.765045
3.112 1.09264
3.128 1.28032
3.144 1.46868
3.16 1.13658
3.176 0.877157
3.192 0.798784
3.208 0.717645
3.224 1.15573
3.24 0.908087
3.256 0.722462
3.272 1.14072
3.288 1.20046
3.304 1.01093
3.32 1.01367
3.336 0.779543
3.352 1.15783
3.368 1.08381
3.384 1.3812
3.4 1.24652
3.416 0.673782
3.432 0.982423
3.448 0.6863
3.464 0.811009
3.48 0.687819
3.496 0.923077
3.512 0.8314
3.528 0.876942
3.544 0.932588
3.56 1.01389
3.576 0.672504
3.592 1.28317
3.608 0.784402
3.624 0.737683
3.64 1.02084
3.656 0.832002
3.672 0.777487
3.688 1.30022
3.704 1.11207
3.72 1.32451
3.736 1.07341
3.752 1.24827
3.768 0.884495
3.784 0.982385
3.8 1.09086
3.816 1.3008
3.832 0.908253
3.848 1.05677
3.864 1.16002
3.88 1.39132
3.896 0.87533
3.912 0.891843
3.928 1.19205
3.944 0.965447
3.96 0.902616
3.976 1.0008
3.992 1.23419
4.008 1.12801
4.024 1.1867
4.04 1.58281
4.056 0.598178
4.072 0.880919
4.088 0.872702
4.104 1.10806
4.12 0.74449
4.136 0.86841
4.152 0.559588
4.168 1.29027
4.184 0.940696
4.2 0.873661
4.216 1.46325
4.232 0.63164
4.248 0.926687
4.264 0.938317
4.28 1.14782
4.296 0.924353
4.312 0.987124
4.328 0.858076
4.344 0.650901
4.36 1.34831
4.376 0.838325
4.392 0.872092
4.408 0.947504
4.424 0.941077
4.44 0.693282
4.456 1.41489
4.472 1.33189
4.488 0.967532
4.504 1.01794
4.52 1.02488
4.536 1.02646
4.552 1.0564
4.568 0.91485
4.584 0.93728
4.6 0.989484
4.616 0.916841
4.632 1.08526
4.648 1.41005
4.664 0.973418
4.68 0.904396
4.696 0.823288
4.712 0.762014
4.728 0.935667
4.744 0.827924
4.76 1.023
4.776 1.0738
4.792 1.15526
4.808 1.04903
4.824 0.940504
4.84 0.977422
4.856 0.90078
4.872 1.65563
4.888 0.991497
4.904 0.956358
4.92 1.03651
4.936 1.25423
4.952 0.889514
4.968 1.25322
4.984 1.14701
5 1.03405
5.016 1.27038
5.032 1.06715
5.048 0.703985
5.064 0.94722
5.08 0.870997
5.096 1.20419
5.112 0.979559
5.128 1.02663
5.144 0.882491
5.16 1.03084
5.176 0.257717
5.192 1.12265
5.208 0.624001
5.224 0.747038
5.24 0.915939
5.256 1.34762
5.272 0.828634
5.288 0.602541
5.304 0.926745
5.32 0.944414
5.336 1.27056
5.352 0.972139
5.368 1.03809
5.384 1.1681
5.4 0.973977
5.416 0.829147
5.432 0.914488
5.448 0.836332
5.464 0.854872
5.48 0.816993
5.496 1.07411
5.512 0.806782
5.528 0.838896
5.544 0.914776
5.56 1.22212
5.576 0.86855
5.592 1.32448
5.608 0.786902
5.624 0.914982
5.64 0.784402
5.656 0.860803
5.672 0.857346
5.688 1.11292
5.704 1.14577
5.72 0.906642
5.736 0.836631
5.752 1.12949
5.768 1.61305
5.784 0.883198
5.8 1.0982
5.816 0.953045
5.832 1.18647
5.848 1.17981
5.864 1.37034
5.88 1.37059
5.896 1.30423
5.912 1.47657
5.928 1.34794
5.944 1.10601
5.96 0.716787
5.976 0.65417
5.992 1.30242
6.008 0.854379
6.024 1.06629
6.04 0.945594
6.056 1.16139
6.072 1.08508
6.088 0.766116
6.104 1.05217
6.12 1.19541
6.136 0.951449
6.152 0.814925
6.168 0.985086
6.184 1.14278
6.2 0.744796
6.216 0.863708
6.232 0.925045
6.248 0.942635
6.264 0.780365
6.28 0.732389
6.296 0.972772
6.312 0.856142
6.328 0.810514
6.344 1.28164
6.36 0.863598
6.376 1.00153
6.392 0.939105
6.408 0.898849
6.424 0.957633
6.44 1.09592
6.456 0.979793
6.472 0.777797
6.488 0.81072
6.504 0.930311
6.52 0.999999
6.536 0.972952
6.552 1.12731
6.568 1.34082
6.584 0.922422
6.6 0.941054
6.616 1.0398
6.632 0.870047
6.648 0.905207
6.664 0.873759
6.68 1.00356
6.696 0.878091
6.712 1.42404
6.728 0.967645
6.744 1.13755
6.76 1.12042
6.776 0.674848
6.792 0.914259
6.808 1.19873
6.824 1.53932
6.84 0.833079
6.856 0.91595
6.872 0.775038
6.888 1.26726
6.904 1.00411
6.92 0.828382
6.936 1.07551
6.952 1.28643
6.968 1.03477
6.984 1.0042
7 1.0289
7.016 1.03983
7.032 1.10239
7.048 0.897545
7.064 0.983284
7.08 1.07908
7.096 1.03146
7.112 1.28868
7.128 1.13881
7.144 1.05468
7.16 1.08188
7.176 0.628379
7.192 0.818648
7.208 0.938413
7.224 0.819235
7.24 1.05769
7.256 0.703203
7.272 0.903787
7.288 0.875643
7.304 1.07843
7.32 0.910558
7.336 0.708335
7.352 0.740601
7.368 1.02643
7.384 0.988372
7.4 0.963676
7.416 1.38265
7.432 0.957553
7.448 0.835613
7.464 1.09091
7.48 1.23993
7.496 0.99132
7.512 1.0633
7.528 0.926265
7.544 0.86256
7.56 1.23111
7.576 1.06369
7.592 1.21398
7.608 1.02717
7.624 0.649041
7.64 0.654571
7.656 1.00383
7.672 1.02297
7.688 1.14268
7.704 0.707708
7.72 1.07231
7.736 0.930134
7.752 0.896104
7.768 1.08432
7.784 1.12104
7.8 0.737023
7.816 0.984505
7.832 1.07368
7.848 1.0934
7.864 1.05995
7.88 0.803638
7.896 1.39237
7.912 0.734959
7.928 0.829203
7.944 0.94827
7.96 1.12943
7.976 1.06365
7.992 0.943676
