0.0737236 0.00020338
0.0964078 0.000354653
0.141776 0.00120292
0.153118 0.00018848
0.198487 0.000716482
0.209829 0.000482324
0.221171 0.000411952
0.255197 0.00198779
0.277881 0.00452976
0.289224 0.00268737
0.300566 0.0127048
0.311908 0.0031183
0.357276 0.0161895
0.37996 0.0114098
0.402645 0.0202963
0.413987 0.0146712
0.425329 0.038213
0.436671 0.0226691
0.448013 0.0159884
0.459355 0.0335135
0.470697 0.0244947
0.493381 0.0152677
0.504723 0.0393008
0.516066 0.0266247
0.53875 0.0258177
0.550092 0.0351637
0.561434 0.056019
0.572776 0.0767829
0.584118 0.0903765
0.606802 0.193305
0.629487 0.428614
0.640829 0.531118
0.652171 0.684597
0.663513 0.532473
0.674855 0.20739
0.697539 0.410406
0.708881 0.422791
0.720223 0.175984
0.731565 0.370015
0.742908 0.444449
0.75425 0.467444
0.765592 0.539636
0.776934 0.540034
0.788276 0.538853
0.799618 1.82693
0.81096 1.32173
0.822302 1.1009
0.833644 0.740958
0.856328 0.72407
0.867671 1.23196
0.879013 1.11943
0.890355 0.890593
0.901697 0.860533
0.913039 0.423597
0.924381 2.04738
0.935723 1.2949
0.947065 0.81299
0.958407 0.648889
0.969749 0.620947
0.981092 0.384541
0.992434 0.758458
1.00378 0.59673
1.01512 1.00681
1.02646 0.683134
1.0378 0.477829
1.04914 0.877268
1.06049 1.39737
1.07183 1.17897
1.08317 1.15442
1.10585 1.47078
1.1172 0.436193
1.13988 1.82811
1.15122 2.67009
1.16257 2.61705
1.17391 2.04412
1.18525 2.41354
1.20793 1.29585
1.21928 1.67686
1.24196 1.08923
1.2533 2.41248
1.26464 0.779065
1.27599 0.93735
1.28733 1.44941
1.29867 1.32605
1.31001 1.11744
1.32135 0.577917
1.3327 1.03537
1.34404 0.897184
1.35538 1.35922
1.36672 1.66821
1.37807 2.20383
1.38941 0.593097
1.40075 2.46422
1.41209 2.13517
1.42343 1.45207
1.43478 2.23282
1.44612 1.61927
1.45746 1.15342
1.48014 1.19802
1.49149 1.11108
1.50283 0.628643
1.51417 0.462723
1.52551 0.666651
1.53685 0.365912
1.5482 0.781136
1.55954 0.770719
1.57088 0.644341
1.58222 0.539367
1.59356 1.16315
1.60491 0.387493
1.61625 0.746121
1.62759 1.04406
1.63893 0.342878
1.65028 1.01421
1.66162 0.488903
1.67296 0.723473
1.6843 0.417303
1.69564 0.503449
1.70699 0.588722
1.71833 0.641989
1.72967 0.783578
1.74101 0.367359
1.75235 0.729282
1.7637 0.388227
1.77504 0.670233
1.78638 0.581138
1.79772 0.544369
1.80906 0.564946
1.82041 0.67663
1.83175 1.02251
1.84309 0.540314
1.85443 0.704281
1.86578 0.677245
1.87712 0.731589
1.88846 1.03671
1.8998 0.384065
1.91114 0.555553
1.92249 0.884239
1.93383 0.827646
1.94517 0.868638
1.95651 0.690364
1.96785 1.04197
1.9792 0.911886
1.99054 1.06211
2.00188 1.30129
2.01322 0.683447
2.02456 1.1941
2.03591 0.676752
2.04725 1.45977
2.05859 0.967461
2.06993 1.27667
2.08128 1.02102
2.09262 0.840245
2.10396 1.03002
2.1153 1.39254
2.12664 1.54913
2.13799 1.56445
2.14933 1.89924
2.16067 1.00829
2.17201 0.415279
2.18335 1.39945
2.1947 0.978475
2.20604 1.70259
2.21738 0.894715
2.22872 1.30626
2.24006 1.14783
2.25141 1.33451
2.26275 1.29987
2.27409 1.14914
2.28543 1.35941
2.29678 0.841876
2.30812 1.26017
2.31946 0.866432
2.3308 0.820729
2.34214 0.942797
2.35349 1.27838
2.36483 1.19798
2.37617 1.35112
2.38751 1.00965
2.39885 0.486972
2.4102 0.999379
2.42154 0.744572
2.43288 2.00281
2.44422 0.809458
2.45556 0.950902
2.46691 0.48319
2.47825 0.984194
2.48959 1.37442
2.50093 1.15368
2.51227 0.857125
2.52362 0.884245
2.53496 0.683287
2.5463 0.922545
2.55764 1.00497
2.56899 0.857806
2.58033 0.726099
2.59167 0.684178
2.60301 1.19973
2.61435 1.20657
2.6257 1.09252
2.63704 0.484202
2.64838 0.507896
2.65972 1.40083
2.67106 1.30905
2.68241 1.26636
2.69375 0.751801
2.70509 1.33727
2.71643 1.47702
2.72777 0.734958
2.73912 1.05953
2.75046 1.54383
2.7618 1.48783
2.77314 1.13818
2.78449 1.2975
2.79583 0.936884
2.80717 1.15932
2.81851 0.611918
2.82985 1.03441
2.8412 1.09146
2.85254 0.803262
2.86388 0.797925
2.87522 0.992954
2.88656 0.869909
2.89791 0.864521
2.90925 0.812619
2.92059 1.12175
2.93193 0.77254
2.94327 0.684964
2.95462 0.996664
2.96596 0.885362
2.9773 1.00857
2.98864 0.875332
2.99999 1.26942
3.01133 0.702251
3.02267 1.32168
3.03401 1.13144
3.04535 0.996333
3.0567 0.851321
3.06804 1.3202
3.07938 0.640242
3.09072 1.34715
3.10206 0.896364
3.11341 0.93621
3.12475 0.86585
3.13609 0.662058
3.14743 0.913762
3.15877 0.928036
3.17012 0.937579
3.18146 0.738537
3.1928 0.825945
3.20414 0.700218
3.21549 1.19987
3.22683 0.730028
3.23817 0.849472
3.24951 0.846868
3.26085 1.20768
3.2722 1.09015
3.28354 1.20349
3.29488 0.951897
3.30622 0.721262
3.31756 1.17904
3.32891 1.29939
3.34025 1.21561
3.35159 1.60113
3.36293 0.940823
3.37427 0.65499
3.38562 1.2666
3.39696 1.1457
3.4083 1.34337
3.41964 0.906637
3.43099 1.03235
3.44233 1.12192
3.45367 0.978626
3.46501 0.989519
3.47635 1.17666
3.4877 0.651888
3.49904 1.37168
3.51038 1.18998
3.52172 1.20479
3.53306 0.994913
3.54441 1.37937
3.55575 0.996981
3.56709 1.02169
3.57843 0.975026
3.58977 1.2739
3.60112 1.06185
3.61246 1.3051
3.6238 1.02477
3.63514 1.25728
3.64648 1.05461
3.65783 0.846554
3.66917 0.486079
3.68051 0.892858
3.69185 1.03336
3.7032 0.76741
3.71454 0.819047
3.72588 0.911638
3.73722 1.38348
3.74856 0.676218
3.75991 0.927367
3.77125 0.830877
3.78259 0.94239
3.79393 0.744987
3.80527 0.755558
3.81662 1.1203
3.82796 1.02516
3.8393 0.694187
3.85064 1.20575
3.86198 0.928222
3.87333 1.04534
3.88467 0.48578
3.89601 0.786453
3.90735 1.39291
3.9187 0.720642
3.93004 0.669641
3.94138 0.849885
3.95272 1.08481
3.96406 0.78331
3.97541 0.861674
3.98675 1.57047
3.99809 1.04987
4.00943 1.1936
4.02077 0.742967
4.03212 1.63052
4.04346 1.17424
4.0548 0.81187
4.06614 0.961995
4.07748 1.16819
4.08883 1.10883
4.10017 1.02885
4.11151 1.20868
4.12285 1.24064
4.1342 0.819271
4.14554 1.13478
4.15688 1.03624
4.16822 0.750774
4.17956 1.07189
4.19091 1.13039
4.20225 1.17095
4.21359 1.05027
4.22493 0.82673
4.23627 1.42371
4.24762 1.27167
4.25896 0.895452
4.2703 0.954998
4.28164 0.880708
4.29298 0.888838
4.30433 1.26524
4.31567 1.1822
4.32701 1.08858
4.33835 0.779278
4.3497 1.18679
4.36104 1.08528
4.37238 0.903443
4.38372 1.53612
4.39506 0.86639
4.40641 0.676229
4.41775 1.13347
4.42909 0.93537
4.44043 1.11186
4.45177 0.945435
4.46312 0.969817
4.47446 0.795951
4.4858 1.10592
4.49714 0.635771
4.50848 0.843096
4.51983 1.17321
4.53117 0.824757
4.54251 0.736029
4.55385 1.01904
4.56519 0.807546
4.57654 1.35496
4.58788 0.79293
4.59922 0.863468
4.61056 0.930952
4.62191 1.23965
4.63325 0.751617
4.64459 0.670093
4.65593 1.39072
4.66727 0.900512
4.67862 0.938352
4.68996 0.687726
4.7013 0.776154
4.71264 0.900086
4.72398 0.768529
4.73533 0.873376
4.74667 0.911013
4.75801 1.0494
4.76935 1.09521
4.78069 0.958904
4.79204 1.20295
4.80338 1.15364
4.81472 1.38175
4.82606 1.05812
4.83741 0.865146
4.84875 0.979445
4.86009 1.18263
4.87143 1.06093
4.88277 0.911086
4.89412 1.2187
4.90546 0.938391
4.9168 1.00384
4.92814 1.09776
4.93948 0.966617
4.95083 0.98674
4.96217 0.77504
4.97351 1.07823
4.98485 1.38955
4.99619 1.53571
5.00754 1.05702
5.01888 0.899113
5.03022 0.87269
5.04156 0.876756
5.05291 1.17559
5.06425 1.10486
5.07559 0.923521
5.08693 0.913054
5.09827 1.17152
5.10962 0.789225
5.12096 1.0549
5.1323 1.08411
5.14364 1.14558
5.15498 0.621706
5.16633 1.09723
5.17767 0.778987
5.18901 0.962217
5.20035 0.975434
5.21169 1.15539
5.22304 0.777136
5.23438 0.940693
5.24572 0.971801
5.25706 0.852732
5.26841 1.14233
5.27975 0.966511
5.29109 0.966977
5.30243 1.14262
5.31377 1.18072
5.32512 1.15441
5.33646 1.10989
5.3478 1.03564
5.35914 0.986092
5.37048 1.00745
5.38183 0.893785
5.39317 0.870868
5.40451 0.833075
5.41585 1.10734
5.42719 0.866495
5.43854 0.987284
5.44988 0.9641
5.46122 1.28637
5.47256 0.890154
5.48391 1.10454
5.49525 1.12134
5.50659 1.17074
5.51793 0.797366
5.52927 1.08116
5.54062 1.14127
5.55196 0.897597
5.5633 1.03016
5.57464 1.52314
5.58598 0.856037
5.59733 1.50965
5.60867 1.05848
5.62001 0.864345
5.63135 0.891252
5.64269 1.11505
5.65404 0.786208
5.66538 0.843506
