0.0431836 0.312736
0.0564709 0.121323
0.0830455 0.264999
0.0896891 0.097919
0.116264 0.0482223
0.122907 0.35952
0.129551 0.133613
0.149482 0.0854972
0.162769 0.137619
0.169413 0.0339127
0.176056 0.0483935
0.1827 0.0495836
0.209275 0.0689938
0.222562 0.0402375
0.235849 0.0916424
0.242493 0.046945
0.249136 0.358054
0.25578 0.0383157
0.262424 0.0686922
0.269067 0.0544422
0.275711 0.0638062
0.288998 0.304734
0.295642 0.048009
0.302286 0.0253114
0.315573 0.0404341
0.322216 0.056318
0.32886 0.192388
0.335504 0.0271194
0.342147 0.0472711
0.355435 0.0313481
0.368722 0.0695162
0.375366 0.133625
0.382009 0.037104
0.388653 0.0402483
0.395296 0.0588691
0.408584 0.0532258
0.415227 0.0924092
0.421871 0.0436024
0.428515 0.0367573
0.435158 0.0544828
0.441802 0.0490183
0.448446 0.0845056
0.455089 0.458809
0.461733 0.0845128
0.468377 0.022802
0.47502 0.0939733
0.481664 0.0528028
0.488307 0.164223
0.501595 0.172846
0.508238 0.0750941
0.514882 0.125728
0.521526 0.0798385
0.528169 0.208926
0.534813 0.0961937
0.541457 0.183755
0.5481 0.187506
0.554744 0.0672517
0.561387 0.203987
0.568031 0.134111
0.574675 0.105999
0.581318 0.24612
0.587962 0.186413
0.594606 0.286398
0.601249 0.420665
0.607893 0.135601
0.614537 0.211099
0.62118 0.581851
0.627824 0.357463
0.634467 0.35695
0.647755 0.525172
0.654398 0.297899
0.667686 0.849509
0.674329 1.53786
0.680973 1.44492
0.687617 1.04946
0.69426 1.41815
0.707547 0.720051
0.714191 0.983308
0.727478 0.885931
0.734122 1.77286
0.740766 0.659707
0.747409 1.14402
0.754053 0.785259
0.760697 1.41153
0.76734 0.888338
0.773984 0.619137
0.780628 0.795607
0.787271 0.927637
0.793915 1.41791
0.800558 1.47423
0.807202 1.74601
0.813846 0.897979
0.820489 1.43733
0.827133 1.77881
0.833777 0.721196
0.84042 0.816713
0.847064 0.909075
0.853708 0.767996
0.866995 0.654437
0.873638 0.683349
0.880282 0.352324
0.886926 0.542335
0.893569 0.552946
0.900213 0.357544
0.906857 0.307376
0.9135 0.315307
0.920144 0.496859
0.926788 0.629108
0.933431 0.35224
0.940075 0.467074
0.946718 0.603287
0.953362 0.347706
0.960006 0.332304
0.966649 0.377629
0.973293 0.411246
0.979937 0.20704
0.98658 0.236491
0.993224 0.317216
0.999868 0.215517
1.00651 0.480034
1.01315 0.441507
1.0198 0.511178
1.02644 0.665909
1.03309 0.463755
1.03973 0.346394
1.04637 0.592563
1.05302 0.360662
1.05966 0.421159
1.0663 0.585495
1.07295 0.859085
1.07959 0.664619
1.08623 0.901163
1.09288 0.835279
1.09952 0.444703
1.10617 1.74853
1.11281 0.817808
1.11945 0.537393
1.1261 0.543536
1.13274 0.713104
1.13938 0.67672
1.14603 1.09177
1.15267 1.28033
1.15931 0.454196
1.16596 1.31056
1.1726 1.33534
1.17925 1.39518
1.18589 1.11676
1.19253 1.55315
1.19918 0.530562
1.20582 1.3108
1.21246 0.957107
1.21911 0.860926
1.22575 1.21196
1.23239 1.4626
1.23904 1.76752
1.24568 1.61304
1.25233 1.67644
1.25897 1.21824
1.26561 1.42794
1.27226 1.76499
1.2789 1.0169
1.28554 1.18199
1.29219 1.58894
1.29883 1.897
1.30547 1.74203
1.31212 1.9622
1.31876 2.61306
1.32541 1.69403
1.33205 1.93518
1.33869 1.64186
1.34534 1.15115
1.35198 2.50476
1.35862 1.79288
1.36527 2.16909
1.37191 1.43841
1.37855 1.47165
1.3852 1.49879
1.39184 1.57123
1.39849 1.99625
1.40513 1.48955
1.41177 2.02087
1.41842 1.93152
1.42506 1.26545
1.4317 1.33823
1.43835 2.18349
1.44499 1.16785
1.45163 1.84139
1.45828 2.65067
1.46492 1.74196
1.47157 1.01819
1.47821 2.63758
1.48485 2.20071
1.4915 0.950876
1.49814 2.0327
1.50478 1.15313
1.51143 1.72959
1.51807 1.70343
1.52472 1.37821
1.53136 1.61309
1.538 1.12566
1.54465 1.59895
1.55129 0.797905
1.55793 0.995426
1.56458 1.10211
1.57122 1.38462
1.57786 1.22578
1.58451 0.831644
1.59115 1.79137
1.5978 0.850324
1.60444 0.781906
1.61108 0.419298
1.61773 0.79836
1.62437 0.933314
1.63101 0.8618
1.63766 0.774389
1.6443 0.816134
1.65094 0.808184
1.65759 0.663947
1.66423 0.604371
1.67088 0.779489
1.67752 0.888903
1.68416 0.674449
1.69081 0.697227
1.69745 0.793382
1.70409 0.839521
1.71074 0.854438
1.71738 0.680125
1.72402 0.594378
1.73067 0.503683
1.73731 0.69727
1.74396 0.385516
1.7506 0.479645
1.75724 0.872088
1.76389 0.629007
1.77053 0.62886
1.77717 0.574476
1.78382 0.572533
1.79046 0.484596
1.7971 0.393149
1.80375 0.533122
1.81039 0.420736
1.81704 0.401708
1.82368 0.539934
1.83032 0.579026
1.83697 0.63356
1.84361 0.587668
1.85025 0.404546
1.8569 0.65514
1.86354 0.527998
1.87018 0.799837
1.87683 0.61321
1.88347 0.447166
1.89012 0.394336
1.89676 0.535625
1.9034 0.478623
1.91005 0.763037
1.91669 0.62563
1.92333 0.675563
1.92998 0.711113
1.93662 0.532768
1.94326 0.657984
1.94991 0.904126
1.95655 0.627801
1.9632 0.428441
1.96984 0.640293
1.97648 0.798597
1.98313 0.806339
1.98977 0.47374
1.99641 0.867829
2.00306 1.05644
2.0097 0.625807
2.01634 0.739575
2.02299 0.574885
2.02963 0.708055
2.03628 0.806628
2.04292 1.05073
2.04956 0.658619
2.05621 0.804644
2.06285 0.806204
2.06949 0.681901
2.07614 0.719157
2.08278 1.08079
2.08942 1.21523
2.09607 1.01557
2.10271 0.688664
2.10936 1.06865
2.116 0.777907
2.12264 1.3664
2.12929 0.738217
2.13593 0.784404
2.14257 1.1268
2.14922 1.3193
2.15586 1.02919
2.1625 1.04708
2.16915 0.960918
2.17579 1.33812
2.18244 0.656268
2.18908 1.6634
2.19572 1.29103
2.20237 0.918024
2.20901 1.19031
2.21565 1.26644
2.2223 1.31383
2.22894 1.18662
2.23558 0.921551
2.24223 0.867558
2.24887 1.08025
2.25552 1.09641
2.26216 0.956988
2.2688 0.916738
2.27545 0.705772
2.28209 1.35644
2.28873 0.868842
2.29538 1.39285
2.30202 1.52694
2.30866 1.22692
2.31531 1.09723
2.32195 0.857223
2.3286 0.874156
2.33524 0.78485
2.34188 1.07174
2.34853 1.38334
2.35517 0.733274
2.36181 1.00687
2.36846 1.24373
2.3751 1.09187
2.38174 1.23797
2.38839 1.06028
2.39503 1.27189
2.40168 1.18051
2.40832 0.944677
2.41496 0.871227
2.42161 1.19928
2.42825 1.1822
2.43489 1.14787
2.44154 0.958367
2.44818 1.12949
2.45482 1.61811
2.46147 1.06895
2.46811 1.12757
2.47476 1.42708
2.4814 1.23356
2.48804 1.27276
2.49469 1.21253
2.50133 0.814778
2.50797 1.11702
2.51462 1.2063
2.52126 1.16108
2.5279 0.845295
2.53455 1.28422
2.54119 1.02916
2.54784 1.03719
2.55448 1.11501
2.56112 1.16098
2.56777 1.1542
2.57441 0.965196
2.58105 0.758137
2.5877 1.32181
2.59434 1.12974
2.60098 1.01754
2.60763 0.967202
2.61427 1.13088
2.62092 1.13001
2.62756 1.13039
2.6342 1.31807
2.64085 1.22744
2.64749 0.855413
2.65413 1.11
2.66078 1.29397
2.66742 1.31664
2.67406 1.08551
2.68071 1.09795
2.68735 1.02009
2.694 0.876981
2.70064 1.06712
2.70728 1.07823
2.71393 1.14819
2.72057 0.703382
2.72721 1.08459
2.73386 0.841476
2.7405 1.13203
2.74714 1.26595
2.75379 1.28615
2.76043 0.969318
2.76708 1.09624
2.77372 1.105
2.78036 1.07387
2.78701 1.20612
2.79365 1.02696
2.80029 1.27125
2.80694 1.0133
2.81358 1.22994
2.82022 0.971709
2.82687 1.15599
2.83351 0.918126
2.84016 1.02511
2.8468 0.967375
2.85344 1.41653
2.86009 0.932174
2.86673 0.879012
2.87337 1.03136
2.88002 0.956583
2.88666 0.626624
2.8933 0.792971
2.89995 0.877703
2.90659 0.988286
2.91324 0.847229
2.91988 1.00364
2.92652 1.10512
2.93317 1.0109
2.93981 0.951354
2.94645 0.933127
2.9531 0.734293
2.95974 1.11503
2.96638 0.793559
2.97303 1.27983
2.97967 0.863136
2.98632 0.625215
2.99296 0.940347
2.9996 1.04971
3.00625 0.681857
3.01289 0.995973
3.01953 0.748882
3.02618 0.724578
3.03282 1.02152
3.03946 0.959267
3.04611 0.865079
3.05275 0.767342
3.0594 0.790433
3.06604 1.1953
3.07268 0.959934
3.07933 1.08004
3.08597 1.00898
3.09261 0.834167
3.09926 0.922944
3.1059 0.844451
3.11254 1.13487
3.11919 1.08927
3.12583 0.741003
3.13248 1.08422
3.13912 0.91781
3.14576 0.943215
3.15241 0.73438
3.15905 0.948831
3.16569 1.11131
3.17234 1.03156
3.17898 1.16763
3.18562 0.78544
3.19227 0.976472
3.19891 1.00034
3.20556 1.14883
3.2122 0.825104
3.21884 0.964915
3.22549 0.769768
3.23213 0.884822
3.23877 1.33846
3.24542 0.851939
3.25206 0.846067
3.2587 0.998509
3.26535 1.12711
3.27199 1.12342
3.27864 1.10096
3.28528 0.661431
3.29192 0.733164
3.29857 0.973542
3.30521 1.1533
3.31185 1.14722
3.3185 1.15048
