0.992153333333 0.410022713333
0.475067666667 0.0120000833333
0.963318 0.159452046667
0.550358333333 0.970241333333
0.985736333333 0.613301333333
0.929337333333 0.0787553466667
0.626725666667 0.196406
0.575660333333 0.191067666667
0.0351000333333 0.350841
0.0951683333333 0.516588666667
0.491447 0.839499
0.560086333333 0.832058333333
0.577111666667 0.920615333333
0.602959333333 0.874
0.387154 0.901450666667
0.39583 0.960858333333
0.318273 0.941576666667
0.499817 0.931413666667
0.457025333333 0.892239
0.487897666667 0.745376
0.454893 0.797868
0.558653333333 0.734415666667
0.594288 0.779467
0.915585333333 0.923163
0.980376 0.783976333333
0.944966 0.873493
0.905129 0.833333
0.658649 0.775651333333
0.0343445266667 0.378478333333
0.0618452 0.570059666667
0.0796689 0.758214333333
0.0424258 0.444941666667
0.0563058666667 0.568526
0.860636 0.121223633333
0.469688333333 0.388094333333
0.551399333333 0.0316931333333
0.606476666667 0.0653355
0.481231666667 0.0729099666667
0.565062666667 0.124917333333
0.509159 0.123336666667
0.0799890333333 0.427028333333
0.120637933333 0.467658
0.445438 0.706651666667
0.475202 0.655528666667
0.434723333333 0.618039
0.1221907 0.798861
0.797263 0.557084333333
0.974601333333 0.723108
0.946469 0.671984333333
0.938455333333 0.781746333333
0.910323 0.730622666667
0.840795333333 0.933318
0.733568666667 0.961022333333
0.656335 0.940841
0.834402666667 0.842923333333
0.799449666667 0.893238333333
0.727843333333 0.902218333333
0.682153333333 0.863870666667
0.703641333333 0.818113333333
0.856588 0.727166
0.813994 0.78788
0.764611666667 0.781981
0.843985333333 0.662372666667
0.934104 0.242048666667
0.838474666667 0.366708666667
0.934015666667 0.309273333333
0.872459 0.311846333333
0.656146666667 0.247879666667
0.867163666667 0.545979666667
0.886421333333 0.600933333333
0.93517 0.607088333333
0.232888333333 0.498981
0.220262333333 0.403190666667
0.193758333333 0.455049
0.337948666667 0.543146666667
0.390942 0.508397666667
0.293895333333 0.496641333333
0.538535333333 0.552771333333
0.538402 0.454103
0.5714 0.500690333333
0.478146333333 0.453124333333
0.440795 0.512692
0.468186 0.565751666667
0.822915 0.0772906
0.813656666667 0.0127505133333
0.891616333333 0.0348223133333
0.656453333333 0.0728550666667
0.714834 0.0387877
0.759531666667 0.0824128666667
0.666104666667 0.137775233333
0.725066333333 0.1386029
0.371357 0.0404082833333
0.412921333333 0.0816436666667
0.378889333333 0.133959033333
0.312965 0.141151033333
0.473914 0.180032
0.519279 0.22464
0.500330666667 0.270007
0.411954666667 0.181920666667
0.380181666667 0.235055333333
0.423192666667 0.278533666667
0.215157 0.03235455
0.294016666667 0.0512150833333
0.269656666667 0.0996424666667
0.07404986 0.0837851666667
0.0420865266667 0.136216666667
0.145417 0.0722996
0.191895333333 0.111160766667
0.317080666667 0.588997
0.362228333333 0.629164666667
0.244751 0.919546
0.162510333333 0.838893333333
0.173290333333 0.929875666667
0.131403666667 0.889456
0.653060333333 0.580492333333
0.590352333333 0.68296
0.549360666667 0.642797333333
0.579231333333 0.592327333333
0.783575666667 0.467842333333
0.757073666667 0.517800666667
0.641348333333 0.489708333333
0.682312666667 0.529954333333
0.838968333333 0.265644
0.769940333333 0.276161666667
0.830935 0.172837333333
0.870422333333 0.212965666667
0.758748666667 0.185094333333
0.729208 0.235740333333
0.672970333333 0.436928
0.740436666667 0.427215666667
0.772776333333 0.373560333333
0.737732666667 0.329215666667
0.903488666667 0.494676666667
0.86009 0.455823
0.882649333333 0.408344666667
0.944389 0.372497333333
0.969621666667 0.457045
0.951280666667 0.531746
0.420659 0.378690333333
0.396239666667 0.325692333333
0.379264 0.439426
0.326811666667 0.438071333333
0.292308666667 0.388552666667
0.320341666667 0.336909333333
0.172359 0.157993333333
0.371331333333 0.718167
0.328600333333 0.678169666667
0.200150666667 0.554391666667
0.240289666667 0.597902333333
0.135551066667 0.559390333333
0.102227933333 0.612861333333
0.692636666667 0.620749666667
0.752763333333 0.718724333333
0.692461333333 0.720387333333
0.659799333333 0.672747333333
0.762078333333 0.609495333333
0.789543 0.65983
0.637043666667 0.392507
0.572423666667 0.3987
0.628612666667 0.297535333333
0.669466333333 0.33845
0.529327 0.355320666667
0.553093333333 0.308213
0.217865666667 0.201351333333
0.281974666667 0.296665333333
0.280710333333 0.196027333333
0.314861666667 0.24197
0.181383666667 0.362743666667
0.215063 0.307861666667
0.185105333333 0.258490333333
0.114230766667 0.373972333333
0.267661 0.777659
0.276712333333 0.868086666667
0.236358333333 0.827853666667
0.349117 0.858868666667
0.382434333333 0.808026
0.341332333333 0.767049333333
0.256038666667 0.687407333333
0.212875666667 0.647307666667
0.225098333333 0.738014333333
0.153476033333 0.748176666667
0.110954233333 0.70753
0.139413533333 0.657268
0.1275935 0.260994666667
0.0666581666667 0.190558
0.114973833333 0.195373333333
0.0447169333333 0.278026
0.0903982666667 0.321594666667
