0.110864 0.00026469
0.144976 0.000343836
0.213201 0.00067782
0.230257 0.000556599
0.298481 0.00334776
0.315537 0.00407832
0.332593 0.0115508
0.383761 0.0207877
0.417873 0.0194062
0.434929 0.0276066
0.451986 0.00994365
0.469042 0.0126721
0.537266 0.0194387
0.571378 0.00646978
0.60549 0.0379101
0.622546 0.0246547
0.639602 0.0282052
0.656658 0.143539
0.673714 0.251588
0.69077 0.157637
0.707826 0.234694
0.741938 0.332221
0.758995 0.187359
0.776051 0.173029
0.810163 0.148453
0.827219 0.656547
0.844275 0.541506
0.861331 1.11916
0.878387 0.225696
0.912499 1.75012
0.946611 0.676581
0.963667 1.49513
0.980723 1.66303
0.997779 2.03881
1.01484 2.04702
1.04895 2.21193
1.066 1.32028
1.08306 2.24078
1.10012 1.29463
1.11717 3.61709
1.13423 1.00286
1.15128 3.91236
1.16834 2.56037
1.1854 1.81627
1.20245 1.54991
1.21951 1.13115
1.23656 0.83432
1.25362 1.46483
1.28773 0.740903
1.30479 0.57185
1.32184 0.981683
1.3389 0.139938
1.35596 0.530978
1.37301 0.973918
1.39007 0.844927
1.40712 0.479787
1.42418 1.33627
1.44124 0.712374
1.45829 0.662842
1.47535 0.327778
1.49241 0.667245
1.50946 0.284649
1.52652 0.401248
1.54357 1.12288
1.56063 0.310948
1.57769 0.850272
1.59474 0.363291
1.6118 0.74702
1.62885 0.711974
1.66297 0.869633
1.68002 0.884312
1.71413 0.752784
1.73119 0.717888
1.74825 1.14479
1.7653 1.17343
1.78236 0.722969
1.81647 0.956712
1.83353 0.989284
1.86764 0.461043
1.88469 2.03919
1.90175 0.734943
1.91881 0.903052
1.93586 2.25999
1.95292 1.27941
1.96997 0.319064
1.98703 0.991925
2.00409 0.786802
2.02114 1.43212
2.0382 1.1727
2.05525 1.349
2.07231 0.946637
2.08937 0.975709
2.10642 0.287408
2.12348 0.821914
2.14054 0.899194
2.15759 0.83317
2.17465 2.05176
2.1917 1.48843
2.22582 1.05473
2.24287 0.945191
2.25993 1.04732
2.27698 1.65267
2.29404 1.1067
2.3111 0.913814
2.32815 0.857198
2.34521 1.06117
2.36226 1.4807
2.37932 1.12074
2.39638 1.93292
2.41343 1.05457
2.43049 1.07067
2.44754 1.63893
2.4646 0.680196
2.48166 0.597874
2.49871 1.57432
2.51577 0.789939
2.53282 1.35696
2.54988 0.426496
2.56694 0.829194
2.58399 0.503686
2.60105 1.21336
2.6181 0.803796
2.63516 1.02758
2.65222 0.501678
2.66927 1.16553
2.68633 0.727845
2.70339 1.06841
2.72044 0.986549
2.7375 0.737255
2.75455 0.578444
2.77161 0.905603
2.78867 0.958398
2.80572 0.79518
2.82278 0.760553
2.83983 0.819443
2.85689 1.32623
2.87395 0.926462
2.891 0.832651
2.90806 0.920073
2.92511 1.12148
2.94217 0.904202
2.95923 0.730833
2.97628 0.451493
2.99334 0.894613
3.01039 1.06789
3.02745 0.691404
3.04451 1.29325
3.06156 0.899331
3.07862 1.1099
3.09567 0.902682
3.11273 0.970816
3.12979 1.84836
3.14684 1.12381
3.1639 0.609255
3.18095 1.5238
3.19801 1.10283
3.21507 1.04758
3.23212 0.587077
3.24918 0.951984
3.26623 1.16804
3.28329 0.9851
3.30035 0.63645
3.3174 1.03551
3.33446 0.920018
3.35152 1.3322
3.36857 1.40313
3.38563 0.870454
3.40268 0.788597
3.41974 0.950721
3.4368 0.876754
3.45385 0.761508
3.47091 1.28286
3.48796 0.984868
3.50502 1.16707
3.52208 1.23135
3.53913 1.31245
3.55619 0.775064
3.57324 1.36714
3.5903 1.74338
3.60736 0.828416
3.62441 1.13973
3.64147 0.938244
3.65852 2.3221
3.67558 0.811165
3.69264 0.906617
3.70969 0.581733
3.72675 0.818987
3.7438 0.890073
3.76086 1.02522
3.77792 0.695466
3.79497 1.70802
3.81203 1.06593
3.82908 0.551802
3.84614 1.20611
3.8632 1.64811
3.88025 0.817112
3.89731 1.02651
3.91437 0.790767
3.93142 0.589206
3.94848 0.838616
3.96553 1.02035
3.98259 1.04433
3.99965 1.29319
4.0167 0.753997
4.03376 1.21002
4.05081 1.03258
4.06787 0.923492
4.08493 1.14054
4.10198 0.895801
4.11904 1.35299
4.13609 0.395151
4.15315 0.952498
4.17021 0.971246
4.18726 0.835833
4.20432 1.34847
4.22137 0.778857
4.23843 0.956832
4.25549 0.841155
4.27254 1.48332
4.2896 0.772243
4.30665 0.985795
4.32371 0.805292
4.34077 0.971595
4.35782 0.619018
4.37488 0.852047
4.39193 0.747538
4.40899 0.996669
4.42605 0.793563
4.4431 0.90776
4.46016 1.05714
4.47722 0.936094
4.49427 0.9011
4.51133 0.66379
4.52838 1.07768
4.54544 2.61291
4.5625 0.971765
4.57955 1.21822
4.59661 1.0993
4.61366 0.86386
4.63072 0.964506
4.64778 1.49738
4.66483 1.06473
4.68189 1.12074
4.69894 1.10432
4.716 1.20993
4.73306 0.973508
4.75011 0.688218
4.76717 0.930343
4.78422 1.12368
4.80128 1.29994
4.81834 0.863045
4.83539 0.840812
4.85245 1.5267
4.8695 0.943141
4.88656 1.09538
4.90362 1.117
4.92067 1.20764
4.93773 0.966629
4.95478 1.23193
4.97184 1.31281
4.9889 1.33522
5.00595 0.726566
5.02301 0.846356
5.04006 0.768439
5.05712 1.03518
5.07418 0.822013
5.09123 0.993887
5.10829 0.85548
5.12535 0.920512
5.1424 0.850158
5.15946 0.951244
5.17651 1.02344
5.19357 0.630412
5.21063 1.05125
5.22768 0.793438
5.24474 0.711265
5.26179 1.0956
5.27885 0.705535
5.29591 1.2454
5.31296 0.542459
5.33002 0.711347
5.34707 0.889042
5.36413 0.885374
5.38119 1.26961
5.39824 0.958029
5.4153 0.86834
5.43235 1.05577
5.44941 1.20268
5.46647 0.874008
5.48352 1.20494
5.50058 1.27388
5.51763 0.451424
5.53469 0.814483
5.55175 0.934997
5.5688 1.14078
5.58586 1.0265
5.60291 0.856958
5.61997 0.882259
5.63703 0.96086
5.65408 1.12484
5.67114 0.915331
5.6882 1.04021
5.70525 1.25324
5.72231 0.983698
5.73936 1.1814
5.75642 1.03384
5.77348 1.00196
5.79053 1.50717
5.80759 1.69964
5.82464 0.723366
5.8417 0.655438
5.85876 0.939626
5.87581 0.923021
5.89287 1.52891
5.90992 0.937247
5.92698 1.13535
5.94404 1.26335
5.96109 1.08907
5.97815 0.983947
5.9952 0.943725
6.01226 0.753745
6.02932 1.21628
6.04637 0.882106
6.06343 1.04748
6.08048 1.15239
6.09754 1.00749
6.1146 1.13063
6.13165 0.994388
6.14871 0.825252
6.16576 0.845342
6.18282 1.04831
6.19988 0.777351
6.21693 0.888632
6.23399 1.15816
6.25105 0.848355
6.2681 0.700825
6.28516 1.25893
6.30221 0.962104
6.31927 0.850418
6.33633 1.01512
6.35338 1.20484
6.37044 0.95853
6.38749 0.827281
6.40455 0.913624
6.42161 0.856268
6.43866 0.797278
6.45572 1.04513
6.47277 0.834211
6.48983 0.925709
6.50689 1.3097
6.52394 1.55136
6.541 1.13221
6.55805 1.11176
6.57511 1.02627
6.59217 0.85137
6.60922 0.783058
6.62628 0.717798
6.64333 1.00955
6.66039 0.460952
6.67745 0.797958
6.6945 1.08227
6.71156 1.02001
6.72861 1.15575
6.74567 1.17142
6.76273 0.905059
6.77978 0.929162
6.79684 0.864445
6.81389 0.992646
6.83095 0.887534
6.84801 1.13567
6.86506 0.95947
6.88212 0.913475
6.89918 1.37713
6.91623 1.13462
6.93329 0.840526
6.95034 1.46761
6.9674 1.25892
6.98446 0.976938
7.00151 1.06814
7.01857 0.835177
7.03562 1.03843
7.05268 0.959362
7.06974 1.00127
7.08679 0.895778
7.10385 1.04975
7.1209 1.0422
7.13796 0.81688
7.15502 1.11564
7.17207 1.30362
7.18913 0.761834
7.20618 1.03392
7.22324 1.14075
7.2403 0.73068
7.25735 1.07088
7.27441 0.987339
7.29146 0.891318
7.30852 1.51955
7.32558 1.14548
7.34263 1.03457
7.35969 0.925888
7.37674 0.853216
7.3938 0.969725
7.41086 0.911722
7.42791 0.584848
7.44497 0.916429
7.46203 1.17305
7.47908 0.879048
7.49614 1.13374
7.51319 1.23288
7.53025 1.04147
7.54731 1.04703
7.56436 0.735765
7.58142 1.08499
7.59847 0.637733
7.61553 1.11605
7.63259 1.01989
7.64964 1.04439
7.6667 1.11431
7.68375 0.923036
7.70081 1.099
7.71787 0.931526
7.73492 1.01874
7.75198 1.25456
7.76903 1.01145
7.78609 1.01246
7.80315 0.824869
7.8202 0.896489
7.83726 0.827058
7.85431 0.995173
7.87137 0.972645
7.88843 0.846847
7.90548 0.844931
7.92254 1.19326
7.93959 0.767679
7.95665 1.24144
7.97371 0.852021
7.99076 0.917244
8.00782 1.06766
8.02487 0.939779
8.04193 0.886364
8.05899 0.829529
8.07604 0.984795
8.0931 1.16776
8.11016 1.38424
8.12721 1.19726
8.14427 0.957778
8.16132 1.03118
8.17838 1.00329
8.19544 0.8052
8.21249 1.14025
8.22955 1.223
8.2466 0.801164
8.26366 0.985588
8.28072 0.917197
8.29777 1.07374
8.31483 1.57227
8.33188 0.964494
8.34894 1.10643
8.366 1.07386
8.38305 0.608968
8.40011 1.02545
8.41716 0.674139
8.43422 1.06946
8.45128 1.23741
8.46833 0.719215
8.48539 0.818877
8.50244 1.17291
8.5195 1.1578
