0.0857778 0.0183923
0.112171 0.0136248
0.164957 0.00270045
0.178154 0.069058
0.23094 0.0108714
0.244137 0.0459136
0.257333 0.0582028
0.296923 0.0126108
0.323316 0.0561678
0.336513 0.144592
0.349709 0.102332
0.362906 0.138175
0.415692 0.0960264
0.442085 0.0492284
0.468479 0.279356
0.481675 0.132101
0.494872 0.0793275
0.508068 0.104761
0.521265 0.141981
0.534461 0.287165
0.547658 0.177924
0.574051 0.155061
0.587248 0.433495
0.600444 0.215043
0.626837 0.445348
0.640034 0.31204
0.653231 0.299536
0.666427 0.440229
0.679624 0.452521
0.706017 0.610092
0.73241 0.369633
0.745607 0.417081
0.758803 0.876809
0.772 0.588401
0.785196 0.632087
0.81159 1.01842
0.824786 0.346349
0.837983 0.612951
0.851179 0.843295
0.864376 0.980623
0.877572 0.467847
0.890769 1.42046
0.903966 1.98834
0.917162 1.08617
0.930359 1.49345
0.943555 0.792608
0.956752 1.13757
0.969948 1.20284
0.996342 0.665041
1.00954 0.878637
1.02273 2.28892
1.03593 0.480327
1.04913 0.844391
1.06232 0.829983
1.07552 1.21331
1.08872 0.928131
1.10191 1.47477
1.11511 1.48325
1.12831 1.3092
1.1415 0.505628
1.1547 0.84093
1.1679 0.849234
1.18109 1.17176
1.19429 1.31984
1.20749 0.929958
1.22068 1.2261
1.23388 0.934876
1.24708 1.17616
1.26027 0.897976
1.28667 1.28204
1.29986 2.08502
1.32626 1.30673
1.33945 0.981112
1.35265 1.34123
1.36585 1.44944
1.37904 1.35068
1.40544 1.66181
1.41863 0.728874
1.44503 0.808903
1.45822 2.6694
1.47142 1.09785
1.48461 1.24601
1.49781 1.8477
1.51101 1.42291
1.5242 0.549408
1.5374 1.45113
1.5506 1.23695
1.56379 2.16843
1.57699 1.57793
1.59019 1.72485
1.60338 0.920194
1.61658 0.63537
1.62978 0.742047
1.64297 1.12546
1.65617 0.903337
1.66937 0.68401
1.68256 2.3242
1.69576 1.16295
1.72215 0.755245
1.73535 0.881589
1.74855 0.685256
1.76174 0.785844
1.77494 0.753491
1.78814 0.72205
1.80133 0.34225
1.81453 0.950058
1.82773 0.853905
1.84092 0.770949
1.85412 1.45752
1.86732 0.606121
1.88051 0.85388
1.89371 0.699064
1.90691 0.563798
1.9201 0.491175
1.9333 0.639096
1.9465 0.398136
1.95969 0.86982
1.97289 0.415361
1.98608 0.47411
1.99928 0.541203
2.01248 0.690731
2.02567 0.455379
2.03887 0.62526
2.05207 0.542818
2.06526 0.643961
2.07846 0.779193
2.09166 0.781298
2.10485 0.751359
2.11805 0.440965
2.13125 0.323768
2.14444 1.09718
2.15764 0.531294
2.17084 0.916706
2.18403 0.896069
2.19723 0.653214
2.21043 0.864912
2.22362 0.918812
2.23682 0.56167
2.25002 0.874606
2.26321 1.32616
2.27641 0.957583
2.28961 0.815346
2.3028 0.509679
2.316 0.912606
2.3292 1.10055
2.34239 0.820808
2.35559 1.25397
2.36879 0.914074
2.38198 1.25559
2.39518 0.938436
2.40838 1.03237
2.42157 1.62487
2.43477 1.1411
2.44797 0.756261
2.46116 1.33605
2.47436 1.27628
2.48755 1.15815
2.50075 1.11704
2.51395 1.25474
2.52714 1.18211
2.54034 0.864515
2.55354 0.754779
2.56673 1.13876
2.57993 1.17403
2.59313 1.71053
2.60632 1.34968
2.61952 1.13467
2.63272 1.39891
2.64591 1.80322
2.65911 1.22897
2.67231 1.05734
2.6855 1.20035
2.6987 1.46373
2.7119 1.35658
2.72509 1.32192
2.73829 1.32094
2.75149 0.952903
2.76468 1.59631
2.77788 1.53945
2.79108 0.848434
2.80427 1.33541
2.81747 1.10278
2.83067 1.91558
2.84386 1.03615
2.85706 1.07671
2.87026 0.75195
2.88345 1.05871
2.89665 1.0735
2.90985 1.04008
2.92304 0.80412
2.93624 1.21054
2.94944 1.44059
2.96263 0.710948
2.97583 1.13491
2.98902 1.00029
3.00222 0.821122
3.01542 1.10785
3.02861 0.823587
3.04181 0.694341
3.05501 0.74274
3.0682 1.1756
3.0814 1.14061
3.0946 0.978201
3.10779 0.772032
3.12099 0.80803
3.13419 0.87502
3.14738 0.773506
3.16058 0.909081
3.17378 0.792141
3.18697 0.80055
3.20017 0.726845
3.21337 0.753645
3.22656 1.04795
3.23976 0.658567
3.25296 0.885901
3.26615 0.582559
3.27935 0.529068
3.29255 0.583874
3.30574 1.12756
3.31894 0.600863
3.33214 0.654715
3.34533 0.792569
3.35853 0.475113
3.37173 0.790249
3.38492 0.495752
3.39812 0.724573
3.41132 0.742879
3.42451 0.56217
3.43771 0.470628
3.45091 0.682697
3.4641 0.762231
3.4773 0.875166
3.49049 0.616832
3.50369 0.879883
3.51689 2.69705
3.53008 0.925083
3.54328 0.815527
3.55648 1.00079
3.56967 0.729467
3.58287 0.89073
3.59607 1.43731
3.60926 1.02849
3.62246 0.972334
3.63566 0.900524
3.64885 1.76429
3.66205 0.82597
3.67525 0.793332
3.68844 1.19839
3.70164 1.3474
3.71484 1.44741
3.72803 1.00329
3.74123 0.866677
3.75443 1.2171
3.76762 1.04714
3.78082 1.3305
3.79402 1.3581
3.80721 1.64538
3.82041 1.08276
3.83361 1.50887
3.8468 1.69769
3.86 1.52203
3.8732 1.27984
3.88639 1.07399
3.89959 0.989963
3.91279 1.08275
3.92598 0.79105
3.93918 1.21585
3.95237 1.03167
3.96557 1.38368
3.97877 0.991302
3.99196 1.23725
4.00516 1.09349
4.01836 0.917341
4.03155 1.09019
4.04475 0.969652
4.05795 0.684091
4.07114 1.30383
4.08434 0.915814
4.09754 1.01336
4.11073 0.882034
4.12393 0.89174
4.13713 1.30211
4.15032 0.980826
4.16352 1.38605
4.17672 1.2721
4.18991 0.691721
4.20311 0.918177
4.21631 1.10971
4.2295 0.909904
4.2427 1.17574
4.2559 1.29514
4.26909 0.768455
4.28229 1.07437
4.29549 0.864072
4.30868 1.24407
4.32188 0.800291
4.33508 0.784473
4.34827 0.949836
4.36147 0.664474
4.37467 1.29418
4.38786 0.817067
4.40106 0.742023
4.41426 1.19075
4.42745 0.950241
4.44065 0.859255
4.45384 1.14606
4.46704 0.823315
4.48024 1.20907
4.49343 0.898965
4.50663 0.739308
4.51983 0.578482
4.53302 0.82478
4.54622 0.581643
4.55942 0.878512
4.57261 0.73827
4.58581 0.825744
4.59901 1.01856
4.6122 1.06967
4.6254 0.843835
4.6386 0.71801
4.65179 0.664301
4.66499 0.791168
4.67819 0.819998
4.69138 0.812213
4.70458 0.787346
4.71778 0.656813
4.73097 0.974988
4.74417 0.868311
4.75737 0.84972
4.77056 0.957319
4.78376 0.947411
4.79696 0.671423
4.81015 0.837292
4.82335 1.01872
4.83655 0.632951
4.84974 0.602254
4.86294 0.948522
4.87614 0.93779
4.88933 1.09147
4.90253 1.11828
4.91573 1.18637
4.92892 1.14967
4.94212 0.967185
4.95531 0.936961
4.96851 0.898997
4.98171 1.00691
4.9949 1.65105
5.0081 0.855482
5.0213 1.14342
5.03449 1.38683
5.04769 1.55053
5.06089 1.17028
5.07408 1.23022
5.08728 1.20923
5.10048 0.909601
5.11367 1.04678
5.12687 0.886884
5.14007 1.42326
5.15326 0.820739
5.16646 1.11654
5.17966 1.55941
5.19285 1.3004
5.20605 1.462
5.21925 1.36239
5.23244 1.26553
5.24564 1.03867
5.25884 1.19624
5.27203 1.11983
5.28523 0.966533
5.29843 1.58097
5.31162 1.11727
5.32482 1.18529
5.33802 1.62375
5.35121 0.897911
5.36441 0.869686
5.37761 1.34253
5.3908 1.07399
5.404 1.2514
5.4172 1.06973
5.43039 0.952797
5.44359 1.00395
5.45678 1.10985
5.46998 0.840031
5.48318 0.896213
5.49637 0.999702
5.50957 1.33071
5.52277 1.11469
5.53596 0.880213
5.54916 0.989623
5.56236 0.802013
5.57555 0.998231
5.58875 1.24174
5.60195 0.791679
5.61514 0.921347
5.62834 1.07634
5.64154 0.738198
5.65473 1.0508
5.66793 1.12304
5.68113 1.16176
5.69432 0.639963
5.70752 0.751832
5.72072 0.90148
5.73391 0.622775
5.74711 0.553771
5.76031 0.863271
5.7735 0.995147
5.7867 0.917738
5.7999 1.08548
5.81309 0.906179
5.82629 0.767496
5.83949 0.743602
5.85268 0.708624
5.86588 0.800641
5.87908 0.474549
5.89227 0.936022
5.90547 0.916397
5.91867 0.938046
5.93186 1.02935
5.94506 0.762762
5.95825 0.7968
5.97145 0.638936
5.98465 0.910163
5.99784 1.53572
6.01104 0.750599
6.02424 0.844493
6.03743 0.758142
6.05063 0.870127
6.06383 0.763995
6.07702 0.714347
6.09022 0.89202
6.10342 0.868309
6.11661 0.853358
6.12981 1.11951
6.14301 0.83752
6.1562 1.06891
6.1694 0.925581
6.1826 1.04457
6.19579 0.997309
6.20899 0.86194
6.22219 1.08628
6.23538 0.964312
6.24858 1.09672
6.26178 1.08533
6.27497 1.31747
6.28817 1.70828
6.30137 0.925457
6.31456 1.17095
6.32776 1.00609
6.34096 1.15374
6.35415 1.15456
6.36735 1.59056
6.38055 1.04988
6.39374 1.04964
6.40694 1.06116
6.42013 1.1678
6.43333 1.31931
6.44653 1.22189
6.45972 1.78771
6.47292 1.14455
6.48612 0.980711
6.49931 1.1649
6.51251 1.29531
6.52571 1.57396
6.5389 1.54608
6.5521 0.636373
6.5653 1.14923
6.57849 0.816195
6.59169 1.08879
