0.126119 0.000376675
0.164924 0.000115406
0.242536 0.00111781
0.261938 0.00244622
0.33955 0.0116711
0.358953 0.0134518
0.378356 0.00626679
0.436564 0.00732109
0.47537 0.0220489
0.494773 0.0158144
0.514176 0.0506253
0.533578 0.0334819
0.61119 0.07152
0.649995 0.12723
0.688801 0.236822
0.708204 0.147534
0.727607 0.0738846
0.74701 0.333515
0.766413 0.0685165
0.785815 0.345986
0.805218 0.702391
0.844024 0.231909
0.863427 0.921275
0.88283 1.65762
0.921635 1.65854
0.941038 1.13648
0.960441 2.58706
0.979844 1.52519
0.999247 0.660407
1.03805 0.755005
1.07686 2.12079
1.09626 1.74998
1.11566 1.38317
1.13507 4.68398
1.15447 4.22976
1.19328 2.60769
1.21268 1.03877
1.23208 0.47903
1.25148 1.48713
1.27089 0.490929
1.29029 0.444494
1.30969 0.80224
1.3291 0.731377
1.3485 0.474219
1.3679 0.734016
1.3873 1.2668
1.40671 1.1573
1.42611 1.5345
1.46492 1.01017
1.48432 1.06739
1.50372 0.278442
1.52312 0.816209
1.54253 0.397561
1.56193 0.831857
1.58133 0.479624
1.60074 0.230207
1.62014 0.70364
1.63954 1.06062
1.65894 0.632028
1.67835 0.622518
1.69775 0.914674
1.71715 0.773636
1.73656 0.913527
1.75596 0.962102
1.77536 1.13457
1.79476 0.490169
1.81417 0.618453
1.83357 1.3468
1.85297 0.694198
1.89178 0.860077
1.91118 1.09731
1.94999 1.00303
1.96939 1.54635
1.98879 0.394797
2.00819 0.723689
2.0276 1.30388
2.0664 1.02216
2.08581 1.11235
2.12461 1.21735
2.14401 1.18051
2.16342 1.22993
2.18282 1.61477
2.20222 1.0907
2.22163 0.892725
2.24103 1.70342
2.26043 1.1424
2.27983 1.45715
2.29924 1.31909
2.31864 1.23572
2.33804 0.9216
2.35745 1.08508
2.37685 0.617217
2.39625 1.54018
2.41565 0.732146
2.43506 0.77792
2.45446 1.23196
2.47386 1.03395
2.49327 1.25059
2.53207 0.751501
2.55147 0.868664
2.57088 0.625404
2.59028 0.927682
2.60968 0.942282
2.62909 0.433105
2.64849 0.508021
2.66789 1.13905
2.68729 1.4377
2.7067 0.686535
2.7261 1.09909
2.7455 0.72549
2.76491 0.693726
2.78431 0.874491
2.80371 1.0171
2.82311 0.912675
2.84252 0.789922
2.86192 0.845337
2.88132 1.22688
2.90073 0.740673
2.92013 0.938934
2.93953 0.751156
2.95893 1.48569
2.97834 1.24084
2.99774 0.970133
3.01714 0.714439
3.03655 0.911971
3.05595 0.774732
3.07535 0.430115
3.09475 1.216
3.11416 1.24474
3.13356 0.427339
3.15296 0.961598
3.17237 1.37815
3.19177 0.830804
3.21117 0.761315
3.23057 0.67513
3.24998 1.51588
3.26938 0.979386
3.28878 1.43662
3.30819 1.1308
3.32759 0.945959
3.34699 0.687199
3.36639 1.15428
3.3858 0.454992
3.4052 1.40302
3.4246 1.21967
3.44401 0.679224
3.46341 0.539757
3.48281 0.753669
3.50221 0.567107
3.52162 1.02164
3.54102 1.25457
3.56042 1.24126
3.57983 1.62928
3.59923 1.09933
3.61863 1.04968
3.63803 1.21633
3.65744 1.14693
3.67684 1.22891
3.69624 0.910728
3.71565 0.916497
3.73505 0.909186
3.75445 1.08975
3.77385 1.17085
3.79326 1.26112
3.81266 1.16268
3.83206 1.28165
3.85147 0.711227
3.87087 0.810388
3.89027 0.992702
3.90967 0.746962
3.92908 1.39134
3.94848 0.708267
3.96788 0.878554
3.98729 0.921882
4.00669 0.937104
4.02609 0.610041
4.04549 1.37044
4.0649 0.81973
4.0843 0.946408
4.1037 1.22572
4.12311 1.03172
4.14251 1.03688
4.16191 0.366916
4.18131 1.02807
4.20072 0.856747
4.22012 1.40417
4.23952 1.03013
4.25893 0.94736
4.27833 0.862095
4.29773 0.895738
4.31713 0.360433
4.33654 1.02712
4.35594 0.928574
4.37534 1.20284
4.39475 0.543181
4.41415 0.719389
4.43355 2.10333
4.45295 0.979105
4.47236 1.29499
4.49176 0.67419
4.51116 1.00227
4.53057 0.714307
4.54997 1.07284
4.56937 0.989018
4.58877 1.29826
4.60818 0.833259
4.62758 1.10903
4.64698 0.988608
4.66639 1.33816
4.68579 0.983023
4.70519 1.00673
4.72459 1.26201
4.744 0.974159
4.7634 1.19516
4.7828 0.915918
4.80221 1.27289
4.82161 0.971057
4.84101 1.09563
4.86041 1.18463
4.87982 0.976214
4.89922 1.24613
4.91862 1.05403
4.93803 0.862279
4.95743 0.694065
4.97683 0.870198
4.99623 0.877628
5.01564 0.989289
5.03504 0.987973
5.05444 1.33899
5.07385 0.782338
5.09325 1.24273
5.11265 1.09528
5.13205 0.987792
5.15146 1.1092
5.17086 1.76389
5.19026 0.692663
5.20967 1.14035
5.22907 0.771002
5.24847 1.29477
5.26787 0.971426
5.28728 0.698817
5.30668 0.795289
5.32608 0.705836
5.34549 0.791366
5.36489 1.54144
5.38429 0.939986
5.40369 0.743761
5.4231 0.935171
5.4425 0.998351
5.4619 0.731396
5.48131 1.06032
5.50071 0.778844
5.52011 1.03672
5.53951 0.762474
5.55892 0.959705
5.57832 0.906441
5.59772 0.910748
5.61713 1.18882
5.63653 0.963963
5.65593 0.912201
5.67533 0.873358
5.69474 0.995825
5.71414 1.23378
5.73354 1.37927
5.75295 1.02776
5.77235 1.42212
5.79175 1.10796
5.81115 1.00793
5.83056 1.11925
5.84996 0.973758
5.86936 1.15683
5.88876 1.19322
5.90817 1.14155
5.92757 0.75025
5.94697 1.04013
5.96638 1.12526
5.98578 0.679118
6.00518 0.896573
6.02458 1.29974
6.04399 0.574176
6.06339 1.07875
6.08279 0.90826
6.1022 0.734921
6.1216 1.36473
6.141 1.00091
6.1604 0.832193
6.17981 1.10933
6.19921 0.942152
6.21861 1.04253
6.23802 0.775857
6.25742 0.848758
6.27682 1.66418
6.29622 0.866036
6.31563 1.11928
6.33503 0.849374
6.35443 0.823488
6.37384 0.996666
6.39324 1.57774
6.41264 1.16624
6.43204 0.878426
6.45145 1.13979
6.47085 0.878052
6.49025 1.0446
6.50966 1.24663
6.52906 0.989677
6.54846 0.978634
6.56786 0.947303
6.58727 0.738634
6.60667 0.966581
6.62607 0.854267
6.64548 0.82202
6.66488 0.918341
6.68428 0.630054
6.70368 1.05885
6.72309 1.18186
6.74249 1.04949
6.76189 0.987571
6.7813 1.17585
6.8007 0.955613
6.8201 0.908018
6.8395 1.16296
6.85891 1.2507
6.87831 0.927444
6.89771 1.07812
6.91712 1.02414
6.93652 0.865932
6.95592 0.747819
6.97532 0.762661
6.99473 1.15994
7.01413 1.29502
7.03353 0.980791
7.05294 1.16731
7.07234 1.24549
7.09174 1.243
7.11114 0.735753
7.13055 0.61717
7.14995 0.975724
7.16935 0.977817
7.18876 1.17484
7.20816 0.806882
7.22756 1.04248
7.24696 0.930235
7.26637 1.11203
7.28577 1.12851
7.30517 1.1533
7.32458 0.987765
7.34398 0.949401
7.36338 1.0174
7.38278 0.911416
7.40219 0.940852
7.42159 0.952147
7.44099 1.33724
7.4604 1.32393
7.4798 1.02168
7.4992 1.12662
7.5186 0.926285
7.53801 0.986946
7.55741 0.96041
7.57681 1.14362
7.59622 0.783365
7.61562 1.28373
7.63502 0.765492
7.65442 0.875592
7.67383 0.733512
7.69323 0.927264
7.71263 0.986475
7.73204 0.945788
7.75144 0.938589
7.77084 1.10224
7.79024 1.1449
7.80965 0.979998
7.82905 1.04981
7.84845 1.17402
7.86786 1.0081
7.88726 1.07848
7.90666 0.992496
7.92606 1.23545
7.94547 0.858102
7.96487 0.892953
7.98427 1.40889
8.00368 1.08428
8.02308 0.811269
8.04248 0.700546
8.06188 1.0091
8.08129 0.915213
8.10069 0.767238
8.12009 1.01491
8.1395 0.913992
8.1589 1.13408
8.1783 0.81349
8.1977 1.35814
8.21711 0.600865
8.23651 0.88988
8.25591 1.06457
8.27532 1.06107
8.29472 1.05558
8.31412 0.947483
8.33352 0.783253
8.35293 0.813688
8.37233 1.00044
8.39173 0.836557
8.41114 0.954574
8.43054 0.778026
8.44994 1.2453
8.46934 0.757432
8.48875 0.940098
8.50815 1.49371
8.52755 0.969558
8.54696 0.898877
8.56636 1.11729
8.58576 1.33048
8.60516 0.73428
8.62457 1.0981
8.64397 0.836588
8.66337 1.25609
8.68278 1.17336
8.70218 1.12557
8.72158 0.936584
8.74098 0.946387
8.76039 1.13551
8.77979 1.03076
8.79919 0.909918
8.8186 0.837986
8.838 1.16973
8.8574 1.14924
8.8768 1.15868
8.89621 0.949737
8.91561 0.89284
8.93501 1.21141
8.95442 0.797571
8.97382 0.801496
8.99322 0.965258
9.01262 0.772084
9.03203 0.806381
9.05143 1.05828
9.07083 1.17401
9.09024 0.861685
9.10964 0.994328
9.12904 0.864543
9.14844 0.7765
9.16785 0.880146
9.18725 0.886783
9.20665 0.647691
9.22606 1.03807
9.24546 1.08785
9.26486 1.08479
9.28426 1.12398
9.30367 0.627416
9.32307 1.33297
9.34247 1.10137
9.36188 0.928857
9.38128 1.36703
9.40068 0.931922
9.42008 1.15345
9.43949 0.997717
9.45889 1.08127
9.47829 1.69757
9.4977 0.743898
9.5171 1.1316
9.5365 1.26184
9.5559 1.01049
9.57531 1.2231
9.59471 1.11942
9.61411 0.955798
9.63352 1.13786
9.65292 0.934336
9.67232 0.618381
9.69172 0.965632
