0.109022 0.0657552
0.142567 0.129598
0.209657 0.235777
0.22643 0.128345
0.29352 0.00996612
0.310292 0.0568536
0.327065 0.0576417
0.377383 0.0789475
0.410928 0.308205
0.4277 0.0267547
0.444473 0.110004
0.461245 0.0774054
0.528336 0.108571
0.561881 0.0400402
0.595426 0.141778
0.612198 0.295658
0.628971 0.050189
0.645743 0.172765
0.662516 0.182724
0.679289 0.268393
0.696061 0.255009
0.729606 0.514106
0.746379 0.197039
0.763151 0.469333
0.796696 0.72271
0.813469 0.319853
0.830242 0.621155
0.847014 0.719442
0.863787 0.168809
0.897332 0.558627
0.930877 1.5699
0.947649 0.842465
0.964422 1.52317
0.981195 4.2075
0.997967 4.22466
1.03151 2.11197
1.04828 1.09492
1.06506 0.603353
1.08183 1.56018
1.0986 0.303636
1.11538 0.358261
1.13215 0.672947
1.14892 0.558396
1.16569 0.771445
1.18247 1.44534
1.19924 2.26724
1.21601 1.25868
1.23278 1.92649
1.26633 1.55261
1.2831 1.53891
1.29987 0.298025
1.31665 1.57857
1.33342 0.572517
1.35019 1.80685
1.36696 0.912393
1.38374 0.904853
1.40051 1.11123
1.41728 1.38195
1.43405 1.00031
1.45083 1.23125
1.4676 1.23637
1.48437 0.956664
1.50114 1.25298
1.51792 1.51513
1.53469 1.0976
1.55146 0.915017
1.56823 0.691648
1.58501 1.574
1.60178 0.759508
1.63532 0.845009
1.6521 1.28205
1.68564 1.14216
1.70241 1.23685
1.71919 0.205737
1.73596 0.977878
1.75273 0.744134
1.78628 0.830568
1.80305 0.794798
1.8366 0.920292
1.85337 0.990516
1.87014 0.739347
1.88691 1.04424
1.90369 0.87917
1.92046 0.655037
1.93723 0.810655
1.954 0.719117
1.97078 1.02449
1.98755 1.03279
2.00432 0.793265
2.02109 0.841072
2.03787 1.01555
2.05464 0.350333
2.07141 1.03128
2.08818 0.47864
2.10496 0.55578
2.12173 1.22332
2.1385 0.320756
2.15527 0.867815
2.18882 0.944918
2.20559 0.811576
2.22236 0.453563
2.23914 0.79163
2.25591 0.913971
2.27268 0.581566
2.28945 0.380176
2.30623 0.909286
2.323 1.15861
2.33977 0.877734
2.35654 1.7036
2.37332 0.870466
2.39009 0.766826
2.40686 0.942288
2.42363 1.54726
2.44041 1.2752
2.45718 0.971822
2.47395 1.08813
2.49072 1.05064
2.5075 1.27077
2.52427 1.33577
2.54104 1.16051
2.55782 1.55204
2.57459 1.5081
2.59136 1.54638
2.60813 1.15046
2.62491 1.27821
2.64168 0.582925
2.65845 0.802176
2.67522 1.54411
2.692 1.47873
2.70877 1.03837
2.72554 1.36845
2.74231 1.33305
2.75909 1.13116
2.77586 0.87432
2.79263 0.945791
2.8094 0.692137
2.82618 1.04224
2.84295 1.60219
2.85972 1.02115
2.87649 1.07337
2.89327 1.15236
2.91004 1.19793
2.92681 0.56481
2.94358 1.4738
2.96036 0.979228
2.97713 0.948138
2.9939 0.781905
3.01067 0.375764
3.02745 0.357362
3.04422 0.807322
3.06099 0.8175
3.07776 0.88907
3.09454 1.09242
3.11131 0.662249
3.12808 0.548252
3.14485 1.01404
3.16163 1.1019
3.1784 0.614354
3.19517 0.829179
3.21194 0.778705
3.22872 0.637093
3.24549 0.627853
3.26226 0.744308
3.27903 1.09453
3.29581 0.686829
3.31258 1.02935
3.32935 0.608391
3.34613 0.885153
3.3629 0.824458
3.37967 0.736463
3.39644 1.18351
3.41322 0.815792
3.42999 0.694653
3.44676 0.765009
3.46353 0.902849
3.48031 0.655392
3.49708 1.07775
3.51385 0.837768
3.53062 0.647852
3.5474 0.871236
3.56417 1.16389
3.58094 1.22644
3.59771 0.348492
3.61449 1.12816
3.63126 0.96074
3.64803 1.81234
3.6648 1.2594
3.68158 1.18448
3.69835 1.11766
3.71512 1.25193
3.73189 0.604662
3.74867 1.35752
3.76544 1.1673
3.78221 1.51211
3.79898 0.827807
3.81576 0.876903
3.83253 1.9825
3.8493 1.38392
3.86607 1.385
3.88285 0.867663
3.89962 1.15842
3.91639 1.05546
3.93316 1.34959
3.94994 1.14512
3.96671 1.26348
3.98348 0.912436
4.00025 1.4904
4.01703 0.822842
4.0338 1.41531
4.05057 1.07026
4.06735 1.41685
4.08412 1.36926
4.10089 1.00769
4.11766 0.811543
4.13444 0.844061
4.15121 0.990807
4.16798 1.02451
4.18475 0.940066
4.20153 1.01442
4.2183 0.928013
4.23507 0.842093
4.25184 1.06578
4.26862 0.92971
4.28539 0.651167
4.30216 0.99728
4.31893 0.774027
4.33571 0.882442
4.35248 0.890277
4.36925 0.945022
4.38602 0.616572
4.4028 0.819722
4.41957 0.936857
4.43634 0.869558
4.45311 0.703367
4.46989 1.30991
4.48666 0.734211
4.50343 0.975752
4.5202 0.519936
4.53698 0.801139
4.55375 0.949718
4.57052 0.515193
4.58729 0.772613
4.60407 0.668586
4.62084 0.71552
4.63761 1.47651
4.65438 0.705502
4.67116 0.698387
4.68793 0.863693
4.7047 0.873728
4.72147 0.780743
4.73825 1.01977
4.75502 0.699101
4.77179 0.961166
4.78857 0.719917
4.80534 1.00781
4.82211 0.989041
4.83888 1.07767
4.85566 1.25849
4.87243 1.12363
4.8892 1.10725
4.90597 1.14733
4.92275 1.13074
4.93952 1.28724
4.95629 1.59867
4.97306 1.18491
4.98984 1.73143
5.00661 1.30989
5.02338 1.20777
5.04015 1.47854
5.05693 1.20952
5.0737 1.36585
5.09047 1.41333
5.10724 1.20464
5.12402 0.950198
5.14079 1.13692
5.15756 1.43696
5.17433 0.76675
5.19111 0.980964
5.20788 1.25436
5.22465 0.770072
5.24142 1.15231
5.2582 1.17009
5.27497 1.00233
5.29174 1.11621
5.30851 1.0905
5.32529 0.99731
5.34206 1.01745
5.35883 1.01605
5.3756 0.998003
5.39238 0.565993
5.40915 0.706626
5.42592 1.34448
5.44269 0.9091
5.45947 0.945262
5.47624 1.04027
5.49301 0.80999
5.50979 0.838606
5.52656 1.5481
5.54333 0.906232
5.5601 1.02824
5.57688 0.838211
5.59365 0.702447
5.61042 0.931373
5.62719 0.966835
5.64397 0.594512
5.66074 0.949438
5.67751 0.697634
5.69428 0.495542
5.71106 0.550248
5.72783 0.80276
5.7446 0.613521
5.76137 0.778344
5.77815 0.715112
5.79492 0.81144
5.81169 0.87202
5.82846 0.809793
5.84524 0.995843
5.86201 0.905905
5.87878 0.796656
5.89555 0.941781
5.91233 0.905699
5.9291 1.52321
5.94587 0.928163
5.96264 1.37283
5.97942 0.963142
5.99619 1.07976
6.01296 0.768365
6.02973 0.841231
6.04651 1.23985
6.06328 1.23013
6.08005 1.09175
6.09682 1.30288
6.1136 1.38596
6.13037 1.22636
6.14714 0.880687
6.16391 0.783754
6.18069 1.26392
6.19746 1.07506
6.21423 1.40631
6.23101 0.920845
6.24778 1.08555
6.26455 1.19629
6.28132 1.27348
6.2981 1.33699
6.31487 1.07282
6.33164 1.42759
6.34841 1.18499
6.36519 1.14238
6.38196 1.16841
6.39873 1.00605
6.4155 1.21841
6.43228 1.37692
6.44905 1.07197
6.46582 1.03305
6.48259 1.2311
6.49937 0.974642
6.51614 0.984593
6.53291 0.949183
6.54968 1.08337
6.56646 0.850184
6.58323 1.29024
6.6 0.87258
6.61677 0.954161
6.63355 0.810771
6.65032 0.641085
6.66709 0.957945
6.68386 1.0363
6.70064 0.902044
6.71741 0.959804
6.73418 1.0311
6.75095 0.878516
6.76773 0.842932
6.7845 0.891074
6.80127 1.00225
6.81804 1.01893
6.83482 0.793954
6.85159 1.03781
6.86836 0.587645
6.88513 0.728068
6.90191 1.03632
6.91868 0.876294
6.93545 0.652919
6.95223 0.753981
6.969 0.74122
6.98577 0.675861
7.00254 0.894638
7.01932 1.00599
7.03609 0.875452
7.05286 0.822723
7.06963 0.744238
7.08641 1.12222
7.10318 0.746739
7.11995 0.853952
7.13672 0.956007
7.1535 0.874997
7.17027 1.15628
7.18704 1.12877
7.20381 0.746873
7.22059 0.861677
7.23736 1.07872
7.25413 0.90807
7.2709 0.832899
7.28768 0.743901
7.30445 1.18465
7.32122 0.720018
7.33799 0.966186
7.35477 1.68563
7.37154 1.33691
7.38831 1.03808
7.40508 1.12592
7.42186 1.47512
7.43863 0.895
7.4554 1.27188
7.47217 0.933635
7.48895 1.50638
7.50572 1.48221
7.52249 1.26229
7.53926 0.96526
7.55604 1.0389
7.57281 1.43538
7.58958 1.41476
7.60635 0.975962
7.62313 0.901923
7.6399 1.28166
7.65667 1.20829
7.67345 1.21292
7.69022 1.14515
7.70699 0.903333
7.72376 1.17671
7.74054 0.852772
7.75731 0.91715
7.77408 1.00762
7.79085 0.827352
7.80763 0.826289
7.8244 0.79009
7.84117 1.01988
7.85794 0.76776
7.87472 0.913501
7.89149 1.00115
7.90826 0.902406
7.92503 1.04697
7.94181 0.783128
7.95858 0.553987
7.97535 0.795459
7.99212 0.883863
8.0089 1.10266
8.02567 1.07059
8.04244 0.77471
8.05921 0.92822
8.07599 1.00114
8.09276 0.734432
8.10953 0.993765
8.1263 0.662256
8.14308 1.06187
8.15985 0.960387
8.17662 0.939901
8.19339 1.22907
8.21017 0.788308
8.22694 0.876013
8.24371 1.41552
8.26048 0.854329
8.27726 0.653926
8.29403 1.04501
8.3108 0.881036
8.32757 0.952261
8.34435 0.827654
8.36112 0.747085
8.37789 0.855063
