0.979274 0.187297133333
0.96933 0.251425
0.938469 0.222507
0.252171966667 0.00994845333333
0.0228123266667 0.30007
0.1098196 0.365131
0.0720261666667 0.347475
0.0438955666667 0.359789333333
0.979405666667 0.655647
0.989805666667 0.583099333333
0.995977 0.504385333333
0.961584 0.141915133333
0.936465 0.184525
0.990348333333 0.345512
0.976955333333 0.292314666667
0.824158333333 0.171230666667
0.123322633333 0.01105601
0.143889 0.413974666667
0.113312933333 0.399510333333
0.162974896667 0.978672333333
0.855241333333 0.147217
0.913349666667 0.154503333333
0.882121666667 0.166617
0.783620333333 0.0338840666667
0.873533 0.205425333333
0.906765 0.231293666667
0.826102666667 0.232302
0.836115666667 0.203535333333
0.0441994666667 0.04972231
0.0680336 0.0243924433333
0.218045666667 0.102487566667
0.180487666667 0.1066709
0.172746666667 0.0146852666667
0.206560333333 0.0329111333333
0.0290713266667 0.257695666667
0.0449248933333 0.228252666667
0.175394666667 0.152569333333
0.0486936266667 0.199023
0.0788671 0.422150666667
0.0358487333333 0.443273333333
0.0472431666667 0.400085666667
0.979247666667 0.468632
0.960655333333 0.439475
0.968390333333 0.373447
0.950081333333 0.406914333333
0.763468333333 0.662485
0.820586333333 0.688778
0.793188333333 0.698136666667
0.961121 0.582683333333
0.946936333333 0.976289333333
0.742971 0.982341333333
0.520687333333 0.994491333333
0.794542333333 0.995484333333
0.835760666667 0.830706
0.911261 0.0882350666667
0.922782333333 0.121158933333
0.942714333333 0.0715288666667
0.954235666667 0.104452733333
0.867391333333 0.0581487666667
0.879427666667 0.0854524333333
0.850897666667 0.1154403
0.823798 0.0549654666667
0.456337666667 0.383177
0.549859 0.399789
0.51766 0.386561666667
0.486946333333 0.404823333333
0.620524666667 0.431464333333
0.823034333333 0.472228333333
0.840098 0.495990666667
0.257713333333 0.986969333333
0.741143666667 0.346305333333
0.755474666667 0.311992
0.795721 0.245195
0.770750333333 0.227048666667
0.734401333333 0.284392666667
0.741276333333 0.250999333333
0.272995333333 0.0373590666667
0.242347666667 0.0765178
0.234756 0.0448897333333
0.348984333333 0.0620819333333
0.288925666667 0.0881075666667
0.309772666667 0.0676568
0.162423333333 0.078927
0.175190666667 0.0457799666667
0.141377 0.0275541
0.103286966667 0.0382261666667
0.136285333333 0.342352
0.0786991 0.191893333333
0.29673 0.121657
0.02131867 0.166327333333
0.0234693433333 0.0773439433333
0.00525567 0.335896666667
0.0580611666667 0.0856879333333
0.1057845 0.138809333333
0.0745819666667 0.153240333333
0.0373310433333 0.113309566667
0.0436106433333 0.13774
0.119462666667 0.0952197666667
0.0941399666667 0.0727448
0.38664 0.0108840433333
0.329843666667 0.0226868
0.380052 0.0317549
0.455555666667 0.228636333333
0.484804333333 0.254166666667
0.391784666667 0.365881666667
0.418535333333 0.396297333333
0.0565291333333 0.478745
0.0823209666667 0.456161333333
0.943387333333 0.553196666667
0.948148333333 0.304307333333
0.941876333333 0.339642333333
0.953805333333 0.895843666667
0.979223333333 0.887136666667
0.967361333333 0.929862666667
0.969239 0.828940666667
0.912547 0.852482333333
0.945435333333 0.857238
0.813428666667 0.760170666667
0.792234 0.727679666667
0.747418333333 0.74277
0.854015666667 0.701739333333
0.91252 0.402022333333
0.889183333333 0.431642333333
0.883494666667 0.493028666667
0.898362666667 0.524332
0.938312 0.466083333333
0.904401333333 0.463142666667
0.956904333333 0.495240333333
0.937861666667 0.523603
0.614806333333 0.986567666667
0.573998333333 0.965285
0.589065333333 0.939386666667
0.621353333333 0.923369333333
0.562816666667 0.903048
0.837122333333 0.86398
0.795635333333 0.884747
0.723212666667 0.727677666667
0.738308333333 0.676935666667
0.710123333333 0.664774333333
0.738153333333 0.880410666667
0.772682 0.869624333333
0.613371 0.884956666667
0.579048666667 0.842125666667
0.580595333333 0.877231333333
0.681586666667 0.866802666667
0.718814666667 0.855558333333
0.682386333333 0.907547666667
0.708787 0.969895666667
0.664257 0.975200333333
0.655737 0.937900333333
0.735891 0.938632
0.718010333333 0.913584
0.07224793 0.967523666667
0.04734333 0.946451333333
0.0282196 0.810359666667
0.02723393 0.924254666667
0.00661933 0.843889333333
0.00776536666667 0.770639333333
0.487277666667 0.440350666667
0.460354333333 0.463741666667
0.612463666667 0.513822
0.531836333333 0.355405
0.564035333333 0.368632333333
0.552484333333 0.284927333333
0.582911666667 0.294265333333
0.710076666667 0.355443333333
0.680624333333 0.415384333333
0.703727 0.400108
0.676211333333 0.585051333333
0.697307 0.635254
0.711427666667 0.608125
0.763648 0.518544
0.739696 0.588079333333
0.212428666667 0.973167
0.411159 0.525289
0.566584333333 0.76606
0.512848666667 0.662441
0.470135333333 0.663159
0.456688333333 0.631722666667
0.533396666667 0.685249333333
0.564727 0.700137
0.520809 0.719062333333
0.552139333333 0.73395
0.731389333333 0.424011666667
0.734858 0.462502333333
0.788245333333 0.468457
0.763951333333 0.48246
0.638792666667 0.501975
0.703273666667 0.473575333333
0.645011 0.456998666667
0.676702333333 0.450361
0.745613 0.0463142333333
0.784820666667 0.165048
0.758660333333 0.190718
0.714579333333 0.224071666667
0.724076 0.191478
0.710042333333 0.160238333333
0.699413 0.291789333333
0.689419333333 0.328526666667
0.1174319 0.314023
0.0804384666667 0.316591333333
0.0585668666667 0.286531333333
0.0744204333333 0.257088333333
0.1403339 0.285927
0.107951966667 0.210337
0.166586333333 0.226267333333
0.156784 0.180642666667
0.126629833333 0.172494666667
0.107442033333 0.246302333333
0.135922233333 0.254084666667
0.325259333333 0.137967666667
0.605530666667 0.204809666667
0.542304333333 0.0917050666667
0.513322666667 0.134276
0.506668666667 0.100740833333
0.552593666667 0.151372666667
0.567997333333 0.1262819
0.712648 0.0541491
0.708152 0.0863878666667
0.604880666667 0.01882611
0.669054666667 0.0364926666667
0.374117666667 0.0771553333333
0.47556 0.0841343666667
0.481007666667 0.04751651
0.455487333333 0.0289749766667
0.435766666667 0.0918728333333
0.420460666667 0.0386685333333
0.406187666667 0.0649485333333
0.491965666667 0.152936666667
0.499851666667 0.185066
0.463694 0.195549
0.464309666667 0.343446333333
0.447945 0.313101333333
0.477996 0.286605666667
0.515379666667 0.305206333333
0.509094666667 0.333936
0.429610333333 0.457051
0.411888666667 0.427368
0.906771666667 0.577194666667
0.880212 0.554638333333
0.897358 0.259223
0.914335 0.287229
0.854113 0.262121333333
0.964889333333 0.797752333333
0.973254333333 0.737014
0.956125666667 0.705797
0.895437666667 0.818463666667
0.857343 0.811229
0.843323 0.774886333333
0.905253333333 0.347387333333
0.894206 0.3763
0.886943333333 0.318463666667
0.828968333333 0.435233333333
0.851848 0.420458
0.854065 0.386737666667
0.794179333333 0.431462
0.769821333333 0.373932666667
0.766416666667 0.406974333333
0.893854333333 0.885122333333
0.860693 0.886984666667
0.922027666667 0.916297666667
0.918259333333 0.950733333333
0.686233666667 0.730735666667
0.677398333333 0.692670666667
0.748472333333 0.773431333333
0.718418666667 0.801333666667
0.737371333333 0.826072333333
0.789016666667 0.780018666667
0.797328666667 0.814211333333
0.775737 0.832362666667
0.630642 0.852754666667
0.661436666667 0.843738
0.611796666667 0.825047
0.679712 0.807755
0.598845 0.545214333333
0.559945 0.532795666667
0.581744333333 0.487142333333
0.550894 0.433220666667
0.583587 0.449761
0.519026333333 0.455520666667
0.521819333333 0.489040333333
0.551844333333 0.504121666667
0.519353333333 0.236429
0.549649666667 0.248589
0.526262333333 0.200415666667
0.557647333333 0.185383
0.575597666667 0.213617333333
0.656105 0.643015666667
0.647434 0.675518
0.590186333333 0.680991333333
0.619545 0.698745333333
0.0796398666667 0.707556666667
0.0454397666667 0.757375666667
0.0249855333333 0.717655333333
0.0444586666667 0.693809333333
0.00639840666667 0.494589333333
0.0124336733333 0.396624
0.177412333333 0.408215333333
0.0453646333333 0.849027333333
0.045525 0.889672333333
0.169186666667 0.889002333333
0.16948 0.953386
0.188632666667 0.924751
0.453236333333 0.561304666667
0.446001 0.526103333333
0.498882333333 0.512681333333
0.469166 0.502552666667
0.557580666667 0.826773666667
0.549056 0.791729333333
0.451974333333 0.687218
0.409016333333 0.689905333333
0.360862333333 0.584542666667
0.424173 0.61993
0.395267 0.563216333333
0.422384333333 0.579723333333
0.682333666667 0.555885333333
0.665077333333 0.520674666667
0.697867 0.498912666667
0.729148 0.523923666667
0.721764333333 0.554307333333
0.801315 0.0750476
0.767337666667 0.0703974666667
0.816378333333 0.108218766667
0.781384333333 0.1338128
0.742207 0.0979989666667
0.741190333333 0.128243133333
0.633343 0.316245
0.657238 0.339421666667
0.592649333333 0.358938333333
0.597162666667 0.326319333333
0.626384333333 0.391057
0.654792666667 0.381614666667
0.610416666667 0.266407333333
0.636471666667 0.281097333333
0.621821666667 0.228908666667
0.670360333333 0.267536666667
0.656168 0.209274333333
0.678651666667 0.233212333333
0.167438333333 0.341127666667
0.173978666667 0.301811
0.358398666667 0.370135333333
0.204722666667 0.169256
0.227208 0.136277666667
0.259314333333 0.143857333333
0.195962666667 0.239482666667
0.198943333333 0.283184
0.221863333333 0.300926333333
0.605447 0.0610032
0.639433 0.0510876666667
0.550251666667 0.0659981
0.581232666667 0.0508296666667
0.520063666667 0.03841601
0.551044666667 0.0232475766667
0.360197666667 0.134035333333
0.377648666667 0.1123473
0.420658666667 0.118041966667
0.42976 0.171687333333
0.445685666667 0.145149333333
0.388643333333 0.503985666667
0.398193333333 0.471324666667
0.937743666667 0.626381666667
0.907649666667 0.610748666667
0.938899666667 0.668128333333
0.914343 0.687727666667
0.879348333333 0.673980666667
0.873811 0.638748333333
0.811626 0.647175333333
0.839518 0.624904333333
0.779974 0.631695666667
0.770266 0.596580333333
0.875360333333 0.726927666667
0.870871 0.758225
0.912287 0.720502666667
0.937214 0.742639333333
0.934110666667 0.777976666667
0.904694333333 0.787137333333
0.839075333333 0.291048666667
0.854928666667 0.319385
0.803177666667 0.288917
0.785429666667 0.314160666667
0.799496333333 0.355653666667
0.833097666667 0.358746333333
0.860581666667 0.985764666667
0.887534333333 0.961869
0.661115666667 0.750650666667
0.660442 0.784675333333
0.624391333333 0.735813
0.6049 0.766934
0.623321333333 0.792950666667
0.521549666667 0.633639666667
0.487036 0.613077666667
0.485372666667 0.582866333333
0.538891333333 0.562826666667
0.507853666667 0.557793666667
0.640644 0.590448666667
0.634658333333 0.621284
0.606863 0.573975333333
0.596628666667 0.636032333333
0.563381333333 0.620486
0.56763 0.589264333333
0.103169733333 0.680142666667
0.136774666667 0.686729
0.0242788666667 0.482255
0.0147669466667 0.515410666667
0.0461968 0.654627333333
0.02613398 0.633966666667
0.0899026666667 0.649549
0.106060266667 0.627437333333
0.255570333333 0.489031
0.249632 0.438140666667
0.275745333333 0.460507666667
0.238844333333 0.550107
0.264364 0.524801666667
0.0764806666667 0.824198333333
0.0804610333333 0.893100666667
0.142406666667 0.894947666667
0.122889666667 0.859326666667
0.0939183 0.863226
0.0834361 0.927603666667
0.1083407 0.948676
0.138864333333 0.937271333333
0.141411666667 0.628388333333
0.186056333333 0.657084333333
0.158859 0.657086333333
0.344332666667 0.754452
0.154684666667 0.715423333333
0.254621666667 0.962608666667
0.202367333333 0.389593
0.196503666667 0.359748666667
0.245694 0.406171333333
0.225964 0.338174333333
0.281416666667 0.386829333333
0.253784 0.272285333333
0.676171666667 0.104081366667
0.651046 0.0864376
0.656778 0.17078
0.679078666667 0.147687666667
0.623520333333 0.163221666667
0.604000666667 0.130278233333
0.61706 0.0963531333333
0.304114 0.448249666667
0.328967666667 0.465483666667
0.313723333333 0.406540666667
0.346124 0.399120333333
0.372863333333 0.425937333333
0.365316333333 0.450591666667
0.853775333333 0.558456666667
0.835604 0.587582
0.828529333333 0.531112333333
0.793812666667 0.541537
0.798004 0.574737666667
0.844032 0.921393333333
0.85841 0.945095333333
0.831457333333 0.968991
0.794901 0.964719333333
0.779256 0.936381
0.801434333333 0.916950666667
0.182534333333 0.442823
0.149011 0.448582333333
0.213924 0.483872333333
0.211427333333 0.45617
0.1218888 0.468128666667
0.123934133333 0.497170333333
0.0307327133333 0.579166333333
0.0481350133333 0.599757
0.0402446333333 0.546010666667
0.102145833333 0.568293666667
0.0843554333333 0.598306
0.0624484666667 0.520954
0.0902856333333 0.527412
0.297328 0.536682666667
0.35131 0.522127333333
0.324511333333 0.504358333333
0.339421 0.564757
0.306851 0.573358333333
0.136894333333 0.559662
0.154455333333 0.590625333333
0.187655666667 0.57825
0.204069333333 0.540188
0.187942666667 0.509724
0.153968 0.516822666667
0.354196333333 0.617759
0.32891 0.641378
0.343792 0.673102
0.384006 0.668037
0.390389666667 0.636639333333
0.321388333333 0.734756666667
0.322281666667 0.700601
0.247889333333 0.586232
0.282932 0.597602333333
0.294205666667 0.631853
0.213630333333 0.603259
0.212757333333 0.632166
0.396205666667 0.719451
0.372629333333 0.744777
0.141178333333 0.743414333333
0.0989073666667 0.796262
0.168591333333 0.770551666667
0.0850115 0.768107
0.0997384666667 0.742134
0.156037 0.806049666667
0.127514666667 0.815655666667
0.221361666667 0.818859333333
0.185869 0.859272333333
0.183791333333 0.827354333333
0.298440666667 0.809652333333
0.330671333333 0.797920333333
0.309085 0.866592333333
0.283975333333 0.847679
0.224247 0.873669
0.246207 0.851485333333
0.222483333333 0.91215
0.245523666667 0.930226666667
0.532281 0.945829333333
0.531871 0.904807666667
0.523944333333 0.834806333333
0.511677333333 0.869115333333
0.515419666667 0.799762
0.352594333333 0.844410333333
0.359715333333 0.813765
0.381877333333 0.786998666667
0.257592 0.333147666667
0.284509333333 0.352779333333
0.276038666667 0.293665
0.32761 0.172766333333
0.390289 0.183425666667
0.362548333333 0.168834
0.212188333333 0.679869
0.202901 0.708565333333
0.283978333333 0.698383333333
0.238889333333 0.654950666667
0.270784333333 0.661359333333
0.305959333333 0.899554333333
0.28193 0.920901333333
0.291028 0.953283333333
0.317108 0.971069
0.347962666667 0.962511
0.405698333333 0.923924666667
0.372205666667 0.868326666667
0.346170666667 0.902535333333
0.361821333333 0.930337666667
0.42706 0.943912666667
0.499143333333 0.954163666667
0.465861666667 0.927863666667
0.446741666667 0.981543
0.392061333333 0.973453333333
0.427864333333 0.737686333333
0.490318333333 0.780127666667
0.493020666667 0.734094333333
0.462321666667 0.718297
0.463964333333 0.794945666667
0.409798666667 0.792288
0.432209333333 0.768301666667
0.303629333333 0.189087666667
0.304836 0.220562
0.263863 0.176489333333
0.263168333333 0.237367
0.230168333333 0.192903333333
0.228267 0.222306666667
0.395647 0.329705333333
0.419965333333 0.306275
0.225905333333 0.725991666667
0.260207666667 0.721567333333
0.205102 0.759987
0.230118 0.78699
0.269428666667 0.781589333333
0.278715 0.750162
0.424967 0.888515333333
0.407125 0.860719666667
0.426258 0.828404333333
0.457265666667 0.829528666667
0.46351 0.893309333333
0.476675666667 0.866638
0.327112666667 0.250159666667
0.307699666667 0.288344333333
0.367004666667 0.309006666667
0.343792666667 0.334082333333
0.317365333333 0.327487666667
0.359374333333 0.246872666667
0.373131666667 0.275510666667
0.388819 0.215545333333
0.420151666667 0.236894333333
0.409175333333 0.268098333333
