0.0238745333333 0.2942423
0.982863 0.656096333333
0.552943666667 0.0134254666667
0.032055 0.44169
0.977416333333 0.250516333333
0.949908666667 0.3253
0.904795666667 0.279034
0.862765333333 0.317334
0.865589666667 0.391746
0.945101666667 0.0895454
0.902803333333 0.202569666667
0.946333333333 0.165577666667
0.702755333333 0.0151834333333
0.791923333333 0.0187611
0.0620462 0.368551333333
0.515422 0.946859
0.606911666667 0.943066
0.0573667333333 0.534890333333
0.124014133333 0.934905333333
0.870447666667 0.543877333333
0.912453666667 0.513987
0.973329 0.517727666667
0.946494666667 0.588598333333
0.952486 0.406496
0.910197333333 0.434642
0.0411463333333 0.168945633333
0.115823266667 0.0455787
0.166593133333 0.0797260666667
0.0626745333333 0.107272633333
0.1134444 0.14142
0.851376333333 0.0217349333333
0.898308 0.0551886
0.0329058 0.678488666667
0.0602922 0.605175333333
0.283295666667 0.501808333333
0.731257333333 0.436688666667
0.775744666667 0.397327
0.822090333333 0.430849666667
0.824692 0.503636
0.733164333333 0.510497
0.780253333333 0.543921666667
0.689874333333 0.547004
0.644322 0.506462333333
0.468336666667 0.660788
0.421565 0.624653333333
0.33105 0.536103666667
0.504734333333 0.402206666667
0.55154 0.434347666667
0.1305096 0.186974666667
0.146080333333 0.313839666667
0.0921526 0.293128666667
0.0794332 0.240970666667
0.501712333333 0.329354333333
0.341343666667 0.0174387
0.683886666667 0.319266
0.596366333333 0.393087
0.685951333333 0.397000666667
0.642306 0.430267333333
0.772527666667 0.324599
0.725975666667 0.286226
0.816049 0.283709666667
0.961334 0.796432333333
0.934407 0.871583333333
0.920305 0.660773333333
0.873097333333 0.622633666667
0.925610333333 0.730238666667
0.70794 0.916072666667
0.752861666667 0.872335
0.47197 0.732867
0.519822 0.764656
0.233132 0.399756333333
0.279302 0.436257666667
0.236265666667 0.545943333333
0.241358333333 0.611071
0.1032336 0.496071333333
0.101549266667 0.425627
0.147814333333 0.538114333333
0.189853333333 0.509568666667
0.14699 0.387033666667
0.190713333333 0.428932333333
0.250703333333 0.752148666667
0.784578 0.614318666667
0.831666333333 0.652789333333
0.563354666667 0.725759333333
0.512380333333 0.619640333333
0.509479333333 0.548008333333
0.603487666667 0.616125
0.559546333333 0.652822666667
0.600849333333 0.540894666667
0.554007 0.505960333333
0.290284 0.644469666667
0.332945666667 0.613637333333
0.378667666667 0.658210666667
0.293338333333 0.721104333333
0.373836333333 0.506101666667
0.460222 0.440391666667
0.418629333333 0.550078
0.4625 0.514580666667
0.187415666667 0.200405666667
0.190267 0.275112666667
0.233595333333 0.319130666667
0.27549 0.289539
0.637268 0.280429666667
0.633641333333 0.207231666667
0.545544666667 0.289392333333
0.593393 0.320984
0.795171333333 0.839860333333
0.841739333333 0.879805
0.885592 0.841368666667
0.881127666667 0.770362666667
0.792287666667 0.762114333333
0.834391333333 0.731053
0.394585666667 0.948698666667
0.305082 0.946599666667
0.322160333333 0.325846
0.326435666667 0.391939
0.415730666667 0.397275
0.373215666667 0.427487666667
0.301019 0.872908333333
0.187551666667 0.930672666667
0.246189333333 0.940216333333
0.21277 0.85907
0.254847333333 0.827845666667
0.342552666667 0.842486333333
0.389063 0.884264
0.432057 0.846678666667
0.428214333333 0.772839666667
0.381683666667 0.734318
0.339016 0.766379333333
0.200922333333 0.719886666667
0.194631666667 0.655443666667
0.105844733333 0.647103666667
0.1475 0.618861666667
0.609944 0.765918
0.705011333333 0.837555333333
0.612921 0.844499
0.660089666667 0.881293
0.745108666667 0.725768333333
0.700142 0.768734666667
0.652243333333 0.733891333333
0.740124 0.656236333333
0.692509333333 0.622346333333
0.649595333333 0.657035
0.274044 0.210352333333
0.229298 0.165237
0.225540666667 0.0901120666667
0.267304 0.0568710333333
0.723678666667 0.208761
0.677963 0.168603
0.718250333333 0.0584203666667
0.674742333333 0.0945560333333
0.455053666667 0.206472333333
0.368250666667 0.281048
0.456510333333 0.287192666667
0.415041 0.316928333333
0.399583 0.0246606
0.447899333333 0.0581769666667
0.580732666667 0.0235576333333
0.626392666667 0.0632709666667
0.585558 0.176450666667
0.58153 0.106536933333
0.496047333333 0.177298666667
0.541336333333 0.218057
0.494609 0.095979
0.53587 0.0668236
0.527294666667 0.917054333333
0.480785 0.87737
0.571304 0.875004333333
0.524794333333 0.83532
0.154242 0.764344666667
0.161945666667 0.827831
0.0650326666667 0.756834333333
0.106296066667 0.728143666667
0.0666700666667 0.836957
0.115637133333 0.871752666667
0.811911666667 0.212714666667
0.766093333333 0.176139
0.856635666667 0.169874666667
0.853372 0.0985258666667
0.806440333333 0.0650722
0.763885666667 0.0998453333333
0.408556333333 0.169643
0.402840333333 0.1026673
0.315686333333 0.180094333333
0.363222666667 0.214483
0.312703666667 0.101737966667
0.354524 0.0691509333333
