0.0600444 0.10937
0.0785196 0.110164
0.11547 0.18818
0.124708 0.0964624
0.161658 0.0819717
0.170896 0.0382208
0.180133 0.09762
0.207846 0.2646
0.226321 0.0749359
0.235559 0.146669
0.244797 0.116148
0.254034 0.083075
0.290985 0.146215
0.30946 0.02322
0.327935 0.165684
0.337173 0.150384
0.34641 0.102277
0.355648 0.202229
0.364885 0.339566
0.374123 0.123604
0.383361 0.220959
0.401836 0.215146
0.411073 0.144627
0.420311 0.212399
0.438786 0.335517
0.448024 0.162863
0.457261 0.587205
0.466499 0.246393
0.475737 0.38886
0.494212 0.332523
0.512687 0.22298
0.521925 0.298961
0.531162 0.384813
0.5404 0.415285
0.549637 0.419936
0.568113 0.7623
0.57735 0.463808
0.586588 0.453003
0.595825 0.517502
0.605063 0.558824
0.614301 0.475526
0.623538 1.28457
0.632776 0.338353
0.642013 0.703971
0.651251 0.941818
0.660489 0.663449
0.669726 1.11484
0.678964 0.506921
0.697439 0.82909
0.706677 0.652796
0.715914 0.550465
0.725152 0.929554
0.73439 1.29314
0.743627 1.7341
0.752865 0.629861
0.762102 0.24661
0.77134 0.766282
0.780578 0.662351
0.789815 0.813268
0.799053 1.41367
0.80829 0.482543
0.817528 0.915682
0.826766 1.38537
0.836003 0.845557
0.845241 1.34863
0.854478 1.27657
0.863716 0.90055
0.872954 0.871571
0.882191 1.13451
0.900666 0.784695
0.909904 0.877235
0.928379 0.813637
0.937617 1.27711
0.946854 0.28073
0.956092 0.974722
0.96533 1.32405
0.983805 0.952565
0.993042 0.729438
1.01152 0.71096
1.02076 0.467155
1.02999 0.802413
1.03923 0.779133
1.04847 0.752487
1.05771 0.95107
1.06694 1.12512
1.07618 0.925579
1.08542 0.521074
1.09466 0.795083
1.10389 0.92953
1.11313 0.720271
1.12237 1.12757
1.13161 1.03167
1.14084 1.08515
1.15008 0.916048
1.15932 0.989444
1.16856 0.839877
1.17779 0.408855
1.18703 0.619351
1.20551 0.249802
1.21474 0.838771
1.22398 1.07573
1.23322 0.945593
1.24246 0.635878
1.2517 1.56723
1.26093 0.740729
1.27017 0.877324
1.27941 1.00984
1.28865 1.00319
1.29788 1.45162
1.30712 0.679956
1.31636 0.700184
1.3256 0.944645
1.33483 0.903329
1.34407 1.32392
1.35331 1.00442
1.36255 0.93245
1.37178 0.732281
1.38102 1.53168
1.39026 0.972366
1.3995 0.968022
1.40873 0.856801
1.41797 1.3718
1.42721 1.01142
1.43645 0.754026
1.44569 0.869556
1.45492 1.10067
1.46416 1.46694
1.4734 0.621494
1.48264 1.2757
1.49187 0.32217
1.50111 1.32529
1.51035 1.1697
1.51959 1.05142
1.52882 1.14074
1.53806 0.965913
1.5473 0.875264
1.55654 1.17367
1.56577 0.621497
1.57501 0.938185
1.58425 0.928547
1.59349 1.3947
1.60272 0.650615
1.61196 0.569667
1.6212 1.11884
1.63044 0.938754
1.63967 1.25338
1.64891 1.14154
1.65815 1.31851
1.66739 0.714023
1.67663 1.16094
1.68586 1.28396
1.6951 1.20541
1.70434 1.28005
1.71358 0.936067
1.72281 1.72631
1.73205 0.772835
1.74129 1.59264
1.75053 1.36359
1.75976 1.1383
1.769 1.75561
1.77824 1.13656
1.78748 0.752994
1.79671 0.817412
1.80595 1.41803
1.81519 1.61674
1.82443 1.36804
1.83366 1.03582
1.8429 1.39877
1.85214 1.21743
1.86138 0.899604
1.87061 0.964838
1.87985 1.12674
1.88909 0.733021
1.89833 1.15822
1.90757 1.06813
1.9168 0.902132
1.92604 0.906587
1.93528 0.823101
1.94452 0.947508
1.95375 1.00194
1.96299 0.855239
1.97223 0.989029
1.98147 1.64965
1.9907 1.18208
1.99994 1.02817
2.00918 1.01312
2.01842 1.08596
2.02765 1.09539
2.03689 0.830413
2.04613 1.01255
2.05537 1.50601
2.0646 1.1939
2.07384 0.613356
2.08308 1.47577
2.09232 0.923374
2.10155 0.860192
2.11079 1.37462
2.12003 1.19819
2.12927 0.690824
2.13851 1.44748
2.14774 1.17337
2.15698 1.01859
2.16622 1.49282
2.17546 1.23233
2.18469 2.50413
2.19393 1.34577
2.20317 1.12386
2.21241 1.25522
2.22164 1.43345
2.23088 0.633439
2.24012 0.948346
2.24936 1.2329
2.25859 1.09843
2.26783 0.974668
2.27707 1.14005
2.28631 1.14041
2.29554 1.06298
2.30478 1.12656
2.31402 1.15498
2.32326 0.776937
2.3325 0.867827
2.34173 1.13768
2.35097 0.847384
2.36021 1.09408
2.36945 1.04557
2.37868 1.28435
2.38792 0.641943
2.39716 1.55463
2.4064 0.871434
2.41563 0.663689
2.42487 0.947394
2.43411 0.88607
2.44335 1.4474
2.45258 0.977801
2.46182 0.918548
2.47106 0.952227
2.4803 0.732603
2.48953 0.818315
2.49877 1.16521
2.50801 0.93717
2.51725 0.954535
2.52648 0.986594
2.53572 0.705047
2.54496 0.780976
2.5542 0.71387
2.56344 1.05781
2.57267 1.28342
2.58191 0.78638
2.59115 0.894485
2.60039 0.966714
2.60962 0.731301
2.61886 1.15371
2.6281 0.718042
2.63734 0.908075
2.64657 0.876909
2.65581 0.878135
2.66505 0.898372
2.67429 1.12833
2.68352 0.785202
2.69276 0.884059
2.702 0.921358
2.71124 0.712606
2.72047 0.947297
2.72971 0.497288
2.73895 1.13749
2.74819 0.748479
2.75742 0.954078
2.76666 1.05038
2.7759 1.06561
2.78514 0.67247
2.79438 0.838699
2.80361 0.944884
2.81285 1.04865
2.82209 0.590291
2.83133 0.790268
2.84056 1.01358
2.8498 1.00087
2.85904 1.14484
2.86828 0.987973
2.87751 0.778312
2.88675 0.757835
2.89599 0.967569
2.90523 0.87681
2.91446 1.02649
2.9237 0.68986
2.93294 1.18932
2.94218 1.00072
2.95141 0.680376
2.96065 0.929536
2.96989 1.20041
2.97913 0.627264
2.98836 0.866168
2.9976 1.11843
3.00684 0.998352
3.01608 1.34332
3.02532 1.00855
3.03455 0.968743
3.04379 0.959194
3.05303 1.02437
3.06227 1.2811
3.0715 0.882609
3.08074 0.918503
3.08998 0.940775
3.09922 0.789756
3.10845 1.06031
3.11769 0.935818
3.12693 1.12462
3.13617 0.811443
3.1454 0.710503
3.15464 1.27201
3.16388 0.68653
3.17312 0.773023
3.18235 0.98138
3.19159 0.850674
3.20083 1.01104
3.21007 0.67935
3.21931 1.19232
3.22854 0.834665
3.23778 0.912373
3.24702 1.05982
3.25626 1.37254
3.26549 0.894129
3.27473 1.06246
3.28397 0.848629
3.29321 1.18194
3.30244 0.749418
3.31168 0.741525
3.32092 1.06769
3.33016 1.01575
3.33939 0.726079
3.34863 1.23146
3.35787 0.765572
3.36711 0.961958
3.37634 1.37796
3.38558 1.34788
3.39482 0.976201
3.40406 1.19507
3.41329 0.94516
3.42253 0.773075
3.43177 0.761088
3.44101 0.699001
3.45025 1.08881
3.45948 0.943157
3.46872 1.15578
3.47796 0.992078
3.4872 1.15712
3.49643 0.93264
3.50567 0.93273
3.51491 1.3682
3.52415 0.920579
3.53338 1.08794
3.54262 0.823299
3.55186 1.37522
3.5611 1.02037
3.57033 0.756675
3.57957 1.3898
3.58881 1.22529
3.59805 1.10173
3.60728 1.03974
3.61652 1.07674
3.62576 1.42435
3.635 1.13882
3.64423 0.908717
3.65347 1.04252
3.66271 1.07527
3.67195 1.16136
3.68119 0.905111
3.69042 0.800512
3.69966 1.22903
3.7089 0.767714
3.71814 1.09326
3.72737 1.07797
3.73661 1.25035
3.74585 1.19013
3.75509 1.07478
3.76432 0.922774
3.77356 0.852534
3.7828 0.829288
3.79204 0.920341
3.80127 1.3431
3.81051 1.17015
3.81975 1.13548
3.82899 0.978646
3.83822 1.05037
3.84746 1.09727
3.8567 1.04986
3.86594 1.16597
3.87518 1.02469
3.88441 0.930593
3.89365 1.27514
3.90289 1.04293
3.91213 1.1392
3.92136 1.04611
3.9306 0.934115
3.93984 0.793224
3.94908 1.08059
3.95831 1.06363
3.96755 1.2167
3.97679 1.35879
3.98603 0.904554
3.99526 1.00246
4.0045 0.896416
4.01374 1.02946
4.02298 1.34874
4.03221 1.09844
4.04145 0.94444
4.05069 1.23909
4.05993 1.00256
4.06916 1.09854
4.0784 1.0563
4.08764 1.18863
4.09688 0.920043
4.10612 1.21243
4.11535 0.85198
4.12459 1.03004
4.13383 1.18359
4.14307 0.927348
4.1523 0.902758
4.16154 0.941028
4.17078 1.14132
4.18002 1.08655
4.18925 0.698026
4.19849 0.996496
4.20773 0.997402
4.21697 1.18734
4.2262 0.802389
4.23544 1.05042
4.24468 0.926088
4.25392 1.38332
4.26315 0.821754
4.27239 0.844109
4.28163 1.05405
4.29087 0.954068
4.3001 1.14878
4.30934 0.888222
4.31858 0.767088
4.32782 1.26201
4.33706 0.919405
4.34629 0.701282
4.35553 1.00514
4.36477 0.935358
4.37401 0.912848
4.38324 0.679817
4.39248 0.836012
4.40172 0.774677
4.41096 0.926753
4.42019 0.944287
4.42943 1.22367
4.43867 0.929972
4.44791 1.02915
4.45714 0.90441
4.46638 0.707171
4.47562 1.06622
4.48486 0.999672
4.49409 0.973842
4.50333 0.891435
4.51257 0.90704
4.52181 0.826869
4.53104 0.776806
4.54028 0.607221
4.54952 1.00302
4.55876 1.29471
4.568 0.952136
4.57723 1.056
4.58647 1.18388
4.59571 0.897005
4.60495 0.652426
4.61418 0.984194
