0.104 0.000112244
0.136 0.000184426
0.2 0.000136049
0.216 3.99418e-05
0.28 0.000824922
0.296 0.00208323
0.312 0.000695721
0.36 0.00263331
0.392 0.00345203
0.408 0.00663409
0.424 0.00660811
0.44 0.0039768
0.504 0.0042313
0.536 0.011986
0.568 0.0498838
0.584 0.0368253
0.6 0.0748069
0.616 0.0834811
0.632 0.0597858
0.648 0.0482077
0.664 0.0492128
0.696 0.115092
0.712 0.0621747
0.728 0.0415426
0.76 0.266968
0.776 0.195353
0.792 0.0639757
0.808 0.134539
0.824 0.493223
0.856 0.741148
0.888 2.47955
0.904 3.82799
0.92 2.2907
0.936 1.11544
0.952 1.67753
0.984 0.525999
1 0.478536
1.016 0.365022
1.032 0.908113
1.048 0.423698
1.064 1.0698
1.08 1.01023
1.096 3.66563
1.112 3.10781
1.128 3.45921
1.144 2.73613
1.16 4.09479
1.176 3.86176
1.208 1.95445
1.224 1.16381
1.24 1.53477
1.256 0.799854
1.272 0.489955
1.288 0.695816
1.304 0.417355
1.32 0.790062
1.336 0.332532
1.352 1.2459
1.368 0.784674
1.384 1.01523
1.4 0.53626
1.416 1.03139
1.432 0.501017
1.448 1.57561
1.464 0.381695
1.48 0.949073
1.496 0.36148
1.512 0.435464
1.528 0.283656
1.56 0.392863
1.576 0.541885
1.608 0.865526
1.624 0.507911
1.64 0.227486
1.656 0.806434
1.672 0.81588
1.704 1.00971
1.72 0.498344
1.752 0.824096
1.768 0.834032
1.784 0.706171
1.8 1.14948
1.816 0.489686
1.832 0.491321
1.848 0.929578
1.864 0.406816
1.88 0.556823
1.896 0.469117
1.912 0.864664
1.928 1.30666
1.944 1.75632
1.96 1.11671
1.976 0.894454
1.992 1.05269
2.008 1.98116
2.024 1.18539
2.04 0.911449
2.056 1.06192
2.088 1.14247
2.104 1.36766
2.12 0.843543
2.136 1.34917
2.152 1.01226
2.168 0.941916
2.184 0.952879
2.2 1.48215
2.216 1.39951
2.232 1.41183
2.248 1.4372
2.264 0.873958
2.28 1.33889
2.296 1.32958
2.312 0.81024
2.328 0.885511
2.344 1.04936
2.36 0.516304
2.376 1.64908
2.392 0.210148
2.408 0.904651
2.424 1.12023
2.44 0.74138
2.456 0.829243
2.472 0.902056
2.488 1.55604
2.504 1.00639
2.52 1.01492
2.536 0.540785
2.552 1.16407
2.568 0.865534
2.584 0.532018
2.6 0.789808
2.616 0.978753
2.632 0.9127
2.648 1.01377
2.664 0.714677
2.68 1.19956
2.696 0.725258
2.712 1.34619
2.728 0.769433
2.744 1.23561
2.76 1.04939
2.776 0.609523
2.792 1.22271
2.808 1.16313
2.824 0.828837
2.84 0.986743
2.856 0.515032
2.872 0.502239
2.888 0.486485
2.904 1.06526
2.92 0.728115
2.936 0.603062
2.952 0.355823
2.968 1.437
2.984 0.820699
3 1.17845
3.016 1.31841
3.032 1.50878
3.048 1.75749
3.064 0.767772
3.08 0.750377
3.096 0.898902
3.112 1.34128
3.128 0.869612
3.144 0.820522
3.16 1.04239
3.176 0.853919
3.192 0.769722
3.208 0.955348
3.224 0.628787
3.24 0.799174
3.256 1.21739
3.272 1.19161
3.288 1.09923
3.304 1.66965
3.32 1.37042
3.336 0.701588
3.352 1.02589
3.368 1.27662
3.384 0.649321
3.4 1.02761
3.416 0.778823
3.432 0.753367
3.448 0.894064
3.464 1.35753
3.48 0.667346
3.496 1.18118
3.512 1.18632
3.528 0.853655
3.544 0.875123
3.56 0.992925
3.576 1.59291
3.592 1.06972
3.608 1.07652
3.624 1.11109
3.64 0.991321
3.656 0.892757
3.672 0.877798
3.688 0.930375
3.704 1.02074
3.72 0.608354
3.736 0.987004
3.752 0.93707
3.768 0.652324
3.784 1.31206
3.8 1.34474
3.816 0.910685
3.832 0.777299
3.848 0.87079
3.864 0.93897
3.88 0.720696
3.896 1.03153
3.912 0.9191
3.928 0.59507
3.944 0.94365
3.96 1.03632
3.976 1.03967
3.992 0.973554
4.008 0.834895
4.024 0.770418
4.04 0.988254
4.056 0.938377
4.072 1.15019
4.088 1.00475
4.104 1.27189
4.12 0.875435
4.136 1.01398
4.152 0.94797
4.168 1.25541
4.184 0.895712
4.2 1.22403
4.216 1.1659
4.232 1.23345
4.248 0.76644
4.264 1.09804
4.28 0.766196
4.296 1.28703
4.312 1.25312
4.328 1.50663
4.344 0.869679
4.36 0.826528
4.376 1.18901
4.392 1.07508
4.408 0.814181
4.424 0.894116
4.44 0.895588
4.456 0.708477
4.472 1.21287
4.488 0.80632
4.504 0.988645
4.52 0.994875
4.536 1.14289
4.552 0.987923
4.568 1.03343
4.584 1.34992
4.6 1.34898
4.616 1.08748
4.632 1.01538
4.648 1.22159
4.664 0.799318
4.68 0.837472
4.696 0.738491
4.712 0.842359
4.728 1.16805
4.744 0.712828
4.76 1.04892
4.776 0.621224
4.792 1.00929
4.808 1.01231
4.824 0.805823
4.84 1.03339
4.856 0.692213
4.872 1.20698
4.888 1.04504
4.904 1.09053
4.92 1.28084
4.936 0.660283
4.952 0.86184
4.968 1.24431
4.984 1.02528
5 0.825909
5.016 1.08995
5.032 1.17794
5.048 0.90512
5.064 1.15067
5.08 1.64734
5.096 0.755879
5.112 1.12975
5.128 1.16646
5.144 1.32935
5.16 1.08722
5.176 0.770565
5.192 0.738426
5.208 0.93729
5.224 0.993466
5.24 0.848073
5.256 1.00153
5.272 0.942325
5.288 0.931376
5.304 0.91145
5.32 1.13909
5.336 0.795246
5.352 1.00057
5.368 1.195
5.384 0.965109
5.4 0.683766
5.416 1.02798
5.432 0.967706
5.448 0.751771
5.464 0.808179
5.48 1.08781
5.496 0.85826
5.512 0.93544
5.528 0.835714
5.544 1.08569
5.56 0.8624
5.576 1.469
5.592 1.2941
5.608 0.900583
5.624 0.915331
5.64 0.910725
5.656 1.29404
5.672 1.09287
5.688 1.06341
5.704 1.48274
5.72 0.857082
5.736 0.991919
5.752 1.3841
5.768 1.28435
5.784 0.973974
5.8 0.979942
5.816 1.11647
5.832 1.1431
5.848 0.853453
5.864 0.9833
5.88 1.05362
5.896 0.95408
5.912 0.994361
5.928 0.756292
5.944 0.972868
5.96 0.86881
5.976 0.833516
5.992 0.824051
6.008 0.922713
6.024 1.12663
6.04 0.945813
6.056 1.21756
6.072 0.77661
6.088 0.906103
6.104 0.983248
6.12 0.943384
6.136 0.911978
6.152 1.2026
6.168 1.16505
6.184 0.816712
6.2 0.954356
6.216 0.895263
6.232 0.749548
6.248 0.8292
6.264 0.963369
6.28 1.1757
6.296 0.896037
6.312 0.827677
6.328 0.609635
6.344 1.05263
6.36 1.08109
6.376 0.966279
6.392 1.33084
6.408 0.940673
6.424 1.10566
6.44 1.09892
6.456 1.11331
6.472 0.837059
6.488 1.34549
6.504 1.13707
6.52 1.41814
6.536 0.868222
6.552 1.11484
6.568 0.986282
6.584 0.889938
6.6 1.02139
6.616 0.959421
6.632 1.08736
6.648 1.18494
6.664 1.13509
6.68 0.829399
6.696 1.01136
6.712 1.14908
6.728 1.1891
6.744 0.86718
6.76 0.92949
6.776 0.781074
6.792 1.36074
6.808 1.01425
6.824 0.979232
6.84 0.98085
6.856 0.840139
6.872 0.941025
6.888 1.17506
6.904 0.78832
6.92 1.05449
6.936 0.881508
6.952 0.987985
6.968 1.03116
6.984 0.94009
7 0.866494
7.016 0.808076
7.032 1.1241
7.048 0.863321
7.064 1.16506
7.08 1.13488
7.096 0.935734
7.112 0.893508
7.128 0.916282
7.144 0.99814
7.16 0.759837
7.176 1.16116
7.192 0.789784
7.208 0.940276
7.224 1.25637
7.24 0.924169
7.256 0.868855
7.272 0.708716
7.288 0.992943
7.304 1.03516
7.32 0.663138
7.336 0.928623
7.352 1.08612
7.368 1.02068
7.384 0.75765
7.4 1.33023
7.416 0.745689
7.432 1.20255
7.448 0.999291
7.464 0.997189
7.48 1.22014
7.496 1.14135
7.512 1.07719
7.528 0.91928
7.544 1.26064
7.56 1.37936
7.576 0.857867
7.592 1.22538
7.608 0.7499
7.624 0.746656
7.64 1.02759
7.656 1.30264
7.672 1.15939
7.688 0.791505
7.704 1.04949
7.72 0.840333
7.736 1.0057
7.752 1.30333
7.768 1.0747
7.784 1.013
7.8 0.924587
7.816 0.931771
7.832 1.00193
7.848 0.876083
7.864 0.833389
7.88 1.09467
7.896 1.22852
7.912 1.04218
7.928 0.965907
7.944 0.950744
7.96 0.759521
7.976 0.688373
7.992 1.15831
