0.0431094 0.312901
0.0563738 0.126235
0.0829027 0.177286
0.0895349 0.06937
0.116064 0.0107913
0.122696 0.203555
0.129328 0.0788623
0.149225 0.0609393
0.162489 0.152035
0.169121 0.0618638
0.175754 0.0229374
0.182386 0.0360133
0.208915 0.0936665
0.222179 0.0654938
0.235444 0.0991555
0.242076 0.0900716
0.248708 0.220235
0.25534 0.09435
0.261972 0.0776705
0.268605 0.0441338
0.275237 0.0188911
0.288501 0.475402
0.295133 0.0920676
0.301766 0.102593
0.31503 0.0658987
0.321662 0.0707569
0.328295 0.250164
0.334927 0.0618693
0.341559 0.166829
0.354823 0.123979
0.368088 0.180331
0.37472 0.345287
0.381352 0.223308
0.387984 0.111452
0.394617 0.135164
0.407881 0.106922
0.414513 0.0858436
0.421146 0.0460338
0.427778 0.035915
0.43441 0.061234
0.441042 0.0959783
0.447674 0.0652477
0.454307 0.356994
0.460939 0.131818
0.467571 0.0382178
0.474203 0.0881824
0.480835 0.0407217
0.487468 0.171783
0.500732 0.131634
0.507364 0.131395
0.513997 0.322101
0.520629 0.158346
0.527261 0.151247
0.533893 0.425014
0.540525 0.89903
0.547158 0.139805
0.55379 0.421894
0.560422 0.225193
0.567054 0.459274
0.573686 0.0982396
0.580319 0.266945
0.586951 0.282234
0.593583 0.307193
0.600215 0.232013
0.606848 0.204776
0.61348 0.433481
0.620112 0.363288
0.626744 0.254947
0.633376 0.296978
0.646641 0.621815
0.653273 2.02823
0.666537 1.83778
0.67317 2.11829
0.679802 3.0136
0.686434 1.90879
0.693066 0.55817
0.706331 0.764427
0.712963 0.621089
0.726227 0.653232
0.73286 0.604237
0.739492 0.267848
0.746124 0.849212
0.752756 0.141485
0.759388 0.289869
0.766021 0.788648
0.772653 0.596286
0.779285 1.00562
0.785917 0.524452
0.792549 0.71225
0.799182 0.93298
0.805814 1.45928
0.812446 0.199977
0.819078 0.409467
0.825711 0.740573
0.832343 0.507796
0.838975 0.74201
0.845607 0.202307
0.852239 0.595546
0.865504 0.945772
0.872136 0.467686
0.878768 0.351909
0.8854 0.629747
0.892033 0.383063
0.898665 0.546088
0.905297 0.403938
0.911929 0.429598
0.918562 0.791877
0.925194 0.633481
0.931826 0.402312
0.938458 0.721028
0.94509 0.906594
0.951723 0.583462
0.958355 0.424933
0.964987 0.532495
0.971619 0.428681
0.978251 0.542492
0.984884 0.623902
0.991516 0.703871
0.998148 0.914944
1.00478 0.587409
1.01141 0.519719
1.01804 0.505738
1.02468 0.769259
1.03131 0.653841
1.03794 0.814433
1.04457 0.998007
1.05121 0.671413
1.05784 0.678986
1.06447 0.475553
1.0711 0.859981
1.07773 1.0713
1.08437 1.19297
1.091 0.730103
1.09763 1.1427
1.10426 0.777276
1.1109 0.976841
1.11753 0.858301
1.12416 1.66202
1.13079 0.819815
1.13742 1.27351
1.14406 0.737396
1.15069 1.00725
1.15732 1.09621
1.16395 0.927957
1.17059 0.787191
1.17722 0.987754
1.18385 1.56652
1.19048 1.28818
1.19711 0.612733
1.20375 1.17594
1.21038 1.10836
1.21701 0.621877
1.22364 1.26163
1.23028 1.08122
1.23691 1.74269
1.24354 1.44204
1.25017 1.08445
1.2568 1.2537
1.26344 1.52448
1.27007 1.67557
1.2767 1.01168
1.28333 1.46344
1.28997 0.924038
1.2966 1.76557
1.30323 0.99823
1.30986 1.25277
1.31649 1.11792
1.32313 1.3332
1.32976 1.08356
1.33639 1.8396
1.34302 0.887076
1.34966 1.14655
1.35629 1.60101
1.36292 1.49853
1.36955 1.49231
1.37618 1.07832
1.38282 1.05888
1.38945 1.21266
1.39608 1.04216
1.40271 1.25997
1.40935 1.31361
1.41598 1.68993
1.42261 1.46432
1.42924 1.38536
1.43587 1.22195
1.44251 1.47069
1.44914 1.46615
1.45577 1.40375
1.4624 1.12887
1.46904 2.18823
1.47567 2.18181
1.4823 1.05015
1.48893 1.30927
1.49556 1.55981
1.5022 1.71291
1.50883 1.08471
1.51546 1.21421
1.52209 1.1052
1.52873 1.44118
1.53536 1.08068
1.54199 2.08372
1.54862 0.800732
1.55525 1.28504
1.56189 1.12942
1.56852 1.55585
1.57515 1.35776
1.58178 1.2958
1.58842 1.7594
1.59505 1.01206
1.60168 1.19556
1.60831 1.18507
1.61494 1.287
1.62158 0.945303
1.62821 0.859008
1.63484 0.80916
1.64147 1.00056
1.64811 1.06658
1.65474 1.25678
1.66137 1.39248
1.668 1.03224
1.67463 1.24783
1.68127 1.2273
1.6879 0.620975
1.69453 0.913117
1.70116 0.843834
1.70779 1.56269
1.71443 0.815632
1.72106 0.600389
1.72769 1.23725
1.73432 0.793192
1.74096 0.809235
1.74759 0.875475
1.75422 0.584088
1.76085 0.914275
1.76748 0.912938
1.77412 1.00797
1.78075 0.994476
1.78738 0.652386
1.79401 0.918378
1.80065 0.547012
1.80728 0.998044
1.81391 1.13126
1.82054 0.780399
1.82717 0.689237
1.83381 0.72285
1.84044 0.823485
1.84707 1.1091
1.8537 0.947637
1.86034 1.21671
1.86697 1.06333
1.8736 0.617565
1.88023 0.844675
1.88686 0.829241
1.8935 0.704112
1.90013 0.870313
1.90676 0.545649
1.91339 0.893544
1.92003 0.872438
1.92666 0.681727
1.93329 0.793388
1.93992 0.765045
1.94655 1.16708
1.95319 0.818142
1.95982 0.623342
1.96645 0.718801
1.97308 0.848227
1.97972 0.587056
1.98635 0.715571
1.99298 0.859266
1.99961 0.709258
2.00624 0.636529
2.01288 1.20067
2.01951 0.744856
2.02614 0.650691
2.03277 0.995426
2.03941 0.916761
2.04604 0.905034
2.05267 0.968711
2.0593 0.888765
2.06593 0.474882
2.07257 1.03964
2.0792 0.555446
2.08583 0.897842
2.09246 1.15073
2.0991 0.961148
2.10573 0.858558
2.11236 0.988178
2.11899 0.619169
2.12562 0.994998
2.13226 0.998138
2.13889 0.779655
2.14552 1.07967
2.15215 0.953782
2.15879 1.06968
2.16542 0.906003
2.17205 0.968701
2.17868 1.34076
2.18531 0.956382
2.19195 0.958659
2.19858 1.1504
2.20521 1.16
2.21184 1.19342
2.21848 0.774879
2.22511 1.03604
2.23174 0.793461
2.23837 1.14142
2.245 1.08151
2.25164 0.587469
2.25827 1.05835
2.2649 1.10169
2.27153 0.647035
2.27817 1.04105
2.2848 1.11834
2.29143 0.75745
2.29806 0.529012
2.30469 0.956178
2.31133 0.991277
2.31796 0.992655
2.32459 1.26417
2.33122 0.863434
2.33786 0.885628
2.34449 0.86624
2.35112 0.976274
2.35775 0.944539
2.36438 1.25494
2.37102 1.1126
2.37765 0.874794
2.38428 0.960528
2.39091 0.879021
2.39755 0.768674
2.40418 0.910804
2.41081 1.17975
2.41744 0.803682
2.42407 0.881318
2.43071 0.811792
2.43734 1.11552
2.44397 0.928634
2.4506 1.41284
2.45724 1.0355
2.46387 0.889496
2.4705 0.889527
2.47713 0.70868
2.48376 1.18107
2.4904 1.02092
2.49703 1.26796
2.50366 0.985282
2.51029 1.16284
2.51692 1.20859
2.52356 0.881761
2.53019 1.04995
2.53682 0.694923
2.54345 0.879382
2.55009 0.6637
2.55672 1.3627
2.56335 1.15131
2.56998 1.1423
2.57661 1.00498
2.58325 0.998417
2.58988 0.734279
2.59651 1.03027
2.60314 0.859425
2.60978 0.91755
2.61641 0.978449
2.62304 1.28386
2.62967 0.773362
2.6363 0.739239
2.64294 0.689185
2.64957 1.22499
2.6562 1.38693
2.66283 0.892519
2.66947 1.14567
2.6761 0.978547
2.68273 1.05022
2.68936 1.03245
2.69599 1.08692
2.70263 1.02051
2.70926 1.23171
2.71589 1.11905
2.72252 0.850992
2.72916 1.05914
2.73579 0.969416
2.74242 1.01271
2.74905 1.37418
2.75568 1.02791
2.76232 1.57867
2.76895 1.07751
2.77558 1.116
2.78221 1.02099
2.78885 1.18871
2.79548 0.972293
2.80211 1.09878
2.80874 0.907764
2.81537 1.46418
2.82201 0.8769
2.82864 1.09708
2.83527 1.33404
2.8419 0.838485
2.84854 1.18164
2.85517 0.962188
2.8618 1.02215
2.86843 1.05734
2.87506 1.21051
2.8817 1.05726
2.88833 0.922289
2.89496 0.960518
2.90159 1.07917
2.90823 0.984851
2.91486 0.913422
2.92149 1.12366
2.92812 0.947857
2.93475 1.20062
2.94139 0.906418
2.94802 0.941606
2.95465 1.09059
2.96128 0.680703
2.96792 1.0315
2.97455 0.798598
2.98118 1.09133
2.98781 1.11358
2.99444 0.851207
3.00108 1.03043
3.00771 0.971909
3.01434 1.41562
3.02097 1.39476
3.02761 1.09831
3.03424 0.796689
3.04087 1.13217
3.0475 0.943624
3.05413 0.843728
3.06077 0.904414
3.0674 0.951206
3.07403 1.34359
3.08066 1.08136
3.0873 1.01087
3.09393 0.935887
3.10056 1.04088
3.10719 0.965047
3.11382 0.930549
3.12046 0.82812
3.12709 1.00053
3.13372 0.966071
3.14035 1.11624
3.14699 1.22599
3.15362 1.25237
3.16025 1.03986
3.16688 1.03836
3.17351 0.897079
3.18015 0.912864
3.18678 1.08891
3.19341 1.12131
3.20004 1.06248
3.20668 0.787902
3.21331 0.740211
3.21994 0.802077
3.22657 0.988071
3.2332 0.950728
3.23984 0.75513
3.24647 1.18125
3.2531 0.915841
3.25973 0.843792
3.26637 0.849068
3.273 1.03913
3.27963 0.842233
3.28626 0.943631
3.29289 0.880745
3.29953 0.691293
3.30616 0.970583
3.31279 1.20233
