2
300

200
0.0293446
0.132971
0.360371	0.924655
0.947783	0.924972
0.384739	0.371052
0.0545507	0.00417025
0.2873	0.961726
0.309204	0.24731
0.312066	0.743576
0.476147	0.757647
0.510979	0.958998
0.74045	0.37943
0.891196	0.993435
0.422459	0.303123
0.544495	0.670507
0.621123	0.814817
0.312295	0.0338781
0.956667	0.381484
0.754181	0.0285182
0.13098	0.564503
0.0499202	0.755962
0.870112	0.54995
0.581686	0.605026
0.236624	0.917867
0.408393	0.675284
0.816416	0.280858
0.0160692	0.564927
0.119933	0.764197
0.290623	0.0960608
0.187453	0.476914
0.913171	0.184868
0.608127	0.896999
0.792509	0.851385
0.873715	0.482435
0.475603	0.499379
0.979106	0.00686464
0.434708	0.803704
0.765249	0.64247
0.4392	0.12892
0.630195	0.0705388
0.344977	0.54796
0.354133	0.429524
0.555245	0.265363
0.164399	0.170927
0.073615	0.822422
0.80353	0.483996
0.463258	0.365051
0.985983	0.774338
0.632377	0.961257
0.916178	0.783292
0.125874	0.42649
0.543681	0.907319
0.583613	0.999963
0.358161	0.123111
0.467363	0.621623
0.455985	0.0444135
0.43199	0.980103
0.0794462	0.692382
0.232485	0.414635
0.664775	0.230298
0.745872	0.894551
0.827215	0.678567
0.542039	0.370219
0.053699	0.89257
0.0994402	0.357126
0.832586	0.0284163
0.720322	0.191662
0.195717	0.107862
0.00887999	0.945118
0.363469	0.991652
0.00187471	0.695625
0.0513279	0.517633
0.596704	0.215375
0.401368	0.871324
0.404363	0.181248
0.180653	0.743876
0.139387	0.0666284
0.748974	0.790385
0.88621	0.091244
0.111901	0.214183
0.638335	0.753116
0.802605	0.220531
0.675211	0.882073
0.0114339	0.205309
0.631836	0.291642
0.497751	0.205709
0.256543	0.497677
0.0643461	0.256476
0.594244	0.342777
0.701736	0.319419
0.886714	0.927049
0.666915	0.487845
0.711539	0.575204
0.183832	0.623437
0.884143	0.24858
0.347832	0.313666
0.998115	0.850504
0.625668	0.432072
0.596349	0.71069
0.515266	0.584525
0.24145	0.161081
0.635439	0.655123
0.791185	0.338396
0.721493	0.439251
0.297415	0.683633
0.387938	0.731277
0.620019	0.154581
0.172791	0.941599
0.86359	0.383154
0.29171	0.36987
0.302993	0.817086
0.230555	0.854366
0.993736	0.441916
0.438071	0.550726
0.732903	0.0848577
0.543555	0.515772
0.389422	0.0619139
0.281107	0.556494
0.996134	0.0897254
0.805749	0.419142
0.450239	0.241581
0.702469	0.723481
0.0455063	0.154201
0.774272	0.970251
0.120769	0.503655
0.73636	0.26296
0.335411	0.633301
0.20746	0.323119
0.220191	0.996562
0.863932	0.731638
0.495365	0.430542
0.45382	0.912692
0.822995	0.931203
0.0294478	0.632482
0.773999	0.153994
0.174439	0.251839
0.168745	0.822374
0.0244565	0.303721
0.88379	0.322604
0.67553	0.028846
0.812757	0.0962073
0.652559	0.572302
0.0620142	0.0673713
0.311029	0.880587
0.563086	0.448443
0.931974	0.848843
0.544005	0.158153
0.544328	0.76297
0.895153	0.638591
0.96102	0.49652
0.568712	0.0859046
0.655993	0.37973
0.101484	0.940101
0.773274	0.727525
0.834777	0.607259
0.830251	0.789757
0.370061	0.799878
0.495993	0.109503
0.954726	0.626092
0.267428	0.305623
0.504028	0.301334
0.135989	0.874732
0.374611	0.236891
0.378817	0.494357
0.0344566	0.373455
0.1755	0.379251
0.911785	0.432207
0.257186	0.616803
0.20179	0.553193
0.682912	0.130603
0.133845	0.00256054
0.306375	0.173816
0.73709	0.508034
0.229902	0.696526
0.10385	0.129853
0.489454	0.846237
0.23815	0.228706
0.148588	0.678766
0.523286	0.0264806
0.242822	0.778971
0.699722	0.957518
0.695596	0.817759
0.962268	0.245201
0.85298	0.162872
0.0934917	0.61335
0.933457	0.706365
0.934615	0.0547242
0.555449	0.833077
0.93892	0.553915
0.604188	0.530227
0.392875	0.605515
0.296972	0.446727
0.484084	0.693691
0.786101	0.560709
0.863561	0.854835
0.951063	0.311901
0.231055	0.0556859
0.0579175	0.447996
0.425186	0.439529
0.130479	0.30207
0.957311	0.14156
0.703188	0.651112
//###########################


100
0.011151
0.18805
0.352675	0.0380244
0.996856	0.357993
0.963158	0.875084
0.00165172	0.500673
0.350629	0.270619
0.836281	0.527078
0.987622	0.0492506
0.260029	0.263122
0.78947	0.791016
0.819006	0.380572
0.670586	0.675281
0.912587	0.373928
0.0922685	0.287259
0.32397	0.782306
0.249008	0.657229
0.705295	0.998212
0.55745	0.72207
0.185068	0.902507
0.599285	0.937232
0.699271	0.52513
0.490399	0.994441
0.678735	0.757289
0.311529	0.584106
0.679705	0.192424
0.00796697	0.137145
0.0892639	0.736967
0.765212	0.29242
0.506864	0.883439
0.261208	0.0285309
0.614792	0.0278144
0.461067	0.458304
0.0871197	0.0352186
0.876232	0.0318755
0.898851	0.12986
0.583778	0.301465
0.763781	0.931087
0.587974	0.412387
0.559425	0.197859
0.794096	0.0427475
0.061036	0.937427
0.891179	0.597537
0.161887	0.445277
0.98637	0.599995
0.524981	0.633996
0.27575	0.859766
0.514189	0.54397
0.427481	0.629949
0.8534	0.903796
0.883252	0.695925
0.622576	0.601412
0.445627	0.179009
0.628913	0.1147
0.0686559	0.645409
0.857235	0.279011
0.218418	0.511339
0.182105	0.703338
0.102062	0.174481
0.0693518	0.408746
0.162037	0.340896
0.403735	0.830627
0.266341	0.129006
0.882747	0.807611
0.923844	0.230712
0.414117	0.342775
0.52814	0.0846288
0.616943	0.491386
0.442121	0.734397
0.164409	0.587651
0.154863	0.104159
0.318465	0.935651
0.741484	0.12477
0.250376	0.370072
0.341596	0.688005
0.091427	0.532392
0.316796	0.48232
0.016963	0.801958
0.346561	0.167232
0.481666	0.267435
0.918729	0.47238
0.672335	0.291523
0.103339	0.849945
0.0133073	0.24583
0.787708	0.689121
0.43158	0.0850527
0.501853	0.377998
0.721034	0.849571
0.401903	0.53032
0.807638	0.180292
0.194486	0.212843
0.63047	0.854399
0.76584	0.460356
0.948824	0.965635
0.529919	0.800855
0.696989	0.388624
0.178184	0.991769
0.338817	0.391866
0.202819	0.793217
0.763044	0.601714
0.417225	0.935544
0.970764	0.722295
//###########################


