0.0790697 2.71286e-05
0.103399 0.000119543
0.152057 0.000202921
0.164222 9.7056e-05
0.21288 0.000330769
0.225045 0.000140401
0.237209 0.000137961
0.273703 0.000553828
0.298032 0.00304827
0.310197 0.00103037
0.322361 0.00149439
0.334526 0.00106725
0.383184 0.00491102
0.407513 0.00556629
0.431842 0.00913641
0.444007 0.00653432
0.456172 0.0102753
0.468336 0.00790789
0.480501 0.00960436
0.492665 0.0145866
0.50483 0.00853075
0.529159 0.00936186
0.541324 0.0170469
0.553488 0.0189547
0.577817 0.0122644
0.589982 0.0178648
0.602146 0.116141
0.614311 0.128182
0.626476 0.0950851
0.650805 0.156406
0.675134 0.337045
0.687298 0.325726
0.699463 0.109912
0.711628 0.0584841
0.723792 0.0229962
0.748121 0.112222
0.760286 0.134719
0.77245 0.128663
0.784615 0.0821426
0.79678 0.286544
0.808944 0.466581
0.821109 0.581309
0.833273 0.804833
0.845438 1.21852
0.857603 0.322896
0.869767 1.36859
0.881932 2.24153
0.894096 1.4613
0.918425 2.28454
0.93059 0.71227
0.942755 0.346649
0.954919 1.94478
0.967084 1.70029
0.979248 1.84825
0.991413 1.0761
1.00358 0.466845
1.01574 0.93746
1.02791 0.570834
1.04007 0.573536
1.05224 0.79701
1.0644 0.791221
1.07656 1.34724
1.08873 1.57476
1.10089 1.28395
1.11306 1.45293
1.12522 2.85153
1.13739 3.96662
1.14955 5.05119
1.16172 4.02875
1.18605 2.58207
1.19821 1.56419
1.22254 1.75973
1.2347 0.60567
1.24687 0.403038
1.25903 0.527035
1.2712 0.619312
1.29553 0.603164
1.30769 0.706025
1.33202 0.743391
1.34419 0.760692
1.35635 0.32891
1.36851 0.657302
1.38068 0.505843
1.39284 0.473106
1.40501 1.64393
1.41717 0.901703
1.42934 0.612869
1.4415 0.771901
1.45367 0.784276
1.46583 0.983474
1.478 0.820449
1.49016 0.57515
1.50232 0.558075
1.51449 0.565441
1.52665 0.499108
1.53882 0.61535
1.55098 0.268067
1.56315 0.480821
1.58748 0.899711
1.59964 0.437557
1.61181 0.367285
1.62397 1.36881
1.63614 0.498333
1.6483 0.474918
1.66046 1.51542
1.67263 1.04328
1.68479 0.853413
1.69696 0.928993
1.70912 1.35226
1.72129 1.59741
1.73345 0.609875
1.74562 1.14038
1.75778 0.964504
1.76995 0.682218
1.78211 0.747899
1.79427 0.4401
1.80644 0.668273
1.8186 0.38292
1.83077 0.707909
1.84293 0.807174
1.8551 0.539921
1.86726 1.10553
1.87943 0.7242
1.89159 1.11042
1.90376 0.753201
1.91592 1.01356
1.92809 1.36701
1.94025 1.01761
1.95241 1.70837
1.96458 1.15079
1.97674 1.10612
1.98891 1.2807
2.00107 0.687656
2.01324 1.0159
2.0254 1.29767
2.03757 0.899375
2.04973 0.8329
2.0619 0.716012
2.07406 0.796063
2.08622 1.43423
2.09839 1.06268
2.11055 0.842862
2.12272 0.716067
2.13488 0.655241
2.14705 1.2393
2.15921 1.20441
2.17138 0.939927
2.18354 1.62745
2.19571 2.34615
2.20787 1.29873
2.22003 1.60725
2.2322 1.41995
2.24436 1.73974
2.25653 1.25086
2.26869 2.21118
2.28086 1.44038
2.29302 1.46553
2.30519 1.14406
2.31735 1.29471
2.32952 1.01923
2.34168 1.26165
2.35385 0.612369
2.36601 0.883264
2.37817 1.08974
2.39034 1.07586
2.4025 0.946767
2.41467 1.14511
2.42683 0.868967
2.439 0.615485
2.45116 0.876176
2.46333 1.09265
2.47549 1.23926
2.48766 0.822244
2.49982 1.4097
2.51198 0.735841
2.52415 0.687414
2.53631 1.14263
2.54848 1.06205
2.56064 1.20666
2.57281 0.620618
2.58497 1.02119
2.59714 1.38265
2.6093 0.694662
2.62147 0.725139
2.63363 0.817536
2.6458 0.889989
2.65796 0.696609
2.67012 0.976299
2.68229 0.793284
2.69445 0.640307
2.70662 0.501715
2.71878 0.741561
2.73095 1.32131
2.74311 1.11267
2.75528 0.898672
2.76744 1.37076
2.77961 0.809754
2.79177 1.04824
2.80393 0.8997
2.8161 0.943138
2.82826 0.784673
2.84043 0.530692
2.85259 0.911234
2.86476 0.717122
2.87692 1.64538
2.88909 0.900119
2.90125 0.868769
2.91342 0.735356
2.92558 0.65398
2.93774 0.764612
2.94991 0.566855
2.96207 0.960516
2.97424 0.859211
2.9864 1.17796
2.99857 0.936689
3.01073 0.953128
3.0229 0.736329
3.03506 1.04765
3.04723 0.902069
3.05939 1.10934
3.07156 0.811393
3.08372 0.776429
3.09588 1.01674
3.10805 1.31504
3.12021 0.984067
3.13238 0.698433
3.14454 1.48182
3.15671 0.778259
3.16887 1.02471
3.18104 1.38268
3.1932 1.03964
3.20537 0.836911
3.21753 0.934631
3.22969 0.960837
3.24186 1.23651
3.25402 1.06451
3.26619 1.11159
3.27835 1.38687
3.29052 1.30057
3.30268 1.27482
3.31485 0.868994
3.32701 1.18318
3.33918 1.1107
3.35134 1.34699
3.3635 1.12675
3.37567 1.24098
3.38783 0.99575
3.4 1.05086
3.41216 1.20178
3.42433 0.909236
3.43649 0.96974
3.44866 0.949415
3.46082 0.733935
3.47299 0.80456
3.48515 0.768008
3.49732 1.06401
3.50948 0.928523
3.52164 1.70206
3.53381 0.713893
3.54597 1.0006
3.55814 0.900545
3.5703 1.27374
3.58247 0.834347
3.59463 0.907755
3.6068 1.03404
3.61896 0.578711
3.63113 0.788782
3.64329 0.72909
3.65545 1.46521
3.66762 1.13344
3.67978 1.2393
3.69195 0.979271
3.70411 0.878487
3.71628 0.925376
3.72844 0.958435
3.74061 1.00124
3.75277 0.556578
3.76494 0.510358
3.7771 1.1095
3.78927 1.43568
3.80143 1.262
3.81359 0.901482
3.82576 0.834793
3.83792 0.959467
3.85009 1.04036
3.86225 1.02958
3.87442 0.808446
3.88658 0.923812
3.89875 0.95174
3.91091 0.793038
3.92308 0.866868
3.93524 0.688814
3.9474 0.996499
3.95957 0.901398
3.97173 1.11584
3.9839 0.892051
3.99606 0.942562
4.00823 0.511678
4.02039 1.04643
4.03256 0.713965
4.04472 0.972617
4.05689 0.790481
4.06905 1.59215
4.08121 1.30147
4.09338 1.3234
4.10554 0.698054
4.11771 0.797189
4.12987 1.1751
4.14204 1.43316
4.1542 1.22748
4.16637 0.872587
4.17853 0.809808
4.1907 1.06014
4.20286 1.06168
4.21503 0.685401
4.22719 1.51823
4.23935 0.91655
4.25152 1.10149
4.26368 1.0798
4.27585 1.14926
4.28801 0.9765
4.30018 1.02974
4.31234 0.762072
4.32451 0.943013
4.33667 0.873708
4.34884 1.09853
4.361 0.990155
4.37316 0.906397
4.38533 1.01797
4.39749 1.28396
4.40966 0.946187
4.42182 1.14384
4.43399 1.24602
4.44615 0.902388
4.45832 1.12278
4.47048 0.827898
4.48265 0.944461
4.49481 0.943113
4.50697 1.13447
4.51914 1.02517
4.5313 0.774358
4.54347 1.02819
4.55563 0.728149
4.5678 1.08561
4.57996 0.792086
4.59213 1.20209
4.60429 0.940328
4.61646 1.14035
4.62862 0.989062
4.64079 0.840547
4.65295 0.886449
4.66511 0.892634
4.67728 1.08675
4.68944 0.975004
4.70161 1.14146
4.71377 0.952098
4.72594 0.841037
4.7381 1.2206
4.75027 1.25059
4.76243 1.02664
4.7746 0.985853
4.78676 1.0185
4.79892 1.34297
4.81109 1.02821
4.82325 0.825393
4.83542 0.953761
4.84758 0.684524
4.85975 0.91408
4.87191 0.90141
4.88408 1.26493
4.89624 1.08379
4.90841 1.06253
4.92057 1.10439
4.93274 1.01096
4.9449 0.993652
4.95706 1.27487
4.96923 0.918229
4.98139 0.638512
4.99356 1.26833
5.00572 0.640087
5.01789 1.05515
5.03005 0.96162
5.04222 1.13726
5.05438 1.0598
5.06655 0.750628
5.07871 0.843648
5.09087 1.05132
5.10304 0.939461
5.1152 0.868579
5.12737 1.40623
5.13953 0.903709
5.1517 1.21146
5.16386 1.18096
5.17603 1.56751
5.18819 0.811156
5.20036 0.90387
5.21252 0.898621
5.22468 0.82606
5.23685 0.997635
5.24901 0.861134
5.26118 0.871705
5.27334 0.848008
5.28551 1.09999
5.29767 0.829264
5.30984 1.07021
5.322 1.24466
5.33417 1.0039
5.34633 1.02696
5.3585 0.737045
5.37066 0.950503
5.38282 0.91729
5.39499 1.00353
5.40715 1.15289
5.41932 0.940281
5.43148 1.1853
5.44365 0.879369
5.45581 0.817034
5.46798 0.744059
5.48014 0.87794
5.49231 0.91772
5.50447 1.10096
5.51663 1.3421
5.5288 0.950155
5.54096 1.05413
5.55313 0.840383
5.56529 0.824132
5.57746 1.16194
5.58962 0.649697
5.60179 0.904806
5.61395 1.12475
5.62612 0.923826
5.63828 1.34834
5.65044 0.903507
5.66261 1.13422
5.67477 1.15916
5.68694 1.4272
5.6991 0.817067
5.71127 0.813743
5.72343 0.884867
5.7356 1.38882
5.74776 0.912407
5.75993 1.0472
5.77209 0.874747
5.78426 0.864473
5.79642 0.917206
5.80858 1.11833
5.82075 0.887461
5.83291 1.30358
5.84508 0.950613
5.85724 1.01864
5.86941 1.02386
5.88157 0.981448
5.89374 0.985628
5.9059 0.874386
5.91807 1.16867
5.93023 0.879638
5.94239 1.46257
5.95456 0.69237
5.96672 0.94285
5.97889 1.07716
5.99105 0.611325
6.00322 1.37064
6.01538 1.1746
6.02755 1.15037
6.03971 1.18839
6.05188 1.18672
6.06404 0.831909
6.07621 0.850672
