0.0735391 4.93961e-05
0.0961665 2.06502e-05
0.141421 0.000184209
0.152735 6.31058e-05
0.19799 1.51771e-05
0.209304 0.000167064
0.220617 0.000175234
0.254558 0.000381382
0.277186 0.000109652
0.2885 0.000619527
0.299813 0.000748546
0.311127 0.000415353
0.356382 0.00310931
0.379009 0.00283977
0.401637 0.000807744
0.41295 0.00258474
0.424264 0.00450652
0.435578 0.000788645
0.446891 0.00205848
0.458205 0.00589696
0.469519 0.00329073
0.492146 0.00220527
0.50346 0.00232368
0.514774 0.00353582
0.537401 0.00480893
0.548715 0.00401136
0.560029 0.00864454
0.571342 0.0142375
0.582656 0.0376224
0.605283 0.0267405
0.627911 0.0294067
0.639225 0.0703023
0.650538 0.0494878
0.661852 0.0498548
0.673166 0.0395121
0.695793 0.0774014
0.707107 0.0275918
0.71842 0.0684207
0.729734 0.0387154
0.741048 0.0205267
0.752362 0.0380623
0.763675 0.0834784
0.774989 0.0264712
0.786303 0.0765705
0.797616 0.0539476
0.80893 0.0964646
0.820244 0.237473
0.831558 0.219967
0.854185 0.456384
0.865499 0.646943
0.876812 0.854964
0.888126 1.33544
0.89944 2.53072
0.910754 4.03593
0.922067 4.89506
0.933381 2.73354
0.944695 1.5262
0.956008 0.696938
0.967322 0.900254
0.978636 1.13694
0.989949 0.443882
1.00126 0.256891
1.01258 0.445159
1.02389 0.648999
1.0352 0.57817
1.04652 0.371948
1.05783 0.640504
1.06915 0.893131
1.08046 0.714091
1.10309 2.00801
1.1144 3.05563
1.13703 2.3742
1.14834 9.90192
1.15966 4.05361
1.17097 2.85352
1.18228 9.36932
1.20491 0.947156
1.21622 1.02888
1.23885 0.891974
1.25016 0.382503
1.26148 0.231601
1.27279 0.256365
1.28411 0.947272
1.29542 0.2815
1.30673 0.630112
1.31805 0.248813
1.32936 0.113177
1.34067 0.360548
1.35199 0.573747
1.3633 0.663269
1.37462 0.490229
1.38593 1.11244
1.39724 0.342737
1.40856 0.722502
1.41987 0.687932
1.43118 0.747529
1.4425 0.507538
1.45381 0.64907
1.47644 0.310118
1.48775 0.50027
1.49907 0.404036
1.51038 0.661014
1.52169 0.363765
1.53301 0.479615
1.54432 0.301508
1.55563 0.596655
1.56695 0.238631
1.57826 0.671788
1.58958 0.354706
1.60089 0.319154
1.6122 0.31624
1.62352 0.4338
1.63483 0.671737
1.64614 0.820803
1.65746 0.384226
1.66877 1.32128
1.68009 0.689695
1.6914 2.57759
1.70271 0.892494
1.71403 1.25565
1.72534 1.73998
1.73665 0.679272
1.74797 1.02165
1.75928 0.427554
1.7706 1.12397
1.78191 0.591035
1.79322 0.965526
1.80454 0.570061
1.81585 0.49902
1.82716 0.848702
1.83848 1.09029
1.84979 0.70688
1.86111 0.481837
1.87242 0.786132
1.88373 0.932292
1.89505 0.678314
1.90636 0.679061
1.91767 2.15365
1.92899 0.77214
1.9403 1.1757
1.95161 1.16783
1.96293 1.33632
1.97424 0.553326
1.98556 1.41502
1.99687 1.23795
2.00818 1.42161
2.0195 0.752549
2.03081 1.78938
2.04212 0.826482
2.05344 1.31461
2.06475 1.22793
2.07607 1.3728
2.08738 0.864287
2.09869 0.816531
2.11001 1.10526
2.12132 1.21299
2.13263 1.6088
2.14395 1.10988
2.15526 1.66723
2.16658 1.18854
2.17789 1.544
2.1892 1.64323
2.20052 1.06857
2.21183 1.98075
2.22314 1.2744
2.23446 0.614775
2.24577 1.22421
2.25708 1.20545
2.2684 0.997175
2.27971 1.35307
2.29103 1.72925
2.30234 1.2104
2.31365 1.57338
2.32497 1.3959
2.33628 0.903915
2.34759 0.686639
2.35891 1.37953
2.37022 1.05287
2.38154 0.693024
2.39285 0.601783
2.40416 0.806369
2.41548 0.713845
2.42679 0.586271
2.4381 0.5972
2.44942 0.816726
2.46073 1.12078
2.47205 0.984095
2.48336 0.564902
2.49467 0.848538
2.50599 1.19476
2.5173 1.2564
2.52861 1.19447
2.53993 0.79201
2.55124 0.875349
2.56255 0.969419
2.57387 0.826465
2.58518 0.999895
2.5965 0.974911
2.60781 0.988911
2.61912 0.629103
2.63044 0.641822
2.64175 0.869918
2.65306 0.741297
2.66438 0.744441
2.67569 1.08417
2.68701 0.898139
2.69832 0.67838
2.70963 0.715103
2.72095 0.871422
2.73226 1.07686
2.74357 1.08599
2.75489 1.19276
2.7662 1.12052
2.77752 1.09282
2.78883 1.23288
2.80014 1.1607
2.81146 0.642387
2.82277 1.06484
2.83408 1.04553
2.8454 1.00268
2.85671 0.61825
2.86803 0.654928
2.87934 0.825017
2.89065 0.650601
2.90197 0.893965
2.91328 0.740058
2.92459 1.2562
2.93591 0.65593
2.94722 0.978788
2.95853 1.09339
2.96985 0.859607
2.98116 0.885302
2.99248 1.03333
3.00379 1.18453
3.0151 1.14701
3.02642 0.781579
3.03773 1.13931
3.04904 1.332
3.06036 0.731082
3.07167 0.941468
3.08299 0.67608
3.0943 0.658069
3.10561 1.05482
3.11693 1.16919
3.12824 1.07271
3.13955 0.99109
3.15087 1.24166
3.16218 0.888356
3.1735 1.19359
3.18481 1.12221
3.19612 1.09317
3.20744 1.08115
3.21875 1.39635
3.23006 1.34154
3.24138 1.02644
3.25269 1.02754
3.264 1.26886
3.27532 1.2795
3.28663 0.836432
3.29795 1.25769
3.30926 0.757655
3.32057 0.756436
3.33189 0.962165
3.3432 1.40095
3.35451 1.13057
3.36583 0.972915
3.37714 0.781624
3.38846 1.44719
3.39977 0.898014
3.41108 0.940885
3.4224 0.899805
3.43371 1.12616
3.44502 1.1036
3.45634 1.04794
3.46765 1.06397
3.47897 1.1678
3.49028 1.00996
3.50159 0.56067
3.51291 1.04164
3.52422 1.20239
3.53553 0.865751
3.54685 0.894755
3.55816 1.53665
3.56948 1.10318
3.58079 0.980387
3.5921 1.04204
3.60342 1.41195
3.61473 1.05958
3.62604 0.733272
3.63736 0.976216
3.64867 0.782271
3.65998 1.35283
3.6713 0.970122
3.68261 0.969315
3.69393 0.615608
3.70524 0.949435
3.71655 1.26917
3.72787 1.07218
3.73918 1.03299
3.75049 0.586105
3.76181 0.887762
3.77312 0.736304
3.78444 0.600865
3.79575 1.03802
3.80706 0.944897
3.81838 0.769113
3.82969 1.33339
3.841 0.727029
3.85232 1.06898
3.86363 1.01398
3.87495 0.763321
3.88626 1.0954
3.89757 1.06528
3.90889 0.619833
3.9202 0.928059
3.93151 0.761491
3.94283 0.91753
3.95414 0.837509
3.96545 1.19993
3.97677 0.654264
3.98808 0.765406
3.9994 0.860402
4.01071 1.06899
4.02202 0.607753
4.03334 1.22839
4.04465 1.11315
4.05596 0.901914
4.06728 1.02963
4.07859 0.741852
4.08991 0.946838
4.10122 1.21457
4.11253 0.929792
4.12385 0.845013
4.13516 1.4047
4.14647 0.928172
4.15779 1.02801
4.1691 1.01646
4.18042 1.01285
4.19173 0.846237
4.20304 0.928528
4.21436 0.934333
4.22567 1.37701
4.23698 0.613749
4.2483 1.18158
4.25961 0.851763
4.27092 1.31016
4.28224 0.972236
4.29355 0.614489
4.30487 0.766271
4.31618 0.81888
4.32749 0.908094
4.33881 1.44968
4.35012 0.950207
4.36143 1.07643
4.37275 0.979892
4.38406 1.26465
4.39538 1.22291
4.40669 1.0913
4.418 1.07696
4.42932 0.95303
4.44063 1.12523
4.45194 1.13725
4.46326 0.993451
4.47457 0.825988
4.48589 1.10357
4.4972 0.854361
4.50851 1.26647
4.51983 1.10714
4.53114 0.928247
4.54245 1.0141
4.55377 0.890762
4.56508 1.12685
4.5764 0.830042
4.58771 1.06821
4.59902 0.953667
4.61034 0.924172
4.62165 0.836708
4.63296 0.980131
4.64428 1.20764
4.65559 1.28029
4.6669 1.0071
4.67822 0.769509
4.68953 0.74492
4.70085 1.20617
4.71216 0.78409
4.72347 1.50675
4.73479 1.07771
4.7461 1.06188
4.75741 0.955012
4.76873 0.993131
4.78004 1.25684
4.79136 0.636311
4.80267 0.934042
4.81398 0.835167
4.8253 1.10313
4.83661 0.946612
4.84792 1.10114
4.85924 0.961034
4.87055 1.4267
4.88187 0.893199
4.89318 1.08133
4.90449 1.11429
4.91581 1.18955
4.92712 0.619303
4.93843 1.03533
4.94975 0.939621
4.96106 1.30315
4.97237 1.15948
4.98369 1.22532
4.995 0.774399
5.00632 1.17139
5.01763 0.738958
5.02894 0.887783
5.04026 0.872309
5.05157 1.00787
5.06288 1.10465
5.0742 0.749801
5.08551 0.575626
5.09683 0.862798
5.10814 0.864188
5.11945 1.09127
5.13077 0.701418
5.14208 1.1177
5.15339 0.945757
5.16471 1.21388
5.17602 0.785627
5.18734 0.940766
5.19865 0.834184
5.20996 0.990912
5.22128 1.28082
5.23259 1.0892
5.2439 0.897081
5.25522 0.786638
5.26653 1.00652
5.27785 1.15395
5.28916 0.835419
5.30047 1.22176
5.31179 0.926821
5.3231 0.939813
5.33441 1.26257
5.34573 1.13598
5.35704 0.651778
5.36835 0.767421
5.37967 1.18106
5.39098 0.685535
5.4023 1.0896
5.41361 0.940798
5.42492 1.29845
5.43624 1.18025
5.44755 0.74412
5.45886 0.885856
5.47018 1.16052
5.48149 0.8865
5.49281 0.692861
5.50412 1.07582
5.51543 1.28981
5.52675 0.961337
5.53806 1.4044
5.54937 0.968878
5.56069 0.790457
5.572 1.15375
5.58332 0.648376
5.59463 1.05117
5.60594 0.969105
5.61726 0.844425
5.62857 0.943811
5.63988 1.22388
5.6512 1.16943
