0.0430355 0.261168
0.0562772 0.126492
0.0827606 0.148865
0.0893814 0.0612975
0.115865 0.0217549
0.122486 0.239067
0.129107 0.0674997
0.148969 0.0438915
0.162211 0.235908
0.168832 0.0680582
0.175452 0.0806112
0.182073 0.0256843
0.208557 0.0617608
0.221798 0.0272525
0.23504 0.0183385
0.241661 0.0304012
0.248282 0.326185
0.254903 0.0757899
0.261523 0.0742931
0.268144 0.049809
0.274765 0.105701
0.288007 0.535549
0.294628 0.159136
0.301249 0.0833051
0.31449 0.0939432
0.321111 0.0708999
0.327732 0.459703
0.334353 0.0680862
0.340974 0.0754559
0.354215 0.147104
0.367457 0.214177
0.374078 0.453441
0.380699 0.0652512
0.38732 0.100407
0.39394 0.124085
0.407182 0.0477499
0.413803 0.170338
0.420424 0.0468347
0.427045 0.046028
0.433665 0.0353199
0.440286 0.0870383
0.446907 0.120135
0.453528 0.443695
0.460149 0.0867957
0.46677 0.0487246
0.473391 0.0758071
0.480011 0.0470553
0.486632 0.0759257
0.499874 0.103163
0.506495 0.115892
0.513116 0.125641
0.519736 0.0448013
0.526357 0.49281
0.532978 0.479623
0.539599 0.78355
0.54622 0.381911
0.552841 0.366437
0.559462 0.171641
0.566082 0.186371
0.572703 0.203725
0.579324 0.250044
0.585945 0.189558
0.592566 0.237727
0.599187 0.284535
0.605808 0.270833
0.612428 0.381416
0.619049 0.368042
0.62567 0.402543
0.632291 0.578602
0.645533 0.774107
0.652153 0.859427
0.665395 1.31046
0.672016 2.74343
0.678637 1.5594
0.685258 1.08547
0.691879 3.14015
0.70512 0.696261
0.711741 0.587442
0.724983 0.768555
0.731604 0.321782
0.738224 0.550916
0.744845 0.337019
0.751466 1.74713
0.758087 0.786613
0.764708 0.442334
0.771329 0.451755
0.77795 0.521383
0.78457 0.836678
0.791191 0.577964
0.797812 0.943114
0.804433 0.404213
0.811054 1.62247
0.817675 1.11217
0.824295 0.569589
0.830916 0.547157
0.837537 0.31722
0.844158 0.269724
0.850779 0.513563
0.864021 0.479193
0.870641 0.740109
0.877262 0.77088
0.883883 0.573275
0.890504 0.224192
0.897125 0.800772
0.903746 0.173964
0.910366 0.583402
0.916987 0.394285
0.923608 0.889886
0.930229 1.01448
0.93685 0.58393
0.943471 0.594963
0.950092 0.50245
0.956712 0.630295
0.963333 0.900977
0.969954 0.532551
0.976575 0.654213
0.983196 0.451754
0.989817 1.50923
0.996437 0.433063
1.00306 0.513538
1.00968 0.797264
1.0163 0.790627
1.02292 0.470188
1.02954 1.4786
1.03616 0.768889
1.04278 0.74035
1.0494 0.414048
1.05603 0.823182
1.06265 0.718045
1.06927 0.207861
1.07589 0.742196
1.08251 0.641785
1.08913 0.576338
1.09575 0.950543
1.10237 1.42768
1.10899 0.239996
1.11561 0.726889
1.12223 1.60834
1.12885 1.00732
1.13548 0.954451
1.1421 1.0444
1.14872 1.08565
1.15534 0.976447
1.16196 1.14294
1.16858 1.00328
1.1752 0.935721
1.18182 2.01769
1.18844 1.07348
1.19506 0.943198
1.20168 1.08138
1.2083 1.56888
1.21493 2.01123
1.22155 0.987726
1.22817 0.598353
1.23479 1.09064
1.24141 0.732081
1.24803 1.91465
1.25465 1.13687
1.26127 1.85108
1.26789 1.41145
1.27451 1.52935
1.28113 0.671225
1.28775 1.44966
1.29438 1.18556
1.301 1.44843
1.30762 1.59823
1.31424 0.906464
1.32086 1.29446
1.32748 1.32352
1.3341 0.919728
1.34072 0.659744
1.34734 0.960917
1.35396 1.84738
1.36058 1.44687
1.3672 0.988638
1.37383 1.28907
1.38045 1.7276
1.38707 1.36936
1.39369 1.31575
1.40031 1.4675
1.40693 1.73492
1.41355 1.4484
1.42017 0.360424
1.42679 1.64661
1.43341 1.4677
1.44003 2.03922
1.44666 1.34727
1.45328 1.37918
1.4599 1.54433
1.46652 1.60421
1.47314 1.10676
1.47976 1.74547
1.48638 1.69847
1.493 1.33134
1.49962 2.11752
1.50624 1.44081
1.51286 1.12922
1.51948 1.08951
1.52611 1.87689
1.53273 1.24983
1.53935 1.3263
1.54597 1.65451
1.55259 1.28467
1.55921 1.18929
1.56583 0.584226
1.57245 1.17421
1.57907 1.36354
1.58569 0.772398
1.59231 0.645301
1.59893 1.00587
1.60556 0.649298
1.61218 0.607186
1.6188 1.26503
1.62542 0.86772
1.63204 1.57872
1.63866 1.12658
1.64528 0.915347
1.6519 0.898931
1.65852 0.704118
1.66514 0.947124
1.67176 1.00595
1.67838 1.03875
1.68501 0.769537
1.69163 0.907003
1.69825 1.06847
1.70487 1.24552
1.71149 0.719051
1.71811 0.908362
1.72473 1.03221
1.73135 0.971016
1.73797 0.815002
1.74459 0.86339
1.75121 1.04523
1.75783 1.0269
1.76446 1.18356
1.77108 0.833498
1.7777 0.854577
1.78432 0.801914
1.79094 1.12337
1.79756 0.841445
1.80418 1.06994
1.8108 0.717917
1.81742 0.54891
1.82404 0.808905
1.83066 1.18933
1.83729 1.10753
1.84391 0.993511
1.85053 0.756072
1.85715 0.63587
1.86377 0.747806
1.87039 0.641666
1.87701 0.869766
1.88363 0.615998
1.89025 1.03631
1.89687 1.03115
1.90349 0.739802
1.91011 0.931338
1.91674 1.17255
1.92336 0.839865
1.92998 0.988725
1.9366 0.611967
1.94322 0.978287
1.94984 0.965082
1.95646 0.822608
1.96308 1.04816
1.9697 1.10682
1.97632 0.579804
1.98294 1.09546
1.98956 0.84031
1.99619 0.809662
2.00281 0.921734
2.00943 0.649486
2.01605 0.816359
2.02267 0.884626
2.02929 0.935258
2.03591 0.5588
2.04253 0.703522
2.04915 0.957633
2.05577 0.927275
2.06239 1.20248
2.06901 0.969215
2.07564 0.75497
2.08226 0.966191
2.08888 0.956531
2.0955 0.901117
2.10212 0.423976
2.10874 0.676604
2.11536 0.808002
2.12198 1.15223
2.1286 0.702756
2.13522 0.861697
2.14184 0.543037
2.14846 1.21803
2.15509 0.636198
2.16171 1.12104
2.16833 0.902222
2.17495 0.802639
2.18157 0.448424
2.18819 0.995054
2.19481 1.39735
2.20143 1.03086
2.20805 1.23495
2.21467 0.970243
2.22129 0.798336
2.22792 1.18979
2.23454 1.06361
2.24116 0.945825
2.24778 1.63909
2.2544 0.964753
2.26102 0.975194
2.26764 0.705959
2.27426 0.933131
2.28088 1.2462
2.2875 0.94629
2.29412 1.07
2.30074 1.2314
2.30737 1.01829
2.31399 1.11979
2.32061 1.2064
2.32723 1.06505
2.33385 0.88403
2.34047 1.02684
2.34709 1.43073
2.35371 0.978201
2.36033 1.12714
2.36695 0.847254
2.37357 0.931257
2.38019 1.01681
2.38682 0.954989
2.39344 0.809854
2.40006 1.22892
2.40668 1.10194
2.4133 0.742913
2.41992 1.04082
2.42654 0.716171
2.43316 0.940143
2.43978 0.562231
2.4464 1.02399
2.45302 1.22794
2.45964 0.679498
2.46627 0.856468
2.47289 1.20507
2.47951 0.848586
2.48613 1.0568
2.49275 1.15538
2.49937 0.832286
2.50599 1.11898
2.51261 0.918511
2.51923 1.15299
2.52585 0.752712
2.53247 0.747435
2.53909 1.00197
2.54572 0.739811
2.55234 1.16943
2.55896 1.1004
2.56558 1.05616
2.5722 0.89515
2.57882 1.15615
2.58544 1.01603
2.59206 0.9257
2.59868 0.885518
2.6053 1.13027
2.61192 0.886145
2.61855 0.91375
2.62517 0.774674
2.63179 1.01588
2.63841 1.02222
2.64503 0.970217
2.65165 0.793368
2.65827 0.643958
2.66489 0.959943
2.67151 1.14211
2.67813 0.802479
2.68475 1.24129
2.69137 1.02942
2.698 0.791253
2.70462 1.39136
2.71124 0.769754
2.71786 1.06792
2.72448 0.958071
2.7311 1.00357
2.73772 0.890704
2.74434 1.00617
2.75096 0.774521
2.75758 1.25669
2.7642 1.10819
2.77082 1.3775
2.77745 1.27676
2.78407 1.07804
2.79069 0.901175
2.79731 1.57295
2.80393 0.930387
2.81055 1.24973
2.81717 0.950594
2.82379 0.985841
2.83041 1.2912
2.83703 0.785825
2.84365 1.2573
2.85027 0.970711
2.8569 0.871471
2.86352 0.840766
2.87014 1.10304
2.87676 1.36461
2.88338 1.2057
2.89 1.01117
2.89662 1.25015
2.90324 1.02124
2.90986 1.0214
2.91648 0.928468
2.9231 1.56057
2.92972 1.10499
2.93635 0.933305
2.94297 1.09156
2.94959 1.00439
2.95621 1.22716
2.96283 0.733771
2.96945 1.39357
2.97607 1.11766
2.98269 1.08556
2.98931 1.04598
2.99593 0.899607
3.00255 1.29292
3.00918 0.882962
3.0158 0.950712
3.02242 1.39918
3.02904 0.903134
3.03566 0.817662
3.04228 0.801897
3.0489 1.03706
3.05552 1.04631
3.06214 0.860992
3.06876 0.801494
3.07538 0.930503
3.082 1.202
3.08863 1.00571
3.09525 0.949868
3.10187 1.00479
3.10849 0.864398
3.11511 1.16464
3.12173 0.783961
3.12835 1.05101
3.13497 0.926808
3.14159 0.909639
3.14821 0.896328
3.15483 1.70094
3.16145 1.15147
3.16808 0.954201
3.1747 0.884191
3.18132 1.08484
3.18794 1.13396
3.19456 1.00666
3.20118 1.28982
3.2078 1.20128
3.21442 1.0708
3.22104 0.937593
3.22766 0.904146
3.23428 0.630883
3.2409 1.2178
3.24753 1.02398
3.25415 0.82294
3.26077 0.864871
3.26739 0.817274
3.27401 1.09565
3.28063 0.830813
3.28725 0.651344
3.29387 0.548023
3.30049 1.01298
3.30711 0.893095
