0.0430724 0.301178
0.0563254 0.135682
0.0828315 0.303219
0.0894581 0.131189
0.115964 0.0876589
0.122591 0.110444
0.129217 0.0263045
0.149097 0.0159672
0.16235 0.253093
0.168976 0.102633
0.175603 0.037423
0.182229 0.0528982
0.208735 0.0968162
0.221989 0.0560018
0.235242 0.0308372
0.241868 0.0383617
0.248495 0.410497
0.255121 0.0482658
0.261748 0.0490497
0.268374 0.0240227
0.275001 0.0753927
0.288254 0.554228
0.29488 0.0739956
0.301507 0.0881085
0.31476 0.0249661
0.321386 0.06452
0.328013 0.498014
0.334639 0.147211
0.341266 0.0950438
0.354519 0.073193
0.367772 0.214527
0.374399 0.441741
0.381025 0.0933406
0.387652 0.164368
0.394278 0.0476299
0.407531 0.049641
0.414158 0.18766
0.420784 0.0855128
0.427411 0.0491085
0.434037 0.0390532
0.440664 0.105077
0.44729 0.0470567
0.453917 0.293813
0.460543 0.116436
0.46717 0.0136488
0.473796 0.0966098
0.480423 0.153985
0.487049 0.101332
0.500302 0.277985
0.506929 0.173345
0.513556 0.175256
0.520182 0.120442
0.526809 0.223414
0.533435 0.303659
0.540062 0.26129
0.546688 0.161175
0.553315 0.214545
0.559941 0.324951
0.566568 0.323336
0.573194 0.355642
0.579821 0.53812
0.586447 0.359618
0.593074 0.430011
0.5997 0.351537
0.606327 0.264862
0.612953 0.331858
0.61958 0.270831
0.626206 0.423996
0.632833 0.543153
0.646086 0.703625
0.652713 1.10423
0.665966 1.53273
0.672592 1.68253
0.679219 2.99834
0.685845 1.1119
0.692472 1.4634
0.705725 0.914551
0.712351 1.04824
0.725604 0.611128
0.732231 0.43285
0.738857 0.817987
0.745484 0.709171
0.75211 0.83499
0.758737 0.677164
0.765363 0.988399
0.77199 0.828101
0.778616 0.668354
0.785243 0.353634
0.791869 0.889834
0.798496 0.642045
0.805123 0.731905
0.811749 0.790807
0.818376 0.450319
0.825002 0.805291
0.831629 1.05913
0.838255 0.618828
0.844882 0.769824
0.851508 0.392973
0.864761 0.429873
0.871388 0.565592
0.878014 0.56497
0.884641 0.441227
0.891267 0.518063
0.897894 0.441285
0.90452 0.42214
0.911147 0.676282
0.917773 0.64459
0.9244 0.516667
0.931026 0.502812
0.937653 0.302775
0.94428 0.534908
0.950906 0.512489
0.957533 0.666167
0.964159 0.57051
0.970786 0.655401
0.977412 0.441195
0.984039 0.381879
0.990665 0.566016
0.997292 0.382316
1.00392 0.524568
1.01054 0.319093
1.01717 0.767209
1.0238 0.673458
1.03042 0.718409
1.03705 0.933533
1.04368 0.998979
1.0503 0.54028
1.05693 0.724762
1.06356 0.715253
1.07018 0.290984
1.07681 0.526619
1.08344 0.805169
1.09006 1.29956
1.09669 0.61947
1.10332 0.650754
1.10994 1.48649
1.11657 0.857067
1.1232 1.6369
1.12982 0.939381
1.13645 0.78773
1.14308 1.16747
1.1497 1.00612
1.15633 1.05972
1.16295 1.72104
1.16958 1.33608
1.17621 1.35841
1.18283 1.18289
1.18946 1.71843
1.19609 0.89229
1.20271 1.1926
1.20934 0.878311
1.21597 1.50973
1.22259 0.854051
1.22922 0.736608
1.23585 1.25631
1.24247 1.28179
1.2491 1.54876
1.25573 1.16471
1.26235 1.50868
1.26898 0.681807
1.27561 1.24495
1.28223 1.77077
1.28886 1.46974
1.29549 1.30471
1.30211 1.40644
1.30874 1.53001
1.31536 1.26976
1.32199 1.46445
1.32862 1.31463
1.33524 1.64372
1.34187 1.108
1.3485 1.03217
1.35512 1.44624
1.36175 0.878914
1.36838 1.4354
1.375 1.71999
1.38163 1.2008
1.38826 1.14057
1.39488 2.09171
1.40151 1.27376
1.40814 1.39942
1.41476 1.95106
1.42139 1.40421
1.42802 1.49546
1.43464 1.69918
1.44127 2.31499
1.4479 2.05329
1.45452 1.44651
1.46115 1.02355
1.46777 1.32939
1.4744 0.745509
1.48103 1.80291
1.48765 1.44386
1.49428 1.3957
1.50091 1.6449
1.50753 1.61657
1.51416 2.48759
1.52079 2.09521
1.52741 1.09944
1.53404 1.47493
1.54067 1.44566
1.54729 1.02884
1.55392 1.04644
1.56055 1.15897
1.56717 0.753413
1.5738 1.05788
1.58043 1.32647
1.58705 1.27078
1.59368 0.825853
1.60031 1.83092
1.60693 1.62132
1.61356 0.588589
1.62018 1.03182
1.62681 1.42264
1.63344 1.50486
1.64006 1.21762
1.64669 0.742733
1.65332 1.37758
1.65994 1.16395
1.66657 1.00667
1.6732 0.724323
1.67982 0.432294
1.68645 0.98399
1.69308 0.800309
1.6997 0.677992
1.70633 1.10943
1.71296 0.983137
1.71958 0.611132
1.72621 0.729197
1.73284 0.867073
1.73946 0.80159
1.74609 0.765947
1.75272 0.606481
1.75934 0.927371
1.76597 0.652358
1.77259 0.781149
1.77922 0.86699
1.78585 0.96681
1.79247 0.74576
1.7991 0.879697
1.80573 0.927171
1.81235 0.461836
1.81898 0.902394
1.82561 0.734706
1.83223 0.697365
1.83886 0.653525
1.84549 0.708579
1.85211 0.689342
1.85874 0.781136
1.86537 0.788283
1.87199 0.676729
1.87862 0.622116
1.88525 0.984423
1.89187 0.570785
1.8985 0.481692
1.90513 0.551094
1.91175 0.505791
1.91838 0.829584
1.925 0.723016
1.93163 0.64078
1.93826 0.909566
1.94488 0.714648
1.95151 0.838703
1.95814 0.844488
1.96476 0.714903
1.97139 1.14386
1.97802 1.02322
1.98464 0.64781
1.99127 0.633127
1.9979 0.953708
2.00452 0.66471
2.01115 0.940951
2.01778 1.28818
2.0244 1.04491
2.03103 0.708815
2.03766 0.743325
2.04428 0.82818
2.05091 1.10249
2.05754 0.969413
2.06416 0.8329
2.07079 0.69776
2.07741 0.977402
2.08404 1.05365
2.09067 0.892338
2.09729 0.909326
2.10392 0.573288
2.11055 1.20011
2.11717 1.10642
2.1238 0.65412
2.13043 0.838226
2.13705 0.962998
2.14368 0.602308
2.15031 1.14555
2.15693 0.80903
2.16356 0.716414
2.17019 0.79386
2.17681 0.847735
2.18344 0.89525
2.19007 1.49204
2.19669 1.11858
2.20332 0.898851
2.20995 1.21058
2.21657 0.803381
2.2232 0.832896
2.22982 1.51959
2.23645 0.585811
2.24308 0.958736
2.2497 0.98268
2.25633 0.959963
2.26296 1.23794
2.26958 0.891592
2.27621 0.917373
2.28284 0.777947
2.28946 0.93557
2.29609 0.887543
2.30272 1.03753
2.30934 0.920316
2.31597 1.09544
2.3226 1.28768
2.32922 1.07349
2.33585 0.735511
2.34248 0.779287
2.3491 0.935942
2.35573 0.787083
2.36236 0.809652
2.36898 1.14103
2.37561 0.845233
2.38223 1.16155
2.38886 1.00323
2.39549 1.14134
2.40211 0.863633
2.40874 1.178
2.41537 0.882515
2.42199 0.885965
2.42862 1.02903
2.43525 0.665611
2.44187 1.24479
2.4485 1.05351
2.45513 1.03626
2.46175 1.0821
2.46838 0.638101
2.47501 0.919626
2.48163 1.01322
2.48826 0.700987
2.49489 0.928049
2.50151 1.17382
2.50814 0.728386
2.51477 0.909733
2.52139 0.771191
2.52802 0.882282
2.53465 0.758504
2.54127 0.935168
2.5479 1.33658
2.55452 1.45129
2.56115 1.03315
2.56778 0.966081
2.5744 1.08218
2.58103 1.25762
2.58766 1.03372
2.59428 1.26305
2.60091 0.923129
2.60754 1.03902
2.61416 0.993575
2.62079 0.939428
2.62742 1.10816
2.63404 1.2077
2.64067 1.04954
2.6473 1.22935
2.65392 1.28459
2.66055 1.23413
2.66718 1.09744
2.6738 0.986522
2.68043 1.0521
2.68706 1.18504
2.69368 1.02135
2.70031 0.780505
2.70693 1.31366
2.71356 1.09317
2.72019 1.29737
2.72681 1.09557
2.73344 1.10591
2.74007 1.08822
2.74669 1.08995
2.75332 1.31084
2.75995 0.80527
2.76657 1.00621
2.7732 0.726392
2.77983 1.18284
2.78645 0.77545
2.79308 1.05133
2.79971 1.14656
2.80633 1.01137
2.81296 0.989728
2.81959 0.954934
2.82621 0.783614
2.83284 1.18379
2.83947 0.950052
2.84609 0.757173
2.85272 1.02786
2.85934 0.939196
2.86597 1.01294
2.8726 1.3016
2.87922 1.17538
2.88585 1.17594
2.89248 1.18098
2.8991 1.22636
2.90573 1.26082
2.91236 1.37417
2.91898 1.04433
2.92561 0.820698
2.93224 0.956619
2.93886 1.24528
2.94549 1.08588
2.95212 1.08475
2.95874 1.16571
2.96537 1.18159
2.972 1.08551
2.97862 1.2998
2.98525 0.966849
2.99188 1.22921
2.9985 1.10301
3.00513 1.02126
3.01175 1.33164
3.01838 1.12239
3.02501 1.02062
3.03163 0.849073
3.03826 0.686006
3.04489 0.821606
3.05151 1.13279
3.05814 1.02548
3.06477 0.843459
3.07139 1.09895
3.07802 1.11153
3.08465 0.967689
3.09127 1.21895
3.0979 1.06852
3.10453 1.01754
3.11115 1.20859
3.11778 0.93033
3.12441 0.908714
3.13103 1.06437
3.13766 0.66383
3.14429 1.08827
3.15091 0.972159
3.15754 0.951647
3.16416 0.658141
3.17079 1.10421
3.17742 0.889599
3.18404 1.09692
3.19067 1.29553
3.1973 0.785479
3.20392 0.952502
3.21055 0.879047
3.21718 0.862395
3.2238 1.03992
3.23043 0.895337
3.23706 1.07616
3.24368 1.13206
3.25031 1.23701
3.25694 0.904949
3.26356 1.45084
3.27019 1.37912
3.27682 1.08197
3.28344 1.1116
3.29007 0.923955
3.2967 0.688759
3.30332 0.998624
3.30995 1.11206
