0.0600444 0.0735973
0.0785196 0.131811
0.11547 0.12646
0.124708 0.0962642
0.161658 0.0630469
0.170896 0.06445
0.180133 0.0987141
0.207846 0.0330466
0.226321 0.126893
0.235559 0.119013
0.244797 0.404307
0.254034 0.0447841
0.290985 0.134171
0.30946 0.187753
0.327935 0.0839465
0.337173 0.137674
0.34641 0.0950943
0.355648 0.103012
0.364885 0.0592082
0.374123 0.0695955
0.383361 0.12923
0.401836 0.195419
0.411073 0.310084
0.420311 0.101025
0.438786 0.135139
0.448024 0.152558
0.457261 0.0288995
0.466499 0.379505
0.475737 0.245011
0.494212 0.481057
0.512687 0.440048
0.521925 0.54092
0.531162 0.479224
0.5404 0.380006
0.549637 0.246716
0.568113 0.285687
0.57735 0.447108
0.586588 0.261261
0.595825 0.684426
0.605063 0.285473
0.614301 0.493882
0.623538 0.363232
0.632776 2.45964
0.642013 1.17007
0.651251 0.326743
0.660489 0.780346
0.669726 0.617594
0.678964 0.611583
0.697439 0.983457
0.706677 0.482537
0.715914 0.335332
0.725152 0.670419
0.73439 0.751724
0.743627 0.931867
0.752865 0.49601
0.762102 1.01127
0.77134 1.22973
0.780578 0.425965
0.789815 1.19153
0.799053 0.895177
0.80829 1.20073
0.817528 0.62468
0.826766 0.746351
0.836003 1.32557
0.845241 2.21477
0.854478 1.22143
0.863716 1.33032
0.872954 0.49417
0.882191 0.780115
0.900666 0.772274
0.909904 0.76778
0.928379 0.883423
0.937617 1.0124
0.946854 0.574123
0.956092 1.2505
0.96533 1.5327
0.983805 1.00591
0.993042 0.921538
1.01152 0.934473
1.02076 1.26939
1.02999 1.3991
1.03923 1.11692
1.04847 1.93931
1.05771 0.827726
1.06694 0.910325
1.07618 1.46264
1.08542 0.807494
1.09466 1.1307
1.10389 1.0236
1.11313 1.06421
1.12237 0.894821
1.13161 0.538688
1.14084 1.53546
1.15008 1.34172
1.15932 0.972844
1.16856 0.729306
1.17779 1.08045
1.18703 0.72034
1.20551 1.33372
1.21474 0.569399
1.22398 0.517547
1.23322 1.22022
1.24246 0.833118
1.2517 1.11775
1.26093 0.781581
1.27017 0.877317
1.27941 0.810775
1.28865 0.785242
1.29788 0.780947
1.30712 1.18896
1.31636 0.954369
1.3256 0.910721
1.33483 0.952643
1.34407 0.579367
1.35331 1.00593
1.36255 0.649246
1.37178 0.896799
1.38102 0.922901
1.39026 0.820269
1.3995 0.706059
1.40873 0.92455
1.41797 0.687404
1.42721 0.568312
1.43645 0.390739
1.44569 0.903542
1.45492 0.525905
1.46416 1.05068
1.4734 0.79493
1.48264 0.54509
1.49187 0.906712
1.50111 1.35171
1.51035 0.52153
1.51959 0.760387
1.52882 0.746979
1.53806 0.518517
1.5473 1.10581
1.55654 1.02327
1.56577 0.87677
1.57501 0.752318
1.58425 1.76021
1.59349 1.23521
1.60272 1.19264
1.61196 1.00371
1.6212 0.868794
1.63044 0.942472
1.63967 1.19986
1.64891 0.317207
1.65815 1.16734
1.66739 0.691439
1.67663 0.978438
1.68586 0.894808
1.6951 0.838552
1.70434 0.723038
1.71358 0.961169
1.72281 0.629376
1.73205 0.812846
1.74129 0.759933
1.75053 0.417432
1.75976 1.30132
1.769 0.512215
1.77824 1.03085
1.78748 0.9392
1.79671 1.34666
1.80595 0.993448
1.81519 0.859861
1.82443 0.899877
1.83366 1.27703
1.8429 1.14812
1.85214 1.2655
1.86138 0.812078
1.87061 1.31626
1.87985 0.863618
1.88909 1.17102
1.89833 1.85342
1.90757 1.1903
1.9168 1.298
1.92604 1.46149
1.93528 0.777705
1.94452 0.984556
1.95375 1.6868
1.96299 1.45779
1.97223 1.27079
1.98147 2.89217
1.9907 1.21951
1.99994 0.962412
2.00918 1.15846
2.01842 1.63684
2.02765 1.99969
2.03689 1.06939
2.04613 0.926713
2.05537 2.23915
2.0646 1.11827
2.07384 1.01508
2.08308 1.65988
2.09232 1.21612
2.10155 1.04201
2.11079 0.888794
2.12003 1.05774
2.12927 1.23677
2.13851 0.843072
2.14774 1.30815
2.15698 1.68463
2.16622 1.3207
2.17546 1.24274
2.18469 1.24561
2.19393 1.03719
2.20317 1.01688
2.21241 1.37209
2.22164 1.44553
2.23088 0.953138
2.24012 0.965697
2.24936 1.08868
2.25859 0.897242
2.26783 1.13892
2.27707 1.6438
2.28631 0.531978
2.29554 0.809791
2.30478 0.892277
2.31402 0.938385
2.32326 1.21403
2.3325 0.767713
2.34173 1.0785
2.35097 0.848137
2.36021 1.17762
2.36945 0.678763
2.37868 1.06675
2.38792 0.867158
2.39716 0.477947
2.4064 0.465939
2.41563 1.01144
2.42487 0.942937
2.43411 1.10209
2.44335 0.775331
2.45258 1.14503
2.46182 1.43853
2.47106 0.953279
2.4803 0.738105
2.48953 0.731682
2.49877 1.47742
2.50801 1.15065
2.51725 1.04114
2.52648 0.789389
2.53572 0.686455
2.54496 1.09166
2.5542 0.939948
2.56344 0.760213
2.57267 0.769234
2.58191 0.864769
2.59115 1.21059
2.60039 0.594484
2.60962 0.753751
2.61886 0.948047
2.6281 0.797385
2.63734 0.822118
2.64657 0.760176
2.65581 0.990414
2.66505 1.16069
2.67429 1.018
2.68352 1.16394
2.69276 0.656057
2.702 0.724817
2.71124 0.715092
2.72047 0.678473
2.72971 1.16043
2.73895 1.23699
2.74819 1.12777
2.75742 1.25105
2.76666 0.873938
2.7759 0.928523
2.78514 0.972253
2.79438 0.635794
2.80361 1.15265
2.81285 0.840178
2.82209 1.15137
2.83133 1.04436
2.84056 1.18756
2.8498 0.749543
2.85904 0.804002
2.86828 1.20627
2.87751 0.673518
2.88675 0.701372
2.89599 1.06774
2.90523 1.30956
2.91446 0.924427
2.9237 1.03331
2.93294 0.738001
2.94218 1.37787
2.95141 0.886596
2.96065 0.95467
2.96989 0.641248
2.97913 1.12356
2.98836 0.797841
2.9976 1.04809
3.00684 0.809118
3.01608 0.990966
3.02532 1.11134
3.03455 0.997058
3.04379 0.940769
3.05303 0.805399
3.06227 1.01362
3.0715 0.929301
3.08074 1.11466
3.08998 0.535527
3.09922 0.919675
3.10845 0.846848
3.11769 1.03592
3.12693 0.911589
3.13617 0.701486
3.1454 1.11202
3.15464 0.872849
3.16388 0.953065
3.17312 0.805528
3.18235 1.14201
3.19159 1.18576
3.20083 1.01883
3.21007 1.16177
3.21931 0.92343
3.22854 1.18122
3.23778 0.931086
3.24702 1.075
3.25626 0.736696
3.26549 0.804151
3.27473 1.12726
3.28397 0.791147
3.29321 0.777518
3.30244 1.25342
3.31168 1.17338
3.32092 0.898915
3.33016 1.03309
3.33939 0.82464
3.34863 0.864884
3.35787 1.19521
3.36711 1.0281
3.37634 1.33065
3.38558 1.10464
3.39482 0.655545
3.40406 0.866278
3.41329 1.01111
3.42253 0.523449
3.43177 0.890175
3.44101 0.810768
3.45025 1.01634
3.45948 1.31707
3.46872 0.748422
3.47796 0.814448
3.4872 0.856062
3.49643 1.04245
3.50567 0.614208
3.51491 0.90741
3.52415 0.896102
3.53338 1.08139
3.54262 0.993957
3.55186 0.995133
3.5611 0.898708
3.57033 0.886293
3.57957 1.14387
3.58881 0.829596
3.59805 0.794497
3.60728 0.737256
3.61652 1.12239
3.62576 0.970808
3.635 0.654476
3.64423 1.0071
3.65347 1.25628
3.66271 0.620922
3.67195 1.39645
3.68119 1.47274
3.69042 0.95236
3.69966 0.982036
3.7089 0.740574
3.71814 0.747197
3.72737 0.95093
3.73661 0.674571
3.74585 1.05751
3.75509 0.847746
3.76432 0.861189
3.77356 1.12149
3.7828 1.12277
3.79204 1.0874
3.80127 1.13681
3.81051 0.931089
3.81975 1.31219
3.82899 0.916737
3.83822 1.51028
3.84746 0.8277
3.8567 1.0283
3.86594 1.04961
3.87518 0.808391
3.88441 1.39112
3.89365 0.978988
3.90289 1.1829
3.91213 1.19622
3.92136 1.07017
3.9306 1.11702
3.93984 1.16732
3.94908 1.25639
3.95831 0.76719
3.96755 0.931321
3.97679 1.51112
3.98603 1.41917
3.99526 1.11395
4.0045 1.54256
4.01374 1.17892
4.02298 1.30795
4.03221 0.942326
4.04145 1.0568
4.05069 1.23715
4.05993 0.892426
4.06916 0.964005
4.0784 1.00575
4.08764 0.995002
4.09688 1.12891
4.10612 1.03375
4.11535 1.21344
4.12459 1.14553
4.13383 0.849118
4.14307 0.708163
4.1523 0.977327
4.16154 1.10214
4.17078 0.965866
4.18002 1.2807
4.18925 0.934435
4.19849 1.16941
4.20773 1.015
4.21697 1.25828
4.2262 1.16745
4.23544 1.33053
4.24468 0.671356
4.25392 0.935472
4.26315 0.828996
4.27239 0.927371
4.28163 0.791216
4.29087 1.25709
4.3001 0.953688
4.30934 1.28131
4.31858 1.09594
4.32782 0.832003
4.33706 0.845656
4.34629 0.868664
4.35553 0.996945
4.36477 0.919427
4.37401 0.902717
4.38324 0.95832
4.39248 1.29055
4.40172 1.03912
4.41096 1.05332
4.42019 0.946262
4.42943 1.43482
4.43867 1.20006
4.44791 0.877133
4.45714 0.906675
4.46638 0.992573
4.47562 0.818803
4.48486 0.888407
4.49409 0.787448
4.50333 0.813116
4.51257 0.798905
4.52181 1.11738
4.53104 1.22835
4.54028 0.758438
4.54952 1.01928
4.55876 1.45844
4.568 0.980011
4.57723 0.966532
4.58647 0.939278
4.59571 1.01261
4.60495 0.936506
4.61418 0.958752
