0.104 0.000124709
0.136 0.00017172
0.2 0.000153485
0.216 0.000599904
0.28 0.00113676
0.296 0.000637046
0.312 0.0104298
0.36 0.00726637
0.392 0.0168545
0.408 0.00734921
0.424 0.00972436
0.44 0.00351604
0.504 0.0264134
0.536 0.00802855
0.568 0.0248151
0.584 0.0715218
0.6 0.0954816
0.616 0.0521477
0.632 0.139925
0.648 0.121451
0.664 0.207269
0.696 0.191101
0.712 0.112047
0.728 0.15893
0.76 0.213446
0.776 0.108901
0.792 0.0652424
0.808 0.385117
0.824 0.581408
0.856 0.995341
0.888 3.43159
0.904 2.55811
0.92 1.52098
0.936 1.74314
0.952 0.275506
0.984 0.737024
1 0.994275
1.016 1.29023
1.032 0.665976
1.048 0.496103
1.064 1.29965
1.08 1.27262
1.096 1.32392
1.112 1.63092
1.128 2.23766
1.144 2.96862
1.16 2.60311
1.176 2.96501
1.208 2.24722
1.224 2.20272
1.24 1.21655
1.256 0.988806
1.272 1.03501
1.288 2.31559
1.304 1.28211
1.32 0.255165
1.336 0.644985
1.352 0.689717
1.368 0.787104
1.384 0.405089
1.4 0.792658
1.416 0.397323
1.432 1.17078
1.448 1.00018
1.464 0.198693
1.48 0.599487
1.496 1.36626
1.512 0.407559
1.528 0.562484
1.56 0.35949
1.576 0.632998
1.608 0.492942
1.624 0.61655
1.64 1.42727
1.656 0.563033
1.672 0.622799
1.704 0.583289
1.72 1.27797
1.752 1.42472
1.768 0.602745
1.784 0.896622
1.8 0.890381
1.816 0.679421
1.832 0.817571
1.848 0.558316
1.864 0.883621
1.88 0.336673
1.896 0.804744
1.912 0.821488
1.928 0.696826
1.944 0.878634
1.96 1.19245
1.976 0.936967
1.992 1.65286
2.008 1.12089
2.024 1.28901
2.04 0.893753
2.056 0.825671
2.088 0.925676
2.104 0.658956
2.12 1.66162
2.136 1.38075
2.152 1.08959
2.168 0.398502
2.184 0.281181
2.2 1.96057
2.216 1.91856
2.232 0.930215
2.248 2.14126
2.264 0.722222
2.28 1.25161
2.296 1.31657
2.312 1.50649
2.328 0.941492
2.344 1.19091
2.36 0.883268
2.376 1.40055
2.392 1.07297
2.408 1.03651
2.424 1.24682
2.44 0.368772
2.456 0.960597
2.472 1.21815
2.488 1.55428
2.504 0.762724
2.52 0.505412
2.536 1.14195
2.552 1.04148
2.568 1.52346
2.584 0.842566
2.6 0.571583
2.616 0.755845
2.632 0.539865
2.648 0.489651
2.664 0.728249
2.68 0.638898
2.696 1.35395
2.712 0.931531
2.728 0.805162
2.744 0.835963
2.76 1.00368
2.776 0.822723
2.792 0.936413
2.808 0.744061
2.824 1.34166
2.84 0.929355
2.856 0.850628
2.872 0.40735
2.888 0.938095
2.904 0.85952
2.92 0.828439
2.936 0.804298
2.952 0.964458
2.968 0.908525
2.984 1.244
3 0.804258
3.016 0.849904
3.032 0.843403
3.048 0.912271
3.064 0.730292
3.08 1.18473
3.096 0.859878
3.112 0.948898
3.128 0.754364
3.144 1.34991
3.16 0.822075
3.176 1.14067
3.192 1.27638
3.208 1.08284
3.224 1.50141
3.24 1.61917
3.256 0.67524
3.272 0.949291
3.288 1.07237
3.304 1.25992
3.32 1.20363
3.336 1.24236
3.352 1.11163
3.368 1.49035
3.384 0.430186
3.4 0.970032
3.416 1.15904
3.432 1.19556
3.448 0.926913
3.464 0.597771
3.48 0.620727
3.496 1.09026
3.512 1.21223
3.528 1.23232
3.544 1.28411
3.56 1.39359
3.576 1.05495
3.592 0.783009
3.608 1.06529
3.624 0.891904
3.64 0.659279
3.656 1.53451
3.672 1.05972
3.688 0.805996
3.704 1.07411
3.72 0.890266
3.736 0.925271
3.752 0.847309
3.768 0.932125
3.784 0.92519
3.8 0.829019
3.816 1.10392
3.832 0.814757
3.848 1.19905
3.864 0.963162
3.88 0.681614
3.896 1.17548
3.912 1.25808
3.928 0.926224
3.944 1.04051
3.96 0.835117
3.976 0.981402
3.992 1.01415
4.008 0.804256
4.024 0.860137
4.04 0.808511
4.056 0.845859
4.072 0.890061
4.088 1.02901
4.104 0.736093
4.12 0.970184
4.136 1.00899
4.152 1.07923
4.168 1.00442
4.184 1.04334
4.2 1.02184
4.216 0.931678
4.232 0.96393
4.248 1.34217
4.264 0.797044
4.28 0.931353
4.296 1.10233
4.312 1.2172
4.328 0.540895
4.344 0.687699
4.36 0.728763
4.376 1.35502
4.392 1.44745
4.408 1.1413
4.424 1.51951
4.44 1.03063
4.456 0.593464
4.472 0.691376
4.488 1.33246
4.504 0.595401
4.52 1.1351
4.536 0.976905
4.552 0.651526
4.568 0.862073
4.584 0.923799
4.6 0.948648
4.616 1.09519
4.632 0.973538
4.648 1.4437
4.664 1.08075
4.68 1.07673
4.696 0.944665
4.712 0.899474
4.728 1.41721
4.744 0.75145
4.76 0.847241
4.776 1.05586
4.792 0.979323
4.808 0.961364
4.824 1.13164
4.84 0.946094
4.856 1.09242
4.872 1.05272
4.888 0.845248
4.904 1.48862
4.92 1.01167
4.936 1.04402
4.952 1.24334
4.968 0.849774
4.984 0.90571
5 0.79917
5.016 1.19211
5.032 0.793934
5.048 1.20308
5.064 0.77052
5.08 1.11108
5.096 1.07873
5.112 1.04884
5.128 0.894897
5.144 0.84886
5.16 1.13121
5.176 1.21614
5.192 0.92464
5.208 0.960587
5.224 0.940215
5.24 0.969217
5.256 0.702075
5.272 0.716405
5.288 1.04743
5.304 0.793899
5.32 0.879942
5.336 0.82394
5.352 0.772048
5.368 1.08629
5.384 1.02586
5.4 1.19449
5.416 0.907926
5.432 0.744546
5.448 1.11591
5.464 1.2219
5.48 1.13609
5.496 1.06302
5.512 1.00138
5.528 1.12315
5.544 0.919275
5.56 0.842159
5.576 0.819516
5.592 1.06869
5.608 0.927542
5.624 1.07848
5.64 0.952001
5.656 0.967867
5.672 0.786276
5.688 1.02116
5.704 1.00483
5.72 1.20612
5.736 1.11149
5.752 1.2791
5.768 0.776262
5.784 0.76693
5.8 0.896716
5.816 1.47302
5.832 1.00744
5.848 1.06148
5.864 1.33313
5.88 0.842814
5.896 1.0095
5.912 1.32645
5.928 0.771487
5.944 1.00359
5.96 1.0506
5.976 1.01986
5.992 0.957124
6.008 0.688851
6.024 1.49399
6.04 1.15222
6.056 1.05297
6.072 1.07235
6.088 1.02578
6.104 1.01742
6.12 1.19329
6.136 1.02668
6.152 0.916788
6.168 1.15656
6.184 0.86134
6.2 0.778425
6.216 0.923157
6.232 0.727913
6.248 1.06418
6.264 0.783821
6.28 0.883174
6.296 0.972112
6.312 0.732482
6.328 0.82787
6.344 0.633414
6.36 0.883671
6.376 1.19761
6.392 1.07503
6.408 0.959502
6.424 0.798366
6.44 0.640841
6.456 1.03959
6.472 0.581998
6.488 1.30602
6.504 1.20987
6.52 0.969559
6.536 1.03316
6.552 0.915058
6.568 1.08601
6.584 1.19866
6.6 0.916737
6.616 1.01727
6.632 1.50319
6.648 1.15515
6.664 0.913613
6.68 1.03925
6.696 1.254
6.712 1.05931
6.728 0.94645
6.744 1.06145
6.76 1.00105
6.776 0.851212
6.792 1.03753
6.808 0.947518
6.824 0.811602
6.84 1.08638
6.856 0.999443
6.872 1.38116
6.888 1.01888
6.904 1.1148
6.92 1.14859
6.936 0.831102
6.952 1.05829
6.968 0.997721
6.984 1.21388
7 0.796248
7.016 0.940531
7.032 1.10048
7.048 1.48372
7.064 0.921564
7.08 0.939597
7.096 0.92469
7.112 1.06763
7.128 1.00809
7.144 1.00339
7.16 1.04054
7.176 0.945034
7.192 0.97821
7.208 0.971237
7.224 1.09978
7.24 0.708897
7.256 0.654872
7.272 0.906745
7.288 0.875632
7.304 0.880055
7.32 1.13318
7.336 1.15305
7.352 1.1964
7.368 1.05963
7.384 1.05387
7.4 1.02208
7.416 1.03481
7.432 1.09468
7.448 1.16951
7.464 0.807796
7.48 1.03996
7.496 0.817842
7.512 0.832457
7.528 0.800292
7.544 0.877636
7.56 0.976914
7.576 1.12531
7.592 0.551618
7.608 1.08949
7.624 1.3529
7.64 1.17263
7.656 0.823798
7.672 1.01954
7.688 1.16311
7.704 0.834825
7.72 1.07221
7.736 0.90642
7.752 0.986242
7.768 0.910028
7.784 1.13728
7.8 1.29921
7.816 1.15922
7.832 1.03665
7.848 1.28922
7.864 0.796447
7.88 1.03425
7.896 0.653456
7.912 0.773522
7.928 0.858054
7.944 0.981249
7.96 1.00204
7.976 1.01011
7.992 1.32556
