0.0735391 0.0168077
0.0961665 0.171354
0.141421 0.0411629
0.152735 0.0744483
0.19799 0.057744
0.209304 0.0712544
0.220617 0.11651
0.254558 0.0344522
0.277186 0.0364703
0.2885 0.126291
0.299813 0.417901
0.311127 0.0410298
0.356382 0.143647
0.379009 0.139066
0.401637 0.21279
0.41295 0.0844072
0.424264 0.115909
0.435578 0.0829625
0.446891 0.0622731
0.458205 0.117073
0.469519 0.0738882
0.492146 0.436836
0.50346 0.161538
0.514774 0.0872244
0.537401 0.0820944
0.548715 0.164897
0.560029 0.0843498
0.571342 0.111782
0.582656 0.31588
0.605283 0.187766
0.627911 0.360785
0.639225 0.235709
0.650538 0.370766
0.661852 0.50905
0.673166 0.191401
0.695793 0.239971
0.707107 0.274017
0.71842 0.50166
0.729734 0.348509
0.741048 0.352836
0.752362 0.263714
0.763675 0.204471
0.774989 0.956299
0.786303 0.453001
0.797616 0.217588
0.80893 0.279288
0.820244 0.590497
0.831558 0.468513
0.854185 0.576243
0.865499 0.857461
0.876812 0.638419
0.888126 0.513785
0.89944 0.797013
0.910754 0.696679
0.922067 0.418797
0.933381 1.56599
0.944695 2.14285
0.956008 0.559397
0.967322 1.04023
0.978636 1.59212
0.989949 1.17435
1.00126 1.54869
1.01258 1.00981
1.02389 1.40329
1.0352 3.3635
1.04652 1.34564
1.05783 1.35116
1.06915 0.726782
1.08046 0.769331
1.10309 1.4843
1.1144 1.22637
1.13703 1.7185
1.14834 1.53028
1.15966 0.646643
1.17097 1.97362
1.18228 3.37137
1.20491 1.31771
1.21622 1.50275
1.23885 1.15343
1.25016 1.8516
1.26148 2.25495
1.27279 1.4812
1.28411 2.75442
1.29542 1.38187
1.30673 0.766215
1.31805 1.64207
1.32936 0.863325
1.34067 1.38311
1.35199 1.27484
1.3633 1.26851
1.37462 0.957737
1.38593 0.795712
1.39724 1.75207
1.40856 2.01223
1.41987 1.32781
1.43118 0.811839
1.4425 1.23093
1.45381 0.651346
1.47644 1.0264
1.48775 0.88087
1.49907 0.786929
1.51038 1.06214
1.52169 1.4678
1.53301 0.909225
1.54432 1.17513
1.55563 0.819009
1.56695 0.663076
1.57826 0.451879
1.58958 0.674685
1.60089 1.20202
1.6122 0.866464
1.62352 0.848752
1.63483 1.06728
1.64614 0.633816
1.65746 0.939906
1.66877 0.590406
1.68009 0.939338
1.6914 0.871966
1.70271 0.584777
1.71403 0.511095
1.72534 0.608802
1.73665 1.11684
1.74797 0.789
1.75928 0.6116
1.7706 0.817504
1.78191 0.510888
1.79322 1.08958
1.80454 0.590181
1.81585 0.577936
1.82716 1.37637
1.83848 1.25847
1.84979 0.501327
1.86111 0.900968
1.87242 0.516392
1.88373 0.431813
1.89505 0.69506
1.90636 0.825635
1.91767 0.580399
1.92899 0.624317
1.9403 1.64695
1.95161 0.888011
1.96293 0.832409
1.97424 0.925583
1.98556 0.917513
1.99687 0.922303
2.00818 1.07415
2.0195 0.427199
2.03081 1.50826
2.04212 0.586471
2.05344 0.883579
2.06475 0.870326
2.07607 0.808447
2.08738 0.802945
2.09869 0.915606
2.11001 1.22138
2.12132 0.60521
2.13263 0.673985
2.14395 0.744858
2.15526 0.968373
2.16658 0.588531
2.17789 0.736177
2.1892 1.03226
2.20052 1.6926
2.21183 0.909509
2.22314 0.91381
2.23446 0.684204
2.24577 1.443
2.25708 0.855936
2.2684 0.928463
2.27971 0.770821
2.29103 1.28643
2.30234 0.796132
2.31365 1.26204
2.32497 0.994811
2.33628 1.00299
2.34759 1.15026
2.35891 1.01441
2.37022 0.78879
2.38154 1.11507
2.39285 1.55919
2.40416 1.4231
2.41548 1.07694
2.42679 1.9661
2.4381 1.12901
2.44942 1.11708
2.46073 1.41332
2.47205 1.56745
2.48336 1.57938
2.49467 1.32781
2.50599 1.219
2.5173 3.09519
2.52861 0.995461
2.53993 1.32287
2.55124 1.4433
2.56255 1.18784
2.57387 0.851838
2.58518 0.519162
2.5965 1.16332
2.60781 1.60566
2.61912 0.917838
2.63044 1.37477
2.64175 1.47417
2.65306 1.21723
2.66438 1.50122
2.67569 1.16067
2.68701 0.894066
2.69832 0.779588
2.70963 0.821528
2.72095 1.12447
2.73226 1.013
2.74357 1.05562
2.75489 0.978218
2.7662 0.853866
2.77752 0.84799
2.78883 1.26772
2.80014 0.836443
2.81146 0.822418
2.82277 0.890371
2.83408 0.890327
2.8454 1.24293
2.85671 0.661826
2.86803 0.842134
2.87934 0.988299
2.89065 0.820418
2.90197 0.544784
2.91328 0.878303
2.92459 1.05477
2.93591 0.67827
2.94722 0.818942
2.95853 0.88983
2.96985 0.841152
2.98116 0.980356
2.99248 0.946523
3.00379 1.11466
3.0151 0.822276
3.02642 0.862227
3.03773 0.721818
3.04904 0.726924
3.06036 1.53849
3.07167 0.907355
3.08299 0.893393
3.0943 0.927588
3.10561 0.816662
3.11693 0.845704
3.12824 0.769957
3.13955 0.833261
3.15087 0.845237
3.16218 0.819085
3.1735 1.18702
3.18481 0.567205
3.19612 0.796866
3.20744 0.859138
3.21875 0.895225
3.23006 0.794684
3.24138 0.857016
3.25269 0.93253
3.264 1.15286
3.27532 0.858648
3.28663 1.19686
3.29795 0.851502
3.30926 0.766495
3.32057 0.729689
3.33189 0.546927
3.3432 1.08018
3.35451 1.26547
3.36583 1.08439
3.37714 1.21689
3.38846 0.922185
3.39977 1.02893
3.41108 1.08663
3.4224 0.753201
3.43371 1.09687
3.44502 0.814771
3.45634 0.814011
3.46765 1.12661
3.47897 1.15938
3.49028 0.920304
3.50159 0.959246
3.51291 1.69664
3.52422 0.83557
3.53553 0.70541
3.54685 0.981438
3.55816 1.05816
3.56948 0.636798
3.58079 1.38871
3.5921 1.04623
3.60342 1.21099
3.61473 1.36378
3.62604 0.902648
3.63736 0.971226
3.64867 1.10957
3.65998 0.952176
3.6713 1.10818
3.68261 1.07147
3.69393 0.933382
3.70524 0.934786
3.71655 1.03374
3.72787 1.09739
3.73918 1.05032
3.75049 1.20279
3.76181 1.02756
3.77312 1.62827
3.78444 0.80151
3.79575 0.862755
3.80706 0.753667
3.81838 1.11492
3.82969 1.12752
3.841 1.18651
3.85232 1.23044
3.86363 1.20777
3.87495 1.53471
3.88626 1.02559
3.89757 1.43489
3.90889 1.15624
3.9202 1.15711
3.93151 1.60988
3.94283 0.683582
3.95414 1.10173
3.96545 0.8945
3.97677 1.04766
3.98808 0.953111
3.9994 0.931769
4.01071 1.06429
4.02202 0.749511
4.03334 1.01591
4.04465 1.2091
4.05596 1.14046
4.06728 1.11636
4.07859 0.967221
4.08991 0.900275
4.10122 1.01202
4.11253 1.03365
4.12385 0.930836
4.13516 1.11122
4.14647 0.981778
4.15779 0.688462
4.1691 0.916838
4.18042 0.812462
4.19173 0.653425
4.20304 0.849935
4.21436 0.758108
4.22567 1.36085
4.23698 1.37295
4.2483 0.873754
4.25961 0.824166
4.27092 0.870294
4.28224 0.959922
4.29355 0.684145
4.30487 0.915887
4.31618 0.793978
4.32749 1.12212
4.33881 0.733646
4.35012 1.13549
4.36143 0.942852
4.37275 0.789408
4.38406 1.16537
4.39538 0.893133
4.40669 0.952366
4.418 0.953067
4.42932 1.15843
4.44063 0.939189
4.45194 0.537679
4.46326 1.0716
4.47457 1.00098
4.48589 0.701244
4.4972 1.15773
4.50851 1.19628
4.51983 0.767946
4.53114 1.02433
4.54245 0.719104
4.55377 0.740706
4.56508 0.939845
4.5764 0.778419
4.58771 1.09934
4.59902 0.808923
4.61034 0.88151
4.62165 0.9453
4.63296 1.08803
4.64428 1.05648
4.65559 1.11688
4.6669 1.10112
4.67822 0.876031
4.68953 0.812402
4.70085 1.14147
4.71216 0.755393
4.72347 0.91227
4.73479 0.871462
4.7461 0.792597
4.75741 1.28835
4.76873 1.07096
4.78004 0.980867
4.79136 0.967622
4.80267 1.05753
4.81398 1.10529
4.8253 0.99155
4.83661 1.33421
4.84792 0.667256
4.85924 0.793437
4.87055 1.37949
4.88187 1.5142
4.89318 0.978673
4.90449 1.26239
4.91581 1.28382
4.92712 1.14826
4.93843 0.972759
4.94975 0.917647
4.96106 0.993104
4.97237 1.02943
4.98369 1.14769
4.995 1.02405
5.00632 1.12213
5.01763 0.997249
5.02894 0.986881
5.04026 1.20657
5.05157 1.04944
5.06288 0.940306
5.0742 0.708149
5.08551 0.766022
5.09683 1.22085
5.10814 0.802717
5.11945 1.46582
5.13077 0.996752
5.14208 1.12902
5.15339 1.02523
5.16471 1.06279
5.17602 1.04731
5.18734 1.31204
5.19865 0.773772
5.20996 0.987673
5.22128 0.873719
5.23259 0.97723
5.2439 0.754429
5.25522 1.17279
5.26653 1.0852
5.27785 0.967575
5.28916 1.0937
5.30047 0.98176
5.31179 0.930838
5.3231 1.08587
5.33441 1.1204
5.34573 1.04677
5.35704 0.976715
5.36835 1.08099
5.37967 1.20304
5.39098 1.08729
5.4023 0.899575
5.41361 1.01554
5.42492 1.20751
5.43624 1.03803
5.44755 0.908242
5.45886 0.914068
5.47018 1.00761
5.48149 1.07403
5.49281 0.869469
5.50412 0.932638
5.51543 0.564569
5.52675 0.841919
5.53806 1.22446
5.54937 1.08102
5.56069 1.1923
5.572 0.898692
5.58332 0.964857
5.59463 0.99448
5.60594 1.16184
5.61726 0.628626
5.62857 1.01689
5.63988 0.945707
5.6512 0.883969
