0.126119 0.000152225
0.164924 0.00019991
0.242536 0.000310689
0.261938 0.00109238
0.33955 0.000982814
0.358953 0.0147741
0.378356 0.00485256
0.436564 0.00908526
0.47537 0.00160331
0.494773 0.00844148
0.514176 0.0079544
0.533578 0.0150068
0.61119 0.0615085
0.649995 0.037819
0.688801 0.0765023
0.708204 0.128946
0.727607 0.0280884
0.74701 0.0288343
0.766413 0.0391636
0.785815 0.0290381
0.805218 0.0880711
0.844024 0.193195
0.863427 1.13048
0.88283 2.69
0.921635 1.84459
0.941038 0.361462
0.960441 0.515899
0.979844 1.00238
0.999247 0.945541
1.03805 0.587456
1.07686 0.667045
1.09626 2.6157
1.11566 4.57144
1.13507 6.35528
1.15447 2.13268
1.19328 1.85786
1.21268 1.02148
1.23208 1.30455
1.25148 0.459643
1.27089 0.346854
1.29029 0.62574
1.30969 0.311356
1.3291 0.78984
1.3485 0.915519
1.3679 0.325326
1.3873 0.853348
1.40671 1.01476
1.42611 0.325455
1.46492 0.787056
1.48432 0.434264
1.50372 1.05134
1.52312 0.42169
1.54253 0.343162
1.56193 0.319667
1.58133 0.385336
1.60074 0.247186
1.62014 0.67315
1.63954 0.803641
1.65894 0.984305
1.67835 0.127958
1.69775 0.903252
1.71715 0.772849
1.73656 0.966091
1.75596 0.293557
1.77536 0.456394
1.79476 0.729024
1.81417 0.771371
1.83357 0.35169
1.85297 1.3298
1.89178 0.669198
1.91118 0.85551
1.94999 1.479
1.96939 2.2806
1.98879 1.27506
2.00819 1.12484
2.0276 1.93018
2.0664 1.00002
2.08581 1.12783
2.12461 1.00508
2.14401 0.357729
2.16342 1.43292
2.18282 1.37765
2.20222 2.4032
2.22163 1.13192
2.24103 0.666728
2.26043 1.01994
2.27983 1.87299
2.29924 0.852104
2.31864 0.996244
2.33804 0.686782
2.35745 0.893679
2.37685 1.8094
2.39625 1.47266
2.41565 0.678226
2.43506 1.00803
2.45446 1.2785
2.47386 0.489318
2.49327 1.18872
2.53207 1.38488
2.55147 0.72854
2.57088 0.599444
2.59028 1.08258
2.60968 0.783669
2.62909 1.40659
2.64849 0.741631
2.66789 0.748091
2.68729 1.16603
2.7067 1.21415
2.7261 0.635581
2.7455 1.01179
2.76491 0.498831
2.78431 1.2246
2.80371 0.885105
2.82311 0.972864
2.84252 1.06493
2.86192 1.18945
2.88132 0.762048
2.90073 1.09676
2.92013 0.858711
2.93953 0.933856
2.95893 1.07465
2.97834 0.755812
2.99774 0.870952
3.01714 1.68589
3.03655 1.03554
3.05595 0.526245
3.07535 0.69274
3.09475 0.979391
3.11416 0.973264
3.13356 0.983106
3.15296 0.783963
3.17237 0.811909
3.19177 1.25585
3.21117 1.18637
3.23057 1.02133
3.24998 1.17662
3.26938 1.06136
3.28878 1.64875
3.30819 1.04966
3.32759 1.07275
3.34699 2.04478
3.36639 1.42451
3.3858 0.883093
3.4052 0.952951
3.4246 1.08696
3.44401 0.971513
3.46341 1.61105
3.48281 0.964731
3.50221 0.682868
3.52162 0.563597
3.54102 1.22262
3.56042 1.04459
3.57983 0.767272
3.59923 0.736494
3.61863 1.39835
3.63803 0.989918
3.65744 1.05708
3.67684 1.36488
3.69624 1.07191
3.71565 0.774763
3.73505 0.623011
3.75445 1.05527
3.77385 0.892047
3.79326 0.643365
3.81266 1.0815
3.83206 0.86765
3.85147 0.848608
3.87087 0.726483
3.89027 0.880223
3.90967 0.855954
3.92908 1.31275
3.94848 0.953685
3.96788 0.812958
3.98729 0.983771
4.00669 0.767221
4.02609 1.21191
4.04549 1.04606
4.0649 1.1002
4.0843 1.18795
4.1037 1.02654
4.12311 1.08978
4.14251 1.05761
4.16191 2.23011
4.18131 0.501407
4.20072 0.750248
4.22012 0.751599
4.23952 0.794411
4.25893 0.822413
4.27833 1.13672
4.29773 1.20429
4.31713 0.735849
4.33654 1.87431
4.35594 0.836714
4.37534 0.936451
4.39475 0.989574
4.41415 0.963708
4.43355 1.00311
4.45295 1.01795
4.47236 1.19214
4.49176 0.998473
4.51116 0.84972
4.53057 1.1445
4.54997 1.16155
4.56937 0.896672
4.58877 0.914596
4.60818 1.20178
4.62758 1.11513
4.64698 1.13112
4.66639 0.568836
4.68579 1.52895
4.70519 1.42447
4.72459 0.766729
4.744 1.16839
4.7634 0.774076
4.7828 1.19708
4.80221 1.22279
4.82161 0.657896
4.84101 1.11968
4.86041 0.859464
4.87982 1.11613
4.89922 0.934578
4.91862 0.870213
4.93803 0.576369
4.95743 0.812561
4.97683 0.792615
4.99623 1.02831
5.01564 0.735287
5.03504 0.638456
5.05444 0.801001
5.07385 1.29783
5.09325 1.28294
5.11265 1.11743
5.13205 1.19181
5.15146 0.90325
5.17086 0.522502
5.19026 0.888837
5.20967 1.17141
5.22907 1.11566
5.24847 1.08921
5.26787 0.746641
5.28728 1.27474
5.30668 0.775516
5.32608 0.956165
5.34549 0.970611
5.36489 1.25961
5.38429 1.11999
5.40369 0.896991
5.4231 1.13925
5.4425 0.79222
5.4619 0.918617
5.48131 0.997523
5.50071 1.04707
5.52011 0.725292
5.53951 0.980612
5.55892 1.15422
5.57832 0.868725
5.59772 0.890654
5.61713 1.08225
5.63653 1.05808
5.65593 1.07588
5.67533 1.15736
5.69474 1.0634
5.71414 1.10276
5.73354 0.789236
5.75295 1.16416
5.77235 0.577902
5.79175 0.505824
5.81115 1.16722
5.83056 0.798413
5.84996 1.14187
5.86936 1.35608
5.88876 0.987807
5.90817 1.13664
5.92757 1.14934
5.94697 0.932203
5.96638 1.09658
5.98578 1.18676
6.00518 1.15065
6.02458 0.655357
6.04399 0.869325
6.06339 1.10501
6.08279 0.759699
6.1022 0.852782
6.1216 1.02715
6.141 1.11967
6.1604 0.714082
6.17981 1.00898
6.19921 1.27497
6.21861 0.781351
6.23802 1.37221
6.25742 0.945814
6.27682 1.43622
6.29622 1.25838
6.31563 1.00992
6.33503 0.660114
6.35443 0.886862
6.37384 0.729911
6.39324 1.61487
6.41264 0.881245
6.43204 1.37013
6.45145 0.740662
6.47085 1.20517
6.49025 1.12955
6.50966 0.841072
6.52906 0.803901
6.54846 1.42491
6.56786 0.92804
6.58727 0.702481
6.60667 0.81502
6.62607 1.02501
6.64548 0.533554
6.66488 1.44132
6.68428 1.02044
6.70368 0.930234
6.72309 0.977062
6.74249 1.0094
6.76189 1.13305
6.7813 0.848914
6.8007 0.887298
6.8201 1.32504
6.8395 0.845867
6.85891 0.955192
6.87831 0.640533
6.89771 1.11763
6.91712 0.83603
6.93652 0.87212
6.95592 1.04665
6.97532 1.16524
6.99473 1.21488
7.01413 1.12628
7.03353 0.877337
7.05294 0.986281
7.07234 1.0931
7.09174 0.927976
7.11114 1.03514
7.13055 1.14895
7.14995 1.65859
7.16935 1.02512
7.18876 1.16571
7.20816 1.03564
7.22756 0.955885
7.24696 0.864318
7.26637 0.97904
7.28577 1.03039
7.30517 1.30116
7.32458 0.74294
7.34398 0.980031
7.36338 0.77736
7.38278 0.952964
7.40219 0.76878
7.42159 0.841307
7.44099 1.15596
7.4604 0.681864
7.4798 0.762395
7.4992 1.30418
7.5186 1.34798
7.53801 0.991239
7.55741 0.950744
7.57681 0.661156
7.59622 0.915896
7.61562 0.953307
7.63502 0.898936
7.65442 0.937964
7.67383 0.944765
7.69323 0.894133
7.71263 0.838584
7.73204 0.899539
7.75144 1.27301
7.77084 1.19303
7.79024 0.780147
7.80965 1.03481
7.82905 1.35541
7.84845 0.515498
7.86786 1.15425
7.88726 1.14419
7.90666 1.02868
7.92606 0.930934
7.94547 0.883777
7.96487 0.431807
7.98427 0.81912
8.00368 1.1529
8.02308 1.00633
8.04248 0.840689
8.06188 0.905539
8.08129 1.04928
8.10069 1.01489
8.12009 0.643903
8.1395 1.25923
8.1589 1.4399
8.1783 0.804064
8.1977 1.17447
8.21711 1.02665
8.23651 1.45922
8.25591 0.984886
8.27532 0.874234
8.29472 0.928676
8.31412 0.941793
8.33352 1.12648
8.35293 0.900556
8.37233 1.12271
8.39173 1.0102
8.41114 0.900506
8.43054 0.975875
8.44994 0.901022
8.46934 1.23168
8.48875 0.756879
8.50815 1.00226
8.52755 0.859918
8.54696 1.28341
8.56636 1.093
8.58576 0.884598
8.60516 0.979695
8.62457 0.824898
8.64397 0.968832
8.66337 1.40319
8.68278 0.820518
8.70218 0.818201
8.72158 1.03541
8.74098 0.956843
8.76039 0.886597
8.77979 1.16193
8.79919 0.493938
8.8186 1.04561
8.838 0.943568
8.8574 1.15781
8.8768 0.990011
8.89621 0.957193
8.91561 0.976275
8.93501 0.980146
8.95442 1.08209
8.97382 1.15924
8.99322 0.914214
9.01262 1.05468
9.03203 0.9272
9.05143 0.878419
9.07083 1.50937
9.09024 0.946251
9.10964 0.88252
9.12904 0.998182
9.14844 0.871161
9.16785 1.01119
9.18725 0.99088
9.20665 0.88587
9.22606 1.01278
9.24546 1.34011
9.26486 1.03183
9.28426 1.24976
9.30367 1.07576
9.32307 0.946713
9.34247 1.06562
9.36188 0.952355
9.38128 1.07099
9.40068 1.10971
9.42008 1.41899
9.43949 1.0585
9.45889 1.05722
9.47829 0.823106
9.4977 0.969094
9.5171 1.40833
9.5365 0.789058
9.5559 0.765951
9.57531 1.24192
9.59471 0.861212
9.61411 0.979056
9.63352 1.06898
9.65292 0.664037
9.67232 1.41863
9.69172 1.03541
