0.104 0.00266663
0.136 0.000653478
0.2 0.000672765
0.216 0.00518456
0.28 0.00806688
0.296 0.00902239
0.312 0.0256181
0.36 0.0193339
0.392 0.0245962
0.408 0.0335642
0.424 0.0161515
0.44 0.103705
0.504 0.0362119
0.536 0.0545352
0.568 0.0804142
0.584 0.154499
0.6 0.154166
0.616 0.0571156
0.632 0.117907
0.648 0.192457
0.664 0.274344
0.696 0.577156
0.712 0.257127
0.728 0.278074
0.76 0.222255
0.776 0.492573
0.792 0.406913
0.808 0.663835
0.824 0.612638
0.856 1.22091
0.888 1.2266
0.904 2.4184
0.92 1.65251
0.936 0.375817
0.952 0.348563
0.984 0.87752
1 0.766257
1.016 1.6777
1.032 1.09894
1.048 1.92248
1.064 0.568615
1.08 2.15214
1.096 2.20189
1.112 1.29855
1.128 2.35488
1.144 0.946342
1.16 3.07743
1.176 1.22625
1.208 2.32071
1.224 1.85197
1.24 3.10403
1.256 1.0985
1.272 1.47528
1.288 1.56076
1.304 1.00548
1.32 1.5363
1.336 0.702157
1.352 0.68527
1.368 0.75761
1.384 0.756241
1.4 0.805716
1.416 0.770753
1.432 0.324463
1.448 0.887138
1.464 0.922845
1.48 0.766257
1.496 0.928709
1.512 0.801223
1.528 0.520875
1.56 0.402363
1.576 0.805425
1.608 0.391589
1.624 0.674311
1.64 0.342383
1.656 0.553133
1.672 0.710023
1.704 1.04733
1.72 0.614946
1.752 1.08915
1.768 0.696987
1.784 1.19622
1.8 0.826118
1.816 1.07815
1.832 0.543459
1.848 0.859753
1.864 1.08649
1.88 0.629389
1.896 1.38377
1.912 0.509136
1.928 1.75532
1.944 1.34376
1.96 2.0786
1.976 1.49948
1.992 0.788067
2.008 0.850902
2.024 1.0338
2.04 0.791994
2.056 1.06029
2.088 1.74235
2.104 1.10773
2.12 1.05967
2.136 1.06791
2.152 0.743456
2.168 0.297773
2.184 1.52688
2.2 1.37905
2.216 1.51535
2.232 2.28227
2.248 1.0376
2.264 0.869807
2.28 0.885272
2.296 0.608396
2.312 1.33602
2.328 0.790125
2.344 0.789158
2.36 1.30173
2.376 1.13046
2.392 0.645827
2.408 0.788933
2.424 0.706904
2.44 1.56164
2.456 1.00525
2.472 0.898054
2.488 1.02576
2.504 0.766737
2.52 0.860065
2.536 0.846607
2.552 0.603835
2.568 1.01949
2.584 0.748831
2.6 0.812903
2.616 0.389619
2.632 0.455303
2.648 0.73986
2.664 0.630811
2.68 0.814286
2.696 0.931157
2.712 1.48862
2.728 0.900434
2.744 1.10774
2.76 1.14042
2.776 0.768853
2.792 0.579158
2.808 1.41364
2.824 1.30296
2.84 0.939573
2.856 1.3049
2.872 0.812819
2.888 1.41401
2.904 1.07316
2.92 0.966822
2.936 0.930477
2.952 0.62117
2.968 1.03489
2.984 0.75819
3 1.25124
3.016 1.19624
3.032 0.671287
3.048 1.27701
3.064 1.15088
3.08 0.635618
3.096 1.06527
3.112 1.20554
3.128 1.2559
3.144 1.71107
3.16 1.18118
3.176 1.04027
3.192 0.840109
3.208 0.703542
3.224 1.36869
3.24 0.494148
3.256 0.499754
3.272 1.26213
3.288 0.958691
3.304 1.07061
3.32 0.856712
3.336 0.820364
3.352 1.74712
3.368 0.738474
3.384 1.32712
3.4 0.94111
3.416 0.765691
3.432 0.78029
3.448 0.718661
3.464 0.811637
3.48 1.34258
3.496 1.04927
3.512 1.08242
3.528 0.748557
3.544 0.976598
3.56 0.789571
3.576 1.06992
3.592 0.595047
3.608 1.01635
3.624 1.50855
3.64 0.970785
3.656 0.61412
3.672 0.94526
3.688 0.529
3.704 0.907446
3.72 1.36595
3.736 1.153
3.752 0.802363
3.768 1.08307
3.784 1.69542
3.8 0.831945
3.816 0.798898
3.832 0.77965
3.848 0.753074
3.864 1.01008
3.88 0.900557
3.896 1.37972
3.912 0.837153
3.928 1.02507
3.944 1.18458
3.96 0.958061
3.976 0.879245
3.992 1.04929
4.008 0.667859
4.024 0.933013
4.04 1.33871
4.056 1.43553
4.072 0.883925
4.088 1.43818
4.104 1.14142
4.12 1.09273
4.136 1.138
4.152 0.814639
4.168 1.27341
4.184 0.875064
4.2 1.14372
4.216 0.725229
4.232 1.3762
4.248 1.06307
4.264 0.493729
4.28 0.962215
4.296 1.03501
4.312 1.02386
4.328 1.01662
4.344 0.875928
4.36 1.43299
4.376 0.761526
4.392 0.666097
4.408 1.02802
4.424 0.941456
4.44 0.912908
4.456 0.834911
4.472 0.914991
4.488 0.550405
4.504 0.980435
4.52 0.813541
4.536 0.974516
4.552 1.06855
4.568 0.815892
4.584 1.24437
4.6 0.772751
4.616 1.09691
4.632 0.961962
4.648 1.18441
4.664 0.908293
4.68 0.878152
4.696 0.96751
4.712 1.20714
4.728 0.678417
4.744 1.14672
4.76 0.942235
4.776 1.61666
4.792 0.834583
4.808 1.06884
4.824 1.0796
4.84 1.17462
4.856 0.983122
4.872 1.26722
4.888 1.0999
4.904 0.986851
4.92 0.790366
4.936 1.00125
4.952 0.60253
4.968 1.14633
4.984 1.41167
5 0.958964
5.016 1.0268
5.032 1.46234
5.048 0.71736
5.064 1.14117
5.08 0.993664
5.096 0.859944
5.112 1.46213
5.128 1.04237
5.144 0.860207
5.16 1.09819
5.176 1.24989
5.192 1.1774
5.208 1.00243
5.224 0.853706
5.24 0.981037
5.256 1.30184
5.272 1.11469
5.288 1.07921
5.304 1.12134
5.32 0.904725
5.336 0.615312
5.352 0.981461
5.368 0.687236
5.384 0.687729
5.4 0.934161
5.416 0.893691
5.432 0.843463
5.448 0.847169
5.464 0.858342
5.48 1.01814
5.496 0.772764
5.512 1.05473
5.528 0.678337
5.544 1.0525
5.56 1.27164
5.576 0.953223
5.592 0.709511
5.608 0.825023
5.624 0.722457
5.64 0.998703
5.656 1.23557
5.672 1.00646
5.688 1.02868
5.704 1.40944
5.72 1.13632
5.736 0.897893
5.752 0.691733
5.768 1.20181
5.784 0.903593
5.8 0.859559
5.816 1.00932
5.832 1.47937
5.848 1.23019
5.864 1.01154
5.88 0.700095
5.896 1.08188
5.912 1.21543
5.928 0.955861
5.944 0.972304
5.96 1.03928
5.976 1.55192
5.992 0.888393
6.008 1.00515
6.024 0.965253
6.04 0.801356
6.056 1.51437
6.072 1.6957
6.088 1.33067
6.104 0.959439
6.12 1.30355
6.136 0.903326
6.152 0.893918
6.168 0.868068
6.184 0.819505
6.2 0.932676
6.216 1.05228
6.232 0.944431
6.248 0.955105
6.264 1.27985
6.28 0.709706
6.296 0.795538
6.312 0.950879
6.328 1.14918
6.344 1.43435
6.36 0.839112
6.376 1.1581
6.392 0.680527
6.408 0.871918
6.424 0.912786
6.44 1.05738
6.456 1.10544
6.472 0.95287
6.488 0.711009
6.504 0.799629
6.52 0.961833
6.536 0.840616
6.552 0.717893
6.568 1.09185
6.584 1.38097
6.6 0.716689
6.616 1.09005
6.632 1.25662
6.648 1.35737
6.664 0.711046
6.68 1.12955
6.696 1.00816
6.712 0.946634
6.728 1.1326
6.744 0.919205
6.76 1.10562
6.776 0.779771
6.792 1.06455
6.808 0.895387
6.824 1.04444
6.84 0.960892
6.856 0.92309
6.872 1.29646
6.888 1.19087
6.904 1.12187
6.92 1.03052
6.936 0.993593
6.952 0.835879
6.968 1.08682
6.984 0.782986
7 1.04067
7.016 0.950904
7.032 1.07205
7.048 1.2676
7.064 1.16664
7.08 1.03152
7.096 0.821686
7.112 0.864288
7.128 0.684295
7.144 0.991075
7.16 0.863378
7.176 0.991374
7.192 1.29168
7.208 0.976656
7.224 1.14287
7.24 0.970218
7.256 0.994819
7.272 1.17398
7.288 0.804409
7.304 1.0054
7.32 1.05708
7.336 0.996262
7.352 1.16341
7.368 0.751007
7.384 1.0048
7.4 1.41025
7.416 0.53946
7.432 0.924353
7.448 1.21347
7.464 1.15118
7.48 1.20999
7.496 0.990906
7.512 0.966495
7.528 1.22634
7.544 0.713721
7.56 0.84696
7.576 0.914227
7.592 1.00378
7.608 0.660611
7.624 0.784966
7.64 0.94516
7.656 0.965782
7.672 0.764416
7.688 1.1494
7.704 0.73117
7.72 0.930463
7.736 0.952275
7.752 0.955581
7.768 0.94668
7.784 0.962413
7.8 0.903495
7.816 1.33775
7.832 0.874168
7.848 0.952188
7.864 1.04769
7.88 0.990958
7.896 0.724818
7.912 0.940878
7.928 0.938155
7.944 1.58807
7.96 0.701947
7.976 0.975847
7.992 1.18399
