0.0137950633333 0.495902
0.0949918666667 0.0186707766667
0.0454326333333 0.800279333333
0.275249 0.318205333333
0.557724333333 0.966647666667
0.965088 0.286889333333
0.989808666667 0.231787333333
0.89749 0.03294262
0.0344989333333 0.419833666667
0.165732666667 0.0492400333333
0.136074933333 0.0341451
0.0528586333333 0.0294084433333
0.0939417 0.0448827666667
0.0887353 0.0747010666667
0.525851333333 0.957105666667
0.327930666667 0.474501666667
0.419609 0.459687333333
0.463937333333 0.472588333333
0.460685333333 0.504146
0.155679 0.0815440666667
0.120814866667 0.0962674333333
0.313132 0.385007666667
0.315813 0.421703
0.342449 0.434005333333
0.993045 0.759085333333
0.716782666667 0.982822666667
0.621995 0.981220666667
0.868764666667 0.586064666667
0.896160333333 0.562173666667
0.808940666667 0.536925
0.692314333333 0.4491
0.640249333333 0.457993333333
0.634926666667 0.487117666667
0.943611666667 0.263289333333
0.911647 0.261798333333
0.932526666667 0.0480563533333
0.842214666667 0.246102333333
0.0987104666667 0.691826
0.0689765666667 0.728559333333
0.0736978333333 0.701168666667
0.03522003 0.677286666667
0.0197706633333 0.726008333333
0.036372 0.758125
0.100342733333 0.431434
0.142871 0.486199
0.220414333333 0.298806666667
0.249284 0.288814666667
0.0482422333333 0.379992666667
0.0789019333333 0.398965
0.00771539666667 0.288628443333
0.00992443 0.404968
0.715897 0.681511666667
0.749506 0.662676
0.623761333333 0.703681333333
0.651316666667 0.695916333333
0.599056333333 0.682108333333
0.490255 0.452526
0.539027333333 0.464277333333
0.542302333333 0.375539333333
0.422824333333 0.511412333333
0.398930333333 0.484725666667
0.352073666667 0.493982
0.454905933333 0.00664545
0.690615666667 0.00738191333333
0.572629333333 0.00922354
0.512890666667 0.0155612333333
0.114029533333 0.127591666667
0.390296333333 0.391937333333
0.374031333333 0.420332
0.421067666667 0.407492
0.404802666667 0.435886666667
0.308776666667 0.308662333333
0.222227 0.185499
0.152438 0.145020666667
0.973361666667 0.671428666667
0.988401 0.708141666667
0.824606666667 0.968012333333
0.776057333333 0.952688
0.727784333333 0.958146666667
0.681546 0.971869
0.598921666667 0.939839666667
0.637153 0.948425333333
0.656016 0.924128
0.964471333333 0.619465333333
0.933822 0.617994666667
0.927517333333 0.575951666667
0.980655333333 0.566954
0.958012333333 0.54542
0.776487333333 0.280555666667
0.714005 0.239002
0.564409333333 0.303486
0.546897333333 0.333172666667
0.668247666667 0.390493333333
0.669849333333 0.355321666667
0.609051666667 0.443889666667
0.565276 0.443626
0.560085 0.401284
0.952345 0.327089666667
0.787305666667 0.470444
0.748193333333 0.485339666667
0.708492333333 0.472832333333
0.673992666667 0.494985333333
0.68669 0.529105333333
0.755841333333 0.302122666667
0.703996333333 0.344059
0.714151 0.306122666667
0.807364666667 0.231795
0.772056666667 0.245799
0.74548 0.230974
0.213255 0.336190666667
0.284119 0.450054
0.292611333333 0.482427
0.0167158633333 0.569304
0.123099066667 0.575908666667
0.0973451 0.558372333333
0.0630828666667 0.572412
0.0504370633333 0.639637333333
0.0369623633333 0.608355
0.135135333333 0.702496
0.0506240333333 0.468020333333
0.0858081333333 0.460648333333
0.0377680666667 0.517532333333
0.0570902 0.541018
0.0913524333333 0.526978333333
0.1072144 0.496120666667
0.0449209333333 0.341305333333
0.069685 0.316846333333
0.1016772 0.380470333333
0.176655 0.353258
0.0822693333333 0.254987666667
0.0616697666667 0.277964333333
0.0224508666667 0.266816333333
0.0369057 0.302423333333
0.0508451666667 0.0860357333333
0.0283655666667 0.0493648433333
0.0136264 0.0991395433333
0.159136333333 0.566977666667
0.183146666667 0.602141
0.215076666667 0.596848333333
0.0896602 0.760214333333
0.0720708666667 0.795758333333
0.095578 0.841746333333
0.128199666667 0.830792333333
0.764828 0.632811666667
0.759922333333 0.581050666667
0.74165 0.608879333333
0.805452333333 0.622628666667
0.811959 0.568361
0.834311 0.586006666667
0.702149 0.615795666667
0.664324 0.659725
0.691718 0.658563666667
0.615467333333 0.747490333333
0.638707666667 0.778627
0.669610666667 0.770094666667
0.673925666667 0.731193
0.748936333333 0.767646
0.741500666667 0.7295
0.711112 0.717949666667
0.523701666667 0.780549333333
0.583735333333 0.773359333333
0.553243333333 0.760502333333
0.311559 0.770219333333
0.269172 0.764168666667
0.487761 0.417333
0.513409333333 0.388709
0.448995333333 0.398186333333
0.655417666667 0.01463492
0.783036 0.0941148666667
0.2441706 0.00869159666667
0.0792977666667 0.145833666667
0.0481929666667 0.1258441
0.0259230333333 0.155108433333
0.0325384666667 0.206445666667
0.430358666667 0.327998333333
0.512483666667 0.324411333333
0.501010666667 0.288731
0.458163 0.358834333333
0.494692333333 0.353734
0.425346333333 0.265569
0.452637666667 0.249521666667
0.443704 0.297963
0.470995333333 0.281915666667
0.342076666667 0.361374
0.338748666667 0.327808
0.378698333333 0.368987666667
0.396353666667 0.336285333333
0.373135333333 0.310688333333
0.399401333333 0.254521
0.374492 0.277146333333
0.139673666667 0.170151
0.0910822333333 0.17202
0.0895603 0.225964333333
0.0665928666667 0.203367666667
0.913932 0.827817666667
0.980155333333 0.826707
0.90762 0.640527
0.901062666667 0.669899333333
0.873919666667 0.622375
0.879406666667 0.840088333333
0.863913 0.868283333333
0.858503 0.812237
0.823608 0.811248333333
0.780389666667 0.772443
0.807028333333 0.785131
0.787318 0.918168
0.814356 0.905882
0.823753 0.873739
0.804351666667 0.844555333333
0.943683 0.958836666667
0.977562666667 0.928204333333
0.867931666667 0.952568333333
0.846420333333 0.924958
0.875607333333 0.896428333333
0.910607666667 0.947535333333
0.644110333333 0.862989333333
0.630542666667 0.892709333333
0.595227666667 0.904241333333
0.590961 0.296166666667
0.643959 0.320488
0.614278333333 0.329182333333
0.602426333333 0.246929333333
0.638312666667 0.235226333333
0.688171 0.287621
0.693955666667 0.256892333333
0.652126 0.290723666667
0.657910666667 0.259995
0.608909333333 0.368584333333
0.585862666667 0.391
0.636988333333 0.395061666667
0.613941666667 0.417477333333
0.977431666667 0.3616
0.990586666667 0.454631666667
0.972169333333 0.430552
0.957799 0.403963
0.994074 0.506782
0.996031333333 0.631427666667
0.996610666667 0.280291333333
0.900896333333 0.526903
0.943830333333 0.518942333333
0.962986 0.488326
0.944568666667 0.464246333333
0.828508 0.515934666667
0.816096 0.488003333333
0.870716 0.512158
0.767055666667 0.536288
0.744833666667 0.514499333333
0.740052 0.557900666667
0.71783 0.536112
0.787178 0.429693666667
0.774967 0.342269666667
0.892599666667 0.226381666667
0.860948333333 0.220560666667
0.971688666667 0.0970487333333
0.954331333333 0.122924666667
0.936662333333 0.0804266333333
0.919305 0.106302566667
0.746011333333 0.191201
0.723684333333 0.114312666667
0.752208333333 0.114218333333
0.261505333333 0.429650666667
0.229498666667 0.361564
0.262623 0.353570666667
0.276468 0.385717
0.1013758 0.660818666667
0.0915802 0.632512
0.122132066667 0.609379333333
0.161207666667 0.624324333333
0.137800666667 0.671488666667
0.167080666667 0.658127
0.208299333333 0.723182
0.261088 0.707546333333
0.248016333333 0.735123333333
0.229744 0.674776333333
0.201822 0.683788
0.180635333333 0.770461333333
0.184872666667 0.737385333333
0.150752666667 0.727306
0.125516666667 0.760836666667
0.140549 0.785426666667
0.1007699 0.316500333333
0.114557866667 0.346354666667
0.158043333333 0.333353
0.118210366667 0.278037666667
0.144268 0.432441666667
0.145764666667 0.404679333333
0.16539 0.451734333333
0.177257 0.390468666667
0.214048666667 0.398133666667
0.232210333333 0.434074
0.167586666667 0.503259333333
0.17396 0.535644
0.190105666667 0.468794666667
0.218637666667 0.471231666667
0.0723239333333 0.952306
0.253757666667 0.789018333333
0.210227666667 0.789909333333
0.353438333333 0.978573333333
0.261429333333 0.839370666667
0.280214333333 0.818152
0.313149 0.805977
0.663244333333 0.558320666667
0.674753666667 0.595393666667
0.651821666667 0.620447
0.507733333333 0.710976
0.562233333333 0.697583
0.547706666667 0.722230333333
0.597677333333 0.649441666667
0.621935333333 0.621573666667
0.598786333333 0.600376666667
0.546326 0.498583
0.484220666667 0.740666
0.494652333333 0.771967333333
0.337939666667 0.685379666667
0.346886333333 0.726118333333
0.321642 0.737794
0.292326666667 0.704166333333
0.300900333333 0.676102333333
0.288484333333 0.648319333333
0.248566666667 0.643613333333
0.246701666667 0.613529666667
0.622653333333 0.0247083466667
0.755010333333 0.03061123
0.864501666667 0.00952737666667
0.815109 0.00734061666667
0.1439356 0.0152044766667
0.184547933333 0.0111803766667
0.201279333333 0.037152
0.456120666667 0.214215666667
0.266616333333 0.263232
0.305984666667 0.274639333333
0.337313333333 0.260243
0.256032333333 0.210484
0.245935666667 0.236572666667
0.130515666667 0.225130666667
0.156139666667 0.200665
0.191373666667 0.205183
0.202006 0.234800333333
0.142001 0.263469666667
0.193817 0.271451666667
0.168046 0.288930666667
0.962199666667 0.758190333333
0.952151 0.784112333333
0.915355666667 0.794360666667
0.879716666667 0.782393333333
0.880604333333 0.742824666667
0.860288333333 0.679698333333
0.813442666667 0.654465333333
0.847456333333 0.654153666667
0.779836 0.71083
0.783056333333 0.680444
0.796266333333 0.736269333333
0.849693 0.723084
0.822905 0.748957333333
0.753756 0.90172
0.716456 0.930252666667
0.689080666667 0.919677666667
0.966377 0.899696
0.967623333333 0.860315333333
0.938195333333 0.851177666667
0.915364333333 0.891593333333
0.928853333333 0.91509
0.582673 0.805143333333
0.622145333333 0.808013
0.617938 0.836578
0.653492 0.197640333333
0.694552 0.144285666667
0.693139333333 0.204518666667
0.709700333333 0.177593666667
0.922620333333 0.335253666667
0.905138333333 0.361114666667
0.921791666667 0.417538
0.899482 0.394535
0.913736 0.459536
0.849897333333 0.464107333333
0.879484333333 0.479339
0.759343 0.412304666667
0.716801333333 0.42521
0.700885666667 0.403122666667
0.72985 0.370678333333
0.759130333333 0.372889
0.818022 0.416678
0.832641 0.389566
0.851951 0.433532333333
0.86657 0.406420333333
0.915911333333 0.208092333333
0.911669333333 0.173108666667
0.955437333333 0.153423333333
0.97498 0.191512333333
0.953243333333 0.229515333333
0.885358333333 0.152947333333
0.8941 0.1166399
0.862741666667 0.0999301
0.226799333333 0.564236666667
0.209693 0.538195666667
0.231851666667 0.508248
0.266133666667 0.546434333333
0.26757 0.510877333333
0.0837758666667 0.867864333333
0.0882249333333 0.898452333333
0.0603504666667 0.918972
0.0408861666667 0.882405666667
0.0495406333333 0.843207333333
0.156016 0.971628
0.150301 0.914936666667
0.1132124 0.952418666667
0.120638066667 0.922144666667
0.231233666667 0.944521333333
0.197332666667 0.946984666667
0.184192 0.920567333333
0.156621666667 0.850283666667
0.158112 0.884617666667
0.223308333333 0.844693666667
0.198563333333 0.824366
0.215257666667 0.876242
0.192003 0.890248333333
0.505152333333 0.812647
0.476103 0.804065
0.440835 0.807871333333
0.495312 0.956067
0.258780333333 0.962932333333
0.289463333333 0.969230333333
0.284898666667 0.869909666667
0.259843666667 0.89055
0.268612 0.918024
0.296158666667 0.936435
0.327123 0.879139333333
0.345775 0.918616
0.326841666667 0.942733
0.611030666667 0.508074333333
0.579876333333 0.512992
0.572349 0.550441333333
0.626651 0.545157333333
0.601558333333 0.569347
0.450241 0.572511666667
0.347476 0.525144333333
0.370163 0.667738666667
0.404870666667 0.682664333333
0.439234333333 0.679573
0.437821333333 0.711796666667
0.44884 0.741107333333
0.424003666667 0.776215
0.403457666667 0.714888
0.377696666667 0.740701
0.387224 0.772717333333
0.657550666667 0.0459381333333
0.708429333333 0.0894301333333
0.690315 0.0358647066667
0.719605333333 0.05217904
0.659146 0.131811
0.665288 0.1016388
0.643699666667 0.0744611333333
0.802089666667 0.0677087666667
0.791412 0.04136189
0.828183333333 0.02166189
0.861171666667 0.0450771333333
0.847492666667 0.069357
0.216032 0.0613815
0.186430666667 0.0957221
0.189975 0.127874466667
0.366755333333 0.0174981866667
0.468663333333 0.02895812
0.501455666667 0.0490624666667
0.415277 0.0306905533333
0.401095333333 0.0590350666667
0.486264 0.202128333333
0.950206 0.706031
0.940343 0.735570666667
0.915840333333 0.692233
0.905977333333 0.721772666667
0.691965333333 0.793407333333
0.728847 0.789571333333
0.760442333333 0.844639333333
0.743057666667 0.873745
0.732970666667 0.820569666667
0.696089 0.824405666667
0.683344333333 0.856890333333
0.702841333333 0.88216
0.879377 0.288725666667
0.887792666667 0.318875333333
0.841596 0.278850666667
0.811176666667 0.2993
0.870310666667 0.344736333333
0.804108 0.340406
0.830725333333 0.361302333333
0.849016 0.155496666667
0.801144333333 0.117953866667
0.835447 0.122120866667
0.770316666667 0.138057333333
0.772768666667 0.166367666667
0.807545333333 0.192136666667
0.837028 0.186512
0.512879 0.843564333333
0.486174666667 0.868423333333
0.56374 0.894349
0.535561 0.920405333333
0.554097666667 0.837778333333
0.572882666667 0.856405666667
0.505021666667 0.919366666667
0.487711333333 0.899542
0.425393 0.841576666667
0.447266333333 0.870849333333
0.448803 0.901968
0.541831666667 0.552363
0.517480666667 0.569353333333
0.517769 0.520934333333
0.479333666667 0.522563333333
0.472983666667 0.551710333333
0.519352 0.600035333333
0.55537 0.643828666667
0.556480333333 0.616327
0.534980333333 0.666490333333
0.504212 0.674411
0.475579666667 0.605738666667
0.468281333333 0.658106
0.456387666667 0.628387
0.374847666667 0.633210333333
0.413988333333 0.616788333333
0.419096 0.578778666667
0.400944666667 0.548913
0.372453 0.553388666667
0.278951333333 0.0372097666667
0.253091666667 0.0654633666667
0.482885333333 0.0734885333333
0.484501333333 0.153687666667
0.380760666667 0.224731333333
0.339656 0.231317
0.299765666667 0.209307333333
0.461009666667 0.129534
0.420960333333 0.0864867
0.456290333333 0.0887449
0.578491666667 0.229194666667
0.515413333333 0.219195666667
0.555924666667 0.262279
0.526939666667 0.256285333333
0.600930333333 0.0808628333333
0.519240666667 0.0877231333333
0.537811 0.0632970666667
0.559209666667 0.0434894466667
0.586184 0.04722518
0.382177333333 0.870958666667
0.393934 0.840607333333
0.344909333333 0.856838666667
0.339414666667 0.818821333333
0.372596333333 0.803404333333
0.433678666667 0.927364666667
0.424282333333 0.971697333333
0.462877333333 0.961639
0.379240666667 0.938237333333
0.397856666667 0.912880666667
0.350910333333 0.576438666667
0.286066 0.594998
0.308299666667 0.617970666667
0.340986 0.611731333333
0.293775333333 0.560514333333
0.325933333333 0.548194333333
0.360292333333 0.0594601
0.332111 0.0766829
0.335916 0.0316168333333
0.307734666667 0.0488396333333
0.347836333333 0.132268133333
0.327032333333 0.1076893
0.305406666667 0.176245
0.338997 0.169224666667
0.434766 0.145173
0.428114333333 0.181414
0.378659 0.1333848
0.405901333333 0.1190348
0.390410333333 0.192232333333
0.369819666667 0.170341333333
0.593084333333 0.119390833333
0.624556666667 0.172746666667
0.629711666667 0.143161333333
0.585442666667 0.192598
0.259767666667 0.102316633333
0.288267333333 0.118686833333
0.275481 0.150286
0.236034666667 0.158363333333
0.226252333333 0.130387133333
0.565504 0.134619833333
0.511175333333 0.148368333333
0.527805333333 0.116782166667
0.533859333333 0.189315666667
0.563017333333 0.178241666667
