0.996486 0.195989415
0.592850333333 0.00257083833333
0.440661333333 0.00559177333333
0.0246090033333 0.447833
0.0125810466667 0.375142333333
0.354588333333 0.00950158
0.919784666667 0.297832333333
0.968569333333 0.239633333333
0.950372 0.285800666667
0.990291666667 0.288269
0.991823333333 0.0784739816667
0.979388333333 0.1100862
0.962800666667 0.143527633333
0.934898666667 0.45175
0.964662666667 0.425068333333
0.721802 0.703570666667
0.760047 0.508280666667
0.799621 0.00418348166667
0.00429588 0.613701333333
0.00644042666667 0.491969
0.0121521033333 0.811136333333
0.02078668 0.754122
0.01825821 0.166889
0.267203333333 0.0125436966667
0.403868666667 0.441507666667
0.386797333333 0.470626
0.40244 0.509131333333
0.652325333333 0.697698666667
0.164515333333 0.621259666667
0.896816 0.33204
0.913186666667 0.362843333333
0.967267333333 0.390954666667
0.946468 0.365134
0.981484 0.348119666667
0.960684666667 0.322299
0.853377333333 0.594261666667
0.760323 0.702836
0.705414 0.668989666667
0.670943333333 0.665748333333
0.665109 0.634862
0.722342333333 0.526632
0.687016333333 0.593583666667
0.849263666667 0.387265333333
0.905599666667 0.435436666667
0.890672666667 0.394327
0.778881 0.473495666667
0.827818 0.413376666667
0.847587333333 0.872461666667
0.944819666667 0.851134
0.911752 0.869466
0.884614666667 0.855321333333
0.0301710366667 0.594082333333
0.0161747166667 0.627689666667
0.0663359666667 0.624255333333
0.0198212433333 0.284651
0.0450497333333 0.302082333333
0.0377730766667 0.200961
0.0333300433333 0.242614666667
0.0585585333333 0.260046
0.0701478 0.319864333333
0.586946666667 0.0164762433333
0.821883666667 0.361802333333
0.0390981333333 0.117782866667
0.0392983 0.0750120333333
0.157111333333 0.0292878633333
0.206133 0.0131745966667
0.144776 0.335457333333
0.216820333333 0.425282333333
0.166493 0.405071
0.194868333333 0.394940333333
0.218124333333 0.209872666667
0.221535333333 0.239343666667
0.515539 0.356944333333
0.21115 0.462694666667
0.177786666667 0.479795
0.145960666667 0.434253
0.146429333333 0.466521
0.0323789366667 0.505367666667
0.0670455333333 0.475403
0.0357656366667 0.552779333333
0.356394 0.469753
0.588139 0.918261666667
0.622981666667 0.706650666667
0.902536333333 0.277882666667
0.853061 0.149473333333
0.956425666667 0.0691671333333
0.968860666667 0.037554915
0.934675 0.032387715
0.865742666667 0.0130405883333
0.904863333333 0.0213065483333
0.981919333333 0.735370333333
0.827749666667 0.565037
0.844814 0.542354333333
0.825417333333 0.519084666667
0.782828 0.527071333333
0.698215666667 0.867198333333
0.660913 0.888904333333
0.704048 0.951762666667
0.767181666667 0.842364666667
0.832252333333 0.616540333333
0.77963 0.666962
0.539439 0.549374666667
0.605397333333 0.67315
0.690384666667 0.524184
0.670872 0.559120666667
0.848372 0.493696333333
0.824616666667 0.466898
0.844664 0.440919
0.881968666667 0.488736
0.881036666667 0.455917333333
0.753499333333 0.454119666667
0.92228 0.902402666667
0.955221666667 0.920161333333
0.955347666667 0.884070666667
0.965388 0.792825
0.942970666667 0.820931666667
0.0759586666667 0.353925666667
0.136419866667 0.390815333333
0.1254392 0.362078333333
0.115887533333 0.419997333333
0.816392666667 0.0676419
0.797169 0.03389764
0.703254 0.138935666667
0.699540666667 0.0182130333333
0.666299 0.120823666667
0.557046333333 0.292832
0.516128666667 0.275638
0.541069333333 0.350434333333
0.563777333333 0.321554
0.0665522333333 0.0503134333333
0.0958101 0.0654276666667
0.0931371333333 0.02270633
0.122395 0.0378205633333
0.226642333333 0.0333561666667
0.177620666667 0.0494694333333
0.327738666667 0.0248015333333
0.154366333333 0.272878
0.127974 0.301020333333
0.102826333333 0.29358
0.0897152666667 0.256953666667
0.155693333333 0.233377
0.193005333333 0.163328666667
0.188183333333 0.202074
0.200725 0.356259666667
0.177566333333 0.331052
0.234536333333 0.290057666667
0.181098 0.289347
0.206860333333 0.273242
0.243731666667 0.176277333333
0.227480666667 0.147693333333
0.376030333333 0.230020333333
0.270610333333 0.273021
0.264007333333 0.246044
0.299633333333 0.233332333333
0.297305333333 0.298443
0.408015 0.231625
0.439583666667 0.248630666667
0.422873333333 0.304780666667
0.446626 0.279942
0.485270666667 0.297738333333
0.489981 0.33423
0.500562333333 0.390975
0.440993666667 0.439716333333
0.243434 0.420839666667
0.265123333333 0.449472666667
0.326433666667 0.406602
0.323625666667 0.438678333333
0.297793666667 0.452489333333
0.464594 0.593745
0.407849 0.591925666667
0.434992 0.580026333333
0.176162 0.515690666667
0.1161671 0.500587666667
0.0858678333333 0.502527333333
0.0647753333333 0.548412
0.204126666667 0.618561
0.38383 0.571517
0.381519 0.538679666667
0.33813 0.506885
0.312859666667 0.493217
0.347612333333 0.537306333333
0.628946333333 0.960692
0.608393666667 0.938548666667
0.671378666667 0.944593333333
0.650826 0.92245
0.593580333333 0.877762666667
0.623922 0.864504
0.628506666667 0.833479333333
0.567976666667 0.794772666667
0.600561333333 0.803616666667
0.605664 0.735659
0.617711666667 0.769105333333
0.649104666667 0.775885
0.701406666667 0.736117333333
0.666400666667 0.733486666667
0.688879666667 0.824912666667
0.656161666667 0.815594
0.551431333333 0.818891333333
0.563600333333 0.854366
0.482433 0.858092
0.470541 0.922383666667
0.436193333333 0.74728
0.03601718 0.671890333333
0.03461348 0.70507
0.0626596 0.719552
0.0936861666667 0.701600666667
0.0726043333333 0.652536
0.1022272 0.667764333333
0.237668666667 0.811036
0.119773866667 0.972494
0.03102099 0.865642
0.256741333333 0.783854333333
0.912501 0.243030333333
0.884149333333 0.2198
0.884402333333 0.182493
0.913226 0.170285
0.947946666667 0.216812666667
0.948418666667 0.181374333333
0.871394666667 0.291184333333
0.864751333333 0.322526666667
0.831426666667 0.332059
0.863291333333 0.120295866667
0.895418333333 0.0649878333333
0.900786333333 0.1334262
0.845709666667 0.0793849666667
0.865606666667 0.0539066666667
0.925559 0.114472166667
0.921244666667 0.0856391
0.884599333333 0.593140333333
0.885106 0.555057333333
0.907869666667 0.669803333333
0.943802666667 0.708844666667
0.970923333333 0.680317
0.758948 0.870412666667
0.725786333333 0.878905
0.784159 0.718492333333
0.774072333333 0.758656
0.735315666667 0.565285666667
0.719502333333 0.597300666667
0.796817 0.607178666667
0.732065666667 0.641820333333
0.767760666667 0.640527333333
0.767865333333 0.562632333333
0.793390333333 0.577328333333
0.610861 0.446698
0.525238666667 0.419637
0.567242666667 0.520065
0.620599666667 0.500796
0.604719666667 0.529963
0.59289 0.471692333333
0.562571666667 0.482627666667
0.440745 0.512214333333
0.448628333333 0.546265333333
0.478230333333 0.559984
0.506041 0.536636
0.543266333333 0.582842333333
0.57707 0.683640333333
0.502134 0.705428
0.573766 0.726987333333
0.553229 0.751589666667
0.519754333333 0.740533
0.644659333333 0.572564
0.615501666667 0.561432
0.638615 0.619815333333
0.612438 0.633262333333
0.581852 0.585001666667
0.584832666667 0.609580666667
0.714353666667 0.456725666667
0.650216666667 0.446070666667
0.653377333333 0.483117666667
0.686167666667 0.48848
0.904955666667 0.927776
0.888856333333 0.975804666667
0.926315 0.959795
0.0380409 0.400169
0.0570523 0.378971
0.0669891 0.437503666667
0.0860005 0.416305666667
0.819760666667 0.146192666667
0.800674 0.105272133333
0.744281 0.133247
0.716113333333 0.0699575
0.745685666667 0.103213533333
0.773488666667 0.0903096666667
0.766614666667 0.0457190733333
0.735108 0.0388915733333
0.681347333333 0.065718
0.657724333333 0.0850867
0.656813 0.0327553266667
0.619026 0.0306925933333
0.616233666667 0.0632926
0.635083333333 0.136507333333
0.603219333333 0.128176666667
0.513498333333 0.241101
0.785358666667 0.373879666667
0.789915333333 0.405363
0.76358 0.423219666667
0.293676333333 0.0437179333333
0.301028666667 0.0752224666667
0.253650333333 0.0516416666667
0.279247 0.1094132
0.22704 0.0879595333333
0.245284333333 0.114226533333
0.326663666667 0.0931762666667
0.0728302333333 0.187011
0.0995439333333 0.225572333333
0.130179333333 0.216096333333
0.274885333333 0.178588
0.300471333333 0.204907666667
0.292597 0.145190666667
0.322584666667 0.139238
0.345398333333 0.200343666667
0.3498 0.168071333333
0.368114666667 0.266582333333
0.336644666667 0.265330333333
0.390737333333 0.300977
0.327713666667 0.303464
0.339140333333 0.339751
0.370694 0.336012
0.46936 0.157916666667
0.490687 0.188263666667
0.420782666667 0.201908
0.452351333333 0.218913666667
0.479129666667 0.215796333333
0.458429333333 0.352471666667
0.440534666667 0.40777
0.465819 0.386610666667
0.429966333333 0.340818666667
0.393644666667 0.358165666667
0.403409666667 0.409561333333
0.380313666667 0.392617333333
0.253075 0.388794333333
0.282894666667 0.331744333333
0.309117333333 0.357916
0.29401 0.385033
0.232318 0.354556333333
0.247030333333 0.324623333333
0.451185333333 0.661379333333
0.464421666667 0.697226333333
0.434613666667 0.716096
0.211116666667 0.525363
0.278363666667 0.552728
0.205134 0.555893333333
0.281780666667 0.516973
0.223263 0.585906
0.253188333333 0.582351333333
0.25798 0.490317333333
0.230620333333 0.499096666667
0.0956005 0.602867
0.0884452666667 0.568326666667
0.142067666667 0.600786666667
0.16355 0.568075333333
0.147296333333 0.542531333333
0.118658766667 0.540702333333
0.746331666667 0.776056
0.713975 0.769314333333
0.741174666667 0.809081
0.708818 0.802339333333
0.540917666667 0.873000666667
0.507841666667 0.872687333333
0.499874 0.912467666667
0.533643 0.934823666667
0.555759666667 0.914046
0.456308 0.803497
0.486905 0.823151333333
0.516693 0.802093666667
0.499763666667 0.766918333333
0.467186666667 0.763736
0.1761561 0.968312666667
0.239176 0.968298
0.25169 0.935056333333
0.425814 0.808397333333
0.408173666667 0.771104333333
0.374899333333 0.883678
0.399313 0.905453
0.414221333333 0.844284
0.385883333333 0.847020333333
0.440243333333 0.874324333333
0.436319 0.898835666667
0.219551666667 0.656633
0.242185333333 0.742163666667
0.197750666667 0.675225
0.158449333333 0.653486333333
0.13636 0.66963
0.259799333333 0.868328
0.238958 0.849399666667
0.204715666667 0.869902333333
0.198796666667 0.906731
0.231719333333 0.90816
0.205125333333 0.801043
0.0486685333333 0.823562333333
0.0367119 0.784247333333
0.0583201333333 0.755004
0.0581735666667 0.946669
0.02670699 0.928922666667
0.0395936233333 0.89534
0.984739333333 0.455581333333
0.987953 0.651748333333
0.957724666667 0.639129333333
0.908409666667 0.612647
0.918687 0.643320666667
0.732406333333 0.941027666667
0.737394666667 0.912019333333
0.770556333333 0.903527
0.775664666667 0.964341333333
0.821332 0.703192333333
0.878593 0.676851
0.844475 0.653140333333
0.820909 0.670213333333
0.885560666667 0.716861333333
0.925828666667 0.734703
0.936418 0.76363
0.888712333333 0.807794333333
0.914000666667 0.791736666667
0.8022 0.769940333333
0.861816333333 0.788430333333
0.831517666667 0.733903333333
0.860263333333 0.740309
0.532974333333 0.474868
0.513396333333 0.448007666667
0.504247333333 0.499566666667
0.467935 0.456510333333
0.468553333333 0.488863666667
0.603297 0.414674333333
0.568425 0.368366333333
0.567571 0.403538333333
0.591133 0.339486
0.621486 0.336419
0.552568 0.627987
0.551846 0.662159
0.516356333333 0.678047666667
0.523690666667 0.612331333333
0.487267333333 0.618117666667
0.480655 0.649662
0.857165333333 0.956815
0.873450333333 0.928258
0.842907666667 0.903707333333
0.804981 0.918809
0.815077666667 0.950615
0.581253333333 0.0691264666667
0.575721666667 0.101803233333
0.552767666667 0.03874915
0.585694666667 0.268605
0.663027333333 0.415923
0.694374 0.421215666667
0.718440333333 0.404575666667
0.636658666667 0.392797
0.643316666667 0.362501333333
0.750824333333 0.356979666667
0.678026333333 0.348847333333
0.710241333333 0.369819
0.749194333333 0.328287
0.700578333333 0.168886
0.721336 0.193876333333
0.809482666667 0.173344666667
0.772221333333 0.163077333333
0.751952 0.193756333333
0.36304 0.0396773
0.354612666667 0.0765475
0.401840666667 0.0344928666667
0.427164666667 0.0540994
0.0743150666667 0.126505866667
0.0885323 0.161662
0.1037731 0.0988492666667
0.126711666667 0.174995333333
0.291343 0.927466
0.345196 0.897225333333
0.316343333333 0.891388333333
0.342318 0.935714
0.317104666667 0.953807
0.291698 0.976738666667
0.169880666667 0.925007333333
0.143422766667 0.950381
0.368504666667 0.769132333333
0.288881666667 0.784088333333
0.174039333333 0.850758666667
0.175738333333 0.820263
0.981278666667 0.554126
0.962046333333 0.596560333333
0.937673 0.58423
0.913905 0.514932
0.915445333333 0.548293333333
0.942272 0.498426666667
0.971114666667 0.503729
0.836409333333 0.812064666667
0.805538666667 0.799980333333
0.826278 0.848569
0.795407333333 0.836484666667
0.522078333333 0.0319884833333
0.470184333333 0.0136253833333
0.437556666667 0.0187602
0.462880666667 0.0383667333333
0.492607333333 0.0532821333333
0.473015333333 0.105480333333
0.500302333333 0.0865605666667
0.492795 0.137039666667
0.531773 0.139692333333
0.538563333333 0.106889566667
0.556566 0.16843
0.538915 0.196124333333
0.590854 0.162000666667
0.550867333333 0.224916666667
0.582146 0.235226666667
0.692700666667 0.217082666667
0.671943 0.192092333333
0.616690333333 0.225277
0.643403 0.177825666667
0.618869333333 0.192073666667
0.677968333333 0.316144666667
0.681005666667 0.247351666667
0.714130333333 0.275235333333
0.708553333333 0.308423666667
0.642011666667 0.252035
0.641802666667 0.305592333333
0.624875333333 0.277919
0.751438 0.269985
0.765260666667 0.230976
0.802091 0.301573333333
0.772109 0.305864
0.434905 0.109601333333
0.413009333333 0.0885492333333
0.379258 0.1058129
0.432268333333 0.144648333333
0.378524333333 0.151275
0.409639 0.169058333333
0.132710666667 0.107325733333
0.163875 0.0812964
0.186286333333 0.101501
0.170055333333 0.143403333333
0.141432 0.148315666667
0.405752333333 0.937819
0.378460666667 0.954532666667
0.453717666667 0.952292666667
0.500292 0.964241
0.558792333333 0.970000666667
0.337094 0.981937333333
0.611023333333 0.975414333333
0.534295 0.987849
0.732127333333 0.983398
0.661023333333 0.978134666667
0.0751067666667 0.891169
0.141307 0.909134333333
0.0859821333333 0.926614666667
0.1148491 0.934508
0.139546666667 0.871714333333
0.1022134 0.861642333333
0.360981666667 0.825453666667
0.346861666667 0.796505333333
0.308344666667 0.805394333333
0.293825 0.846490333333
0.321145 0.856274333333
0.0745824666667 0.810440333333
0.1007744 0.824211666667
0.0837597 0.770416666667
0.819238 0.204351333333
0.795285333333 0.231303666667
0.811444666667 0.266022
0.850213666667 0.228633333333
0.847423666667 0.265165333333
0.296925666667 0.747689
0.269169666667 0.725162666667
0.338031666667 0.741622
0.156798333333 0.793207333333
0.131249 0.789728666667
0.117177966667 0.760314
0.122764966667 0.72695
0.149116333333 0.709007
0.186185333333 0.773987333333
0.204172666667 0.742289666667
0.187066 0.714152
0.35967 0.714344333333
0.341643666667 0.691092333333
0.402915333333 0.702367333333
0.364542333333 0.654924666667
0.397851333333 0.639861666667
0.418198 0.664052333333
0.253507666667 0.667389666667
0.275797666667 0.697118333333
0.310345 0.685311666667
0.309364 0.653201
0.336767 0.632856666667
0.271531333333 0.609475666667
0.275126666667 0.640570333333
0.346057 0.597385
0.296706666667 0.579852333333
0.326043666667 0.574200666667
