0.0740969 0.056966
0.096896 0.11399
0.142494 0.00844711
0.153894 0.0733214
0.199492 0.103055
0.210891 0.0588408
0.222291 0.0778846
0.256489 0.0546987
0.279288 0.127022
0.290688 0.0975532
0.302087 0.0481709
0.313487 0.0892743
0.359085 0.179616
0.381884 0.299197
0.404683 0.150592
0.416083 0.0866071
0.427482 0.0529318
0.438882 0.167141
0.450281 0.159362
0.461681 0.166565
0.47308 0.0831325
0.495879 0.293487
0.507279 0.155762
0.518679 0.141487
0.541478 0.661915
0.552877 0.178985
0.564277 0.290673
0.575676 0.306221
0.587076 0.263218
0.609875 0.198376
0.632674 0.273645
0.644073 0.170718
0.655473 0.263968
0.666872 0.247776
0.678272 0.328164
0.701071 0.653457
0.71247 0.357755
0.72387 0.394638
0.73527 0.354947
0.746669 0.595644
0.758069 0.366963
0.769468 0.595089
0.780868 1.06094
0.792267 0.677135
0.803667 0.567823
0.815066 1.06529
0.826466 0.552847
0.837865 0.15014
0.860664 1.36951
0.872064 0.933707
0.883463 0.335432
0.894863 1.03548
0.906262 1.21934
0.917662 0.438835
0.929062 1.30958
0.940461 0.355149
0.951861 2.41413
0.96326 0.491472
0.97466 1.15817
0.986059 0.749648
0.997459 0.941574
1.00886 1.35907
1.02026 1.77682
1.03166 0.471339
1.04306 1.88905
1.05446 1.02562
1.06586 0.914805
1.07726 1.52347
1.08865 1.07487
1.11145 1.31836
1.12285 0.765851
1.14565 1.26096
1.15705 2.24865
1.16845 1.06741
1.17985 0.502709
1.19125 1.89269
1.21405 1.43786
1.22545 1.07057
1.24825 1.67496
1.25965 0.879944
1.27105 0.987133
1.28245 0.679915
1.29385 0.71012
1.30525 1.33706
1.31665 1.28077
1.32805 1.19235
1.33944 0.67833
1.35084 0.594364
1.36224 0.771356
1.37364 1.26432
1.38504 0.600024
1.39644 1.39997
1.40784 1.05719
1.41924 0.910388
1.43064 0.720604
1.44204 1.05474
1.45344 0.996801
1.46484 1.57227
1.48764 1.15017
1.49904 1.21213
1.51044 0.985949
1.52184 0.876564
1.53324 0.623645
1.54464 1.10989
1.55604 0.747449
1.56744 0.739082
1.57883 1.00368
1.59023 1.38192
1.60163 0.877861
1.61303 0.602087
1.62443 0.775651
1.63583 1.42397
1.64723 0.866157
1.65863 1.16903
1.67003 1.53775
1.68143 0.879268
1.69283 1.02254
1.70423 0.272492
1.71563 0.787899
1.72703 1.1762
1.73843 0.955701
1.74983 1.80778
1.76123 0.743812
1.77263 0.760224
1.78403 1.00017
1.79543 0.851998
1.80683 0.773954
1.81822 0.651546
1.82962 0.880729
1.84102 0.859303
1.85242 0.709821
1.86382 0.593766
1.87522 1.05355
1.88662 0.794882
1.89802 1.00813
1.90942 1.05557
1.92082 1.1967
1.93222 1.00947
1.94362 1.19579
1.95502 0.741866
1.96642 1.74778
1.97782 0.684005
1.98922 1.70501
2.00062 1.34274
2.01202 0.981823
2.02342 0.981772
2.03482 0.759282
2.04622 0.558284
2.05761 1.50784
2.06901 0.948674
2.08041 0.841546
2.09181 1.13868
2.10321 0.822901
2.11461 0.893061
2.12601 0.851406
2.13741 1.15009
2.14881 0.867965
2.16021 0.69339
2.17161 1.01765
2.18301 0.958255
2.19441 1.08074
2.20581 1.1987
2.21721 0.778812
2.22861 1.19768
2.24001 1.02905
2.25141 1.59143
2.26281 1.01855
2.27421 1.07591
2.28561 0.851759
2.297 1.06909
2.3084 0.602942
2.3198 1.17442
2.3312 0.749258
2.3426 1.02066
2.354 1.03946
2.3654 1.03139
2.3768 1.04941
2.3882 0.635604
2.3996 0.919874
2.411 0.415058
2.4224 0.672951
2.4338 0.864802
2.4452 0.375683
2.4566 1.4621
2.468 0.874111
2.4794 1.71773
2.4908 0.796367
2.5022 0.784499
2.5136 1.11153
2.525 1.38504
2.53639 0.829292
2.54779 1.00201
2.55919 0.813683
2.57059 0.915352
2.58199 0.841928
2.59339 1.28387
2.60479 0.903306
2.61619 0.890205
2.62759 0.819144
2.63899 0.732146
2.65039 1.34318
2.66179 1.04427
2.67319 1.13545
2.68459 0.912294
2.69599 0.805378
2.70739 0.760159
2.71879 1.08918
2.73019 1.36361
2.74159 0.788174
2.75299 0.666595
2.76439 0.646464
2.77579 0.839143
2.78718 0.916409
2.79858 1.22989
2.80998 1.25671
2.82138 1.17778
2.83278 0.965166
2.84418 1.10209
2.85558 1.14716
2.86698 1.23586
2.87838 1.33108
2.88978 1.42677
2.90118 0.752582
2.91258 1.61062
2.92398 1.00737
2.93538 0.956764
2.94678 0.892948
2.95818 2.02408
2.96958 1.08171
2.98098 1.08298
2.99238 0.991104
3.00378 0.519107
3.01518 1.40305
3.02657 0.939677
3.03797 1.11649
3.04937 0.851074
3.06077 1.03774
3.07217 0.826183
3.08357 1.37698
3.09497 0.962841
3.10637 1.05691
3.11777 1.88665
3.12917 0.983748
3.14057 1.05393
3.15197 0.731546
3.16337 0.919772
3.17477 1.01995
3.18617 0.906947
3.19757 0.916349
3.20897 1.38735
3.22037 1.00285
3.23177 0.825119
3.24317 0.805432
3.25457 0.871372
3.26596 0.901758
3.27736 0.503386
3.28876 0.825362
3.30016 1.03332
3.31156 0.895423
3.32296 0.820346
3.33436 0.956998
3.34576 0.708702
3.35716 1.09138
3.36856 0.976685
3.37996 1.10661
3.39136 1.07191
3.40276 0.987917
3.41416 0.966989
3.42556 0.71971
3.43696 1.49069
3.44836 0.902687
3.45976 1.48024
3.47116 1.14735
3.48256 0.890388
3.49396 0.779604
3.50535 1.13844
3.51675 1.11927
3.52815 0.984572
3.53955 1.08784
3.55095 0.485105
3.56235 0.998384
3.57375 1.00823
3.58515 0.797991
3.59655 1.15751
3.60795 1.13
3.61935 0.454125
3.63075 1.12344
3.64215 1.11696
3.65355 0.843675
3.66495 0.624115
3.67635 1.18145
3.68775 1.09863
3.69915 1.01488
3.71055 0.832577
3.72195 0.971003
3.73335 1.10679
3.74474 0.990199
3.75614 0.432786
3.76754 0.638701
3.77894 1.1828
3.79034 1.20596
3.80174 0.844431
3.81314 0.705707
3.82454 1.01797
3.83594 0.799928
3.84734 1.05799
3.85874 1.32316
3.87014 0.702348
3.88154 0.819588
3.89294 0.785308
3.90434 0.690329
3.91574 1.16799
3.92714 1.18859
3.93854 1.10209
3.94994 0.87364
3.96134 1.37868
3.97274 1.11465
3.98414 0.959811
3.99553 0.898963
4.00693 0.9809
4.01833 1.25886
4.02973 0.948529
4.04113 1.0596
4.05253 1.27177
4.06393 1.18175
4.07533 1.0337
4.08673 1.1916
4.09813 1.01679
4.10953 1.71634
4.12093 0.937315
4.13233 1.05525
4.14373 0.905426
4.15513 0.881122
4.16653 0.903077
4.17793 0.939235
4.18933 1.03584
4.20073 0.838669
4.21213 1.16518
4.22353 1.09511
4.23492 0.753801
4.24632 1.36478
4.25772 1.02125
4.26912 1.10069
4.28052 1.01019
4.29192 0.923864
4.30332 0.907778
4.31472 1.4516
4.32612 1.31856
4.33752 0.815457
4.34892 0.975729
4.36032 1.30529
4.37172 0.866844
4.38312 0.996015
4.39452 0.82801
4.40592 0.877612
4.41732 0.912117
4.42872 1.19125
4.44012 1.16417
4.45152 0.753499
4.46292 1.09093
4.47431 1.14394
4.48571 0.828658
4.49711 0.791823
4.50851 0.992616
4.51991 0.89152
4.53131 0.885195
4.54271 1.1547
4.55411 0.692854
4.56551 0.894006
4.57691 0.84301
4.58831 0.617109
4.59971 1.23746
4.61111 1.04884
4.62251 1.06158
4.63391 0.821867
4.64531 1.05835
4.65671 1.25822
4.66811 1.18499
4.67951 0.981475
4.69091 0.880016
4.70231 0.977986
4.7137 0.820214
4.7251 1.06174
4.7365 0.967065
4.7479 0.81503
4.7593 1.2599
4.7707 0.936226
4.7821 1.00915
4.7935 0.653813
4.8049 1.06806
4.8163 1.13946
4.8277 1.05633
4.8391 0.935565
4.8505 1.09542
4.8619 0.799112
4.8733 0.711753
4.8847 1.10601
4.8961 0.817169
4.9075 1.31432
4.9189 0.908263
4.9303 1.25967
4.9417 0.985679
4.95309 1.12469
4.96449 0.855177
4.97589 1.33818
4.98729 1.2787
4.99869 1.25101
5.01009 0.727392
5.02149 0.854409
5.03289 0.976294
5.04429 0.873883
5.05569 1.07451
5.06709 1.15067
5.07849 1.09099
5.08989 1.37931
5.10129 0.825218
5.11269 0.912915
5.12409 1.05051
5.13549 0.818296
5.14689 1.36044
5.15829 0.90432
5.16969 0.7356
5.18109 1.22774
5.19249 1.12868
5.20388 1.15339
5.21528 0.993281
5.22668 1.06422
5.23808 0.931614
5.24948 0.987004
5.26088 0.801907
5.27228 0.857662
5.28368 0.780158
5.29508 0.872255
5.30648 1.03747
5.31788 1.15938
5.32928 0.973769
5.34068 0.874906
5.35208 0.720311
5.36348 1.11368
5.37488 1.27163
5.38628 0.919899
5.39768 1.09197
5.40908 1.18273
5.42048 0.73568
5.43188 0.793889
5.44327 1.03435
5.45467 0.962521
5.46607 1.0025
5.47747 1.00422
5.48887 0.901881
5.50027 0.703691
5.51167 0.885935
5.52307 0.752571
5.53447 1.20828
5.54587 0.966322
5.55727 0.649323
5.56867 0.860249
5.58007 1.09279
5.59147 1.1347
5.60287 0.83204
5.61427 1.12934
5.62567 0.757571
5.63707 1.0333
5.64847 1.03646
5.65987 0.793801
5.67127 1.35836
5.68266 0.753625
5.69406 1.27299
