0.0430724 0.289566
0.0563254 0.116385
0.0828315 0.223173
0.0894581 0.0680716
0.115964 0.0158254
0.122591 0.177705
0.129217 0.061546
0.149097 0.0675007
0.16235 0.146436
0.168976 0.0642713
0.175603 0.0303904
0.182229 0.0460413
0.208735 0.0704807
0.221989 0.054305
0.235242 0.0773583
0.241868 0.043655
0.248495 0.589468
0.255121 0.119438
0.261748 0.0552588
0.268374 0.0383649
0.275001 0.117252
0.288254 0.259219
0.29488 0.0836292
0.301507 0.0486618
0.31476 0.0309752
0.321386 0.105441
0.328013 0.320543
0.334639 0.0980604
0.341266 0.124092
0.354519 0.1432
0.367772 0.139578
0.374399 0.192544
0.381025 0.127606
0.387652 0.13386
0.394278 0.268413
0.407531 0.103839
0.414158 0.189465
0.420784 0.0608551
0.427411 0.0828791
0.434037 0.109982
0.440664 0.085525
0.44729 0.0706285
0.453917 0.156421
0.460543 0.0828773
0.46717 0.127024
0.473796 0.122558
0.480423 0.0944652
0.487049 0.22616
0.500302 0.32226
0.506929 0.175898
0.513556 0.205751
0.520182 0.599916
0.526809 0.356926
0.533435 0.148843
0.540062 0.562738
0.546688 0.216
0.553315 0.353235
0.559941 0.374843
0.566568 0.151477
0.573194 0.351354
0.579821 0.508005
0.586447 0.357818
0.593074 0.564641
0.5997 0.522143
0.606327 0.326939
0.612953 0.280937
0.61958 0.448015
0.626206 0.324095
0.632833 0.343293
0.646086 0.947308
0.652713 1.77912
0.665966 1.62834
0.672592 1.63229
0.679219 2.39278
0.685845 0.76585
0.692472 1.39732
0.705725 0.910645
0.712351 0.812192
0.725604 0.415193
0.732231 0.454869
0.738857 0.412347
0.745484 0.263067
0.75211 0.252366
0.758737 0.387143
0.765363 0.809358
0.77199 1.33063
0.778616 0.39014
0.785243 0.594456
0.791869 0.404599
0.798496 0.823984
0.805123 1.15127
0.811749 0.622845
0.818376 0.567613
0.825002 0.654466
0.831629 0.697448
0.838255 0.682013
0.844882 0.792847
0.851508 0.448074
0.864761 0.535607
0.871388 0.646929
0.878014 0.574946
0.884641 0.694262
0.891267 0.63037
0.897894 0.651746
0.90452 1.02346
0.911147 0.650378
0.917773 0.452202
0.9244 0.756026
0.931026 0.899692
0.937653 0.634017
0.94428 0.550564
0.950906 0.495581
0.957533 0.402266
0.964159 0.607737
0.970786 0.357138
0.977412 1.19101
0.984039 0.304103
0.990665 0.333621
0.997292 0.572542
1.00392 0.564989
1.01054 0.683126
1.01717 0.448799
1.0238 0.691133
1.03042 0.0812749
1.03705 0.57921
1.04368 1.02198
1.0503 1.06591
1.05693 0.865678
1.06356 0.513361
1.07018 1.0781
1.07681 0.709132
1.08344 0.903859
1.09006 1.18345
1.09669 0.747163
1.10332 0.880408
1.10994 0.909084
1.11657 1.36423
1.1232 1.71256
1.12982 0.792842
1.13645 1.27472
1.14308 0.710807
1.1497 1.25631
1.15633 1.22595
1.16295 0.56788
1.16958 0.81487
1.17621 0.989858
1.18283 1.16164
1.18946 1.39202
1.19609 0.790632
1.20271 1.0846
1.20934 1.2013
1.21597 0.618777
1.22259 1.15009
1.22922 1.16364
1.23585 0.747158
1.24247 1.0393
1.2491 0.822037
1.25573 1.80026
1.26235 1.36147
1.26898 0.697839
1.27561 1.67163
1.28223 1.34852
1.28886 0.760758
1.29549 1.03746
1.30211 1.28021
1.30874 1.85575
1.31536 1.69956
1.32199 1.62585
1.32862 1.15531
1.33524 1.63174
1.34187 2.3203
1.3485 1.87989
1.35512 1.85839
1.36175 0.775464
1.36838 1.38751
1.375 1.14566
1.38163 1.02151
1.38826 1.42675
1.39488 1.18183
1.40151 1.75008
1.40814 2.2294
1.41476 1.7124
1.42139 1.16759
1.42802 1.55042
1.43464 1.65872
1.44127 1.7575
1.4479 1.7617
1.45452 1.4201
1.46115 1.33543
1.46777 1.29098
1.4744 0.918833
1.48103 1.41372
1.48765 1.53063
1.49428 1.287
1.50091 1.61765
1.50753 2.21786
1.51416 2.33425
1.52079 1.18315
1.52741 1.77399
1.53404 1.58398
1.54067 1.58338
1.54729 1.15328
1.55392 1.35524
1.56055 1.78628
1.56717 0.634436
1.5738 1.50831
1.58043 0.922331
1.58705 1.06334
1.59368 0.631488
1.60031 1.24333
1.60693 0.73067
1.61356 0.920552
1.62018 0.833461
1.62681 1.10862
1.63344 0.554126
1.64006 0.888305
1.64669 1.03253
1.65332 0.682006
1.65994 0.701268
1.66657 1.06053
1.6732 0.787436
1.67982 0.729486
1.68645 0.905726
1.69308 0.694148
1.6997 1.12709
1.70633 0.832861
1.71296 1.55563
1.71958 1.08538
1.72621 1.17224
1.73284 0.915229
1.73946 0.612852
1.74609 0.923924
1.75272 0.838796
1.75934 0.65021
1.76597 0.785005
1.77259 0.779321
1.77922 0.809444
1.78585 0.897518
1.79247 0.87524
1.7991 0.751825
1.80573 0.651323
1.81235 0.776074
1.81898 0.785882
1.82561 0.616321
1.83223 0.729645
1.83886 0.919083
1.84549 0.620261
1.85211 0.728954
1.85874 0.590477
1.86537 0.513526
1.87199 0.978702
1.87862 0.84999
1.88525 0.647921
1.89187 0.720681
1.8985 1.12536
1.90513 0.601069
1.91175 0.770344
1.91838 0.858052
1.925 1.24907
1.93163 1.1065
1.93826 0.713897
1.94488 1.01775
1.95151 1.2724
1.95814 0.688104
1.96476 0.778804
1.97139 0.757902
1.97802 0.659938
1.98464 0.746219
1.99127 0.882683
1.9979 1.10588
2.00452 0.470616
2.01115 0.667252
2.01778 0.658785
2.0244 0.874707
2.03103 0.987864
2.03766 0.553321
2.04428 0.503569
2.05091 0.503733
2.05754 1.09037
2.06416 0.376822
2.07079 0.99891
2.07741 0.503733
2.08404 1.07142
2.09067 0.701539
2.09729 0.713813
2.10392 0.815674
2.11055 0.979641
2.11717 0.781708
2.1238 0.920939
2.13043 1.18874
2.13705 0.874048
2.14368 0.947465
2.15031 0.787847
2.15693 0.771567
2.16356 0.897218
2.17019 1.22832
2.17681 1.03881
2.18344 0.532944
2.19007 1.10232
2.19669 1.17293
2.20332 1.03532
2.20995 1.2853
2.21657 0.732498
2.2232 1.09473
2.22982 1.14491
2.23645 1.16624
2.24308 1.1445
2.2497 0.758775
2.25633 0.906251
2.26296 1.03979
2.26958 1.06224
2.27621 1.33038
2.28284 1.08759
2.28946 1.05338
2.29609 0.742731
2.30272 1.18238
2.30934 0.900605
2.31597 0.862302
2.3226 1.12246
2.32922 1.35705
2.33585 0.981595
2.34248 1.07749
2.3491 0.9699
2.35573 0.694421
2.36236 1.08759
2.36898 1.03868
2.37561 0.993312
2.38223 1.0335
2.38886 0.712523
2.39549 1.31478
2.40211 1.02292
2.40874 0.768414
2.41537 0.903159
2.42199 1.04888
2.42862 1.1194
2.43525 0.904404
2.44187 1.02492
2.4485 0.855818
2.45513 1.1321
2.46175 1.17157
2.46838 1.04051
2.47501 0.646744
2.48163 0.762592
2.48826 0.924673
2.49489 1.07304
2.50151 1.14998
2.50814 0.796343
2.51477 1.0145
2.52139 0.988523
2.52802 0.959495
2.53465 1.12873
2.54127 1.09403
2.5479 0.887816
2.55452 1.02477
2.56115 0.927438
2.56778 1.09513
2.5744 0.73899
2.58103 0.96217
2.58766 1.19362
2.59428 0.870063
2.60091 0.836434
2.60754 1.06849
2.61416 0.942584
2.62079 0.760542
2.62742 1.15513
2.63404 0.919407
2.64067 1.02814
2.6473 0.95227
2.65392 1.10003
2.66055 1.34662
2.66718 0.761875
2.6738 1.09509
2.68043 1.26219
2.68706 0.931821
2.69368 1.07258
2.70031 1.08729
2.70693 1.4234
2.71356 1.05416
2.72019 0.994496
2.72681 1.07473
2.73344 0.902438
2.74007 1.16559
2.74669 0.854713
2.75332 0.917057
2.75995 1.05692
2.76657 0.973683
2.7732 1.03656
2.77983 0.940791
2.78645 1.25999
2.79308 1.26345
2.79971 1.08317
2.80633 1.00045
2.81296 0.95128
2.81959 1.19952
2.82621 0.903424
2.83284 0.881269
2.83947 1.07085
2.84609 0.962434
2.85272 0.966758
2.85934 1.14381
2.86597 1.20026
2.8726 1.40676
2.87922 1.09946
2.88585 1.07232
2.89248 1.00657
2.8991 1.28792
2.90573 1.03542
2.91236 1.03946
2.91898 1.0932
2.92561 0.799102
2.93224 0.993892
2.93886 1.07992
2.94549 0.984944
2.95212 0.999069
2.95874 1.01832
2.96537 0.925822
2.972 0.898992
2.97862 0.947092
2.98525 1.15602
2.99188 1.11647
2.9985 0.940289
3.00513 1.0283
3.01175 1.53762
3.01838 1.02903
3.02501 1.08567
3.03163 1.28378
3.03826 0.859863
3.04489 0.908789
3.05151 0.790452
3.05814 1.19818
3.06477 0.986618
3.07139 0.904907
3.07802 0.917669
3.08465 1.14405
3.09127 1.11787
3.0979 1.03686
3.10453 1.00606
3.11115 0.964659
3.11778 1.31664
3.12441 1.00633
3.13103 1.00313
3.13766 0.932696
3.14429 1.06011
3.15091 1.2784
3.15754 1.09112
3.16416 1.1811
3.17079 1.05029
3.17742 1.12212
3.18404 0.640949
3.19067 0.929719
3.1973 1.15183
3.20392 1.05632
3.21055 1.13193
3.21718 0.725451
3.2238 0.876717
3.23043 1.37919
3.23706 0.840159
3.24368 0.747438
3.25031 1.14186
3.25694 1.2994
3.26356 0.7791
3.27019 1.15515
3.27682 0.764518
3.28344 0.894791
3.29007 0.842592
3.2967 0.936177
3.30332 1.10973
3.30995 0.893828
