0.435574866667 0.998363333333
0.594314 0.995851333333
0.0142440766667 0.469427333333
0.00699141666667 0.520301333333
0.00227136 0.650283666667
0.00616404 0.2126806
0.961498 0.189956
0.97239 0.231982666667
0.994113666667 0.298068333333
0.972392333333 0.568931333333
0.985892666667 0.532320666667
0.912250666667 0.556543
0.884641666667 0.589461333333
0.728617666667 0.535030666667
0.513742 0.0174189646667
0.843353666667 0.0241588633333
0.777239666667 0.03812813
0.302115 0.00957714133333
0.01120234 0.287152666667
0.229344 0.478454333333
0.244780666667 0.440341666667
0.2034672 0.994821666667
0.675128666667 0.953511333333
0.952094666667 0.923754333333
0.807424666667 0.0633938
0.889296333333 0.314480666667
0.955463333333 0.503332666667
0.910632666667 0.441819
0.968963666667 0.466722
0.951127333333 0.440559333333
0.920286333333 0.306816666667
0.951351333333 0.310327666667
0.9206 0.269235333333
0.951665 0.272746333333
0.737240333333 0.04974983
0.964482333333 0.603348333333
0.939973333333 0.571600333333
0.720161 0.643676666667
0.733305666667 0.611547
0.754544333333 0.592825333333
0.758955666667 0.551478
0.73318 0.497163333333
0.0311364633333 0.228674333333
0.01356303 0.135347933333
0.0302210633333 0.183135333333
0.0508759333333 0.145796333333
0.0652074 0.0449705666667
0.0293491 0.0828717
0.0481727 0.105762766667
0.623025333333 0.008115628
0.567247666667 0.012689498
0.63332 0.0325759333333
0.709258333333 0.0270664966667
0.673549666667 0.0444562666667
0.0293532433333 0.323378333333
0.222217 0.41076
0.0896876 0.375877666667
0.0303142066667 0.588296666667
0.0998623 0.991128
0.02704911 0.979416
0.04466761 0.948917333333
0.494193 0.880728
0.916108666667 0.976457666667
0.915648333333 0.943124333333
0.498213333333 0.853059333333
0.879033666667 0.349280333333
0.905470666667 0.381587666667
0.887013333333 0.411351666667
0.829876666667 0.412364
0.858571 0.425026
0.960023666667 0.40915
0.937986333333 0.380645666667
0.980510666667 0.368163333333
0.958473333333 0.339659
0.90873 0.621778666667
0.934157 0.608522333333
0.958666 0.640270333333
0.954031666667 0.679304
0.416301333333 0.557405
0.436368 0.591132333333
0.789631 0.544414333333
0.80992 0.507667333333
0.671484 0.488587
0.708408666667 0.481909666667
0.799422333333 0.474461666667
0.768039 0.475380666667
0.806507 0.434253333333
0.775123666667 0.435172333333
0.0540382 0.244185
0.0860383666667 0.298134333333
0.0536998 0.292853333333
0.163301 0.0409362333333
0.221213333333 0.0200219433333
0.273897333333 0.02354581
0.0817399 0.151318666667
0.077673 0.0893494333333
0.0987050666667 0.116051
0.128904 0.101649766667
0.133898333333 0.0582263
0.0988306 0.0574903
0.1054111 0.319207333333
0.106079766667 0.351890666667
0.150158666667 0.367113666667
0.0329957766667 0.365658333333
0.0603229 0.380193333333
0.0218681766667 0.413934333333
0.0491953 0.428469333333
0.1177655 0.406496
0.185061333333 0.417298
0.154113 0.397374
0.279549666667 0.434864
0.0288642 0.523215
0.0437188666667 0.552744333333
0.170112 0.975278666667
0.133248433333 0.983063
0.139052666667 0.95528
0.1017807 0.936499333333
0.0824241333333 0.956093666667
0.473398666667 0.905553
0.443780666667 0.976324333333
0.646984 0.926897
0.617195 0.931070333333
0.574121666667 0.981047333333
0.607192333333 0.959246
0.470553 0.833867333333
0.526093 0.826246666667
0.800273666667 0.0929641666667
0.816492666667 0.1175728
0.937916666667 0.0769547666667
0.973354 0.105525433333
0.970558 0.147033
0.850835 0.0488150666667
0.874338666667 0.0704947666667
0.891155333333 0.0348463666667
0.914659 0.0565260666667
0.930423666667 0.191443333333
0.844887333333 0.125373466667
0.872232 0.1020108
0.914119333333 0.159607666667
0.932860666667 0.134153666667
0.913106333333 0.107861333333
0.81944 0.376194666667
0.836583333333 0.350982666667
0.590828333333 0.483507
0.545142 0.479097666667
0.603705 0.0609929
0.587396333333 0.142696
0.895978333333 0.710238
0.858593333333 0.674539
0.857054666667 0.706224333333
0.898517 0.656779
0.919309666667 0.682556333333
0.971228666667 0.709048
0.994629666667 0.691003
0.991545333333 0.613741666667
0.953429666667 0.892513666667
0.979944333333 0.839049
0.838406666667 0.653286
0.783731333333 0.608732
0.805095 0.579668666667
0.854242 0.603208666667
0.83603 0.574769666667
0.730034 0.673696
0.843942 0.736156
0.366292666667 0.500355666667
0.301574 0.461026666667
0.376907666667 0.561002
0.346047666667 0.527023333333
0.579263 0.552864666667
0.435578333333 0.530672
0.476302 0.532765333333
0.544287333333 0.542031666667
0.526342333333 0.509105666667
0.492527 0.503856666667
0.853831333333 0.535985666667
0.843185333333 0.504137666667
0.899652333333 0.531506333333
0.920227333333 0.506753333333
0.893233 0.471402333333
0.862012 0.464307333333
0.251288333333 0.0440882
0.338234 0.1165655
0.31655 0.04132971
0.293941 0.0618721
0.302847333333 0.0956730333333
0.106212266667 0.265521
0.0854934333333 0.233555333333
0.33359 0.149983
0.228137333333 0.38198
0.219255333333 0.348967
0.299819333333 0.404661333333
0.300322 0.217897333333
0.166329333333 0.334342333333
0.198557333333 0.325051666667
0.143307666667 0.302416666667
0.139358 0.269445333333
0.164783333333 0.246441
0.201998333333 0.479008666667
0.180279333333 0.447434
0.153308 0.465622
0.175027 0.497196666667
0.40835 0.1162975
0.453332333333 0.162292666667
0.475517666667 0.0330521313333
0.443308666667 0.050201798
0.460920666667 0.113912166667
0.440344 0.0947756666667
0.446135333333 0.247158
0.372988333333 0.368817333333
0.02595931 0.903965
0.00557311666667 0.812600666667
0.01011494 0.760524333333
0.225381666667 0.551871666667
0.226805666667 0.583421
0.216726333333 0.656453
0.210262666667 0.958490666667
0.240410333333 0.788453666667
0.231205666667 0.824361333333
0.310103 0.837565333333
0.659230333333 0.888055333333
0.710953333333 0.838188666667
0.671725 0.829907333333
0.645434 0.853996333333
0.616504 0.852359666667
0.553541 0.837287
0.568244 0.882037333333
0.600511333333 0.890592
0.538578333333 0.973468666667
0.571649 0.951667333333
0.495519333333 0.961563333333
0.497542 0.932803
0.518336333333 0.907978
0.549384333333 0.914937
0.712599666667 0.977843666667
0.862474333333 0.983079
0.829693 0.965433333333
0.731752 0.991937
0.640115333333 0.984502333333
0.692921666667 0.899851666667
0.702985 0.936945
0.740456 0.961277333333
0.434828333333 0.837164333333
0.631364333333 0.775937666667
0.611448 0.813187
0.580752333333 0.806669
0.864104333333 0.282795
0.837385333333 0.273448
0.894426333333 0.253323666667
0.459455666667 0.39433
0.499271 0.341218666667
0.524032333333 0.317497
0.457227666667 0.277120666667
0.793866333333 0.205493
0.778607333333 0.241386
0.763024666667 0.1144537
0.779243666667 0.139062333333
0.765985 0.170275
0.551186333333 0.0393728333333
0.575077 0.0630603333333
0.474982666667 0.178606666667
0.473747333333 0.216878
0.558250333333 0.129990333333
0.554941333333 0.0923926666667
0.500659666667 0.143925333333
0.528360666667 0.157381666667
0.489753 0.105741166667
0.501385333333 0.069455
0.531050666667 0.0687051666667
0.493599 0.267383666667
0.517535333333 0.283128333333
0.501001666667 0.227224666667
0.529938 0.202409666667
0.598268 0.173504
0.637518666667 0.230141666667
0.958516 0.743197333333
0.964147333333 0.795937
0.917987666667 0.741135
0.784309666667 0.647011333333
0.805754333333 0.668150666667
0.759413666667 0.677806333333
0.780858333333 0.698945666667
0.678439333333 0.713530666667
0.709311666667 0.703473666667
0.783701666667 0.728668333333
0.815671666667 0.749058
0.820678333333 0.788963
0.267540333333 0.774113666667
0.259579 0.726237333333
0.374636 0.591124333333
0.414366333333 0.614058666667
0.407219666667 0.650311333333
0.377326666667 0.66108
0.295906333333 0.551626333333
0.316132333333 0.525751333333
0.293327 0.494545333333
0.255866 0.506495333333
0.256255333333 0.537808666667
0.615330333333 0.510786666667
0.609388333333 0.541016333333
0.652554 0.508666666667
0.671264 0.457107333333
0.708188666667 0.45043
0.585903666667 0.309361333333
0.562426666667 0.334071333333
0.393444 0.0867243666667
0.362719333333 0.0879943666667
0.349941666667 0.04655951
0.388190666667 0.018330808
0.417659 0.0424988313333
0.104743166667 0.177184
0.106249833333 0.206571
0.145911666667 0.168918
0.152394 0.215532333333
0.173727 0.191211333333
0.351994666667 0.177778666667
0.335473666667 0.211066333333
0.410367 0.234159
0.157199 0.106732333333
0.166003 0.1377639
0.185238 0.0675066
0.220541333333 0.0671347
0.251004333333 0.33107
0.259886333333 0.364083
0.288204 0.371560333333
0.260914666667 0.290473
0.229755333333 0.236575666667
0.239624333333 0.26735
0.199147 0.253257333333
0.209016 0.284031666667
0.06851 0.530598
0.0536553333333 0.501068666667
0.0663623333333 0.461816
0.105567833333 0.444158333333
0.123539333333 0.473906
0.359893 0.470134
0.337643333333 0.451218
0.337297666667 0.415577
0.36764 0.403973666667
0.1058495 0.573320666667
0.163146333333 0.522171
0.185766 0.546087
0.100901833333 0.537333666667
0.122877666667 0.513621
0.190301666667 0.601011
0.132650333333 0.589223333333
0.166497 0.577602
0.184981 0.637546666667
0.234065 0.717265
0.216243666667 0.691067333333
0.220914 0.756319666667
0.188469 0.759857
0.351135333333 0.638674666667
0.341298 0.604971666667
0.30149 0.585749666667
0.156381 0.931043666667
0.192534333333 0.929718666667
0.204875 0.897073333333
0.133104466667 0.802509
0.171813333333 0.790531666667
0.195053666667 0.822902
0.0452576666667 0.873099333333
0.0278106 0.836280333333
0.0545179333333 0.827799666667
0.128786466667 0.721903666667
0.181556666667 0.696988333333
0.166933 0.726723333333
0.161346333333 0.662339666667
0.107259233333 0.782269666667
0.109437566667 0.742160333333
0.0756412 0.716392666667
0.287770333333 0.9914
0.239675333333 0.966787
0.249340333333 0.855681333333
0.280654333333 0.858820666667
0.23703 0.891350666667
0.824966666667 0.851305666667
0.807836666667 0.814876333333
0.780376666667 0.819476666667
0.852691 0.944226333333
0.838165666667 0.916079666667
0.885012 0.928538666667
0.870486666667 0.900392
0.350455 0.857987333333
0.380967333333 0.843567333333
0.438836 0.896725
0.417876333333 0.860595666667
0.424034 0.712875333333
0.432931 0.678408333333
0.577772333333 0.766405
0.552996 0.753712666667
0.612812 0.750318666667
0.828199666667 0.203961
0.844083 0.234021
0.853077333333 0.164191333333
0.884785 0.170886666667
0.901089333333 0.202722333333
0.885265 0.226087
0.555968666667 0.366174666667
0.517283333333 0.372386333333
0.498573333333 0.39605
0.530835 0.436903666667
0.50504 0.427393
0.445367666667 0.425963
0.397147 0.463686
0.405239666667 0.433166666667
0.472648666667 0.450644333333
0.467203666667 0.480340666667
0.403546666667 0.493907666667
0.431248666667 0.502053333333
0.412020666667 0.314738
0.442851333333 0.304274333333
0.462769666667 0.336939333333
0.411124666667 0.354064666667
0.441664333333 0.366387
0.733986333333 0.182468
0.683915 0.0740145666667
0.724015 0.0818910333333
0.732499 0.112192033333
0.580311 0.274180333333
0.550337 0.264521666667
0.555337 0.223962
0.604004666667 0.238373666667
0.587339 0.206835666667
0.943046333333 0.827214
0.933025666667 0.867745
0.868323333333 0.844701
0.893922666667 0.870244666667
0.869122 0.765078666667
0.904244 0.766044
0.923671333333 0.799383333333
0.857536333333 0.795062
0.888051333333 0.814370666667
0.716692666667 0.737988
0.747181666667 0.752173333333
0.685820333333 0.748045
0.722757333333 0.809188
0.751193666667 0.793116
0.683529 0.800906666667
0.666305666667 0.775630666667
0.313211 0.807732666667
0.292757666667 0.783328
0.287207 0.706815666667
0.332746666667 0.664655
0.295734666667 0.667555666667
0.358938 0.687060333333
0.310974333333 0.744157666667
0.643162666667 0.44531
0.643877333333 0.416109666667
0.603583666667 0.453475
0.612948666667 0.392922
0.569734 0.426104333333
0.578384333333 0.394751666667
0.756413 0.409378
0.720704 0.418967666667
0.777359666667 0.372289666667
0.428208666667 0.177163333333
0.407222 0.203957
0.403803 0.150304666667
0.382816333333 0.177098333333
0.300470333333 0.154595666667
0.283761666667 0.116282533333
0.283723333333 0.189222333333
0.245491 0.19954
0.306324 0.249155333333
0.29528 0.280639
0.377689 0.296122
0.341475666667 0.242324333333
0.373285333333 0.255979
0.242620666667 0.639864333333
0.276179666667 0.644191
0.247379333333 0.603368
0.280938333333 0.607694666667
0.133432466667 0.832404
0.145809333333 0.895923
0.175657 0.875087666667
0.174637666667 0.845407333333
0.112713366667 0.897725666667
0.0902578666667 0.875146666667
0.0986653 0.848278666667
0.114243166667 0.623524333333
0.1273535 0.652429666667
0.1094173 0.682258666667
0.0764129333333 0.682235
0.0454409733333 0.657848
0.0545861733333 0.617141666667
0.0874423333333 0.607621666667
0.0554742 0.732762
0.0188336066667 0.728303666667
0.0288566066667 0.69312
0.0476272333333 0.7928
0.0713057 0.777896666667
0.352258666667 0.887730666667
0.295666 0.898449666667
0.326918333333 0.906937666667
0.272091333333 0.949423
0.270657666667 0.914820666667
0.320186333333 0.974036
0.773044666667 0.863559333333
0.732057666667 0.866199333333
0.721797 0.896475
0.790705666667 0.94494
0.759706666667 0.938584666667
0.806572 0.909577666667
0.80095 0.878307
0.492510666667 0.736259333333
0.479033666667 0.799012666667
0.450145333333 0.770352666667
0.455158 0.736308333333
0.512989333333 0.793480666667
0.521453666667 0.764771666667
0.65318 0.695892666667
0.616847 0.717507
0.701761666667 0.159863666667
0.631112666667 0.159460333333
0.653697666667 0.18456
0.684643333333 0.18482
0.699924666667 0.129937
0.67128 0.100571566667
0.631299666667 0.0994302333333
0.620241 0.128652333333
0.350616333333 0.790656666667
0.378020666667 0.806069333333
0.399122666667 0.732853
0.41569 0.76986
0.408853666667 0.801817
0.367292666667 0.720761333333
0.342362 0.750243333333
0.768248666667 0.345128666667
0.779988666667 0.277332
0.804732666667 0.326424333333
0.806314666667 0.295074666667
0.668707 0.393972
0.701821666667 0.388298666667
0.202024333333 0.134088566667
0.202908333333 0.173235
0.231674666667 0.167336666667
0.228523666667 0.1026851
0.253198333333 0.118705866667
0.351477 0.313714666667
0.319244666667 0.311201
0.347672333333 0.347083333333
0.31544 0.344569666667
0.409523666667 0.962895
0.360365333333 0.961516333333
0.352855333333 0.932220333333
0.414091 0.923034666667
0.378195666667 0.913013333333
0.690096666667 0.632078333333
0.703241333333 0.599948666667
0.640540666667 0.567784333333
0.694142 0.564779666667
0.664163666667 0.550258
0.578403666667 0.587607
0.723151 0.336593666667
0.697134333333 0.354774333333
0.626069 0.316534666667
0.632509666667 0.35583
0.664019666667 0.360447666667
0.643015666667 0.657475333333
0.658933 0.633737333333
0.603396 0.643721333333
0.633773333333 0.600647333333
0.601761666667 0.608621666667
0.544871333333 0.599736666667
0.524355666667 0.569567666667
0.469528666667 0.597184333333
0.490185666667 0.565550333333
0.748765333333 0.282391666667
0.717551666667 0.301411666667
0.702420333333 0.228841666667
0.747384 0.246445666667
0.730644333333 0.222745666667
0.504744333333 0.710198333333
0.545830666667 0.719609666667
0.574642 0.699490333333
0.571355333333 0.664122
0.685284666667 0.255877666667
0.683604666667 0.288954
0.651328666667 0.257437666667
0.649648666667 0.290514
0.526978333333 0.628296333333
0.530028666667 0.655869
0.485805666667 0.629761333333
0.467078333333 0.662924666667
0.492229 0.681826
