0.0735391 0.00116858
0.0961665 0.000245542
0.141421 0.000383067
0.152735 0.000322129
0.19799 0.00215111
0.209304 0.00111112
0.220617 0.000815262
0.254558 0.0040367
0.277186 0.00554687
0.2885 0.00275734
0.299813 0.00835204
0.311127 0.0056708
0.356382 0.0151609
0.379009 0.0122928
0.401637 0.0554481
0.41295 0.019792
0.424264 0.0392439
0.435578 0.0122248
0.446891 0.0196202
0.458205 0.0452284
0.469519 0.0490159
0.492146 0.00398923
0.50346 0.0437592
0.514774 0.0445741
0.537401 0.0652077
0.548715 0.0962848
0.560029 0.122378
0.571342 0.135655
0.582656 0.0777225
0.605283 0.29515
0.627911 0.746715
0.639225 0.477027
0.650538 0.526038
0.661852 0.0934565
0.673166 0.232268
0.695793 0.279909
0.707107 0.405898
0.71842 0.64603
0.729734 0.381839
0.741048 0.283751
0.752362 0.17058
0.763675 0.356304
0.774989 0.465334
0.786303 0.313926
0.797616 0.230961
0.80893 0.675572
0.820244 1.51973
0.831558 1.20207
0.854185 1.10191
0.865499 1.67045
0.876812 1.81875
0.888126 2.51246
0.89944 1.35247
0.910754 2.18998
0.922067 1.48929
0.933381 0.764758
0.944695 0.315232
0.956008 1.16395
0.967322 0.364867
0.978636 0.520262
0.989949 0.921082
1.00126 0.996012
1.01258 1.28085
1.02389 0.602617
1.0352 0.449623
1.04652 1.26346
1.05783 0.587421
1.06915 1.0606
1.08046 0.937397
1.10309 0.918293
1.1144 1.67384
1.13703 1.56543
1.14834 2.30789
1.15966 2.74286
1.17097 2.20088
1.18228 1.71505
1.20491 1.56018
1.21622 1.27731
1.23885 1.24082
1.25016 0.959115
1.26148 0.434743
1.27279 0.965418
1.28411 0.927998
1.29542 1.25699
1.30673 1.32794
1.31805 1.18774
1.32936 0.989051
1.34067 1.32712
1.35199 1.57127
1.3633 1.40385
1.37462 1.46654
1.38593 0.428953
1.39724 1.20455
1.40856 1.35497
1.41987 1.33353
1.43118 1.16506
1.4425 0.901901
1.45381 1.63413
1.47644 0.73209
1.48775 1.23707
1.49907 1.27765
1.51038 0.680426
1.52169 1.62397
1.53301 1.12765
1.54432 0.637637
1.55563 0.937254
1.56695 0.930968
1.57826 0.867435
1.58958 0.998741
1.60089 0.476964
1.6122 0.593156
1.62352 1.02015
1.63483 0.632853
1.64614 0.957948
1.65746 0.309525
1.66877 0.683997
1.68009 0.675388
1.6914 0.981128
1.70271 0.703787
1.71403 0.896143
1.72534 1.2999
1.73665 1.04824
1.74797 0.650804
1.75928 0.312746
1.7706 0.491763
1.78191 0.489266
1.79322 0.542176
1.80454 0.744494
1.81585 0.489673
1.82716 0.560664
1.83848 0.858097
1.84979 0.625736
1.86111 0.619643
1.87242 0.87718
1.88373 0.819214
1.89505 0.791611
1.90636 1.0345
1.91767 0.534407
1.92899 0.90478
1.9403 0.808955
1.95161 1.36815
1.96293 0.765525
1.97424 1.1227
1.98556 0.62002
1.99687 0.712674
2.00818 1.07566
2.0195 0.84733
2.03081 1.21922
2.04212 0.520695
2.05344 1.21529
2.06475 0.847853
2.07607 1.44858
2.08738 0.835754
2.09869 1.06088
2.11001 1.24423
2.12132 0.928435
2.13263 0.992454
2.14395 1.00445
2.15526 0.936555
2.16658 1.14815
2.17789 1.56821
2.1892 0.888621
2.20052 1.26757
2.21183 1.94813
2.22314 0.975531
2.23446 1.27548
2.24577 1.49401
2.25708 1.85706
2.2684 1.326
2.27971 1.10477
2.29103 1.12721
2.30234 1.2484
2.31365 0.915495
2.32497 0.984429
2.33628 0.794583
2.34759 1.2523
2.35891 1.1212
2.37022 0.915364
2.38154 0.88262
2.39285 0.843867
2.40416 0.739095
2.41548 1.31863
2.42679 0.43288
2.4381 0.789818
2.44942 1.13922
2.46073 0.645816
2.47205 0.940932
2.48336 0.932594
2.49467 0.831441
2.50599 1.14331
2.5173 1.02834
2.52861 0.752886
2.53993 1.26318
2.55124 0.884814
2.56255 1.29547
2.57387 0.708151
2.58518 1.37186
2.5965 0.668791
2.60781 0.98392
2.61912 1.11187
2.63044 0.939715
2.64175 0.689967
2.65306 1.04625
2.66438 1.19427
2.67569 1.09593
2.68701 0.962273
2.69832 0.826982
2.70963 1.0919
2.72095 1.2302
2.73226 0.626466
2.74357 1.50343
2.75489 0.848791
2.7662 0.911322
2.77752 1.02728
2.78883 1.4779
2.80014 1.66346
2.81146 1.48344
2.82277 1.02499
2.83408 0.921314
2.8454 1.08833
2.85671 0.606521
2.86803 1.00671
2.87934 0.984356
2.89065 1.07641
2.90197 1.0394
2.91328 0.630472
2.92459 0.782077
2.93591 0.598914
2.94722 0.673944
2.95853 0.675905
2.96985 0.93198
2.98116 1.08576
2.99248 0.652667
3.00379 1.0192
3.0151 0.899636
3.02642 1.42836
3.03773 0.894219
3.04904 1.22839
3.06036 1.4909
3.07167 0.981548
3.08299 0.919314
3.0943 1.54086
3.10561 0.854634
3.11693 1.02164
3.12824 1.1309
3.13955 0.655821
3.15087 0.924326
3.16218 0.716867
3.1735 1.01819
3.18481 0.825274
3.19612 1.01787
3.20744 1.24424
3.21875 0.642972
3.23006 0.816187
3.24138 0.762011
3.25269 1.14697
3.264 0.907779
3.27532 1.34111
3.28663 0.962445
3.29795 0.876678
3.30926 0.960406
3.32057 0.691658
3.33189 1.00323
3.3432 1.01239
3.35451 1.0894
3.36583 1.23907
3.37714 0.772492
3.38846 0.944124
3.39977 1.30721
3.41108 0.940166
3.4224 0.956285
3.43371 1.13345
3.44502 0.906725
3.45634 1.02447
3.46765 0.804397
3.47897 1.34276
3.49028 1.41565
3.50159 0.75381
3.51291 0.987615
3.52422 1.21683
3.53553 1.09157
3.54685 1.04561
3.55816 1.08026
3.56948 0.874507
3.58079 0.936119
3.5921 1.48747
3.60342 0.941368
3.61473 1.01898
3.62604 1.15441
3.63736 1.17289
3.64867 1.07139
3.65998 1.24222
3.6713 1.09334
3.68261 0.812052
3.69393 0.771287
3.70524 0.804794
3.71655 1.08413
3.72787 0.673987
3.73918 0.904641
3.75049 0.979977
3.76181 0.831481
3.77312 1.10856
3.78444 0.904832
3.79575 0.978334
3.80706 1.15913
3.81838 0.691623
3.82969 1.01927
3.841 0.797461
3.85232 1.06125
3.86363 0.829107
3.87495 0.770027
3.88626 1.33321
3.89757 0.818408
3.90889 1.10381
3.9202 0.877648
3.93151 1.51049
3.94283 0.995188
3.95414 0.909485
3.96545 0.862849
3.97677 0.822552
3.98808 0.907478
3.9994 0.916469
4.01071 0.721715
4.02202 0.927027
4.03334 1.00483
4.04465 0.74255
4.05596 0.987152
4.06728 0.874844
4.07859 1.14463
4.08991 0.973255
4.10122 1.2549
4.11253 1.01923
4.12385 0.811255
4.13516 1.42597
4.14647 1.1471
4.15779 1.28441
4.1691 0.677296
4.18042 1.26291
4.19173 0.73515
4.20304 0.829845
4.21436 1.09629
4.22567 0.985939
4.23698 0.996155
4.2483 1.10839
4.25961 1.03116
4.27092 0.904778
4.28224 1.11797
4.29355 0.95562
4.30487 1.25296
4.31618 1.2892
4.32749 0.884369
4.33881 1.09932
4.35012 1.05868
4.36143 1.33746
4.37275 1.13444
4.38406 0.993249
4.39538 0.953792
4.40669 0.804519
4.418 0.805898
4.42932 1.07979
4.44063 0.868238
4.45194 1.20437
4.46326 1.06468
4.47457 1.12072
4.48589 0.864473
4.4972 1.0478
4.50851 0.972719
4.51983 1.04873
4.53114 0.811728
4.54245 1.28009
4.55377 0.834577
4.56508 1.05073
4.5764 0.862175
4.58771 0.777241
4.59902 0.773899
4.61034 0.897504
4.62165 0.821303
4.63296 1.13717
4.64428 0.889596
4.65559 1.00921
4.6669 1.2857
4.67822 1.25261
4.68953 1.01378
4.70085 0.960824
4.71216 0.88398
4.72347 0.733979
4.73479 1.32351
4.7461 0.723046
4.75741 0.958678
4.76873 0.928882
4.78004 0.911436
4.79136 0.92125
4.80267 0.718394
4.81398 1.03675
4.8253 1.28287
4.83661 1.06598
4.84792 1.18528
4.85924 1.00498
4.87055 0.98638
4.88187 1.04441
4.89318 0.879422
4.90449 1.03462
4.91581 0.780531
4.92712 1.02403
4.93843 1.10321
4.94975 1.38807
4.96106 1.01632
4.97237 1.00106
4.98369 0.818598
4.995 1.0337
5.00632 1.0264
5.01763 0.959516
5.02894 0.842086
5.04026 0.865983
5.05157 0.860082
5.06288 0.732042
5.0742 1.24959
5.08551 0.881884
5.09683 0.884665
5.10814 1.05091
5.11945 0.802861
5.13077 1.22176
5.14208 0.754199
5.15339 0.931526
5.16471 0.951631
5.17602 1.04881
5.18734 0.768119
5.19865 1.1286
5.20996 0.690467
5.22128 1.3487
5.23259 1.10852
5.2439 0.852769
5.25522 0.848077
5.26653 1.33715
5.27785 0.93031
5.28916 0.767389
5.30047 0.998228
5.31179 1.00736
5.3231 0.992954
5.33441 0.912265
5.34573 0.958156
5.35704 1.04263
5.36835 1.0853
5.37967 1.28842
5.39098 0.879435
5.4023 0.796985
5.41361 0.907636
5.42492 1.75261
5.43624 1.08258
5.44755 1.16569
5.45886 0.953314
5.47018 0.930262
5.48149 1.01841
5.49281 0.710591
5.50412 1.20497
5.51543 1.25982
5.52675 0.726179
5.53806 1.09822
5.54937 1.14212
5.56069 0.941335
5.572 0.738931
5.58332 0.617141
5.59463 1.3522
5.60594 1.05899
5.61726 1.24782
5.62857 0.937641
5.63988 1.23156
5.6512 1.35649
