0.0600444 0.000344971
0.0785196 0.000202762
0.11547 0.000522727
0.124708 0.000308571
0.161658 0.000725831
0.170896 0.00728403
0.180133 0.00371306
0.207846 0.0038138
0.226321 0.0041991
0.235559 0.00741583
0.244797 0.0170443
0.254034 0.00207282
0.290985 0.0247352
0.30946 0.0335608
0.327935 0.0262217
0.337173 0.0385195
0.34641 0.0380268
0.355648 0.0675012
0.364885 0.0159296
0.374123 0.0374838
0.383361 0.0495653
0.401836 0.0172958
0.411073 0.04631
0.420311 0.0429665
0.438786 0.0402165
0.448024 0.0279496
0.457261 0.052138
0.466499 0.0728993
0.475737 0.110718
0.494212 0.0621402
0.512687 0.158521
0.521925 0.0596569
0.531162 0.118328
0.5404 0.123324
0.549637 0.0597801
0.568113 0.0915678
0.57735 0.0881668
0.586588 0.0785745
0.595825 0.15234
0.605063 0.266298
0.614301 0.0571645
0.623538 0.148584
0.632776 0.0594545
0.642013 0.154272
0.651251 0.0569844
0.660489 0.150625
0.669726 0.0690934
0.678964 0.132121
0.697439 0.235589
0.706677 0.326341
0.715914 0.334761
0.725152 0.456683
0.73439 0.24647
0.743627 0.611869
0.752865 0.502425
0.762102 0.642056
0.77134 0.300315
0.780578 0.456237
0.789815 0.138513
0.799053 0.187833
0.80829 0.386287
0.817528 0.190846
0.826766 0.322163
0.836003 0.477162
0.845241 0.506567
0.854478 0.704926
0.863716 0.266912
0.872954 0.942412
0.882191 0.65353
0.900666 0.624373
0.909904 1.39223
0.928379 1.13375
0.937617 1.99929
0.946854 1.89479
0.956092 2.19213
0.96533 1.39103
0.983805 1.73045
0.993042 1.25094
1.01152 1.39164
1.02076 1.03793
1.02999 0.471963
1.03923 1.05393
1.04847 2.00559
1.05771 1.74156
1.06694 1.57946
1.07618 1.46224
1.08542 1.51305
1.09466 1.98371
1.10389 2.99536
1.11313 1.69096
1.12237 1.9536
1.13161 1.14336
1.14084 1.83881
1.15008 2.10868
1.15932 2.38082
1.16856 2.19652
1.17779 0.808542
1.18703 2.67802
1.20551 1.03495
1.21474 1.62454
1.22398 1.92733
1.23322 0.789406
1.24246 2.59037
1.2517 1.5141
1.26093 1.68092
1.27017 1.20741
1.27941 1.57623
1.28865 0.778513
1.29788 1.39483
1.30712 1.23267
1.31636 1.05221
1.3256 1.40131
1.33483 0.97253
1.34407 1.33296
1.35331 0.491181
1.36255 0.908705
1.37178 1.01573
1.38102 0.768894
1.39026 1.38676
1.3995 1.26324
1.40873 1.42745
1.41797 1.45224
1.42721 0.832201
1.43645 0.754707
1.44569 0.621395
1.45492 0.557546
1.46416 0.729163
1.4734 0.825673
1.48264 0.432841
1.49187 0.632006
1.50111 0.864874
1.51035 0.987231
1.51959 0.570329
1.52882 0.551345
1.53806 0.722025
1.5473 0.459136
1.55654 0.937797
1.56577 0.442966
1.57501 0.597624
1.58425 0.692374
1.59349 0.662449
1.60272 0.817696
1.61196 0.911225
1.6212 0.441977
1.63044 0.495298
1.63967 0.49444
1.64891 0.662255
1.65815 0.817468
1.66739 0.372859
1.67663 0.662569
1.68586 0.448639
1.6951 0.705852
1.70434 0.320036
1.71358 0.699784
1.72281 0.938509
1.73205 0.659545
1.74129 0.383997
1.75053 0.664234
1.75976 0.878454
1.769 0.308067
1.77824 0.84911
1.78748 0.528773
1.79671 0.723238
1.80595 0.840212
1.81519 0.526788
1.82443 0.68864
1.83366 0.866996
1.8429 1.21724
1.85214 0.689351
1.86138 0.633892
1.87061 0.697794
1.87985 0.876438
1.88909 0.813666
1.89833 0.383629
1.90757 0.543155
1.9168 0.907443
1.92604 0.9194
1.93528 0.65785
1.94452 1.02657
1.95375 0.832705
1.96299 0.794409
1.97223 1.3052
1.98147 0.968676
1.9907 0.630703
1.99994 0.857346
2.00918 0.478094
2.01842 0.790763
2.02765 1.01891
2.03689 0.818448
2.04613 1.11166
2.05537 0.525025
2.0646 0.86512
2.07384 1.09564
2.08308 0.942371
2.09232 1.33544
2.10155 0.703918
2.11079 1.14389
2.12003 0.811895
2.12927 1.20238
2.13851 1.17855
2.14774 0.997707
2.15698 0.680526
2.16622 1.45164
2.17546 1.34843
2.18469 1.75164
2.19393 1.24551
2.20317 1.09854
2.21241 1.31938
2.22164 1.36559
2.23088 1.08539
2.24012 1.97671
2.24936 1.10956
2.25859 1.52777
2.26783 1.66189
2.27707 2.00475
2.28631 2.59095
2.29554 1.61649
2.30478 1.64668
2.31402 1.52168
2.32326 1.28909
2.3325 0.863737
2.34173 1.55736
2.35097 1.1321
2.36021 1.94013
2.36945 1.49587
2.37868 1.03088
2.38792 1.12978
2.39716 1.22133
2.4064 1.52978
2.41563 1.13773
2.42487 1.19692
2.43411 1.19542
2.44335 1.16211
2.45258 1.13185
2.46182 1.43437
2.47106 1.67674
2.4803 0.9944
2.48953 1.54512
2.49877 1.10591
2.50801 1.21913
2.51725 0.869364
2.52648 2.02146
2.53572 1.01762
2.54496 0.944221
2.5542 0.989602
2.56344 0.738545
2.57267 0.961577
2.58191 0.901959
2.59115 0.90822
2.60039 1.0582
2.60962 0.915826
2.61886 1.03349
2.6281 0.604098
2.63734 0.810099
2.64657 0.789147
2.65581 0.951878
2.66505 0.728901
2.67429 0.976809
2.68352 0.766873
2.69276 0.813692
2.702 0.738556
2.71124 0.682969
2.72047 0.650575
2.72971 0.696211
2.73895 0.911112
2.74819 0.845408
2.75742 0.691259
2.76666 0.570495
2.7759 0.701589
2.78514 0.886587
2.79438 0.697825
2.80361 0.515375
2.81285 0.624536
2.82209 0.646167
2.83133 0.545072
2.84056 0.6753
2.8498 0.785665
2.85904 0.842848
2.86828 0.786838
2.87751 0.67485
2.88675 0.655618
2.89599 0.535593
2.90523 0.668147
2.91446 0.811013
2.9237 0.9199
2.93294 1.06383
2.94218 0.707483
2.95141 0.754455
2.96065 0.839478
2.96989 0.699801
2.97913 0.727407
2.98836 0.819212
2.9976 0.817722
3.00684 0.719962
3.01608 0.647552
3.02532 0.632009
3.03455 0.810252
3.04379 0.592948
3.05303 0.702714
3.06227 0.681635
3.0715 0.669582
3.08074 0.955309
3.08998 0.929643
3.09922 0.922305
3.10845 1.12555
3.11769 0.797557
3.12693 0.993764
3.13617 0.759147
3.1454 1.06405
3.15464 0.700032
3.16388 1.0493
3.17312 1.06171
3.18235 1.09245
3.19159 1.30671
3.20083 1.28719
3.21007 1.52576
3.21931 1.11361
3.22854 1.09192
3.23778 0.88793
3.24702 1.31886
3.25626 0.75045
3.26549 1.05823
3.27473 0.854895
3.28397 1.21798
3.29321 1.26625
3.30244 0.884269
3.31168 1.47559
3.32092 0.892821
3.33016 1.23933
3.33939 1.25276
3.34863 1.49173
3.35787 1.21189
3.36711 0.969227
3.37634 1.71845
3.38558 1.66152
3.39482 1.68098
3.40406 0.896593
3.41329 1.74618
3.42253 1.09398
3.43177 1.21656
3.44101 1.35993
3.45025 1.41197
3.45948 1.50071
3.46872 1.38629
3.47796 1.40501
3.4872 0.971097
3.49643 1.45073
3.50567 1.27231
3.51491 1.57094
3.52415 1.80236
3.53338 0.98552
3.54262 1.20593
3.55186 1.84282
3.5611 1.64637
3.57033 1.38882
3.57957 1.2092
3.58881 1.00411
3.59805 1.03535
3.60728 0.810055
3.61652 1.22496
3.62576 0.970341
3.635 1.25866
3.64423 0.982349
3.65347 1.01366
3.66271 0.919084
3.67195 1.0192
3.68119 0.852569
3.69042 1.13938
3.69966 0.769425
3.7089 1.22078
3.71814 0.973793
3.72737 0.806687
3.73661 0.70726
3.74585 0.814339
3.75509 0.743725
3.76432 0.743627
3.77356 0.85491
3.7828 1.19653
3.79204 0.878947
3.80127 0.813176
3.81051 0.979526
3.81975 1.0597
3.82899 1.15875
3.83822 0.847913
3.84746 0.588834
3.8567 0.496104
3.86594 0.728288
3.87518 0.627986
3.88441 0.705415
3.89365 0.720963
3.90289 0.660184
3.91213 0.775685
3.92136 0.557399
3.9306 0.766177
3.93984 0.661368
3.94908 0.830325
3.95831 0.811034
3.96755 0.673753
3.97679 0.661829
3.98603 0.593801
3.99526 0.604707
4.0045 0.773498
4.01374 0.547139
4.02298 0.739113
4.03221 0.711877
4.04145 1.09136
4.05069 0.747438
4.05993 0.494032
4.06916 0.917906
4.0784 0.678256
4.08764 0.816126
4.09688 0.632505
4.10612 0.799939
4.11535 0.958424
4.12459 0.652528
4.13383 0.67643
4.14307 0.757042
4.1523 0.66199
4.16154 0.709017
4.17078 1.12847
4.18002 0.776667
4.18925 1.10166
4.19849 0.661924
4.20773 0.77067
4.21697 0.833288
4.2262 1.24292
4.23544 0.762278
4.24468 1.10286
4.25392 0.71349
4.26315 1.09129
4.27239 1.1478
4.28163 0.89943
4.29087 0.984151
4.3001 1.46312
4.30934 1.02676
4.31858 1.10074
4.32782 1.00837
4.33706 1.10379
4.34629 1.00734
4.35553 1.34829
4.36477 0.939609
4.37401 1.21914
4.38324 1.27468
4.39248 1.42545
4.40172 0.962673
4.41096 1.17297
4.42019 1.33317
4.42943 1.81146
4.43867 1.51893
4.44791 1.47192
4.45714 1.17821
4.46638 1.17345
4.47562 1.00329
4.48486 0.844484
4.49409 1.59606
4.50333 1.0475
4.51257 1.00174
4.52181 1.50786
4.53104 1.39759
4.54028 0.907291
4.54952 1.05509
4.55876 0.89415
4.568 1.72667
4.57723 1.02254
4.58647 1.22248
4.59571 0.975208
4.60495 1.43401
4.61418 1.69437
