0.0766698 0.000167751
0.100261 0.000159996
0.147442 7.0756e-05
0.159237 8.91913e-05
0.206419 0.000197255
0.218214 0.000449926
0.230009 9.57311e-05
0.265396 0.00180969
0.288986 0.00420402
0.300782 0.000689313
0.312577 0.00210522
0.324372 0.00221358
0.371554 0.00809606
0.395144 0.011377
0.418735 0.0108556
0.430531 0.00478693
0.442326 0.0049894
0.454121 0.0148828
0.465917 0.0043623
0.477712 0.0177563
0.489507 0.00689903
0.513098 0.0152954
0.524893 0.0103662
0.536689 0.0107984
0.560279 0.0502262
0.572075 0.0364592
0.58387 0.161812
0.595666 0.12291
0.607461 0.134929
0.631052 0.0966369
0.654642 0.14632
0.666438 0.238766
0.678233 0.131156
0.690028 0.120354
0.701824 0.181437
0.725414 0.142032
0.73721 0.0786028
0.749005 0.11906
0.7608 0.118857
0.772596 0.297698
0.784391 0.221088
0.796187 0.344022
0.807982 0.591871
0.819777 0.320958
0.831573 0.716401
0.843368 0.491476
0.855163 1.08597
0.866959 0.943258
0.890549 1.90384
0.902345 1.8448
0.91414 0.330788
0.925935 2.34818
0.937731 4.04768
0.949526 2.03169
0.961322 1.50834
0.973117 0.840979
0.984912 0.577999
0.996708 1.30845
1.0085 0.570009
1.0203 0.258278
1.03209 0.764429
1.04389 0.751355
1.05568 0.998176
1.06748 0.81367
1.07928 1.89856
1.09107 1.85884
1.10287 2.88853
1.11466 1.62541
1.12646 1.73553
1.15005 3.11296
1.16184 5.01228
1.18543 2.0066
1.19723 2.57215
1.20902 0.38946
1.22082 1.94019
1.23261 1.9447
1.25621 0.582495
1.268 0.463984
1.29159 0.998765
1.30339 0.595968
1.31518 0.524748
1.32698 0.51902
1.33877 0.233464
1.35057 1.24732
1.36236 0.581154
1.37416 1.4911
1.38595 0.745404
1.39775 0.799908
1.40955 1.21446
1.42134 1.02838
1.43314 0.921873
1.44493 0.306785
1.45673 0.597201
1.46852 0.802211
1.48032 0.722415
1.49211 0.738022
1.50391 0.32388
1.5157 0.714954
1.53929 0.260026
1.55109 0.579775
1.56288 0.6919
1.57468 0.557203
1.58648 0.490541
1.59827 0.621468
1.61007 0.621792
1.62186 0.620608
1.63366 0.521636
1.64545 1.05816
1.65725 0.892505
1.66904 1.1673
1.68084 0.701379
1.69263 0.829313
1.70443 0.987883
1.71622 0.966987
1.72802 0.564128
1.73982 0.711191
1.75161 0.702041
1.76341 1.29524
1.7752 0.719609
1.787 0.9706
1.79879 0.697438
1.81059 0.519446
1.82238 0.599784
1.83418 1.20559
1.84597 0.744395
1.85777 0.964508
1.86956 0.902355
1.88136 1.01504
1.89315 0.981066
1.90495 1.00363
1.91675 1.03274
1.92854 1.26018
1.94034 1.09852
1.95213 1.02861
1.96393 0.669021
1.97572 0.960158
1.98752 0.817644
1.99931 1.01398
2.01111 1.14023
2.0229 0.960268
2.0347 1.17956
2.04649 0.990653
2.05829 0.912045
2.07009 1.19194
2.08188 1.11831
2.09368 0.501511
2.10547 0.878714
2.11727 0.645093
2.12906 0.75212
2.14086 0.960935
2.15265 1.45652
2.16445 1.33
2.17624 1.3315
2.18804 1.43399
2.19983 1.32205
2.21163 1.53285
2.22342 2.51496
2.23522 1.29736
2.24702 1.24123
2.25881 0.821837
2.27061 1.04683
2.2824 1.58686
2.2942 1.19022
2.30599 1.4085
2.31779 1.30256
2.32958 0.913017
2.34138 1.18312
2.35317 1.19756
2.36497 1.20362
2.37676 0.89696
2.38856 0.530423
2.40036 1.00655
2.41215 1.37361
2.42395 0.846421
2.43574 0.595987
2.44754 0.809957
2.45933 1.18745
2.47113 0.830312
2.48292 1.01437
2.49472 1.14293
2.50651 1.33999
2.51831 1.18893
2.5301 1.34072
2.5419 0.7166
2.55369 1.64437
2.56549 0.693423
2.57729 0.836294
2.58908 0.928241
2.60088 0.757247
2.61267 0.942523
2.62447 0.980957
2.63626 0.635038
2.64806 0.952436
2.65985 0.852202
2.67165 1.09753
2.68344 0.579623
2.69524 0.796799
2.70703 0.959304
2.71883 0.880025
2.73063 0.848926
2.74242 0.814697
2.75422 1.28951
2.76601 1.03819
2.77781 1.21259
2.7896 1.11757
2.8014 0.895178
2.81319 0.846451
2.82499 0.880088
2.83678 0.674564
2.84858 0.625919
2.86037 0.443675
2.87217 0.699748
2.88396 0.952948
2.89576 0.721095
2.90756 0.866379
2.91935 0.677802
2.93115 1.18226
2.94294 0.764775
2.95474 0.793058
2.96653 0.908098
2.97833 0.775987
2.99012 0.879617
3.00192 0.91562
3.01371 1.08577
3.02551 1.14174
3.0373 0.853008
3.0491 1.02038
3.0609 0.988579
3.07269 1.00455
3.08449 0.851211
3.09628 1.40295
3.10808 1.09526
3.11987 1.14956
3.13167 1.0127
3.14346 0.974693
3.15526 1.18051
3.16705 0.821157
3.17885 1.10255
3.19064 1.08705
3.20244 1.38925
3.21423 0.875056
3.22603 1.44034
3.23783 0.660654
3.24962 1.07009
3.26142 0.990141
3.27321 0.813904
3.28501 1.23782
3.2968 1.18865
3.3086 0.767409
3.32039 1.98774
3.33219 1.04654
3.34398 0.672573
3.35578 0.91724
3.36757 1.08418
3.37937 1.04661
3.39116 1.2539
3.40296 1.33387
3.41476 0.793499
3.42655 0.563511
3.43835 1.21205
3.45014 0.872928
3.46194 0.586276
3.47373 1.03278
3.48553 1.45875
3.49732 1.15015
3.50912 1.01348
3.52091 0.987496
3.53271 0.990123
3.5445 1.01553
3.5563 0.958388
3.5681 1.21927
3.57989 0.968196
3.59169 0.83683
3.60348 1.53531
3.61528 0.803006
3.62707 1.22621
3.63887 0.90451
3.65066 1.02165
3.66246 1.10683
3.67425 1.25575
3.68605 0.954191
3.69784 0.773827
3.70964 0.956363
3.72143 0.930657
3.73323 0.960068
3.74503 0.76873
3.75682 1.05602
3.76862 1.03087
3.78041 1.02881
3.79221 1.24264
3.804 0.930544
3.8158 0.770158
3.82759 0.910912
3.83939 0.92533
3.85118 1.02027
3.86298 0.825359
3.87477 1.67002
3.88657 1.29319
3.89837 1.07967
3.91016 0.90448
3.92196 1.18651
3.93375 0.961826
3.94555 0.926295
3.95734 0.981354
3.96914 0.827762
3.98093 0.833979
3.99273 0.96085
4.00452 1.11879
4.01632 1.05181
4.02811 0.936189
4.03991 1.15311
4.0517 0.663286
4.0635 0.878828
4.0753 0.716343
4.08709 0.784789
4.09889 0.764927
4.11068 0.716676
4.12248 0.981936
4.13427 1.04426
4.14607 1.09585
4.15786 0.796081
4.16966 0.926932
4.18145 0.984404
4.19325 0.896352
4.20504 0.615227
4.21684 0.994298
4.22864 0.778114
4.24043 1.27487
4.25223 0.689751
4.26402 1.16091
4.27582 1.10232
4.28761 1.3765
4.29941 1.00467
4.3112 0.847389
4.323 1.07874
4.33479 1.25877
4.34659 1.0897
4.35838 0.803976
4.37018 0.96946
4.38197 1.0972
4.39377 0.931371
4.40557 1.00688
4.41736 1.34498
4.42916 1.10591
4.44095 0.672924
4.45275 1.04064
4.46454 1.17436
4.47634 0.992974
4.48813 0.930009
4.49993 0.932729
4.51172 1.18197
4.52352 0.945296
4.53531 0.920318
4.54711 1.13372
4.55891 1.03039
4.5707 1.39663
4.5825 1.11234
4.59429 1.09216
4.60609 1.47469
4.61788 1.19543
4.62968 1.07975
4.64147 1.23266
4.65327 0.652312
4.66506 0.950656
4.67686 0.926932
4.68865 1.06094
4.70045 1.10868
4.71224 1.48126
4.72404 1.00153
4.73584 0.943405
4.74763 1.03313
4.75943 0.576331
4.77122 1.16624
4.78302 0.709767
4.79481 1.14783
4.80661 0.796213
4.8184 0.967646
4.8302 0.965161
4.84199 1.18064
4.85379 0.994437
4.86558 1.19511
4.87738 1.20741
4.88918 0.85358
4.90097 1.23114
4.91277 1.21273
4.92456 1.19381
4.93636 0.995194
4.94815 1.04151
4.95995 1.23578
4.97174 0.800064
4.98354 0.925673
4.99533 0.914528
5.00713 0.725148
5.01892 0.772123
5.03072 0.767874
5.04251 1.05469
5.05431 0.906034
5.06611 0.730268
5.0779 0.834193
5.0897 0.760487
5.10149 0.961627
5.11329 0.992902
5.12508 1.15439
5.13688 0.600063
5.14867 0.950948
5.16047 1.32402
5.17226 1.07335
5.18406 1.08541
5.19585 0.783132
5.20765 0.926654
5.21945 0.841683
5.23124 1.02363
5.24304 1.08201
5.25483 0.869923
5.26663 0.965664
5.27842 1.22191
5.29022 0.829969
5.30201 1.20516
5.31381 0.866596
5.3256 0.979877
5.3374 0.939104
5.34919 0.775611
5.36099 0.896043
5.37278 0.947962
5.38458 1.12971
5.39638 1.05001
5.40817 1.16751
5.41997 1.11696
5.43176 0.921068
5.44356 1.05635
5.45535 1.02011
5.46715 1.12976
5.47894 1.27994
5.49074 0.861806
5.50253 0.758846
5.51433 0.816422
5.52612 0.949134
5.53792 1.00625
5.54972 1.22915
5.56151 0.906216
5.57331 1.20437
5.5851 1.04751
5.5969 0.95983
5.60869 0.985859
5.62049 0.877903
5.63228 0.675346
5.64408 0.834791
5.65587 0.961224
5.66767 1.38202
5.67946 0.996611
5.69126 0.936852
5.70305 0.724787
5.71485 0.694531
5.72665 0.819517
5.73844 1.28193
5.75024 0.81459
5.76203 0.723355
5.77383 0.778676
5.78562 0.884294
5.79742 1.27074
5.80921 0.944936
5.82101 0.900901
5.8328 1.36509
5.8446 0.999267
5.85639 0.863546
5.86819 0.924291
5.87999 1.04218
5.89178 1.00842
