0.0429987 0.218915
0.0562291 0.0917218
0.0826898 0.22647
0.089305 0.0825852
0.115766 0.0466348
0.122381 0.239052
0.128996 0.085296
0.148842 0.0428637
0.162072 0.1439
0.168687 0.0734441
0.175302 0.0507881
0.181918 0.0409017
0.208378 0.100763
0.221609 0.129453
0.234839 0.0303846
0.241454 0.0429967
0.248069 0.191723
0.254685 0.0853707
0.2613 0.0295279
0.267915 0.0307866
0.27453 0.0336881
0.287761 0.567264
0.294376 0.0459478
0.300991 0.0459391
0.314221 0.0740416
0.320837 0.0609998
0.327452 0.489103
0.334067 0.0871846
0.340682 0.0543958
0.353912 0.0631681
0.367143 0.0461208
0.373758 0.113011
0.380373 0.0763154
0.386988 0.141125
0.393604 0.105601
0.406834 0.0619549
0.413449 0.166179
0.420064 0.0980505
0.426679 0.0915874
0.433295 0.0805732
0.43991 0.0541522
0.446525 0.0487273
0.45314 0.36321
0.459755 0.13968
0.466371 0.0567657
0.472986 0.128703
0.479601 0.0889793
0.486216 0.087049
0.499447 0.136457
0.506062 0.119477
0.512677 0.123196
0.519292 0.174036
0.525907 0.157301
0.532522 0.242322
0.539138 0.23848
0.545753 0.321554
0.552368 0.182181
0.558983 0.145004
0.565598 0.103007
0.572214 0.191608
0.578829 0.375333
0.585444 0.12813
0.592059 0.260617
0.598674 0.428373
0.60529 0.36834
0.611905 0.452198
0.61852 0.264122
0.625135 0.411248
0.63175 0.429741
0.644981 0.520168
0.651596 0.906553
0.664826 0.754763
0.671441 1.34858
0.678057 0.942148
0.684672 1.44153
0.691287 0.884069
0.704517 0.837425
0.711132 1.1886
0.724363 0.973171
0.730978 0.857369
0.737593 0.569437
0.744208 0.697194
0.750824 1.43063
0.757439 1.13088
0.764054 0.489202
0.770669 0.730613
0.777284 0.923472
0.7839 0.932235
0.790515 1.64136
0.79713 1.03104
0.803745 0.872355
0.81036 0.256642
0.816975 0.837776
0.823591 0.983613
0.830206 1.10124
0.836821 1.20647
0.843436 0.291685
0.850051 0.951238
0.863282 0.600738
0.869897 0.715978
0.876512 0.461933
0.883127 0.920914
0.889742 0.658028
0.896358 0.208435
0.902973 0.731
0.909588 0.382524
0.916203 0.463153
0.922818 0.381258
0.929434 0.659445
0.936049 0.45951
0.942664 0.462877
0.949279 0.383913
0.955894 0.491138
0.96251 0.391772
0.969125 0.370409
0.97574 0.7396
0.982355 0.245399
0.98897 0.57093
0.995585 0.365659
1.0022 0.502006
1.00882 0.578692
1.01543 0.42737
1.02205 0.325085
1.02866 0.733299
1.03528 0.577231
1.04189 0.409875
1.04851 0.790032
1.05512 0.521114
1.06174 0.938473
1.06835 0.321059
1.07497 0.779171
1.08158 0.940085
1.0882 1.03246
1.09481 0.65388
1.10143 0.658808
1.10804 0.490895
1.11466 1.10191
1.12127 0.624345
1.12789 0.819958
1.1345 0.627871
1.14112 0.837604
1.14773 1.18013
1.15435 1.20046
1.16097 0.500325
1.16758 0.716211
1.1742 1.43973
1.18081 1.3753
1.18743 1.39116
1.19404 1.60356
1.20066 1.15767
1.20727 1.1037
1.21389 1.1748
1.2205 1.44988
1.22712 1.22381
1.23373 1.68101
1.24035 1.5456
1.24696 1.05888
1.25358 1.55048
1.26019 1.59958
1.26681 1.2855
1.27342 1.04786
1.28004 1.41988
1.28665 1.4252
1.29327 1.20249
1.29988 1.98974
1.3065 1.22911
1.31311 1.65141
1.31973 2.45737
1.32634 1.3442
1.33296 2.46835
1.33958 1.44805
1.34619 1.04976
1.35281 1.83734
1.35942 1.88547
1.36604 1.67978
1.37265 1.67449
1.37927 1.88606
1.38588 2.0662
1.3925 2.21753
1.39911 1.41477
1.40573 2.07321
1.41234 2.01758
1.41896 1.19933
1.42557 1.71945
1.43219 1.5024
1.4388 2.00874
1.44542 1.88424
1.45203 1.59723
1.45865 1.73042
1.46526 1.78375
1.47188 1.0165
1.47849 1.43239
1.48511 1.3689
1.49172 1.57905
1.49834 1.85674
1.50495 1.33068
1.51157 1.08677
1.51819 1.14896
1.5248 1.38944
1.53142 1.10514
1.53803 2.1688
1.54465 1.19327
1.55126 1.24831
1.55788 1.35781
1.56449 1.87689
1.57111 1.03781
1.57772 1.32145
1.58434 1.26011
1.59095 1.12618
1.59757 0.966925
1.60418 0.610193
1.6108 0.981904
1.61741 1.64632
1.62403 0.84793
1.63064 0.671347
1.63726 0.741255
1.64387 0.840345
1.65049 0.52064
1.6571 0.979107
1.66372 0.946111
1.67033 0.618644
1.67695 0.582298
1.68356 0.760645
1.69018 0.861818
1.6968 0.794041
1.70341 0.578798
1.71003 0.721218
1.71664 0.368548
1.72326 0.439018
1.72987 0.612604
1.73649 0.479791
1.7431 0.45476
1.74972 0.516694
1.75633 0.663541
1.76295 0.379741
1.76956 0.602043
1.77618 0.604868
1.78279 0.546803
1.78941 0.635054
1.79602 0.643073
1.80264 0.661703
1.80925 0.637961
1.81587 0.555844
1.82248 0.703106
1.8291 0.508656
1.83571 0.654616
1.84233 1.04009
1.84894 0.346457
1.85556 0.711369
1.86217 0.745787
1.86879 0.724081
1.87541 0.514003
1.88202 0.716031
1.88864 0.668157
1.89525 0.514044
1.90187 0.711763
1.90848 0.665203
1.9151 0.903802
1.92171 0.45126
1.92833 0.803691
1.93494 0.612446
1.94156 0.632176
1.94817 0.57891
1.95479 0.521511
1.9614 0.824895
1.96802 0.859705
1.97463 0.85319
1.98125 0.683768
1.98786 0.876995
1.99448 0.914712
2.00109 0.807893
2.00771 1.00673
2.01432 0.950701
2.02094 0.813126
2.02755 0.969301
2.03417 0.845258
2.04078 0.684727
2.0474 0.692108
2.05402 0.928693
2.06063 1.25848
2.06725 1.06877
2.07386 0.88466
2.08048 0.991001
2.08709 0.6889
2.09371 0.714323
2.10032 0.822051
2.10694 0.643983
2.11355 0.947822
2.12017 1.0963
2.12678 0.778575
2.1334 0.894989
2.14001 1.01126
2.14663 0.778778
2.15324 0.980582
2.15986 0.455619
2.16647 0.895645
2.17309 1.36631
2.1797 0.972292
2.18632 0.747127
2.19293 1.37499
2.19955 1.16855
2.20616 0.806355
2.21278 1.05293
2.21939 0.920669
2.22601 0.993853
2.23263 1.34825
2.23924 0.889244
2.24586 1.24607
2.25247 0.990112
2.25909 0.946441
2.2657 0.849373
2.27232 0.857511
2.27893 1.39443
2.28555 0.915472
2.29216 1.13025
2.29878 1.1438
2.30539 1.05928
2.31201 0.918471
2.31862 1.06821
2.32524 1.20233
2.33185 0.721427
2.33847 1.13364
2.34508 1.12664
2.3517 1.10342
2.35831 1.17572
2.36493 1.12505
2.37154 0.758821
2.37816 1.4394
2.38477 1.18791
2.39139 0.683946
2.398 1.24822
2.40462 0.953595
2.41124 0.871138
2.41785 1.19712
2.42447 1.25106
2.43108 1.42398
2.4377 0.90591
2.44431 1.21774
2.45093 1.30067
2.45754 1.09064
2.46416 0.832818
2.47077 1.1429
2.47739 1.14391
2.484 1.15408
2.49062 1.10335
2.49723 1.30049
2.50385 1.3198
2.51046 0.901073
2.51708 1.1417
2.52369 1.05939
2.53031 0.893317
2.53692 1.28436
2.54354 1.09172
2.55015 1.25135
2.55677 1.32057
2.56338 1.58136
2.57 0.992059
2.57661 1.01721
2.58323 1.20102
2.58985 1.18647
2.59646 1.65432
2.60308 1.0193
2.60969 1.00289
2.61631 1.20368
2.62292 1.00957
2.62954 1.02944
2.63615 1.37228
2.64277 0.871646
2.64938 1.22806
2.656 0.851358
2.66261 1.09202
2.66923 0.873603
2.67584 0.547931
2.68246 1.26072
2.68907 1.15296
2.69569 0.852601
2.7023 1.04933
2.70892 0.996592
2.71553 1.52526
2.72215 0.92776
2.72876 0.956123
2.73538 0.868505
2.74199 1.16896
2.74861 1.14232
2.75522 0.943467
2.76184 1.37109
2.76846 1.09036
2.77507 1.11449
2.78169 1.21314
2.7883 1.16263
2.79492 1.1206
2.80153 0.897118
2.80815 1.16472
2.81476 0.905811
2.82138 1.10323
2.82799 1.05255
2.83461 0.816451
2.84122 1.12975
2.84784 1.01978
2.85445 1.03033
2.86107 1.05277
2.86768 1.14574
2.8743 0.899437
2.88091 1.12197
2.88753 1.25677
2.89414 0.966533
2.90076 0.787024
2.90737 0.692267
2.91399 0.999858
2.9206 1.1706
2.92722 0.970889
2.93383 0.92722
2.94045 0.863618
2.94707 0.762179
2.95368 0.905026
2.9603 1.09515
2.96691 0.961
2.97353 1.20098
2.98014 1.05396
2.98676 1.02699
2.99337 1.16441
2.99999 0.927846
3.0066 1.21423
3.01322 0.950195
3.01983 1.09843
3.02645 1.07191
3.03306 1.25628
3.03968 0.799234
3.04629 0.828618
3.05291 0.979615
3.05952 0.959726
3.06614 1.2782
3.07275 0.920104
3.07937 0.996128
3.08598 0.721293
3.0926 1.24496
3.09921 1.04222
3.10583 0.837945
3.11244 0.970634
3.11906 0.951651
3.12568 0.87018
3.13229 1.15763
3.13891 1.04564
3.14552 1.13716
3.15214 0.964361
3.15875 1.18426
3.16537 0.927415
3.17198 0.619924
3.1786 0.869527
3.18521 0.830263
3.19183 1.09585
3.19844 1.21531
3.20506 0.6546
3.21167 0.912592
3.21829 1.07069
3.2249 0.702652
3.23152 0.752393
3.23813 0.958252
3.24475 1.10544
3.25136 1.08902
3.25798 0.867381
3.26459 1.13462
3.27121 0.822828
3.27782 1.05827
3.28444 0.988921
3.29105 0.868741
3.29767 0.765257
3.30429 0.720953
