0.0430355 0.288827
0.0562772 0.142087
0.0827606 0.241596
0.0893814 0.0925149
0.115865 0.0489932
0.122486 0.21029
0.129107 0.0723497
0.148969 0.045484
0.162211 0.199005
0.168832 0.0859883
0.175452 0.029618
0.182073 0.0303092
0.208557 0.0662721
0.221798 0.0174655
0.23504 0.0248947
0.241661 0.035864
0.248282 0.274856
0.254903 0.0679043
0.261523 0.0321529
0.268144 0.0915007
0.274765 0.0593961
0.288007 0.430861
0.294628 0.0921409
0.301249 0.051752
0.31449 0.0761453
0.321111 0.079948
0.327732 0.396332
0.334353 0.0553962
0.340974 0.0456359
0.354215 0.086496
0.367457 0.0791288
0.374078 0.279402
0.380699 0.0666062
0.38732 0.0795486
0.39394 0.0695243
0.407182 0.0564683
0.413803 0.172083
0.420424 0.0802377
0.427045 0.149505
0.433665 0.0625015
0.440286 0.103731
0.446907 0.0690219
0.453528 0.506956
0.460149 0.0958178
0.46677 0.0461436
0.473391 0.0662442
0.480011 0.118365
0.486632 0.0666957
0.499874 0.198739
0.506495 0.0943651
0.513116 0.179722
0.519736 0.140642
0.526357 0.171546
0.532978 0.226383
0.539599 0.23361
0.54622 0.243407
0.552841 0.255473
0.559462 0.853778
0.566082 0.185192
0.572703 0.0512958
0.579324 0.314141
0.585945 0.237013
0.592566 0.358998
0.599187 0.330075
0.605808 0.162288
0.612428 0.214014
0.619049 0.267169
0.62567 0.328037
0.632291 0.32066
0.645533 0.498673
0.652153 0.682485
0.665395 0.844242
0.672016 0.481814
0.678637 1.32501
0.685258 1.1643
0.691879 1.15333
0.70512 0.711793
0.711741 0.823253
0.724983 0.763742
0.731604 1.09226
0.738224 0.550989
0.744845 0.628686
0.751466 1.5979
0.758087 1.16602
0.764708 0.877497
0.771329 0.706238
0.77795 0.997707
0.78457 1.02332
0.791191 1.52965
0.797812 1.11998
0.804433 1.2629
0.811054 0.843857
0.817675 1.60471
0.824295 0.687309
0.830916 0.720231
0.837537 0.92051
0.844158 0.915611
0.850779 0.728046
0.864021 1.01687
0.870641 0.653141
0.877262 0.364328
0.883883 0.611031
0.890504 0.399169
0.897125 1.10819
0.903746 0.720913
0.910366 0.535378
0.916987 0.514517
0.923608 0.630005
0.930229 0.470233
0.93685 0.571319
0.943471 0.401921
0.950092 0.375522
0.956712 0.488436
0.963333 0.394644
0.969954 0.420728
0.976575 0.381447
0.983196 0.618865
0.989817 0.18717
0.996437 0.629302
1.00306 0.341029
1.00968 0.644325
1.0163 0.573428
1.02292 0.530165
1.02954 0.291193
1.03616 0.569243
1.04278 0.794508
1.0494 0.631589
1.05603 0.729762
1.06265 1.01478
1.06927 0.553348
1.07589 0.723157
1.08251 0.680312
1.08913 0.627749
1.09575 0.394534
1.10237 0.830009
1.10899 0.672187
1.11561 0.688604
1.12223 0.500831
1.12885 0.664337
1.13548 0.837963
1.1421 0.999782
1.14872 0.66925
1.15534 0.625271
1.16196 0.73765
1.16858 1.40298
1.1752 0.97541
1.18182 0.75587
1.18844 1.50315
1.19506 0.981758
1.20168 1.49335
1.2083 1.33131
1.21493 0.907175
1.22155 1.30213
1.22817 1.6464
1.23479 0.710717
1.24141 1.2953
1.24803 1.20467
1.25465 1.89233
1.26127 1.58322
1.26789 1.51062
1.27451 1.71122
1.28113 1.71287
1.28775 1.20859
1.29438 1.7838
1.301 2.38605
1.30762 1.6786
1.31424 2.27179
1.32086 2.02604
1.32748 2.52352
1.3341 1.45116
1.34072 1.32332
1.34734 1.06408
1.35396 1.37131
1.36058 0.9624
1.3672 1.88528
1.37383 2.08473
1.38045 2.61068
1.38707 1.77542
1.39369 1.51442
1.40031 2.50432
1.40693 1.71498
1.41355 1.51257
1.42017 1.19607
1.42679 1.80769
1.43341 1.7136
1.44003 1.79887
1.44666 1.90919
1.45328 2.49554
1.4599 1.45179
1.46652 1.06003
1.47314 1.95908
1.47976 1.68981
1.48638 2.30702
1.493 1.2656
1.49962 1.56556
1.50624 1.77383
1.51286 1.05523
1.51948 1.0831
1.52611 2.07524
1.53273 1.08218
1.53935 1.2751
1.54597 1.45106
1.55259 1.82691
1.55921 1.38262
1.56583 0.959682
1.57245 1.12403
1.57907 0.355767
1.58569 1.22753
1.59231 0.861208
1.59893 1.04753
1.60556 1.4434
1.61218 1.01709
1.6188 1.26868
1.62542 0.881514
1.63204 0.856149
1.63866 0.882228
1.64528 0.895688
1.6519 0.662496
1.65852 0.907592
1.66514 0.851689
1.67176 0.455436
1.67838 0.648965
1.68501 0.57304
1.69163 0.471213
1.69825 0.596614
1.70487 0.78268
1.71149 0.807316
1.71811 0.558415
1.72473 0.827568
1.73135 0.520331
1.73797 0.643486
1.74459 0.702197
1.75121 0.744184
1.75783 0.50596
1.76446 0.732593
1.77108 0.644161
1.7777 0.472422
1.78432 0.616845
1.79094 0.550347
1.79756 0.462633
1.80418 0.535917
1.8108 0.324063
1.81742 0.613449
1.82404 0.601699
1.83066 0.468589
1.83729 0.409583
1.84391 0.727835
1.85053 0.694579
1.85715 0.575113
1.86377 0.674041
1.87039 0.504567
1.87701 0.622898
1.88363 0.801341
1.89025 0.616838
1.89687 0.425096
1.90349 0.873253
1.91011 0.777997
1.91674 0.609359
1.92336 0.78296
1.92998 0.470997
1.9366 0.567731
1.94322 0.710261
1.94984 0.691253
1.95646 0.897843
1.96308 0.650799
1.9697 0.838707
1.97632 0.792696
1.98294 0.810982
1.98956 0.645818
1.99619 0.9031
2.00281 0.866292
2.00943 0.674685
2.01605 0.951598
2.02267 0.764412
2.02929 0.719376
2.03591 0.960036
2.04253 0.709627
2.04915 0.832791
2.05577 0.805146
2.06239 1.10322
2.06901 0.790626
2.07564 0.866061
2.08226 0.729455
2.08888 1.06024
2.0955 0.786074
2.10212 1.00196
2.10874 0.998028
2.11536 0.807598
2.12198 1.24516
2.1286 0.761625
2.13522 0.948729
2.14184 0.677748
2.14846 0.796151
2.15509 1.07403
2.16171 1.08198
2.16833 1.03779
2.17495 0.997498
2.18157 1.51526
2.18819 0.866188
2.19481 0.899564
2.20143 0.738757
2.20805 0.756879
2.21467 0.695642
2.22129 1.10652
2.22792 1.03015
2.23454 0.848994
2.24116 1.04658
2.24778 1.35253
2.2544 0.741126
2.26102 1.44792
2.26764 1.3033
2.27426 0.900727
2.28088 1.03808
2.2875 1.84199
2.29412 1.10267
2.30074 1.24544
2.30737 1.41134
2.31399 1.23476
2.32061 1.08407
2.32723 0.724638
2.33385 0.909992
2.34047 1.08947
2.34709 1.01701
2.35371 0.975989
2.36033 1.00325
2.36695 0.896195
2.37357 1.09929
2.38019 1.15793
2.38682 1.24905
2.39344 1.06598
2.40006 1.091
2.40668 1.41577
2.4133 1.1596
2.41992 1.21065
2.42654 1.05525
2.43316 0.968032
2.43978 0.959037
2.4464 1.49998
2.45302 1.23795
2.45964 1.22298
2.46627 1.55031
2.47289 1.02943
2.47951 0.876899
2.48613 1.35287
2.49275 1.23387
2.49937 1.03953
2.50599 1.09637
2.51261 1.03456
2.51923 1.30559
2.52585 1.31015
2.53247 0.844897
2.53909 1.31271
2.54572 1.34335
2.55234 0.795456
2.55896 0.994141
2.56558 1.33503
2.5722 0.908915
2.57882 1.37957
2.58544 1.04344
2.59206 1.42656
2.59868 0.855461
2.6053 1.10053
2.61192 1.05508
2.61855 1.14539
2.62517 0.692977
2.63179 1.13592
2.63841 1.0743
2.64503 0.865516
2.65165 1.14888
2.65827 1.1892
2.66489 1.0241
2.67151 1.07846
2.67813 0.948211
2.68475 1.01199
2.69137 1.21423
2.698 1.41571
2.70462 0.922747
2.71124 1.27018
2.71786 1.07001
2.72448 0.965229
2.7311 1.08035
2.73772 0.843912
2.74434 0.971236
2.75096 0.766784
2.75758 0.725665
2.7642 0.812196
2.77082 1.00261
2.77745 1.26654
2.78407 0.801757
2.79069 1.01745
2.79731 0.899505
2.80393 1.0255
2.81055 1.34234
2.81717 0.863483
2.82379 1.10309
2.83041 1.04116
2.83703 1.27834
2.84365 1.15358
2.85027 1.29083
2.8569 1.2566
2.86352 0.822835
2.87014 1.00125
2.87676 0.99012
2.88338 1.12999
2.89 1.04981
2.89662 1.05267
2.90324 1.13243
2.90986 0.838676
2.91648 0.81926
2.9231 1.02663
2.92972 0.880828
2.93635 1.27087
2.94297 1.3761
2.94959 1.30783
2.95621 0.708789
2.96283 0.962582
2.96945 0.769699
2.97607 0.868333
2.98269 0.98969
2.98931 1.09927
2.99593 1.20773
3.00255 1.13702
3.00918 1.25636
3.0158 1.05066
3.02242 0.786427
3.02904 0.99277
3.03566 1.01
3.04228 0.693017
3.0489 0.900133
3.05552 0.989838
3.06214 0.742654
3.06876 0.737154
3.07538 0.884486
3.082 0.924604
3.08863 0.927175
3.09525 0.696988
3.10187 1.01656
3.10849 0.900254
3.11511 0.737236
3.12173 0.895566
3.12835 0.613035
3.13497 0.951384
3.14159 1.32939
3.14821 0.875205
3.15483 0.908241
3.16145 0.941986
3.16808 0.763287
3.1747 1.01358
3.18132 0.908581
3.18794 1.26174
3.19456 0.848545
3.20118 0.805695
3.2078 0.812895
3.21442 0.781697
3.22104 0.819949
3.22766 1.03025
3.23428 0.732123
3.2409 0.757927
3.24753 0.785238
3.25415 0.900161
3.26077 0.871581
3.26739 1.1021
3.27401 1.10451
3.28063 0.934122
3.28725 0.588947
3.29387 0.788075
3.30049 0.882284
3.30711 0.815838
