0.0600444 9.39302e-05
0.0785196 0.000357655
0.11547 0.000284794
0.124708 0.00045828
0.161658 0.00571178
0.170896 0.00369448
0.180133 0.0065728
0.207846 0.0182594
0.226321 0.0074294
0.235559 0.00849744
0.244797 0.0137729
0.254034 0.00498048
0.290985 0.0160212
0.30946 0.0184215
0.327935 0.0243003
0.337173 0.0335028
0.34641 0.046961
0.355648 0.0433993
0.364885 0.0293355
0.374123 0.0467986
0.383361 0.0241795
0.401836 0.092626
0.411073 0.0600668
0.420311 0.0736639
0.438786 0.0901102
0.448024 0.0366998
0.457261 0.0384804
0.466499 0.0628519
0.475737 0.0858683
0.494212 0.129725
0.512687 0.106329
0.521925 0.165776
0.531162 0.156402
0.5404 0.152846
0.549637 0.134847
0.568113 0.286401
0.57735 0.142725
0.586588 0.180461
0.595825 0.197003
0.605063 0.0765097
0.614301 0.105181
0.623538 0.181253
0.632776 0.0839032
0.642013 0.215637
0.651251 0.508591
0.660489 0.175323
0.669726 0.205877
0.678964 0.0806358
0.697439 0.216499
0.706677 0.276634
0.715914 0.241046
0.725152 0.225148
0.73439 0.465787
0.743627 0.362125
0.752865 0.421235
0.762102 0.475486
0.77134 0.510438
0.780578 1.1793
0.789815 0.221975
0.799053 0.337184
0.80829 0.600695
0.817528 0.279593
0.826766 0.695085
0.836003 0.482516
0.845241 0.179031
0.854478 0.334535
0.863716 0.319621
0.872954 0.49849
0.882191 0.448434
0.900666 0.654773
0.909904 0.785963
0.928379 1.46944
0.937617 0.68495
0.946854 1.75477
0.956092 1.54832
0.96533 1.65086
0.983805 1.01779
0.993042 1.01824
1.01152 0.84695
1.02076 1.93188
1.02999 1.09511
1.03923 0.955663
1.04847 3.792
1.05771 1.68673
1.06694 1.30209
1.07618 1.57188
1.08542 1.90889
1.09466 1.61479
1.10389 2.37712
1.11313 2.71178
1.12237 2.78046
1.13161 2.3435
1.14084 2.56978
1.15008 1.33011
1.15932 2.23184
1.16856 2.12784
1.17779 1.84349
1.18703 1.58316
1.20551 3.29441
1.21474 1.99049
1.22398 0.909459
1.23322 2.16286
1.24246 1.52601
1.2517 2.74925
1.26093 1.16304
1.27017 1.75179
1.27941 1.19964
1.28865 1.17594
1.29788 1.16067
1.30712 1.31114
1.31636 1.48996
1.3256 0.831931
1.33483 1.24191
1.34407 1.37731
1.35331 1.36026
1.36255 1.1309
1.37178 1.02998
1.38102 1.16636
1.39026 0.813362
1.3995 0.829404
1.40873 1.21313
1.41797 0.623396
1.42721 0.943201
1.43645 0.954953
1.44569 0.941817
1.45492 0.938521
1.46416 1.22676
1.4734 0.867719
1.48264 0.758237
1.49187 0.454264
1.50111 0.681342
1.51035 0.746914
1.51959 0.775584
1.52882 0.562983
1.53806 0.712346
1.5473 0.468912
1.55654 0.660234
1.56577 0.525641
1.57501 0.856687
1.58425 0.737028
1.59349 0.844782
1.60272 0.803917
1.61196 1.20265
1.6212 0.479017
1.63044 0.596284
1.63967 0.645281
1.64891 0.730299
1.65815 0.689309
1.66739 0.450078
1.67663 0.412541
1.68586 0.699971
1.6951 0.547454
1.70434 0.670033
1.71358 0.697951
1.72281 0.620364
1.73205 0.598386
1.74129 0.701989
1.75053 0.925152
1.75976 0.537651
1.769 0.42176
1.77824 0.629765
1.78748 0.659598
1.79671 0.645487
1.80595 0.469161
1.81519 0.645237
1.82443 0.701437
1.83366 0.928674
1.8429 0.455316
1.85214 0.635036
1.86138 0.747782
1.87061 0.748125
1.87985 0.925331
1.88909 1.01395
1.89833 0.479321
1.90757 0.496819
1.9168 0.866518
1.92604 0.546336
1.93528 0.395868
1.94452 0.526926
1.95375 0.774351
1.96299 0.860388
1.97223 0.52889
1.98147 1.10198
1.9907 0.734411
1.99994 0.861702
2.00918 0.990011
2.01842 0.700721
2.02765 0.705442
2.03689 1.25248
2.04613 0.929858
2.05537 1.07668
2.0646 1.20449
2.07384 1.36362
2.08308 0.950696
2.09232 0.918441
2.10155 0.765236
2.11079 0.790334
2.12003 1.40922
2.12927 0.913569
2.13851 1.36513
2.14774 1.17388
2.15698 1.06376
2.16622 1.62672
2.17546 0.898756
2.18469 1.22793
2.19393 1.17288
2.20317 1.23503
2.21241 1.84795
2.22164 1.7098
2.23088 1.14628
2.24012 2.40897
2.24936 2.08548
2.25859 1.24201
2.26783 0.697849
2.27707 1.06153
2.28631 1.67577
2.29554 1.71241
2.30478 1.07441
2.31402 1.84071
2.32326 1.50332
2.3325 1.15769
2.34173 1.63163
2.35097 1.03767
2.36021 1.63913
2.36945 1.36019
2.37868 1.32313
2.38792 1.82393
2.39716 1.15312
2.4064 1.12632
2.41563 1.65391
2.42487 1.51039
2.43411 1.36792
2.44335 1.29961
2.45258 1.32879
2.46182 0.93421
2.47106 1.17147
2.4803 1.21577
2.48953 0.929162
2.49877 1.20674
2.50801 0.875679
2.51725 1.17229
2.52648 0.753264
2.53572 0.805567
2.54496 0.835003
2.5542 0.883441
2.56344 1.20429
2.57267 1.19697
2.58191 1.04613
2.59115 1.23869
2.60039 1.13279
2.60962 0.845418
2.61886 0.622631
2.6281 0.969272
2.63734 0.84178
2.64657 0.84653
2.65581 0.983631
2.66505 0.782014
2.67429 0.877288
2.68352 1.12513
2.69276 0.685791
2.702 0.86547
2.71124 0.856414
2.72047 1.15819
2.72971 0.502688
2.73895 0.859498
2.74819 0.822621
2.75742 0.624116
2.76666 0.702342
2.7759 0.859089
2.78514 0.761172
2.79438 0.788751
2.80361 0.664105
2.81285 1.00184
2.82209 0.428586
2.83133 0.726086
2.84056 0.67417
2.8498 0.730357
2.85904 0.697426
2.86828 0.541741
2.87751 1.20212
2.88675 0.669104
2.89599 0.711618
2.90523 0.605419
2.91446 0.65347
2.9237 1.01344
2.93294 0.75572
2.94218 0.669468
2.95141 0.631653
2.96065 0.684935
2.96989 0.690703
2.97913 0.919195
2.98836 0.606373
2.9976 0.72638
3.00684 0.708214
3.01608 0.803007
3.02532 0.645082
3.03455 0.619228
3.04379 0.453842
3.05303 0.633081
3.06227 0.744909
3.0715 0.665325
3.08074 0.707734
3.08998 0.511949
3.09922 0.845716
3.10845 0.981035
3.11769 0.772896
3.12693 0.799481
3.13617 1.19831
3.1454 1.1584
3.15464 0.859927
3.16388 0.80032
3.17312 0.83824
3.18235 1.28478
3.19159 0.90503
3.20083 0.969716
3.21007 1.08505
3.21931 0.767897
3.22854 1.05445
3.23778 1.15507
3.24702 1.14909
3.25626 1.29875
3.26549 1.04111
3.27473 1.27063
3.28397 1.41178
3.29321 0.961163
3.30244 0.884824
3.31168 1.00025
3.32092 1.57299
3.33016 1.0053
3.33939 2.15216
3.34863 1.17136
3.35787 1.63344
3.36711 1.94136
3.37634 1.20313
3.38558 1.66436
3.39482 1.54813
3.40406 1.08531
3.41329 1.47396
3.42253 1.22857
3.43177 1.20336
3.44101 1.18109
3.45025 1.01737
3.45948 1.17014
3.46872 1.79923
3.47796 1.3883
3.4872 1.48511
3.49643 1.32415
3.50567 1.11404
3.51491 1.17782
3.52415 1.48381
3.53338 1.5255
3.54262 1.15111
3.55186 0.981712
3.5611 1.1814
3.57033 1.1795
3.57957 0.982749
3.58881 1.03034
3.59805 1.3342
3.60728 1.52449
3.61652 0.915536
3.62576 0.975409
3.635 1.43007
3.64423 1.51781
3.65347 1.20045
3.66271 0.839336
3.67195 0.800255
3.68119 1.05779
3.69042 1.00224
3.69966 1.08263
3.7089 1.39582
3.71814 0.955547
3.72737 1.15214
3.73661 0.916539
3.74585 0.889669
3.75509 0.780788
3.76432 1.04773
3.77356 0.830745
3.7828 0.886916
3.79204 0.743749
3.80127 0.732839
3.81051 0.842237
3.81975 0.868112
3.82899 0.707621
3.83822 0.79793
3.84746 0.657089
3.8567 0.664429
3.86594 0.795804
3.87518 0.719981
3.88441 0.814606
3.89365 0.624647
3.90289 0.825794
3.91213 1.10315
3.92136 0.433691
3.9306 0.812196
3.93984 0.563864
3.94908 0.588144
3.95831 0.832014
3.96755 0.664886
3.97679 0.763592
3.98603 0.80505
3.99526 1.18109
4.0045 0.618356
4.01374 0.785277
4.02298 0.983321
4.03221 0.69415
4.04145 0.954215
4.05069 0.86675
4.05993 0.662316
4.06916 0.818349
4.0784 0.74943
4.08764 0.822003
4.09688 0.897223
4.10612 0.678615
4.11535 0.583658
4.12459 0.573469
4.13383 0.636788
4.14307 0.660074
4.1523 0.573757
4.16154 0.906422
4.17078 0.760668
4.18002 1.06646
4.18925 0.755782
4.19849 1.03742
4.20773 0.73972
4.21697 0.700217
4.2262 0.81551
4.23544 0.916249
4.24468 1.00993
4.25392 0.841756
4.26315 0.743409
4.27239 1.1464
4.28163 1.04737
4.29087 1.03495
4.3001 0.83777
4.30934 0.700831
4.31858 1.18983
4.32782 0.949338
4.33706 1.1554
4.34629 0.632678
4.35553 1.12965
4.36477 1.05092
4.37401 1.17161
4.38324 0.624536
4.39248 1.3553
4.40172 1.27685
4.41096 1.04173
4.42019 1.30702
4.42943 1.12354
4.43867 1.27501
4.44791 1.69584
4.45714 1.5551
4.46638 1.19669
4.47562 1.2835
4.48486 1.18756
4.49409 1.11459
4.50333 1.82787
4.51257 1.61909
4.52181 2.01639
4.53104 1.3828
4.54028 0.747889
4.54952 1.18404
4.55876 1.22419
4.568 1.07332
4.57723 1.71007
4.58647 1.6287
4.59571 1.19571
4.60495 1.51313
4.61418 1.93755
