0.138976 0.470744
0.181738 0.453887
0.267261 0.44749
0.288642 0.595491
0.374166 0.951015
0.395547 0.809372
0.416928 0.177128
0.48107 0.396107
0.523832 0.65702
0.545213 0.40311
0.566594 0.210099
0.587975 0.347936
0.673498 1.08755
0.71626 1.86413
0.759022 0.85089
0.780403 0.791138
0.801784 1.36465
0.823165 0.702523
0.844546 1.38125
0.865926 0.752735
0.887307 2.30541
0.930069 0.436108
0.95145 1.66315
0.972831 1.14741
1.01559 0.812342
1.03697 1.56271
1.05835 1.42751
1.07974 0.906317
1.10112 1.27646
1.14388 0.891774
1.18664 0.68436
1.20802 1.16314
1.2294 1.07172
1.25078 0.379658
1.27216 0.455644
1.31493 0.554066
1.33631 0.749004
1.35769 0.425133
1.37907 0.756797
1.40045 0.483802
1.42183 0.63989
1.44321 0.531649
1.46459 0.536316
1.48597 0.467112
1.50735 0.351307
1.52873 0.660745
1.55012 0.622163
1.5715 0.667832
1.61426 0.66959
1.63564 0.672082
1.65702 0.688797
1.6784 0.497991
1.69978 0.749547
1.72116 0.503529
1.74254 0.882907
1.76392 0.958346
1.78531 0.770512
1.80669 0.50175
1.82807 1.65737
1.84945 1.17255
1.87083 0.439143
1.89221 0.798347
1.91359 1.06366
1.93497 1.08101
1.95635 1.02067
1.97773 1.32042
1.99911 0.605288
2.02049 1.16172
2.04188 1.77145
2.08464 1.10084
2.10602 0.52968
2.14878 0.903021
2.17016 0.842349
2.19154 1.98987
2.21292 0.843464
2.2343 0.857757
2.27707 1.03003
2.29845 1.77944
2.34121 1.11362
2.36259 1.65368
2.38397 0.611856
2.40535 0.755
2.42673 1.13668
2.44811 1.11059
2.46949 0.392265
2.49087 0.758674
2.51226 1.22452
2.53364 1.28253
2.55502 0.529565
2.5764 1.33767
2.59778 0.959429
2.61916 1.17337
2.64054 0.825329
2.66192 0.904718
2.6833 1.25384
2.70468 1.01743
2.72606 1.28222
2.74745 1.22183
2.79021 0.790804
2.81159 1.38708
2.83297 2.14222
2.85435 0.812274
2.87573 1.26691
2.89711 1.76945
2.91849 1.27747
2.93987 0.691732
2.96125 1.2274
2.98264 0.675635
3.00402 1.5018
3.0254 1.01703
3.04678 0.790065
3.06816 0.826889
3.08954 1.0539
3.11092 0.884439
3.1323 1.00643
3.15368 1.81526
3.17506 1.01258
3.19644 1.57948
3.21783 0.759726
3.23921 1.8931
3.26059 1.00103
3.28197 0.759605
3.30335 0.745779
3.32473 1.00222
3.34611 1.31774
3.36749 0.911767
3.38887 0.999318
3.41025 1.12504
3.43163 0.984518
3.45302 1.48573
3.4744 0.651319
3.49578 0.714081
3.51716 0.872521
3.53854 1.09997
3.55992 0.826616
3.5813 0.63256
3.60268 0.834032
3.62406 1.77295
3.64544 0.902809
3.66682 0.754189
3.68821 1.16178
3.70959 0.911495
3.73097 0.966067
3.75235 0.458999
3.77373 0.83023
3.79511 1.08103
3.81649 0.742928
3.83787 1.25504
3.85925 0.581734
3.88063 0.855528
3.90201 0.649413
3.9234 1.25806
3.94478 1.51068
3.96616 1.23981
3.98754 0.894098
4.00892 1.67182
4.0303 1.03029
4.05168 1.12963
4.07306 1.17436
4.09444 0.908351
4.11582 0.607838
4.1372 0.592559
4.15858 0.732125
4.17997 0.620445
4.20135 0.585939
4.22273 0.765988
4.24411 0.511714
4.26549 0.849924
4.28687 1.08135
4.30825 0.861015
4.32963 0.930016
4.35101 0.48927
4.37239 0.73003
4.39377 1.27286
4.41516 1.08561
4.43654 1.26957
4.45792 0.652267
4.4793 1.03851
4.50068 0.83667
4.52206 0.293133
4.54344 0.986427
4.56482 1.10343
4.5862 0.795948
4.60758 0.831044
4.62896 0.963965
4.65035 1.24387
4.67173 0.949431
4.69311 0.939145
4.71449 1.11517
4.73587 1.18471
4.75725 1.1406
4.77863 1.16395
4.80001 0.938315
4.82139 1.06099
4.84277 1.19004
4.86415 1.22739
4.88554 0.896737
4.90692 1.07436
4.9283 1.59631
4.94968 0.821487
4.97106 1.19193
4.99244 1.01794
5.01382 0.833571
5.0352 0.726669
5.05658 1.13769
5.07796 1.00251
5.09934 1.13266
5.12073 1.03965
5.14211 1.05423
5.16349 0.988608
5.18487 0.930378
5.20625 1.12997
5.22763 1.233
5.24901 1.00466
5.27039 1.0643
5.29177 0.840076
5.31315 0.948369
5.33453 1.1057
5.35592 0.731548
5.3773 1.02441
5.39868 1.36377
5.42006 0.998998
5.44144 0.727561
5.46282 0.534536
5.4842 1.1427
5.50558 1.06003
5.52696 1.31708
5.54834 0.389378
5.56972 1.16941
5.59111 1.30184
5.61249 1.12636
5.63387 1.2322
5.65525 1.08226
5.67663 0.873353
5.69801 1.02933
5.71939 0.869503
5.74077 1.05505
5.76215 1.00846
5.78353 0.576354
5.80491 1.38934
5.8263 0.962869
5.84768 1.1155
5.86906 1.39809
5.89044 1.12835
5.91182 0.910493
5.9332 0.81659
5.95458 0.837358
5.97596 1.43143
5.99734 1.44648
6.01872 0.859625
6.0401 1.05264
6.06148 1.14425
6.08287 1.18016
6.10425 1.09219
6.12563 0.95513
6.14701 1.1226
6.16839 1.27009
6.18977 0.662525
6.21115 0.832155
6.23253 1.18475
6.25391 0.980003
6.27529 0.894223
6.29667 0.833422
6.31806 1.23634
6.33944 0.564609
6.36082 1.12415
6.3822 0.757462
6.40358 1.1671
6.42496 1.03001
6.44634 0.850431
6.46772 1.0013
6.4891 0.965736
6.51048 0.717111
6.53186 1.08458
6.55325 0.968787
6.57463 1.05722
6.59601 1.38074
6.61739 1.06958
6.63877 0.792624
6.66015 0.597594
6.68153 0.945985
6.70291 0.912084
6.72429 0.954449
6.74567 0.954816
6.76705 0.849985
6.78844 0.756278
6.80982 1.09483
6.8312 0.772553
6.85258 0.675723
6.87396 0.858567
6.89534 0.973221
6.91672 1.25568
6.9381 1.05643
6.95948 1.19301
6.98086 0.98188
7.00224 1.01508
7.02363 0.83373
7.04501 1.0138
7.06639 0.714622
7.08777 0.845782
7.10915 0.857853
7.13053 1.10616
7.15191 0.894147
7.17329 1.06765
7.19467 0.798998
7.21605 1.13263
7.23743 0.874501
7.25882 0.848514
7.2802 1.25628
7.30158 0.809628
7.32296 0.740854
7.34434 0.993859
7.36572 1.19573
7.3871 1.00159
7.40848 1.05992
7.42986 0.937289
7.45124 0.884975
7.47262 0.93787
7.49401 0.801805
7.51539 0.550173
7.53677 0.83836
7.55815 1.00888
7.57953 1.14868
7.60091 1.05106
7.62229 0.826735
7.64367 0.916661
7.66505 1.05061
7.68643 1.09656
7.70781 1.24021
7.7292 0.760918
7.75058 1.14929
7.77196 0.840826
7.79334 1.25783
7.81472 1.28702
7.8361 0.823777
7.85748 1.63316
7.87886 1.37055
7.90024 1.42016
7.92162 0.729566
7.943 1.01465
7.96439 0.935261
7.98577 1.08829
8.00715 0.804504
8.02853 0.648142
8.04991 1.07993
8.07129 1.26834
8.09267 1.36675
8.11405 1.51519
8.13543 0.903967
8.15681 1.18199
8.17819 0.806203
8.19957 1.06376
8.22096 0.95205
8.24234 1.23409
8.26372 1.02167
8.2851 0.958746
8.30648 1.16866
8.32786 1.28194
8.34924 1.07475
8.37062 1.01041
8.392 0.828468
8.41338 1.16705
8.43476 0.850198
8.45615 1.18824
8.47753 1.4625
8.49891 0.946175
8.52029 1.07023
8.54167 0.823858
8.56305 0.673529
8.58443 1.12084
8.60581 1.18101
8.62719 1.07276
8.64857 1.20576
8.66995 0.726892
8.69134 1.27362
8.71272 1.11274
8.7341 0.816261
8.75548 0.705415
8.77686 0.90025
8.79824 0.951574
8.81962 1.23878
8.841 0.872729
8.86238 0.849023
8.88376 1.39046
8.90514 0.820791
8.92653 1.13347
8.94791 0.924803
8.96929 0.918086
8.99067 1.03488
9.01205 1.09528
9.03343 0.934859
9.05481 0.994745
9.07619 0.83348
9.09757 0.896349
9.11895 1.01098
9.14033 0.926785
9.16172 0.818476
9.1831 0.975647
9.20448 0.910198
9.22586 0.924982
9.24724 0.988013
9.26862 0.900843
9.29 1.27414
9.31138 0.997094
9.33276 0.798993
9.35414 1.06175
9.37552 1.28224
9.39691 1.11058
9.41829 0.857553
9.43967 1.07282
9.46105 1.01655
9.48243 1.2281
9.50381 0.863644
9.52519 1.18718
9.54657 1.00247
9.56795 0.904293
9.58933 0.859237
9.61071 0.755752
9.6321 0.734603
9.65348 0.648351
9.67486 1.04902
9.69624 0.961713
9.71762 0.808536
9.739 0.997306
9.76038 0.875965
9.78176 0.902742
9.80314 0.881746
9.82452 0.874718
9.8459 0.96048
9.86729 0.850483
9.88867 0.956836
9.91005 0.849977
9.93143 1.13345
9.95281 1.01677
9.97419 1.17448
9.99557 0.753354
10.017 1.04691
10.0383 1.16283
10.0597 0.95068
10.0811 0.814761
10.1025 1.11442
10.1239 1.17212
10.1452 0.65251
10.1666 0.975642
10.188 0.580893
10.2094 0.740731
10.2308 0.817045
10.2521 1.04026
10.2735 0.766038
10.2949 0.806903
10.3163 0.719191
10.3377 0.956717
10.359 1.31985
10.3804 0.726867
10.4018 1.24288
10.4232 1.89832
10.4446 0.806637
10.466 1.07768
10.4873 1.11018
10.5087 0.664654
10.5301 1.14308
10.5515 0.992908
10.5729 0.836195
10.5942 1.1212
10.6156 1.18691
10.637 1.10444
10.6584 1.49373
10.6798 1.2148
