0.114155 0.000184403
0.149279 0.000438661
0.219529 0.000188299
0.237091 0.000304961
0.30734 0.00198164
0.324902 0.0100017
0.342464 0.0025036
0.395151 0.00645094
0.430276 0.0037179
0.447838 0.00555394
0.4654 0.00406557
0.482963 0.0074448
0.553212 0.014819
0.588336 0.0691294
0.623461 0.0761076
0.641023 0.049655
0.658586 0.0920356
0.676148 0.149071
0.69371 0.076146
0.711272 0.130011
0.728835 0.0205578
0.763959 0.102044
0.781522 0.177023
0.799084 0.180401
0.834208 0.46439
0.851771 1.38199
0.869333 1.85136
0.886895 1.75375
0.904458 0.932189
0.939582 1.75633
0.974707 0.825928
0.992269 1.30816
1.00983 1.40047
1.02739 1.3939
1.04496 1.29732
1.08008 2.4716
1.09764 1.61937
1.1152 2.82604
1.13277 3.78002
1.15033 3.77966
1.16789 2.11526
1.18545 2.1413
1.20302 2.36881
1.22058 1.06322
1.23814 0.816438
1.2557 1.05253
1.27327 0.946366
1.29083 0.641433
1.32595 0.743404
1.34351 0.525832
1.36108 0.329451
1.37864 1.05234
1.3962 0.644027
1.41376 0.839416
1.43133 1.34031
1.44889 0.378477
1.46645 0.457568
1.48401 0.191032
1.50158 0.471634
1.51914 0.08064
1.5367 0.439671
1.55426 0.422556
1.57182 0.437124
1.58939 0.714996
1.60695 0.810108
1.62451 0.65696
1.64207 0.309324
1.65964 0.450472
1.6772 0.800691
1.71232 1.2295
1.72988 1.09587
1.76501 0.776979
1.78257 0.845879
1.80013 0.807445
1.8177 1.14615
1.83526 0.75476
1.87038 0.81677
1.88795 0.866985
1.92307 1.19109
1.94063 0.865547
1.95819 1.42172
1.97576 1.22533
1.99332 0.93038
2.01088 1.53479
2.02844 1.40366
2.04601 0.958998
2.06357 1.48791
2.08113 1.30221
2.09869 0.999427
2.11625 1.12997
2.13382 0.855445
2.15138 0.574066
2.16894 0.779166
2.1865 1.36515
2.20407 1.5773
2.22163 1.36563
2.23919 0.916499
2.25675 1.50232
2.29188 1.12902
2.30944 0.879178
2.327 0.837987
2.34456 1.56944
2.36213 1.08853
2.37969 0.335457
2.39725 2.17185
2.41481 1.11219
2.43238 1.05212
2.44994 0.539981
2.4675 0.535832
2.48506 0.884632
2.50263 1.03738
2.52019 0.539402
2.53775 0.7694
2.55531 0.817937
2.57287 0.808645
2.59044 0.76168
2.608 0.832003
2.62556 0.422334
2.64312 0.874984
2.66069 0.73772
2.67825 0.620206
2.69581 0.897642
2.71337 0.977293
2.73093 0.410141
2.7485 1.32021
2.76606 0.687668
2.78362 0.810771
2.80118 0.969411
2.81875 1.12945
2.83631 0.651042
2.85387 0.996006
2.87143 1.5126
2.889 1.19988
2.90656 0.950309
2.92412 0.545835
2.94168 0.630846
2.95924 1.05003
2.97681 0.784122
2.99437 1.39441
3.01193 0.466489
3.02949 1.30851
3.04706 1.56775
3.06462 0.78599
3.08218 0.737097
3.09974 0.944762
3.1173 1.13707
3.13487 0.637756
3.15243 0.607831
3.16999 0.891323
3.18755 1.05389
3.20512 1.1078
3.22268 0.658963
3.24024 1.75645
3.2578 1.00297
3.27537 0.861932
3.29293 1.35774
3.31049 1.23053
3.32805 0.867255
3.34561 1.04956
3.36318 0.991497
3.38074 0.889717
3.3983 1.1492
3.41586 0.737442
3.43343 1.21584
3.45099 1.47994
3.46855 0.821086
3.48611 0.850952
3.50368 1.20785
3.52124 1.11789
3.5388 1.18147
3.55636 0.872625
3.57392 1.27266
3.59149 1.19844
3.60905 1.16867
3.62661 1.21312
3.64417 0.732995
3.66174 0.508023
3.6793 0.901104
3.69686 1.25451
3.71442 0.579842
3.73198 0.686408
3.74955 0.890568
3.76711 0.768378
3.78467 0.712362
3.80223 0.97249
3.8198 1.01536
3.83736 0.907533
3.85492 1.16603
3.87248 0.973201
3.89005 1.18455
3.90761 0.820104
3.92517 1.00199
3.94273 0.961277
3.96029 0.898652
3.97786 1.43369
3.99542 1.31214
4.01298 1.23783
4.03054 0.980996
4.04811 1.71183
4.06567 0.734001
4.08323 1.05196
4.10079 0.755521
4.11836 0.915666
4.13592 0.534561
4.15348 1.34172
4.17104 0.763663
4.1886 0.910399
4.20617 0.671917
4.22373 0.925591
4.24129 1.39715
4.25885 0.737013
4.27642 1.07818
4.29398 1.11176
4.31154 0.908008
4.3291 1.01511
4.34666 0.999218
4.36423 0.896227
4.38179 1.00641
4.39935 1.04205
4.41691 1.01339
4.43448 0.67709
4.45204 0.992677
4.4696 1.23105
4.48716 0.834431
4.50473 1.10151
4.52229 1.19131
4.53985 1.13369
4.55741 1.04463
4.57497 0.706188
4.59254 1.51515
4.6101 1.24879
4.62766 1.25725
4.64522 1.98281
4.66279 1.05922
4.68035 1.14346
4.69791 1.1453
4.71547 0.996716
4.73303 0.927875
4.7506 1.07256
4.76816 0.802943
4.78572 0.804933
4.80328 0.655576
4.82085 1.0837
4.83841 0.803949
4.85597 1.24904
4.87353 0.928577
4.8911 1.01022
4.90866 1.03587
4.92622 0.94913
4.94378 1.10865
4.96134 0.829683
4.97891 0.793026
4.99647 0.928848
5.01403 0.885813
5.03159 0.719082
5.04916 1.09443
5.06672 0.723887
5.08428 0.849213
5.10184 0.647501
5.11941 0.920541
5.13697 0.900637
5.15453 0.899721
5.17209 0.937788
5.18965 1.38896
5.20722 1.07789
5.22478 0.891443
5.24234 0.714759
5.2599 0.735339
5.27747 1.09154
5.29503 1.13663
5.31259 0.839387
5.33015 0.703519
5.34771 0.841982
5.36528 0.854801
5.38284 1.00664
5.4004 1.30336
5.41796 1.23354
5.43553 0.883741
5.45309 1.28074
5.47065 0.963928
5.48821 1.11453
5.50578 1.16145
5.52334 1.17442
5.5409 1.03881
5.55846 0.990968
5.57602 1.17291
5.59359 1.17437
5.61115 1.50458
5.62871 1.21385
5.64627 1.69569
5.66384 0.891212
5.6814 1.8453
5.69896 0.9116
5.71652 0.934628
5.73408 1.13137
5.75165 0.94352
5.76921 0.962568
5.78677 0.878957
5.80433 0.735359
5.8219 0.693055
5.83946 1.07542
5.85702 1.01567
5.87458 0.762617
5.89215 0.775293
5.90971 0.972249
5.92727 0.544104
5.94483 0.883952
5.96239 0.482526
5.97996 0.899316
5.99752 1.01724
6.01508 1.15098
6.03264 1.00548
6.05021 0.964196
6.06777 0.79344
6.08533 0.864342
6.10289 1.0786
6.12046 1.14871
6.13802 0.884736
6.15558 1.09382
6.17314 0.90708
6.1907 0.821283
6.20827 1.12613
6.22583 0.891833
6.24339 1.02558
6.26095 1.40238
6.27852 1.24156
6.29608 0.896358
6.31364 1.05858
6.3312 1.24039
6.34876 0.961987
6.36633 0.693235
6.38389 0.847522
6.40145 0.946879
6.41901 0.923535
6.43658 1.00286
6.45414 1.34812
6.4717 0.764857
6.48926 1.54489
6.50683 0.965079
6.52439 1.18498
6.54195 0.898767
6.55951 0.990104
6.57707 1.14027
6.59464 0.894336
6.6122 0.650865
6.62976 1.21652
6.64732 0.958434
6.66489 0.763289
6.68245 1.01331
6.70001 1.0997
6.71757 1.45758
6.73513 1.06429
6.7527 1.30153
6.77026 1.10178
6.78782 0.887339
6.80538 1.06386
6.82295 1.06916
6.84051 1.0628
6.85807 0.899591
6.87563 1.01189
6.8932 0.967574
6.91076 0.738169
6.92832 0.904289
6.94588 1.13724
6.96344 1.23341
6.98101 0.796684
6.99857 0.924447
7.01613 0.958335
7.03369 1.00566
7.05126 0.763935
7.06882 0.981537
7.08638 0.817775
7.10394 1.15615
7.12151 0.918032
7.13907 0.904785
7.15663 1.26091
7.17419 0.968564
7.19175 1.09454
7.20932 0.632399
7.22688 1.04565
7.24444 1.26501
7.262 0.996432
7.27957 0.979846
7.29713 0.781536
7.31469 0.907185
7.33225 0.948611
7.34981 0.880417
7.36738 0.919412
7.38494 1.20104
7.4025 1.42382
7.42006 0.807809
7.43763 0.814624
7.45519 0.842725
7.47275 1.21354
7.49031 0.900854
7.50788 0.740549
7.52544 0.961669
7.543 1.16132
7.56056 1.1558
7.57812 0.889433
7.59569 0.89575
7.61325 1.1423
7.63081 0.900109
7.64837 0.89891
7.66594 0.838718
7.6835 0.788608
7.70106 1.09154
7.71862 0.935751
7.73619 0.969902
7.75375 0.961549
7.77131 0.991722
7.78887 1.27883
7.80643 1.1915
7.824 0.998731
7.84156 1.04829
7.85912 0.946473
7.87668 1.20809
7.89425 0.759327
7.91181 1.01917
7.92937 1.50107
7.94693 1.19515
7.96449 1.13432
7.98206 1.00183
7.99962 0.986062
8.01718 0.903814
8.03474 0.851457
8.05231 1.01694
8.06987 0.76697
8.08743 1.2763
8.10499 0.877875
8.12256 1.22113
8.14012 0.791216
8.15768 0.752147
8.17524 0.866999
8.1928 0.907097
8.21037 1.06024
8.22793 0.976472
8.24549 1.10756
8.26305 1.26751
8.28062 0.747253
8.29818 1.05282
8.31574 0.942138
8.3333 0.89039
8.35086 0.998974
8.36843 0.877427
8.38599 0.88892
8.40355 0.934889
8.42111 0.916092
8.43868 0.872178
8.45624 1.07062
8.4738 1.10414
8.49136 1.0047
8.50893 0.620424
8.52649 0.677923
8.54405 1.25532
8.56161 0.651491
8.57917 0.87272
8.59674 1.02058
8.6143 0.579871
8.63186 0.782255
8.64942 0.645465
8.66699 1.16074
8.68455 1.10371
8.70211 1.15994
8.71967 0.819147
8.73724 1.31926
8.7548 1.30114
8.77236 1.11121
