0.124304 0.000202498
0.162551 0.000181454
0.239046 0.00013122
0.258169 0.000477634
0.334664 0.0013759
0.353788 0.00668172
0.372911 0.00466391
0.430282 0.00878213
0.46853 0.0125339
0.487653 0.0172325
0.506777 0.00466997
0.525901 0.00353311
0.602395 0.0202035
0.640643 0.0713088
0.67889 0.0591141
0.698014 0.059889
0.717137 0.0522911
0.736261 0.0513952
0.755384 0.0669615
0.774508 0.0424918
0.793632 0.376268
0.831879 0.390557
0.851003 0.262998
0.870126 0.541224
0.908374 3.17939
0.927497 2.02727
0.946621 5.34971
0.965745 1.37631
0.984868 1.20163
1.02312 1.28996
1.06136 0.806131
1.08049 2.06847
1.09961 2.91789
1.11873 2.74878
1.13786 3.28423
1.1761 2.41369
1.19523 2.3298
1.21435 1.30461
1.23348 1.49065
1.2526 0.47996
1.27172 0.547597
1.29085 0.53629
1.30997 0.285681
1.32909 0.430463
1.34822 1.22234
1.36734 0.733199
1.38647 0.603202
1.40559 0.365834
1.44384 0.47418
1.46296 0.346885
1.48208 0.930515
1.50121 0.280779
1.52033 0.709879
1.53945 0.668613
1.55858 0.439368
1.5777 0.185775
1.59683 0.452215
1.61595 0.556452
1.63507 0.644509
1.6542 0.635124
1.67332 1.28065
1.69244 0.818682
1.71157 0.765746
1.73069 0.826294
1.74981 0.717189
1.76894 0.949019
1.78806 0.862416
1.80719 0.836285
1.82631 0.980085
1.86456 0.791959
1.88368 1.27717
1.92193 1.06504
1.94105 0.700744
1.96017 0.840199
1.9793 1.31151
1.99842 1.54495
2.03667 1.42474
2.05579 0.644689
2.09404 0.999452
2.11316 0.546364
2.13229 0.976243
2.15141 1.37104
2.17054 2.05534
2.18966 2.14689
2.20878 1.01397
2.22791 0.963373
2.24703 1.1883
2.26615 0.757799
2.28528 1.36632
2.3044 1.37829
2.32352 1.57962
2.34265 0.739676
2.36177 0.681129
2.3809 1.32272
2.40002 0.746622
2.41914 0.349274
2.43827 0.901259
2.45739 1.16929
2.49564 1.11847
2.51476 0.966799
2.53388 0.440672
2.55301 1.0952
2.57213 0.813404
2.59126 0.978597
2.61038 0.694352
2.6295 0.824466
2.64863 0.593871
2.66775 0.624896
2.68687 1.11659
2.706 0.939581
2.72512 0.731391
2.74424 0.450074
2.76337 1.30436
2.78249 0.948602
2.80162 0.749719
2.82074 2.12934
2.83986 0.68662
2.85899 1.11646
2.87811 1.25416
2.89723 0.776346
2.91636 0.67688
2.93548 1.00915
2.95461 1.04343
2.97373 1.89287
2.99285 0.744818
3.01198 0.957896
3.0311 1.29743
3.05022 0.835789
3.06935 0.783037
3.08847 0.52588
3.10759 1.05614
3.12672 0.936274
3.14584 1.50734
3.16497 0.80147
3.18409 0.565148
3.20321 0.844589
3.22234 1.22853
3.24146 1.15068
3.26058 1.27266
3.27971 0.766694
3.29883 1.8093
3.31795 2.07642
3.33708 0.878604
3.3562 0.987006
3.37533 1.33298
3.39445 0.935073
3.41357 0.787515
3.4327 1.17196
3.45182 0.996935
3.47094 1.00432
3.49007 0.889864
3.50919 0.814338
3.52831 0.838509
3.54744 1.41709
3.56656 0.68688
3.58569 0.965284
3.60481 0.753012
3.62393 0.962769
3.64306 0.985914
3.66218 1.07422
3.6813 0.966572
3.70043 0.453289
3.71955 0.934194
3.73868 0.621458
3.7578 0.672604
3.77692 1.02752
3.79605 1.07343
3.81517 0.631574
3.83429 0.76038
3.85342 1.06434
3.87254 0.588925
3.89166 0.846373
3.91079 1.0343
3.92991 1.34309
3.94904 0.95569
3.96816 1.30462
3.98728 0.65122
4.00641 0.572775
4.02553 1.43762
4.04465 1.11727
4.06378 0.943873
4.0829 1.02103
4.10202 0.65306
4.12115 1.11212
4.14027 1.17611
4.1594 1.48822
4.17852 0.81744
4.19764 1.2641
4.21677 1.15578
4.23589 0.936404
4.25501 0.760926
4.27414 1.42938
4.29326 0.930094
4.31238 1.09741
4.33151 0.947341
4.35063 1.66224
4.36976 0.878908
4.38888 0.979435
4.408 1.00036
4.42713 1.19919
4.44625 0.848469
4.46537 1.44423
4.4845 0.667927
4.50362 0.597313
4.52275 1.04611
4.54187 0.713027
4.56099 0.991242
4.58012 1.08921
4.59924 0.944906
4.61836 0.66456
4.63749 1.35095
4.65661 1.00821
4.67573 0.946002
4.69486 0.947402
4.71398 1.16973
4.73311 1.06168
4.75223 0.568986
4.77135 1.19801
4.79048 1.44186
4.8096 1.0204
4.82872 1.21279
4.84785 0.9859
4.86697 0.942885
4.88609 0.983892
4.90522 0.796169
4.92434 1.3083
4.94347 0.953206
4.96259 0.80272
4.98171 0.665657
5.00084 1.10657
5.01996 1.11737
5.03908 1.00789
5.05821 1.98342
5.07733 1.1268
5.09645 0.737994
5.11558 1.31016
5.1347 0.925362
5.15383 1.10512
5.17295 1.06285
5.19207 1.04035
5.2112 1.01203
5.23032 0.573227
5.24944 0.74308
5.26857 0.737137
5.28769 0.727472
5.30682 1.03026
5.32594 0.678434
5.34506 1.57731
5.36419 0.884937
5.38331 0.917257
5.40243 1.14477
5.42156 0.971824
5.44068 0.928244
5.4598 0.91033
5.47893 0.833346
5.49805 0.776421
5.51718 1.03
5.5363 0.989588
5.55542 0.78221
5.57455 0.991734
5.59367 1.05265
5.61279 0.893009
5.63192 0.854981
5.65104 1.0209
5.67016 1.3793
5.68929 1.3075
5.70841 0.853984
5.72754 1.14056
5.74666 0.901931
5.76578 0.835429
5.78491 1.23328
5.80403 1.30842
5.82315 0.904751
5.84228 0.878352
5.8614 1.26234
5.88052 0.810031
5.89965 1.28589
5.91877 0.62128
5.9379 1.39606
5.95702 0.687966
5.97614 0.960686
5.99527 0.695356
6.01439 1.34186
6.03351 1.20786
6.05264 0.796066
6.07176 1.11471
6.09088 1.06797
6.11001 0.813854
6.12913 1.03068
6.14826 0.965837
6.16738 1.19279
6.1865 0.598273
6.20563 1.00998
6.22475 1.14837
6.24387 0.786453
6.263 0.932472
6.28212 0.921973
6.30125 0.946985
6.32037 0.878843
6.33949 0.877101
6.35862 1.02794
6.37774 0.920988
6.39686 0.58244
6.41599 0.850118
6.43511 0.90671
6.45423 1.18782
6.47336 1.07521
6.49248 0.74368
6.51161 1.25716
6.53073 1.4018
6.54985 0.935792
6.56898 0.969151
6.5881 0.896596
6.60722 0.83005
6.62635 0.898577
6.64547 0.790235
6.66459 0.940529
6.68372 0.90845
6.70284 1.13376
6.72197 0.965611
6.74109 0.998828
6.76021 1.0306
6.77934 0.628333
6.79846 0.749046
6.81758 0.954843
6.83671 1.23232
6.85583 1.12668
6.87495 1.1406
6.89408 1.15387
6.9132 1.14515
6.93233 1.07577
6.95145 1.29899
6.97057 1.29374
6.9897 0.878739
7.00882 1.13803
7.02794 0.979295
7.04707 0.958458
7.06619 1.05965
7.08532 0.906755
7.10444 0.989794
7.12356 0.806517
7.14269 0.821449
7.16181 0.862562
7.18093 0.8799
7.20006 0.845559
7.21918 1.1739
7.2383 1.12345
7.25743 1.07389
7.27655 1.28251
7.29568 0.883455
7.3148 0.988881
7.33392 0.698718
7.35305 1.18802
7.37217 0.719133
7.39129 1.53158
7.41042 1.0389
7.42954 0.697479
7.44866 1.00263
7.46779 1.13618
7.48691 0.853042
7.50604 0.835375
7.52516 0.955038
7.54428 1.09728
7.56341 0.932366
7.58253 0.884502
7.60165 0.870457
7.62078 0.969381
7.6399 0.75357
7.65902 0.839338
7.67815 1.30217
7.69727 1.39158
7.7164 0.96096
7.73552 0.901198
7.75464 0.899113
7.77377 0.964007
7.79289 1.05742
7.81201 1.05322
7.83114 1.1125
7.85026 0.975981
7.86939 1.04699
7.88851 1.26487
7.90763 1.15185
7.92676 0.824534
7.94588 0.987913
7.965 1.23123
7.98413 1.17541
8.00325 0.683363
8.02237 1.11554
8.0415 0.944421
8.06062 0.739539
8.07975 1.06512
8.09887 1.63511
8.11799 1.1465
8.13712 0.924319
8.15624 0.975311
8.17536 0.86995
8.19449 0.825893
8.21361 0.912006
8.23273 0.97629
8.25186 0.975882
8.27098 0.977089
8.29011 0.94188
8.30923 0.640794
8.32835 0.967072
8.34748 0.904435
8.3666 1.22693
8.38572 0.821385
8.40485 0.955548
8.42397 0.938164
8.44309 0.876794
8.46222 1.01525
8.48134 1.0921
8.50047 1.07505
8.51959 0.855276
8.53871 1.27675
8.55784 0.627261
8.57696 0.69546
8.59608 0.884235
8.61521 0.845294
8.63433 1.13365
8.65346 1.3208
8.67258 1.24076
8.6917 1.11593
8.71083 1.06221
8.72995 1.05292
8.74907 1.38797
8.7682 1.19449
8.78732 1.03225
8.80644 0.717116
8.82557 1.02484
8.84469 0.879599
8.86382 1.08842
8.88294 0.996512
8.90206 1.00685
8.92119 0.854187
8.94031 0.869633
8.95943 1.375
8.97856 1.01509
8.99768 1.02188
9.0168 0.785684
9.03593 1.05158
9.05505 1.13888
9.07418 1.04819
9.0933 0.987407
9.11242 0.984028
9.13155 0.761442
9.15067 0.834874
9.16979 0.994163
9.18892 0.788758
9.20804 0.986919
9.22716 1.23574
9.24629 0.865937
9.26541 0.674527
9.28454 1.20478
9.30366 1.109
9.32278 0.868973
9.34191 0.934088
9.36103 1.21575
9.38015 0.740427
9.39928 0.980461
9.4184 1.06571
9.43753 0.947574
9.45665 0.777246
9.47577 0.992408
9.4949 0.900053
9.51402 1.19317
9.53314 0.659526
9.55227 1.21279
