0.0746676 0.0173018
0.0976423 0.0211256
0.143592 0.0549766
0.155079 0.0498147
0.201028 0.070233
0.212516 0.0720082
0.224003 0.0717893
0.258465 0.0695508
0.28144 0.0956182
0.292927 0.0921225
0.304414 0.231735
0.315902 0.100048
0.361851 0.124193
0.384826 0.098114
0.4078 0.61964
0.419288 0.0894069
0.430775 0.139197
0.442262 0.114018
0.45375 0.363721
0.465237 0.245564
0.476724 0.266323
0.499699 0.0915747
0.511186 0.0851545
0.522674 0.376865
0.545648 0.16636
0.557136 0.213957
0.568623 0.18623
0.58011 0.208207
0.591598 0.565176
0.614572 0.238312
0.637547 0.20418
0.649034 0.246689
0.660522 0.367948
0.672009 0.449419
0.683496 1.06542
0.706471 0.670029
0.717958 0.516732
0.729445 0.683699
0.740933 0.656621
0.75242 0.33006
0.763907 0.616935
0.775395 0.568206
0.786882 0.58552
0.798369 0.63436
0.809857 0.537755
0.821344 0.852418
0.832831 0.943277
0.844319 0.385353
0.867293 0.868082
0.878781 0.897758
0.890268 2.89843
0.901755 1.83579
0.913243 0.740527
0.92473 0.70602
0.936217 1.05037
0.947705 1.15576
0.959192 0.887741
0.970679 1.52052
0.982167 1.12808
0.993654 0.50929
1.00514 1.09756
1.01663 1.15952
1.02812 0.896454
1.0396 0.640656
1.05109 3.20823
1.06258 1.6764
1.07407 0.724675
1.08555 3.30877
1.09704 1.3777
1.12001 1.05556
1.1315 2.0419
1.15448 0.80155
1.16596 1.04618
1.17745 1.0464
1.18894 0.651587
1.20043 1.43985
1.2234 0.726255
1.23489 0.520896
1.25786 0.94965
1.26935 1.02255
1.28084 0.861974
1.29232 1.36581
1.30381 1.6376
1.3153 1.10452
1.32679 0.816289
1.33827 1.56178
1.34976 0.815871
1.36125 0.700524
1.37274 0.847539
1.38422 0.90835
1.39571 0.647284
1.4072 0.708452
1.41869 0.698891
1.43017 1.38362
1.44166 0.751417
1.45315 0.691255
1.46463 0.646195
1.47612 0.867062
1.4991 1.22132
1.51058 1.37496
1.52207 1.40966
1.53356 1.30723
1.54505 1.08637
1.55653 0.31622
1.56802 1.18647
1.57951 1.09299
1.591 0.930252
1.60248 1.07703
1.61397 1.86992
1.62546 1.30086
1.63694 0.725721
1.64843 0.889058
1.65992 0.585638
1.67141 1.06377
1.68289 0.898748
1.69438 0.676562
1.70587 1.01757
1.71736 0.953317
1.72884 1.35794
1.74033 1.02885
1.75182 0.959656
1.76331 0.74079
1.77479 1.32995
1.78628 0.24113
1.79777 0.938935
1.80925 1.10267
1.82074 0.63178
1.83223 1.31424
1.84372 0.491216
1.8552 1.4709
1.86669 1.25664
1.87818 1.30441
1.88967 0.579318
1.90115 1.41796
1.91264 1.31682
1.92413 1.01159
1.93562 1.0996
1.9471 0.874815
1.95859 0.911242
1.97008 1.01846
1.98156 1.00352
1.99305 1.56742
2.00454 1.94665
2.01603 0.703611
2.02751 1.04887
2.039 0.772602
2.05049 1.18045
2.06198 0.727884
2.07346 0.939012
2.08495 0.684458
2.09644 0.943902
2.10793 0.972954
2.11941 0.779055
2.1309 1.23395
2.14239 1.00625
2.15387 0.926745
2.16536 1.01363
2.17685 0.665805
2.18834 0.772626
2.19982 1.22387
2.21131 1.01635
2.2228 0.75916
2.23429 1.09046
2.24577 0.939588
2.25726 1.0169
2.26875 0.655186
2.28024 0.933117
2.29172 0.916248
2.30321 0.93084
2.3147 0.783181
2.32618 1.09693
2.33767 0.843782
2.34916 0.869945
2.36065 0.583666
2.37213 0.885274
2.38362 0.773517
2.39511 0.757971
2.4066 1.29783
2.41808 0.746014
2.42957 0.883537
2.44106 1.11454
2.45255 0.872453
2.46403 1.05137
2.47552 0.917869
2.48701 0.994038
2.49849 0.971402
2.50998 1.13532
2.52147 0.989098
2.53296 0.980995
2.54444 1.10257
2.55593 1.06677
2.56742 0.712492
2.57891 0.847423
2.59039 1.3441
2.60188 0.743604
2.61337 1.87573
2.62486 0.728818
2.63634 1.13057
2.64783 0.830574
2.65932 1.2556
2.6708 1.00856
2.68229 1.16399
2.69378 0.915058
2.70527 0.869779
2.71675 1.6276
2.72824 0.986968
2.73973 0.91144
2.75122 1.40958
2.7627 1.02782
2.77419 0.60521
2.78568 0.811696
2.79716 1.06509
2.80865 0.79883
2.82014 0.951269
2.83163 1.81483
2.84311 0.889975
2.8546 1.23543
2.86609 0.994404
2.87758 1.02607
2.88906 0.932159
2.90055 0.76464
2.91204 0.709755
2.92353 0.569511
2.93501 0.966766
2.9465 1.01506
2.95799 0.683384
2.96947 1.30058
2.98096 1.3974
2.99245 0.676537
3.00394 1.37784
3.01542 0.712394
3.02691 0.741634
3.0384 1.71199
3.04989 0.892915
3.06137 0.919881
3.07286 1.16475
3.08435 0.990099
3.09584 0.898714
3.10732 0.796149
3.11881 0.853912
3.1303 0.973822
3.14178 0.938096
3.15327 1.04564
3.16476 1.13803
3.17625 0.75462
3.18773 0.892051
3.19922 1.07315
3.21071 0.756929
3.2222 1.02086
3.23368 0.894988
3.24517 1.01649
3.25666 1.07694
3.26815 1.57086
3.27963 0.878818
3.29112 1.28242
3.30261 1.04576
3.31409 1.04652
3.32558 1.41308
3.33707 0.943358
3.34856 0.833333
3.36004 0.940392
3.37153 0.787427
3.38302 0.901727
3.39451 0.920096
3.40599 1.17876
3.41748 1.46293
3.42897 1.16353
3.44046 0.958841
3.45194 0.962903
3.46343 1.22774
3.47492 1.20981
3.4864 1.23965
3.49789 0.574571
3.50938 1.30025
3.52087 1.08607
3.53235 0.777128
3.54384 0.974495
3.55533 0.732597
3.56682 0.980665
3.5783 1.37482
3.58979 1.0783
3.60128 0.964488
3.61277 1.0804
3.62425 0.81978
3.63574 0.837804
3.64723 0.620408
3.65871 1.11247
3.6702 0.873114
3.68169 1.23093
3.69318 0.471509
3.70466 1.06977
3.71615 0.709745
3.72764 0.998745
3.73913 0.791357
3.75061 0.995093
3.7621 0.992308
3.77359 1.23562
3.78508 1.34249
3.79656 1.3007
3.80805 1.22734
3.81954 0.965239
3.83102 1.02223
3.84251 0.603438
3.854 1.03304
3.86549 0.872356
3.87697 1.04547
3.88846 0.882574
3.89995 0.593493
3.91144 1.20125
3.92292 0.973947
3.93441 0.722751
3.9459 1.02498
3.95739 1.2602
3.96887 0.684311
3.98036 1.03341
3.99185 1.12476
4.00333 0.712058
4.01482 1.23253
4.02631 0.932825
4.0378 0.946502
4.04928 0.970158
4.06077 0.862593
4.07226 1.48171
4.08375 1.15045
4.09523 1.02036
4.10672 0.887753
4.11821 1.25567
4.1297 1.04705
4.14118 1.39911
4.15267 1.03464
4.16416 0.83009
4.17564 1.11583
4.18713 0.900752
4.19862 1.01058
4.21011 0.550674
4.22159 1.00347
4.23308 1.71339
4.24457 1.08746
4.25606 0.852414
4.26754 1.22714
4.27903 1.05797
4.29052 0.865395
4.30201 0.991721
4.31349 0.679709
4.32498 0.818949
4.33647 1.33085
4.34795 0.705604
4.35944 0.760228
4.37093 1.01055
4.38242 0.691629
4.3939 0.927908
4.40539 0.948065
4.41688 0.729099
4.42837 1.12233
4.43985 0.998149
4.45134 1.28855
4.46283 1.12219
4.47432 1.23099
4.4858 0.570607
4.49729 1.14016
4.50878 1.4613
4.52026 0.67369
4.53175 0.939244
4.54324 1.14915
4.55473 0.677621
4.56621 0.945995
4.5777 1.14037
4.58919 0.926166
4.60068 1.03301
4.61216 0.635733
4.62365 1.14842
4.63514 0.962414
4.64663 1.48358
4.65811 0.954969
4.6696 1.1662
4.68109 1.04782
4.69257 0.67531
4.70406 0.999576
4.71555 1.19278
4.72704 1.11115
4.73852 1.05049
4.75001 0.761465
4.7615 0.965156
4.77299 0.754184
4.78447 0.812656
4.79596 0.770831
4.80745 0.912862
4.81894 1.00099
4.83042 1.01067
4.84191 1.07947
4.8534 1.06032
4.86488 1.09182
4.87637 0.882001
4.88786 0.92182
4.89935 0.854255
4.91083 1.00514
4.92232 0.975379
4.93381 0.880057
4.9453 1.49586
4.95678 0.863183
4.96827 0.978772
4.97976 0.865961
4.99125 0.965052
5.00273 0.983325
5.01422 0.76539
5.02571 0.809039
5.03719 1.00406
5.04868 1.01533
5.06017 0.742716
5.07166 1.03749
5.08314 0.835944
5.09463 1.4075
5.10612 1.09231
5.11761 1.1472
5.12909 1.25117
5.14058 0.942451
5.15207 0.651081
5.16356 0.996366
5.17504 1.01326
5.18653 1.19142
5.19802 1.22501
5.2095 0.943614
5.22099 0.761969
5.23248 1.0173
5.24397 1.14648
5.25545 0.833552
5.26694 1.02211
5.27843 1.04006
5.28992 1.05827
5.3014 1.34271
5.31289 1.22341
5.32438 1.03667
5.33587 1.15122
5.34735 0.775698
5.35884 0.806334
5.37033 1.05634
5.38181 1.05194
5.3933 0.964124
5.40479 1.26366
5.41628 1.22349
5.42776 1.15773
5.43925 1.03732
5.45074 0.923217
5.46223 1.01708
5.47371 1.26237
5.4852 1.22182
5.49669 1.11112
5.50817 0.729789
5.51966 0.850003
5.53115 0.887764
5.54264 1.02881
5.55412 1.30866
5.56561 1.01097
5.5771 0.575348
5.58859 0.842337
5.60007 0.69798
5.61156 0.462453
5.62305 0.942735
5.63454 0.92866
5.64602 1.03231
5.65751 0.928602
5.669 0.94189
5.68048 0.812852
5.69197 0.946603
5.70346 0.852163
5.71495 1.24246
5.72643 0.739874
5.73792 0.948866
