0.104 0.0463579
0.136 0.00279292
0.2 0.0328362
0.216 0.0756661
0.28 0.180203
0.296 0.0148674
0.312 0.101601
0.36 0.037516
0.392 0.00635827
0.408 0.256682
0.424 0.0802711
0.44 0.0924442
0.504 0.13873
0.536 0.115383
0.568 0.372475
0.584 0.160927
0.6 0.0549403
0.616 0.126685
0.632 0.305756
0.648 0.188593
0.664 0.301344
0.696 0.238037
0.712 0.224451
0.728 0.215045
0.76 0.371523
0.776 0.467136
0.792 0.934535
0.808 0.629811
0.824 0.317489
0.856 0.590045
0.888 0.445287
0.904 0.519094
0.92 1.10999
0.936 2.80962
0.952 1.01041
0.984 2.13423
1 1.4133
1.016 0.971136
1.032 1.54639
1.048 1.52904
1.064 1.12627
1.08 2.11014
1.096 0.549801
1.112 1.63234
1.128 0.662157
1.144 1.75283
1.16 2.08101
1.176 1.46132
1.208 1.34683
1.224 1.02626
1.24 0.992173
1.256 0.503789
1.272 0.954065
1.288 1.59592
1.304 1.15686
1.32 1.02628
1.336 0.82106
1.352 1.45378
1.368 0.624614
1.384 1.66515
1.4 1.1458
1.416 2.13559
1.432 0.978587
1.448 0.926535
1.464 2.37564
1.48 1.15158
1.496 0.928004
1.512 1.23215
1.528 0.465759
1.56 0.988778
1.576 0.956586
1.608 0.897237
1.624 0.343163
1.64 0.289421
1.656 0.441757
1.672 0.427945
1.704 0.992435
1.72 0.718033
1.752 1.21264
1.768 0.869311
1.784 0.894127
1.8 0.696007
1.816 1.33855
1.832 0.67628
1.848 0.46763
1.864 0.370124
1.88 1.0299
1.896 1.36894
1.912 0.678727
1.928 0.731375
1.944 0.843028
1.96 1.11339
1.976 0.983407
1.992 0.583822
2.008 0.932326
2.024 0.70783
2.04 0.616968
2.056 0.953692
2.088 0.615692
2.104 1.09788
2.12 1.06105
2.136 1.19857
2.152 1.16584
2.168 0.820549
2.184 1.17107
2.2 1.07619
2.216 1.58727
2.232 1.45576
2.248 0.606483
2.264 1.01755
2.28 1.09889
2.296 1.08809
2.312 0.884431
2.328 1.15072
2.344 1.6235
2.36 0.519608
2.376 1.26437
2.392 1.20006
2.408 1.41568
2.424 1.50179
2.44 0.925656
2.456 0.545356
2.472 0.871126
2.488 0.81511
2.504 0.831615
2.52 0.894179
2.536 1.61075
2.552 1.045
2.568 0.873385
2.584 1.04868
2.6 1.14563
2.616 0.895911
2.632 0.899039
2.648 0.937502
2.664 0.988993
2.68 0.333651
2.696 1.38948
2.712 1.16503
2.728 1.15299
2.744 1.15993
2.76 0.725686
2.776 0.479546
2.792 0.881448
2.808 1.22739
2.824 0.967335
2.84 0.990334
2.856 0.804721
2.872 1.37646
2.888 0.839411
2.904 0.598295
2.92 0.908435
2.936 1.32612
2.952 1.19359
2.968 0.774258
2.984 1.1378
3 0.803871
3.016 0.860947
3.032 0.940023
3.048 0.909822
3.064 0.893591
3.08 0.608878
3.096 0.745943
3.112 0.965145
3.128 0.651235
3.144 0.875861
3.16 1.01113
3.176 1.44049
3.192 0.644152
3.208 1.05518
3.224 1.19988
3.24 0.698493
3.256 1.12207
3.272 1.24874
3.288 0.805341
3.304 0.859171
3.32 0.991827
3.336 1.01947
3.352 1.02024
3.368 0.992024
3.384 1.47734
3.4 1.15344
3.416 0.904849
3.432 0.537774
3.448 1.5349
3.464 0.858035
3.48 0.959811
3.496 1.17393
3.512 0.970258
3.528 0.836358
3.544 0.956901
3.56 0.634705
3.576 0.93204
3.592 0.84149
3.608 1.30078
3.624 1.21515
3.64 1.40364
3.656 1.4069
3.672 1.20421
3.688 1.21329
3.704 0.872125
3.72 1.06614
3.736 0.574494
3.752 0.914558
3.768 0.679552
3.784 0.701606
3.8 1.06597
3.816 1.2637
3.832 0.924349
3.848 0.822865
3.864 0.758287
3.88 0.547085
3.896 1.05208
3.912 0.989065
3.928 1.05114
3.944 1.01185
3.96 0.931183
3.976 0.972887
3.992 0.628805
4.008 0.835877
4.024 1.02491
4.04 0.934632
4.056 0.903568
4.072 1.03488
4.088 1.22588
4.104 0.913938
4.12 0.726471
4.136 0.758178
4.152 1.15334
4.168 0.967284
4.184 1.02333
4.2 0.82446
4.216 1.22317
4.232 1.30671
4.248 0.988286
4.264 0.862673
4.28 1.19735
4.296 1.16123
4.312 1.06069
4.328 0.593689
4.344 0.881838
4.36 1.24447
4.376 0.950304
4.392 1.19815
4.408 0.963108
4.424 1.33514
4.44 0.918186
4.456 0.951104
4.472 1.30302
4.488 1.15311
4.504 0.868426
4.52 1.06538
4.536 0.626351
4.552 0.921934
4.568 0.853185
4.584 0.829722
4.6 1.27583
4.616 0.79821
4.632 1.64881
4.648 0.919033
4.664 0.901108
4.68 1.0806
4.696 0.802725
4.712 0.909271
4.728 1.45294
4.744 0.924362
4.76 0.949216
4.776 1.0979
4.792 1.227
4.808 0.998116
4.824 0.83026
4.84 0.777689
4.856 1.53287
4.872 0.796617
4.888 1.34176
4.904 0.891015
4.92 1.05822
4.936 1.21967
4.952 1.04202
4.968 0.862846
4.984 1.17145
5 0.724
5.016 1.15643
5.032 1.11057
5.048 0.987347
5.064 1.22103
5.08 1.12569
5.096 0.972921
5.112 0.628805
5.128 0.961474
5.144 0.905202
5.16 1.27087
5.176 0.932466
5.192 0.84284
5.208 0.757761
5.224 1.21772
5.24 0.85094
5.256 0.737466
5.272 1.33945
5.288 1.05489
5.304 1.03885
5.32 1.1585
5.336 0.515304
5.352 0.795339
5.368 0.787943
5.384 0.841399
5.4 1.16528
5.416 1.0475
5.432 0.888907
5.448 1.04915
5.464 0.792524
5.48 1.28217
5.496 1.38768
5.512 1.25993
5.528 1.05481
5.544 1.13224
5.56 0.860894
5.576 0.665724
5.592 0.947935
5.608 0.855358
5.624 1.20665
5.64 1.19216
5.656 1.03103
5.672 0.960826
5.688 1.12017
5.704 0.84531
5.72 1.08528
5.736 1.36415
5.752 1.15032
5.768 0.889211
5.784 0.903329
5.8 0.920384
5.816 1.16975
5.832 1.09121
5.848 0.945205
5.864 1.18961
5.88 0.993415
5.896 1.09071
5.912 1.04358
5.928 0.789852
5.944 0.737286
5.96 1.13309
5.976 0.889875
5.992 0.476919
6.008 1.07574
6.024 0.854051
6.04 1.13109
6.056 0.920769
6.072 1.0445
6.088 0.691844
6.104 1.31671
6.12 0.906871
6.136 1.01493
6.152 0.809522
6.168 1.16738
6.184 1.11035
6.2 0.934799
6.216 0.80658
6.232 0.942411
6.248 0.806028
6.264 0.818884
6.28 1.3513
6.296 0.964238
6.312 0.979943
6.328 1.30554
6.344 1.08437
6.36 0.872929
6.376 0.884053
6.392 1.14375
6.408 0.786554
6.424 0.99217
6.44 1.06719
6.456 1.13771
6.472 1.23802
6.488 1.17845
6.504 0.926427
6.52 1.07618
6.536 1.0556
6.552 0.976944
6.568 1.1012
6.584 0.994461
6.6 1.18411
6.616 0.93817
6.632 1.1071
6.648 0.907222
6.664 0.923454
6.68 1.08493
6.696 0.875227
6.712 1.06019
6.728 0.94228
6.744 1.09036
6.76 1.33191
6.776 1.03293
6.792 1.09783
6.808 1.0148
6.824 0.94821
6.84 0.868508
6.856 0.931679
6.872 0.991537
6.888 0.949139
6.904 1.00878
6.92 0.769386
6.936 0.672757
6.952 0.630358
6.968 1.28603
6.984 0.786895
7 1.02764
7.016 1.1375
7.032 0.90548
7.048 0.866379
7.064 1.10206
7.08 1.001
7.096 0.837778
7.112 1.31824
7.128 0.776044
7.144 1.34452
7.16 0.871736
7.176 0.956297
7.192 1.28726
7.208 0.692246
7.224 1.34692
7.24 1.03863
7.256 0.630577
7.272 1.16653
7.288 1.26726
7.304 1.26654
7.32 0.832879
7.336 0.676473
7.352 0.988075
7.368 1.00798
7.384 0.93501
7.4 0.935249
7.416 0.879677
7.432 0.850821
7.448 1.17179
7.464 1.24539
7.48 0.802241
7.496 0.991486
7.512 1.08983
7.528 1.05184
7.544 1.18632
7.56 1.17741
7.576 1.21381
7.592 0.845246
7.608 0.674533
7.624 0.683034
7.64 0.842322
7.656 1.12885
7.672 0.828994
7.688 0.939128
7.704 0.981555
7.72 1.06412
7.736 0.913906
7.752 1.20962
7.768 1.29421
7.784 1.01966
7.8 1.21841
7.816 1.05939
7.832 0.96614
7.848 0.826827
7.864 0.935923
7.88 0.848152
7.896 1.0156
7.912 0.905597
7.928 1.00914
7.944 0.766114
7.96 0.776795
7.976 0.774109
7.992 1.08837
