0.060654 0.0218145
0.0793168 0.0186637
0.116642 0.0604535
0.125974 0.0637419
0.163299 0.154891
0.172631 0.0392924
0.181962 0.0827918
0.209956 0.0481584
0.228619 0.0708504
0.23795 0.0775907
0.247282 0.0978703
0.256613 0.14626
0.293939 0.0749837
0.312602 0.0656686
0.331264 0.0900418
0.340596 0.090635
0.349927 0.11088
0.359258 0.0934152
0.36859 0.263249
0.377921 0.130899
0.387253 0.145799
0.405915 0.00334441
0.415247 0.134755
0.424578 0.147389
0.443241 0.203834
0.452572 0.19275
0.461904 0.128073
0.471235 0.162576
0.480567 0.184153
0.499229 0.22546
0.517892 0.250206
0.527224 0.201806
0.536555 0.178623
0.545886 0.401379
0.555218 0.598779
0.57388 0.462341
0.583212 0.171783
0.592543 0.161171
0.601875 0.764921
0.611206 0.565877
0.620537 0.595395
0.629869 0.411312
0.6392 0.371752
0.648532 0.568582
0.657863 0.0584104
0.667194 0.689029
0.676526 0.686259
0.685857 0.392571
0.70452 0.353895
0.713851 0.325643
0.723183 1.25069
0.732514 0.979342
0.741845 0.44291
0.751177 0.744075
0.760508 0.813963
0.76984 0.312679
0.779171 0.592887
0.788502 0.513785
0.797834 0.832308
0.807165 0.518358
0.816497 0.725301
0.825828 1.18625
0.835159 0.479034
0.844491 0.405733
0.853822 1.13182
0.863154 0.816106
0.872485 0.422286
0.881816 2.29081
0.891148 0.892083
0.90981 0.860096
0.919142 0.61738
0.937805 0.509123
0.947136 0.508477
0.956467 0.52839
0.965799 0.385619
0.97513 0.94011
0.993793 0.702157
1.00312 0.63309
1.02179 1.14349
1.03112 0.760025
1.04045 0.637126
1.04978 1.20722
1.05911 2.33553
1.06844 0.999328
1.07778 0.846072
1.08711 1.30231
1.09644 0.95844
1.10577 1.21358
1.1151 0.739353
1.12443 1.0574
1.13376 0.898447
1.1431 0.725614
1.15243 0.742306
1.16176 1.48147
1.17109 1.11489
1.18042 0.797217
1.18975 0.638095
1.19908 1.00907
1.21775 1.29287
1.22708 1.83553
1.23641 1.14143
1.24574 1.83287
1.25507 1.22483
1.2644 0.214129
1.27373 1.79401
1.28307 1.25391
1.2924 1.88885
1.30173 1.34513
1.31106 1.94547
1.32039 1.43141
1.32972 1.13068
1.33905 1.52064
1.34839 0.967066
1.35772 1.3516
1.36705 1.37405
1.37638 0.743495
1.38571 1.43249
1.39504 1.12931
1.40437 2.04706
1.41371 1.58428
1.42304 1.04758
1.43237 0.727152
1.4417 1.21356
1.45103 0.666366
1.46036 0.996245
1.46969 1.1813
1.47903 1.03072
1.48836 1.50927
1.49769 0.921903
1.50702 1.57553
1.51635 1.58018
1.52568 0.927349
1.53501 0.451342
1.54434 1.29425
1.55368 0.941062
1.56301 1.04986
1.57234 1.51923
1.58167 1.43599
1.591 0.963656
1.60033 1.38836
1.60966 0.764891
1.619 1.57082
1.62833 1.39163
1.63766 1.1035
1.64699 1.25726
1.65632 0.902882
1.66565 1.20912
1.67498 1.03814
1.68432 0.69514
1.69365 0.667774
1.70298 0.980138
1.71231 1.12608
1.72164 1.29341
1.73097 1.35448
1.7403 1.07031
1.74964 1.02328
1.75897 1.09965
1.7683 0.848126
1.77763 0.893366
1.78696 1.38399
1.79629 0.701515
1.80562 0.262604
1.81496 0.912917
1.82429 0.849549
1.83362 0.986243
1.84295 0.88588
1.85228 0.825007
1.86161 0.957043
1.87094 0.616627
1.88027 0.658666
1.88961 0.558699
1.89894 1.12829
1.90827 0.937949
1.9176 0.888121
1.92693 0.68228
1.93626 0.710239
1.94559 0.580586
1.95493 0.68559
1.96426 0.55944
1.97359 0.777318
1.98292 0.866093
1.99225 0.717423
2.00158 0.956642
2.01091 0.843231
2.02025 0.824319
2.02958 0.61426
2.03891 0.853102
2.04824 0.965461
2.05757 0.600023
2.0669 0.828416
2.07623 0.462815
2.08557 0.327771
2.0949 0.778408
2.10423 0.891681
2.11356 0.833691
2.12289 1.33521
2.13222 0.535911
2.14155 0.850185
2.15089 0.677319
2.16022 1.06189
2.16955 0.88934
2.17888 0.819431
2.18821 0.860821
2.19754 1.0121
2.20687 1.35221
2.21621 1.1332
2.22554 1.03582
2.23487 0.994359
2.2442 0.802834
2.25353 0.55868
2.26286 0.685985
2.27219 0.902513
2.28152 0.714975
2.29086 0.605613
2.30019 1.46586
2.30952 0.840624
2.31885 1.2631
2.32818 0.680238
2.33751 0.887358
2.34684 0.824745
2.35618 0.371684
2.36551 0.642894
2.37484 0.86762
2.38417 0.901861
2.3935 0.983677
2.40283 0.790327
2.41216 1.08262
2.4215 1.70089
2.43083 0.750111
2.44016 1.3509
2.44949 0.812297
2.45882 0.80323
2.46815 1.17163
2.47748 0.926873
2.48682 0.763785
2.49615 1.4729
2.50548 0.979779
2.51481 1.09584
2.52414 0.663431
2.53347 0.737191
2.5428 1.10655
2.55214 1.13848
2.56147 1.24292
2.5708 1.07788
2.58013 1.20519
2.58946 0.866565
2.59879 1.31322
2.60812 1.28572
2.61745 1.24096
2.62679 1.26955
2.63612 1.37774
2.64545 1.00218
2.65478 1.31261
2.66411 1.04458
2.67344 1.33949
2.68277 0.964611
2.69211 1.25216
2.70144 1.89428
2.71077 1.07169
2.7201 0.984508
2.72943 1.0375
2.73876 0.989415
2.74809 1.16912
2.75743 1.3519
2.76676 1.35727
2.77609 1.26674
2.78542 0.959173
2.79475 0.937308
2.80408 1.02788
2.81341 1.31939
2.82275 1.20173
2.83208 1.6581
2.84141 0.744829
2.85074 1.58552
2.86007 1.16161
2.8694 0.885384
2.87873 1.42809
2.88807 1.11434
2.8974 1.06182
2.90673 1.69099
2.91606 1.07728
2.92539 0.957989
2.93472 1.12422
2.94405 0.761191
2.95338 1.03492
2.96272 0.762411
2.97205 1.19399
2.98138 0.786677
2.99071 1.21313
3.00004 0.702168
3.00937 1.09806
3.0187 0.847073
3.02804 1.05202
3.03737 0.752012
3.0467 0.900202
3.05603 0.972591
3.06536 0.975505
3.07469 1.30361
3.08402 1.23104
3.09336 1.16395
3.10269 1.15122
3.11202 0.750747
3.12135 0.623198
3.13068 1.16405
3.14001 0.983102
3.14934 1.02985
3.15868 1.0524
3.16801 0.749172
3.17734 1.03201
3.18667 0.65971
3.196 1.12671
3.20533 1.05244
3.21466 1.03159
3.224 0.643194
3.23333 0.830232
3.24266 0.896201
3.25199 0.524828
3.26132 1.13603
3.27065 0.761628
3.27998 0.879022
3.28931 1.08761
3.29865 0.820213
3.30798 1.26598
3.31731 1.14672
3.32664 0.753416
3.33597 0.821362
3.3453 1.14205
3.35463 1.07125
3.36397 1.02102
3.3733 0.986036
3.38263 0.785491
3.39196 0.911726
3.40129 0.75456
3.41062 0.823112
3.41995 0.781765
3.42929 0.943672
3.43862 1.057
3.44795 0.956001
3.45728 0.766574
3.46661 1.03976
3.47594 0.824391
3.48527 0.817497
3.49461 0.772529
3.50394 0.589723
3.51327 0.910261
3.5226 1.33097
3.53193 0.759628
3.54126 0.552497
3.55059 0.91577
3.55993 0.735805
3.56926 0.655841
3.57859 0.785915
3.58792 0.584652
3.59725 1.09875
3.60658 0.960253
3.61591 1.28142
3.62524 0.782173
3.63458 1.07684
3.64391 0.551714
3.65324 0.86966
3.66257 1.17798
3.6719 0.540681
3.68123 1.00212
3.69056 1.38706
3.6999 0.878959
3.70923 0.943398
3.71856 0.935307
3.72789 1.16705
3.73722 0.93089
3.74655 0.829258
3.75588 1.03684
3.76522 1.15629
3.77455 0.934288
3.78388 1.04755
3.79321 1.06846
3.80254 1.06664
3.81187 0.729853
3.8212 0.957887
3.83054 1.1339
3.83987 1.25159
3.8492 1.27178
3.85853 0.955698
3.86786 1.00726
3.87719 0.820593
3.88652 0.73782
3.89586 0.883161
3.90519 1.08002
3.91452 1.03032
3.92385 0.990613
3.93318 1.22599
3.94251 1.48132
3.95184 0.98685
3.96117 1.02202
3.97051 1.12496
3.97984 0.800268
3.98917 1.09915
3.9985 1.03142
4.00783 1.00257
4.01716 1.44864
4.02649 0.807686
4.03583 0.866714
4.04516 0.948257
4.05449 0.879178
4.06382 1.13021
4.07315 0.750848
4.08248 0.995711
4.09181 1.23885
4.10115 1.03272
4.11048 0.725546
4.11981 1.1455
4.12914 0.946917
4.13847 1.29506
4.1478 1.13845
4.15713 1.11093
4.16647 1.51587
4.1758 0.986167
4.18513 0.893555
4.19446 1.32444
4.20379 1.03108
4.21312 1.29214
4.22245 1.23142
4.23179 0.841063
4.24112 1.38078
4.25045 1.39115
4.25978 1.44336
4.26911 0.807029
4.27844 0.874614
4.28777 1.16499
4.2971 0.806937
4.30644 1.38211
4.31577 1.27803
4.3251 1.12288
4.33443 1.15778
4.34376 1.12611
4.35309 0.931016
4.36242 0.995706
4.37176 0.971242
4.38109 0.933018
4.39042 1.14513
4.39975 1.13476
4.40908 1.02125
4.41841 1.18308
4.42774 0.718474
4.43708 0.864917
4.44641 1.1772
4.45574 1.19438
4.46507 1.18915
4.4744 0.963597
4.48373 0.785292
4.49306 0.871692
4.5024 1.28039
4.51173 1.08409
4.52106 1.17972
4.53039 0.725364
4.53972 0.851857
4.54905 0.768597
4.55838 0.74778
4.56772 1.00348
4.57705 0.911386
4.58638 1.29082
4.59571 0.946023
4.60504 1.10864
4.61437 0.815488
4.6237 0.834465
4.63303 0.831928
4.64237 0.761168
4.6517 0.578481
4.66103 0.924416
