0.735391 0.73049
0.961665 1.0465
1.41421 0.197545
1.52735 1.24445
1.9799 1.61356
2.09304 1.6457
2.20617 0.878874
2.54558 0.424833
2.77186 1.34862
2.885 0.815602
2.99813 1.30987
3.11127 0.817747
3.56382 1.09413
3.79009 1.5479
4.01637 0.808581
4.1295 0.623808
4.24264 1.04795
4.35578 1.1237
4.46891 0.814239
4.58205 0.695039
4.69519 0.75447
4.92146 1.35364
5.0346 1.03624
5.14774 1.13183
5.37401 1.33718
5.48715 1.08563
5.60029 0.868981
5.71342 0.923197
5.82656 1.2411
6.05283 0.815148
6.27911 0.517915
6.39225 1.08101
6.50538 1.09206
6.61852 0.977578
6.73166 0.719847
6.95793 1.29433
7.07107 1.27444
7.1842 1.02498
7.29734 1.13017
7.41048 0.811028
7.52362 0.694173
7.63675 0.74509
7.74989 0.973048
7.86303 1.05416
7.97616 0.408603
8.0893 1.27436
8.20244 0.68945
8.31558 0.456473
8.54185 1.18173
8.65499 0.852912
8.76812 1.22645
8.88126 1.80556
8.9944 0.950431
9.10754 1.29619
9.22067 0.84878
9.33381 1.08087
9.44695 0.739336
9.56008 0.715985
9.67322 0.787721
9.78636 1.20699
9.89949 1.02867
10.0126 1.48291
10.1258 0.592749
10.2389 1.06974
10.352 0.552496
10.4652 1.25942
10.5783 0.987655
10.6915 0.494424
10.8046 1.50736
11.0309 0.762349
11.144 0.466586
11.3703 0.929206
11.4834 1.08585
11.5966 0.765551
11.7097 1.23084
11.8228 1.14151
12.0491 1.11205
12.1622 0.802674
12.3885 1.03642
12.5016 1.1996
12.6148 0.925484
12.7279 1.00907
12.8411 0.802401
12.9542 0.800102
13.0673 0.942972
13.1805 0.751924
13.2936 0.975979
13.4067 1.11444
13.5199 0.901127
13.633 1.25048
13.7462 1.33036
13.8593 0.43967
13.9724 1.00907
14.0856 1.05532
14.1987 1.27936
14.3118 0.968894
14.425 0.662155
14.5381 0.887847
14.7644 0.841141
14.8775 1.02966
14.9907 0.876438
15.1038 1.15029
15.2169 1.06954
15.3301 1.13167
15.4432 0.683101
15.5563 1.2013
15.6695 0.947871
15.7826 1.24033
15.8958 1.35126
16.0089 0.501555
16.122 0.841568
16.2352 0.872677
16.3483 1.22454
16.4614 0.748232
16.5746 1.06436
16.6877 0.740931
16.8009 1.26857
16.914 1.30022
17.0271 1.12982
17.1403 0.939001
17.2534 0.914505
17.3665 1.24436
17.4797 0.966774
17.5928 1.22829
17.706 0.964015
17.8191 1.16731
17.9322 1.39393
18.0454 0.599007
18.1585 0.698312
18.2716 0.818082
18.3848 0.983078
18.4979 1.2974
18.6111 1.28333
18.7242 1.07804
18.8373 1.22636
18.9505 1.04541
19.0636 0.899741
19.1767 1.10232
19.2899 0.982363
19.403 1.12899
19.5161 0.870088
19.6293 0.882369
19.7424 1.03994
19.8556 1.08173
19.9687 0.765973
20.0818 1.22037
20.195 0.808848
20.3081 1.16559
20.4212 1.03637
20.5344 1.30202
20.6475 1.08989
20.7607 0.951428
20.8738 0.770873
20.9869 0.780032
21.1001 0.900504
21.2132 1.00092
21.3263 1.23516
21.4395 0.862208
21.5526 0.907346
21.6658 1.10816
21.7789 0.731225
21.892 0.945786
22.0052 0.888638
22.1183 1.51009
22.2314 1.04109
22.3446 0.931597
22.4577 1.20401
22.5708 0.822152
22.684 1.08069
22.7971 0.919723
22.9103 1.16769
23.0234 0.614536
23.1365 0.994744
23.2497 1.14268
23.3628 0.983928
23.4759 0.941508
23.5891 1.12379
23.7022 1.09307
23.8154 0.85438
23.9285 1.22165
24.0416 1.041
24.1548 1.19604
24.2679 0.440012
24.381 1.09667
24.4942 0.81556
24.6073 0.664603
24.7205 0.973425
24.8336 0.962182
24.9467 0.927563
25.0599 1.01244
25.173 0.898919
25.2861 0.958525
25.3993 0.960631
25.5124 1.12757
25.6255 1.12501
25.7387 1.08386
25.8518 1.1409
25.965 0.939406
26.0781 0.857886
26.1912 0.894989
26.3044 1.21522
26.4175 0.819037
26.5306 0.79868
26.6438 1.21432
26.7569 0.654017
26.8701 0.829023
26.9832 1.31829
27.0963 1.01219
27.2095 1.07377
27.3226 1.17818
27.4357 0.680536
27.5489 1.08579
27.662 1.24089
27.7752 0.943182
27.8883 0.883511
28.0014 0.723931
28.1146 0.955445
28.2277 1.13169
28.3408 0.972529
28.454 1.03804
28.5671 0.933131
28.6803 1.02328
28.7934 0.640762
28.9065 1.03968
29.0197 1.10991
29.1328 1.18609
29.2459 1.06098
29.3591 1.41605
29.4722 0.821729
29.5853 0.82172
29.6985 0.880905
29.8116 0.800626
29.9248 1.1807
30.0379 1.06597
30.151 0.732041
30.2642 1.05786
30.3773 0.930237
30.4904 1.17244
30.6036 1.23739
30.7167 0.62442
30.8299 1.17774
30.943 1.24314
31.0561 1.10776
31.1693 0.912958
31.2824 1.11861
31.3955 0.859012
31.5087 0.697062
31.6218 0.923058
31.735 0.777999
31.8481 1.09098
31.9612 1.0604
32.0744 1.41244
32.1875 0.991614
32.3006 0.789218
32.4138 1.10105
32.5269 1.0769
32.64 1.10122
32.7532 0.697096
32.8663 1.25223
32.9795 0.903984
33.0926 0.963888
33.2057 0.985105
33.3189 0.836838
33.432 1.14402
33.5451 0.861434
33.6583 1.21681
33.7714 1.13764
33.8846 0.791975
33.9977 1.10403
34.1108 1.15027
34.224 1.0979
34.3371 0.926278
34.4502 0.794151
34.5634 1.01359
34.6765 1.12017
34.7897 0.838967
34.9028 1.04401
35.0159 0.791317
35.1291 0.962363
35.2422 0.999808
35.3553 1.01423
35.4685 0.978863
35.5816 0.996987
35.6948 1.20154
35.8079 1.09886
35.921 0.862027
36.0342 1.05055
36.1473 1.12259
36.2604 0.918048
36.3736 1.10143
36.4867 0.801891
36.5998 0.60525
36.713 0.96268
36.8261 0.893039
36.9393 1.07867
37.0524 1.10687
37.1655 0.909065
37.2787 1.07092
37.3918 1.08018
37.5049 1.20439
37.6181 0.876139
37.7312 0.969802
37.8444 1.0408
37.9575 1.15965
38.0706 0.880089
38.1838 0.971767
38.2969 0.96172
38.41 1.0432
38.5232 0.802689
38.6363 0.848162
38.7495 0.942103
38.8626 1.17585
38.9757 1.12456
39.0889 1.19942
39.202 0.87956
39.3151 0.943206
39.4283 1.0956
39.5414 0.948
39.6545 0.9771
39.7677 0.819223
39.8808 1.2363
39.994 0.898334
40.1071 0.840956
40.2202 0.829625
40.3334 0.949496
40.4465 0.984036
40.5596 1.09026
40.6728 1.08169
40.7859 1.07621
40.8991 1.02523
41.0122 1.16742
41.1253 0.894869
41.2385 0.975829
41.3516 0.939406
41.4647 0.906862
41.5779 0.903008
41.691 0.986541
41.8042 1.26766
41.9173 0.804375
42.0304 0.903681
42.1436 1.11174
42.2567 0.788074
42.3698 0.969193
42.483 1.08797
42.5961 1.19422
42.7092 1.0769
42.8224 0.93389
42.9355 1.10651
43.0487 0.929272
43.1618 0.859424
43.2749 1.01356
43.3881 1.05502
43.5012 0.678165
43.6143 1.00897
43.7275 1.04315
43.8406 0.900155
43.9538 1.11593
44.0669 0.995863
44.18 1.37913
44.2932 0.852799
44.4063 1.02357
44.5194 1.22154
44.6326 0.891944
44.7457 1.02876
44.8589 0.945417
44.972 0.985249
45.0851 0.786233
45.1983 1.00456
45.3114 0.898914
45.4245 1.22914
45.5377 1.02581
45.6508 0.963332
45.764 1.10442
45.8771 0.946937
45.9902 1.0994
46.1034 1.03597
46.2165 1.01912
46.3296 1.09937
46.4428 0.955302
46.5559 0.798149
46.669 0.999836
46.7822 1.18449
46.8953 0.840777
47.0085 0.947667
47.1216 0.931509
47.2347 0.860057
47.3479 1.15623
47.461 1.00644
47.5741 1.11722
47.6873 0.995617
47.8004 1.25205
47.9136 1.05402
48.0267 0.805146
48.1398 0.983646
48.253 0.942955
48.3661 1.01226
48.4792 0.752317
48.5924 0.857136
48.7055 1.29457
48.8187 0.998117
48.9318 0.918745
49.0449 0.989398
49.1581 0.975675
49.2712 0.944381
49.3843 1.25103
49.4975 1.00313
49.6106 1.05141
49.7237 1.08258
49.8369 1.0586
49.95 0.897773
50.0632 0.712109
50.1763 0.885154
50.2894 1.06364
50.4026 1.06605
50.5157 1.07986
50.6288 1.07657
50.742 0.945403
50.8551 0.93332
50.9683 1.04554
51.0814 0.991826
51.1945 1.01821
51.3077 1.0436
51.4208 1.196
51.5339 1.05099
51.6471 0.928645
51.7602 0.985123
51.8734 0.78412
51.9865 0.952708
52.0996 1.00882
52.2128 1.02078
52.3259 0.956233
52.439 1.0958
52.5522 1.19901
52.6653 0.932381
52.7785 0.8807
52.8916 0.951508
53.0047 1.0357
53.1179 1.01592
53.231 1.20925
53.3441 0.839343
53.4573 0.907216
53.5704 0.956458
53.6835 0.985662
53.7967 0.917946
53.9098 0.799867
54.023 1.03088
54.1361 1.1625
54.2492 1.1076
54.3624 0.896005
54.4755 1.29827
54.5886 0.967298
54.7018 1.11794
54.8149 1.03749
54.9281 0.904534
55.0412 0.824494
55.1543 0.996491
55.2675 1.13082
55.3806 0.830914
55.4937 0.972862
55.6069 1.06742
55.72 0.919352
55.8332 1.11358
55.9463 1.07542
56.0594 1.05304
56.1726 1.24801
56.2857 0.885534
56.3988 1.00807
56.512 0.944466
