0.112146 6.23611e-05
0.146653 2.4544e-05
0.215666 4.99717e-05
0.232919 0.000254009
0.301932 0.00118289
0.319185 0.00408565
0.336438 0.00241716
0.388198 0.00360284
0.422704 0.00900683
0.439958 0.00458109
0.457211 0.00281603
0.474464 0.0102705
0.543477 0.0115801
0.577984 0.0247644
0.61249 0.0891867
0.629743 0.0261644
0.646997 0.0211077
0.66425 0.0872814
0.681503 0.057695
0.698756 0.0139975
0.71601 0.0548687
0.750516 0.0752774
0.767769 0.0377193
0.785023 0.105793
0.819529 0.134824
0.836782 0.281287
0.854036 1.82693
0.871289 1.40979
0.888542 0.961244
0.923049 3.75976
0.957555 0.566235
0.974808 0.723462
0.992062 0.482205
1.00931 0.21997
1.02657 0.438765
1.06107 0.823494
1.07833 1.57019
1.09558 2.14078
1.11283 4.23798
1.13009 1.97325
1.14734 6.35483
1.16459 2.16084
1.18185 1.77338
1.1991 3.55524
1.21635 1.93581
1.23361 0.645667
1.25086 0.307055
1.26811 0.264143
1.30262 0.61405
1.31987 0.2253
1.33713 0.755326
1.35438 0.386174
1.37163 1.58975
1.38889 0.594603
1.40614 0.771998
1.42339 0.535642
1.44065 0.419847
1.4579 0.3496
1.47515 0.534349
1.49241 0.422903
1.50966 0.834581
1.52691 0.443318
1.54417 0.374671
1.56142 0.0687704
1.57867 0.447427
1.59593 0.414607
1.61318 0.483848
1.63043 0.392309
1.64768 0.860114
1.68219 0.865286
1.69944 0.442739
1.73395 0.662783
1.7512 0.491505
1.76846 0.730186
1.78571 0.584123
1.80296 0.515946
1.83747 0.75418
1.85472 0.957216
1.88923 0.768371
1.90648 1.51536
1.92374 1.58263
1.94099 0.954269
1.95824 1.4899
1.9755 1.68069
1.99275 1.6659
2.01 1.70057
2.02726 1.58623
2.04451 1.40091
2.06176 1.35444
2.07902 1.08624
2.09627 1.31657
2.11352 1.34976
2.13078 1.20491
2.14803 1.46112
2.16528 0.966532
2.18254 0.904789
2.19979 1.1263
2.21704 1.84299
2.25155 1.47511
2.2688 1.08956
2.28605 1.62805
2.30331 1.40883
2.32056 0.692007
2.33781 0.748958
2.35507 1.03226
2.37232 0.594917
2.38957 0.82763
2.40683 1.57584
2.42408 0.872667
2.44133 1.00287
2.45859 1.1018
2.47584 0.682943
2.49309 1.29821
2.51035 0.643191
2.5276 0.777359
2.54485 0.751916
2.56211 0.762079
2.57936 1.0604
2.59661 0.623104
2.61387 0.822856
2.63112 0.570997
2.64837 1.08418
2.66563 0.682275
2.68288 0.246707
2.70013 1.06906
2.71739 1.1714
2.73464 0.78893
2.75189 1.07857
2.76915 0.600266
2.7864 1.05436
2.80365 0.740823
2.82091 0.759644
2.83816 1.29816
2.85541 0.697299
2.87267 0.582618
2.88992 0.881215
2.90717 1.09561
2.92442 0.780542
2.94168 0.880725
2.95893 0.969695
2.97618 1.34401
2.99344 1.45246
3.01069 0.786271
3.02794 1.13818
3.0452 1.13022
3.06245 0.875146
3.0797 1.09112
3.09696 1.38412
3.11421 1.38458
3.13146 1.26088
3.14872 1.13828
3.16597 1.05209
3.18322 0.426842
3.20048 0.937313
3.21773 1.49886
3.23498 1.29816
3.25224 1.13466
3.26949 0.65681
3.28674 1.50937
3.304 1.22267
3.32125 1.22644
3.3385 0.961345
3.35576 0.889095
3.37301 0.865962
3.39026 0.648135
3.40752 0.829459
3.42477 0.848793
3.44202 1.47843
3.45928 1.21467
3.47653 0.901188
3.49378 0.595465
3.51104 0.680931
3.52829 0.850969
3.54554 1.01299
3.56279 0.773897
3.58005 1.15196
3.5973 0.829919
3.61455 1.00913
3.63181 1.04364
3.64906 0.827165
3.66631 0.763556
3.68357 1.24595
3.70082 0.914678
3.71807 0.868385
3.73533 0.898302
3.75258 0.815256
3.76983 0.847459
3.78709 1.13356
3.80434 1.00115
3.82159 0.995213
3.83885 1.03858
3.8561 0.901554
3.87335 0.843565
3.89061 0.882049
3.90786 1.63543
3.92511 1.30058
3.94237 0.925534
3.95962 1.13686
3.97687 0.738477
3.99413 1.2512
4.01138 0.88593
4.02863 0.814023
4.04589 0.839835
4.06314 1.21329
4.08039 0.556215
4.09765 1.1061
4.1149 1.03775
4.13215 0.834784
4.14941 0.971827
4.16666 1.24455
4.18391 0.631804
4.20116 0.964416
4.21842 0.672134
4.23567 1.18686
4.25292 1.04795
4.27018 0.918455
4.28743 0.793195
4.30468 1.04804
4.32194 0.978468
4.33919 1.35356
4.35644 0.717518
4.3737 0.923035
4.39095 1.03662
4.4082 1.10765
4.42546 1.19821
4.44271 0.879963
4.45996 1.6682
4.47722 0.467132
4.49447 0.846831
4.51172 1.1166
4.52898 0.595485
4.54623 1.09386
4.56348 0.731405
4.58074 0.849893
4.59799 0.86321
4.61524 0.820305
4.6325 1.263
4.64975 0.825175
4.667 0.951348
4.68426 1.11587
4.70151 1.04597
4.71876 1.11718
4.73602 1.34805
4.75327 1.08664
4.77052 0.694023
4.78778 0.965359
4.80503 1.21231
4.82228 0.851303
4.83953 0.989732
4.85679 0.88928
4.87404 0.986229
4.89129 0.83047
4.90855 0.748153
4.9258 1.11014
4.94305 1.11467
4.96031 0.955721
4.97756 1.00131
4.99481 1.00389
5.01207 0.809933
5.02932 1.03817
5.04657 1.54094
5.06383 0.82225
5.08108 1.13566
5.09833 1.07624
5.11559 1.03461
5.13284 0.826498
5.15009 0.775973
5.16735 0.71783
5.1846 1.067
5.20185 1.18596
5.21911 1.12251
5.23636 0.835761
5.25361 1.08974
5.27087 1.1182
5.28812 1.26434
5.30537 0.993561
5.32263 0.761098
5.33988 0.697923
5.35713 1.0629
5.37439 1.12966
5.39164 0.807917
5.40889 1.05169
5.42615 1.24687
5.4434 0.843908
5.46065 0.793494
5.4779 0.654508
5.49516 0.871401
5.51241 1.04358
5.52966 0.769563
5.54692 1.18465
5.56417 0.724775
5.58142 1.0418
5.59868 0.925474
5.61593 0.879286
5.63318 0.99507
5.65044 0.955866
5.66769 1.12462
5.68494 1.16476
5.7022 0.765619
5.71945 0.994443
5.7367 1.20535
5.75396 0.923512
5.77121 1.02998
5.78846 0.827622
5.80572 1.11279
5.82297 1.05562
5.84022 1.13704
5.85748 1.46731
5.87473 1.18181
5.89198 0.974014
5.90924 1.42229
5.92649 1.02869
5.94374 1.02442
5.961 1.13556
5.97825 1.03425
5.9955 0.983798
6.01276 1.11415
6.03001 1.09965
6.04726 1.11375
6.06452 0.907935
6.08177 0.778416
6.09902 0.988327
6.11627 0.724177
6.13353 1.00293
6.15078 1.10287
6.16803 1.2017
6.18529 0.911674
6.20254 0.984559
6.21979 1.16847
6.23705 0.99391
6.2543 0.818782
6.27155 0.843649
6.28881 0.953952
6.30606 0.95909
6.32331 0.945011
6.34057 1.12599
6.35782 0.967951
6.37507 1.09548
6.39233 1.47937
6.40958 0.913917
6.42683 0.886538
6.44409 1.09708
6.46134 0.763741
6.47859 1.01993
6.49585 1.14805
6.5131 0.945166
6.53035 0.764735
6.54761 0.834545
6.56486 0.946274
6.58211 0.77259
6.59937 1.19617
6.61662 0.944659
6.63387 0.929556
6.65113 0.705477
6.66838 0.879135
6.68563 1.06742
6.70289 0.839777
6.72014 0.971481
6.73739 1.35244
6.75464 0.947362
6.7719 1.02099
6.78915 0.980721
6.8064 0.790428
6.82366 1.18088
6.84091 1.24104
6.85816 1.01952
6.87542 1.18545
6.89267 1.15282
6.90992 1.25337
6.92718 1.2509
6.94443 1.28266
6.96168 1.28636
6.97894 0.858952
6.99619 1.04896
7.01344 1.00727
7.0307 1.03416
7.04795 1.14687
7.0652 0.744315
7.08246 0.75601
7.09971 0.925855
7.11696 0.755927
7.13422 0.915763
7.15147 1.04028
7.16872 1.11681
7.18598 0.876399
7.20323 0.895565
7.22048 0.786004
7.23774 0.913695
7.25499 0.843766
7.27224 1.25948
7.2895 0.927208
7.30675 1.06177
7.324 0.893849
7.34126 1.15922
7.35851 1.48717
7.37576 0.73787
7.39301 1.09226
7.41027 0.896358
7.42752 1.02225
7.44477 1.0334
7.46203 1.06669
7.47928 1.08773
7.49653 0.871119
7.51379 0.870024
7.53104 1.06563
7.54829 0.754329
7.56555 1.19133
7.5828 1.01361
7.60005 0.755169
7.61731 1.00985
7.63456 0.819923
7.65181 0.932988
7.66907 1.18533
7.68632 0.709512
7.70357 0.830269
7.72083 0.851704
7.73808 1.58629
7.75533 0.995086
7.77259 0.987493
7.78984 0.985013
7.80709 0.853311
7.82435 0.975514
7.8416 1.41342
7.85885 1.13658
7.87611 1.03376
7.89336 1.03638
7.91061 0.889805
7.92787 0.835667
7.94512 0.785983
7.96237 1.32007
7.97963 1.00171
7.99688 0.850784
8.01413 1.0764
8.03138 0.986985
8.04864 0.794981
8.06589 1.24326
8.08314 1.03656
8.1004 0.904612
8.11765 0.971624
8.1349 0.768198
8.15216 1.04021
8.16941 1.02976
8.18666 0.991949
8.20392 0.997679
8.22117 1.16062
8.23842 0.714373
8.25568 1.06622
8.27293 0.954503
8.29018 0.84244
8.30744 0.679925
8.32469 1.10767
8.34194 1.09544
8.3592 0.99897
8.37645 1.09848
8.3937 0.813037
8.41096 1.54763
8.42821 1.12731
8.44546 1.14639
8.46272 0.717098
8.47997 0.856472
8.49722 1.58937
8.51448 0.604284
8.53173 1.45728
8.54898 0.999275
8.56624 1.03156
8.58349 0.839478
8.60074 1.11538
8.618 1.22218
