0.985617333333 0.469640833333
0.978649666667 0.3408465
0.0185998833333 0.415344666667
0.0618043333333 0.500823
0.00745939666667 0.567117
0.0426209833333 0.192284333333
0.0957171 0.172959
0.946238666667 0.843436333333
0.933335666667 0.785989333333
0.847195333333 0.923474666667
0.894434 0.877045333333
0.881531 0.819598333333
0.971432666667 0.165427833333
0.952601333333 0.227637333333
0.709788666667 0.0714791666667
0.683377666667 0.1165074
0.625081666667 0.0222331333333
0.469095333333 0.0305693333333
0.1206025 0.126190066667
0.567645666667 0.967122
0.930081666667 0.291465666667
0.892814666667 0.341633333333
0.786499 0.383989
0.776061333333 0.102434766667
0.911811666667 0.144747
0.0261815466667 0.71478
0.106185166667 0.464013333333
0.178057 0.373553333333
0.1287306 0.239075
0.802996666667 0.511815666667
0.852197333333 0.526278333333
0.819732333333 0.802938333333
0.805889666667 0.746468333333
0.846009 0.292355666667
0.804386333333 0.162878666667
0.883276 0.242188
0.866002666667 0.182892666667
0.884948 0.481962
0.957037 0.487793333333
0.938287 0.546667666667
0.901164666667 0.391432333333
0.854046 0.414722
0.667584666667 0.393355
0.699672333333 0.501491
0.756668666667 0.465742666667
0.741906 0.416802
0.650535333333 0.339168
0.617264333333 0.224937333333
0.821078 0.0684347333333
0.836382333333 0.0264578666667
0.754805333333 0.0374791333333
0.942448 0.0528804666667
0.895212 0.0907329666667
0.0774397 0.555369
0.0529574 0.617553666667
0.2003033 0.970807666667
0.187740666667 0.795341
0.251551666667 0.812889666667
0.392412 0.836141
0.286968 0.406156
0.344672 0.785122333333
0.290186333333 0.767753333333
0.379472333333 0.738826333333
0.357307666667 0.676061333333
0.0862089333333 0.402692333333
0.124334433333 0.356872333333
0.0386528166667 0.350580333333
0.04696225 0.269786666667
0.0988627 0.282557666667
0.584889666667 0.0582901
0.632888 0.1060034
0.604067666667 0.165625666667
0.392692333333 0.0410306
0.198599666667 0.0705559666667
0.170536666667 0.132748733333
0.218241 0.176261666667
0.274548 0.345380333333
0.215849666667 0.326844666667
0.191995 0.266681
0.234768666667 0.228451333333
0.445160666667 0.960523666667
0.483466333333 0.924428666667
0.366793 0.922589333333
0.405098666667 0.886494333333
0.711282666667 0.557348333333
0.767480666667 0.568830666667
0.776751666667 0.630352333333
0.835675333333 0.647848333333
0.851226 0.707073333333
0.929742333333 0.618264333333
0.875605 0.600789333333
0.95546 0.688184333333
0.916873333333 0.729934333333
0.791131666667 0.912029
0.776571666667 0.848939666667
0.669033 0.953171
0.731913333333 0.937717333333
0.529714 0.889449333333
0.592795666667 0.911593333333
0.756493666667 0.32214
0.792401333333 0.277391333333
0.694851333333 0.300766
0.676023 0.240601666667
0.713316 0.191794
0.768052 0.207209666667
0.173146666667 0.73599
0.1031209 0.664600333333
0.114569033333 0.722434666667
0.1589293 0.890519333333
0.142269633333 0.834058333333
0.0612466133333 0.916377666667
0.116130266667 0.933446666667
0.0548350133333 0.825794
0.093059 0.786402
0.317821 0.910799
0.269752 0.868821666667
0.270669666667 0.949711333333
0.222600666667 0.907734
0.391712333333 0.374416666667
0.345445666667 0.421572
0.1527472 0.585549
0.162881533333 0.636039
0.296320666667 0.652939
0.263999666667 0.698335
0.210771 0.684120333333
0.200771333333 0.447344
0.250984 0.461411
0.167025 0.491984
0.197951666667 0.558973666667
0.264368 0.589317666667
0.32652 0.0605696
0.257362 0.0819139333333
0.270877 0.137973366667
0.304119 0.244837333333
0.378730333333 0.315223
0.320043666667 0.301602666667
0.512447 0.830547
0.453512666667 0.815173
0.438675 0.756195333333
0.557627666667 0.786279666667
0.686445 0.886448333333
0.631247333333 0.869409
0.721453 0.835552333333
0.613346333333 0.802997666667
0.601530333333 0.541206666667
0.620908333333 0.433223333333
0.638233333333 0.492418666667
0.39956 0.637359333333
0.356714 0.477456666667
0.307752333333 0.557407333333
0.295900333333 0.507764
0.381957333333 0.582326666667
0.437467666667 0.288715666667
0.581140333333 0.313242333333
0.566697666667 0.259176
0.741312 0.723713
0.727724666667 0.666822
0.700036 0.766795666667
0.647127 0.751280333333
0.633976 0.612857333333
0.682289333333 0.619926666667
0.542973 0.726256333333
0.482954666667 0.711546
0.592711666667 0.652503333333
0.601703333333 0.700948333333
0.517031 0.621740333333
0.466004333333 0.655475
0.561510666667 0.417281
0.448915333333 0.386869
0.538792 0.351487
0.482823 0.335414
0.465408 0.448756333333
0.522034333333 0.463095333333
0.419473333333 0.492188666667
0.432864666667 0.547415333333
0.544729 0.527825666667
0.501494 0.568713333333
0.426387666667 0.237933666667
0.378316333333 0.110329366667
0.335011333333 0.153001366667
0.351725666667 0.207675666667
0.518943 0.212573
0.466336666667 0.199784333333
0.532903 0.0957933666667
0.546560333333 0.153976333333
0.473928666667 0.0814600333333
0.434979666667 0.126854333333
