2
300

100
0.0275309
0.18805
0.835552	0.533666
0.996972	0.575956
0.298446	0.536089
0.528876	0.93064
0.77598	0.378336
0.424173	0.937051
0.245273	0.676414
0.186037	0.571762
0.921233	0.77004
0.327124	0.634152
0.131252	0.320222
0.173774	0.104899
0.991235	0.474199
0.846187	0.877991
0.236953	0.881426
0.571714	0.416236
0.110402	0.716154
0.960307	0.0335104
0.947613	0.209832
0.615483	0.165407
0.669414	0.260837
0.871842	0.979464
0.653727	0.829754
0.514566	0.0887637
0.390595	0.0428934
0.752698	0.844818
0.688259	0.987508
0.088701	0.886211
0.405468	0.301649
0.402053	0.689482
0.302715	0.341189
0.0936917	0.974938
0.301831	0.985537
0.0177241	0.822205
0.744375	0.161139
0.499697	0.167589
0.710614	0.560774
0.808904	0.755367
0.360892	0.395599
0.843373	0.642045
0.355608	0.799315
0.751243	0.468808
0.263716	0.168149
0.0170906	0.708132
0.781433	0.0445234
0.612206	0.922151
0.452547	0.831642
0.0773221	0.161134
0.527192	0.822458
0.274341	0.0616086
0.0496603	0.260468
0.330914	0.895872
0.908833	0.380338
0.0132961	0.38065
0.607779	0.0422379
0.0874531	0.605972
0.340716	0.224021
0.679286	0.361894
0.423382	0.577127
0.272003	0.753015
0.57148	0.671129
0.47119	0.249906
0.559789	0.325805
0.369029	0.138972
0.790488	0.239629
0.463452	0.383218
0.764461	0.651466
0.922161	0.696594
0.178958	0.849889
0.459726	0.716166
0.502879	0.484905
0.0908567	0.450976
0.846999	0.461196
0.653835	0.475914
0.599784	0.560768
0.514986	0.590856
0.931575	0.870464
0.986279	0.117171
0.876881	0.093108
0.167715	0.675576
0.244528	0.46112
0.226174	0.285909
0.165302	0.207309
0.204341	0.364655
0.577743	0.237185
0.769794	0.948524
0.586797	0.771624
0.391106	0.491308
0.690988	0.0997544
0.19412	0.975456
0.926911	0.578533
0.698464	0.747148
0.997411	0.936285
0.142944	0.482135
0.846488	0.305079
0.840158	0.174256
0.665172	0.652178
0.476129	0.0160962
0.0875626	0.0506413
0.957404	0.300742
//###########################


200
0.0233313
0.132971
0.192408	0.463807
0.415283	0.116594
0.0651024	0.840799
0.371707	0.574497
0.458579	0.299619
0.453489	0.470366
0.153602	0.371858
0.922129	0.991983
0.22289	0.0666144
0.934052	0.819316
0.351178	0.68133
0.0830656	0.339574
0.286786	0.870214
0.871721	0.569562
0.863617	0.357011
0.949799	0.152966
0.475132	0.93942
0.549048	0.462496
0.819492	0.935426
0.393144	0.638704
0.132507	0.0749889
0.547394	0.127781
0.6384	0.878445
0.523032	0.0383215
0.729953	0.356435
0.998537	0.202152
0.428446	0.526386
0.028901	0.145403
0.158859	0.802791
0.875763	0.419112
0.41877	0.351188
0.450162	0.665469
0.619413	0.513714
0.787621	0.188634
0.515742	0.215948
0.420195	0.748292
0.567332	0.600067
0.825009	0.00882969
0.645007	0.400047
0.881349	0.839986
0.608232	0.342559
0.367059	0.446104
0.957192	0.733776
0.0367265	0.900788
0.682332	0.518496
0.117618	0.929274
0.160334	0.725961
0.421186	0.992034
0.809135	0.33965
0.0478521	0.573873
0.251944	0.346084
0.693463	0.797877
0.63554	0.118621
0.118068	0.553581
0.99985	0.271038
0.184594	0.256516
0.872714	0.684363
0.317638	0.170046
0.77212	0.287929
0.176926	0.0237273
0.53565	0.772158
0.717086	0.204669
0.710895	0.0404637
0.939664	0.528866
0.64258	0.209006
0.496329	0.423068
0.440935	0.881333
0.043049	0.752019
0.0950626	0.283771
0.691593	0.151141
0.877513	0.921896
0.759692	0.898357
0.573692	0.0803665
0.805339	0.492192
0.0281512	0.631527
0.466129	0.605149
0.0633447	0.0954755
0.0545459	0.0118473
0.543113	0.373891
0.419012	0.247938
0.573854	0.955765
0.0619784	0.396757
0.701438	0.457532
0.234021	0.943459
0.75339	0.529037
0.556805	0.532892
0.0865677	0.502317
0.876528	0.503384
0.560384	0.883869
0.807673	0.678546
0.146826	0.605634
0.364935	0.0873311
0.807806	0.133886
0.356256	0.850646
0.81496	0.595051
0.253696	0.511183
0.928477	0.257298
0.616717	0.635734
0.881301	0.14378
0.289661	0.704789
0.886138	0.0426016
0.720096	0.26963
0.656975	0.0573945
0.475737	0.785984
0.215944	0.718406
0.715008	0.63952
0.620446	0.992925
0.00090928	0.524844
0.231811	0.207858
0.187621	0.903294
0.711662	0.697655
0.899815	0.306959
0.0605234	0.209397
0.745591	0.101738
0.584786	0.720354
0.318367	0.0337288
0.999666	0.0665947
0.00552968	0.329735
0.568856	0.187057
0.963906	0.614797
0.475528	0.121871
0.754418	0.786895
0.28991	0.231436
0.0620966	0.684054
0.18507	0.317309
0.227942	0.78074
0.545455	0.276844
0.657099	0.947193
0.119814	0.656984
0.75805	0.998886
0.297591	0.934682
0.892298	0.62746
0.496626	0.543042
0.0460206	0.956671
0.805443	0.429401
0.25591	0.00870442
0.587421	0.822708
0.454844	0.191595
0.63782	0.769607
0.276236	0.635482
0.229687	0.129203
0.75646	0.597838
0.958588	0.367276
0.507871	0.32955
0.309751	0.586256
0.0402389	0.459235
0.986077	0.782019
0.226289	0.830462
0.803589	0.849067
0.276785	0.291614
0.353295	0.273613
0.880138	0.205744
0.376635	0.918945
0.353608	0.338492
0.985106	0.423386
0.175065	0.521596
0.237713	0.570871
0.701652	0.861521
0.345092	0.51341
0.61864	0.267493
0.358938	0.985024
0.231676	0.407728
0.525939	0.648476
0.206655	0.64282
0.128163	0.853546
0.665672	0.585687
0.444003	0.0558168
0.718858	0.946142
0.644182	0.698901
0.510546	0.713522
0.143156	0.987933
0.118137	0.228156
0.668374	0.31199
0.873989	0.747811
0.838107	0.797206
0.124961	0.14328
0.932092	0.085107
0.768276	0.724461
0.502574	0.867199
0.17911	0.157849
0.61654	0.441233
0.135112	0.425521
0.414124	0.41169
0.982636	0.867312
0.403583	0.816505
0.30994	0.392243
0.358291	0.748245
0.984928	0.988625
0.933426	0.456671
0.840157	0.252945
0.514076	0.98172
0.74388	0.418468
0.968005	0.674057
0.295849	0.458341
0.378391	0.189185
0.939879	0.921418
0.30453	0.792125
0.0967939	0.766808
0.822267	0.0757744
0.299099	0.106581
//###########################


