0.104 0.000738932
0.136 0.000902572
0.2 0.000622419
0.216 0.00109088
0.28 0.0165671
0.296 0.00279235
0.312 0.00597268
0.36 0.0316021
0.392 0.00883581
0.408 0.0306563
0.424 0.0343896
0.44 0.0175672
0.504 0.0562776
0.536 0.073607
0.568 0.280391
0.584 0.0677653
0.6 0.125134
0.616 0.0584643
0.632 0.232773
0.648 0.254831
0.664 0.401137
0.696 0.130825
0.712 0.309308
0.728 0.134518
0.76 0.395447
0.776 0.243584
0.792 0.482846
0.808 0.570043
0.824 0.857383
0.856 1.67139
0.888 1.60488
0.904 0.973145
0.92 0.633269
0.936 0.659065
0.952 1.62297
0.984 1.31284
1 2.23788
1.016 1.01231
1.032 0.828895
1.048 0.624347
1.064 1.57796
1.08 0.726856
1.096 1.22904
1.112 1.04013
1.128 1.51255
1.144 1.88576
1.16 1.21897
1.176 2.77125
1.208 1.94298
1.224 1.52271
1.24 2.73826
1.256 1.619
1.272 1.35067
1.288 0.959529
1.304 1.58004
1.32 0.342944
1.336 1.49427
1.352 0.767974
1.368 1.20095
1.384 2.37796
1.4 0.639286
1.416 0.940487
1.432 1.26843
1.448 0.717433
1.464 0.94746
1.48 1.28505
1.496 0.631659
1.512 1.2578
1.528 0.848862
1.56 0.555722
1.576 0.423245
1.608 0.594455
1.624 0.440244
1.64 0.365521
1.656 0.392759
1.672 0.735742
1.704 0.510854
1.72 0.448907
1.752 0.77516
1.768 1.17197
1.784 0.832392
1.8 0.497496
1.816 1.4829
1.832 0.58511
1.848 0.47739
1.864 0.818573
1.88 0.397858
1.896 0.562853
1.912 1.4298
1.928 0.766261
1.944 0.783981
1.96 1.39677
1.976 1.11044
1.992 1.03623
2.008 1.17503
2.024 0.897841
2.04 0.377182
2.056 1.45651
2.088 1.23507
2.104 1.34061
2.12 1.53383
2.136 1.86388
2.152 1.23457
2.168 0.588768
2.184 0.564427
2.2 1.52696
2.216 1.35723
2.232 1.44385
2.248 1.04703
2.264 1.56957
2.28 1.13011
2.296 1.26243
2.312 1.04847
2.328 1.56893
2.344 0.833884
2.36 1.02074
2.376 1.08131
2.392 0.838575
2.408 1.64018
2.424 0.941708
2.44 0.210342
2.456 0.884513
2.472 0.448775
2.488 1.35801
2.504 1.17931
2.52 1.21326
2.536 1.06131
2.552 0.540907
2.568 1.14806
2.584 0.513011
2.6 0.692832
2.616 0.822957
2.632 0.711554
2.648 0.73967
2.664 0.429622
2.68 0.601085
2.696 0.921198
2.712 0.68071
2.728 0.892353
2.744 0.833912
2.76 1.21129
2.776 0.769627
2.792 1.30453
2.808 1.3936
2.824 0.847433
2.84 0.724032
2.856 1.39966
2.872 0.684648
2.888 0.952289
2.904 0.862076
2.92 0.775332
2.936 0.816762
2.952 0.796464
2.968 0.840761
2.984 0.782718
3 0.944953
3.016 1.07931
3.032 1.9036
3.048 1.04432
3.064 0.947605
3.08 1.05204
3.096 0.879791
3.112 0.801964
3.128 1.58046
3.144 1.85915
3.16 0.599976
3.176 1.25164
3.192 1.55714
3.208 1.43622
3.224 1.30051
3.24 0.861706
3.256 1.1606
3.272 0.831736
3.288 0.728993
3.304 0.742607
3.32 0.994874
3.336 0.958698
3.352 0.876318
3.368 0.877918
3.384 1.69141
3.4 1.02024
3.416 1.01411
3.432 0.609202
3.448 0.938666
3.464 1.19571
3.48 1.32699
3.496 1.01877
3.512 1.05717
3.528 0.979259
3.544 0.792935
3.56 0.625017
3.576 1.25826
3.592 0.818189
3.608 1.01188
3.624 1.4272
3.64 0.851159
3.656 0.542899
3.672 0.653925
3.688 0.594034
3.704 1.11176
3.72 1.32899
3.736 1.04789
3.752 0.792438
3.768 0.920176
3.784 0.815736
3.8 0.972655
3.816 0.743738
3.832 1.07346
3.848 1.10388
3.864 0.761147
3.88 0.93339
3.896 1.31716
3.912 0.907204
3.928 1.21906
3.944 0.787747
3.96 0.78715
3.976 0.582762
3.992 0.9586
4.008 0.601802
4.024 1.14101
4.04 0.99231
4.056 1.23791
4.072 1.07556
4.088 0.835555
4.104 0.944365
4.12 0.791939
4.136 0.846939
4.152 1.3275
4.168 0.970109
4.184 0.848968
4.2 1.02558
4.216 1.19793
4.232 1.74353
4.248 1.48585
4.264 0.441786
4.28 1.12095
4.296 1.05019
4.312 1.09243
4.328 1.13416
4.344 0.913963
4.36 0.750364
4.376 0.675859
4.392 1.17559
4.408 0.845868
4.424 1.30719
4.44 0.782151
4.456 1.17724
4.472 1.01708
4.488 1.55498
4.504 0.597468
4.52 0.977578
4.536 0.838406
4.552 1.0403
4.568 0.708592
4.584 0.763207
4.6 1.18411
4.616 0.991269
4.632 1.02617
4.648 0.803138
4.664 0.621106
4.68 0.988929
4.696 1.23256
4.712 1.15866
4.728 1.15119
4.744 0.863583
4.76 0.981602
4.776 1.09323
4.792 1.34073
4.808 1.24268
4.824 0.893464
4.84 1.13725
4.856 0.777102
4.872 0.653239
4.888 0.953762
4.904 0.999071
4.92 0.985851
4.936 1.0219
4.952 1.14728
4.968 0.910499
4.984 1.28562
5 0.9164
5.016 0.850072
5.032 1.24149
5.048 1.06611
5.064 0.984284
5.08 0.935983
5.096 0.981447
5.112 1.07091
5.128 1.32476
5.144 0.927543
5.16 0.893321
5.176 1.04634
5.192 0.858933
5.208 0.771683
5.224 1.11312
5.24 1.07703
5.256 1.00052
5.272 1.73457
5.288 0.956337
5.304 0.93416
5.32 0.806818
5.336 1.06551
5.352 0.929849
5.368 1.02563
5.384 1.13314
5.4 0.943886
5.416 0.905969
5.432 1.00802
5.448 1.06624
5.464 1.08517
5.48 1.10079
5.496 1.2555
5.512 0.817415
5.528 0.960644
5.544 1.00731
5.56 0.8889
5.576 1.14053
5.592 1.18596
5.608 0.799034
5.624 0.773851
5.64 0.824012
5.656 1.12168
5.672 1.19713
5.688 1.09127
5.704 0.898022
5.72 1.22892
5.736 0.878864
5.752 1.08377
5.768 1.10987
5.784 1.14487
5.8 0.724642
5.816 0.906054
5.832 0.922075
5.848 0.746986
5.864 1.13049
5.88 0.996972
5.896 1.04214
5.912 0.921204
5.928 0.945974
5.944 1.14686
5.96 1.07889
5.976 0.894762
5.992 0.938627
6.008 0.996596
6.024 0.849967
6.04 0.84631
6.056 1.03024
6.072 1.03316
6.088 1.04143
6.104 0.940964
6.12 1.38573
6.136 1.38973
6.152 1.40127
6.168 0.936188
6.184 1.08553
6.2 1.00144
6.216 1.1328
6.232 0.939015
6.248 0.941359
6.264 0.950826
6.28 0.941097
6.296 0.956113
6.312 0.830349
6.328 1.10659
6.344 0.877943
6.36 1.12847
6.376 0.806794
6.392 1.01688
6.408 1.21105
6.424 0.654566
6.44 0.871009
6.456 0.795973
6.472 1.27928
6.488 1.16294
6.504 1.13905
6.52 0.72406
6.536 0.919638
6.552 1.08957
6.568 0.869972
6.584 0.903901
6.6 1.03231
6.616 1.11511
6.632 0.760872
6.648 0.935906
6.664 1.06286
6.68 1.18189
6.696 0.968399
6.712 1.04656
6.728 0.984548
6.744 0.892609
6.76 0.909531
6.776 0.857989
6.792 1.00573
6.808 0.939284
6.824 1.03367
6.84 0.977859
6.856 1.10398
6.872 0.775925
6.888 1.16813
6.904 1.17702
6.92 1.02137
6.936 1.11453
6.952 1.06146
6.968 0.953139
6.984 1.40261
7 0.785041
7.016 1.01002
7.032 1.09562
7.048 0.731823
7.064 0.925686
7.08 1.17363
7.096 1.04348
7.112 0.972076
7.128 0.897808
7.144 1.02399
7.16 0.848727
7.176 1.01403
7.192 1.0566
7.208 1.07182
7.224 0.95028
7.24 1.15798
7.256 1.08528
7.272 1.02301
7.288 1.02947
7.304 1.05769
7.32 0.893119
7.336 0.816994
7.352 0.749523
7.368 1.25734
7.384 0.885255
7.4 1.01823
7.416 0.902282
7.432 1.01584
7.448 1.1804
7.464 0.889057
7.48 1.05197
7.496 0.978574
7.512 0.73682
7.528 1.02537
7.544 0.965863
7.56 1.17044
7.576 0.923436
7.592 0.732355
7.608 0.750247
7.624 0.837552
7.64 0.972273
7.656 0.914492
7.672 0.814763
7.688 1.16254
7.704 1.19899
7.72 0.967092
7.736 0.926549
7.752 1.12493
7.768 1.16658
7.784 1.00787
7.8 0.731955
7.816 0.895905
7.832 0.956572
7.848 1.32618
7.864 1.38742
7.88 1.03461
7.896 0.955647
7.912 1.01563
7.928 0.838667
7.944 1.06697
7.96 1.24244
7.976 0.790457
7.992 1.10138
