0.0600444 2.3893e-05
0.0785196 0.000108329
0.11547 0.000124262
0.124708 0.000205311
0.161658 0.00314962
0.170896 0.000688333
0.180133 0.00228682
0.207846 0.00660337
0.226321 0.0053255
0.235559 0.0138842
0.244797 0.00422126
0.254034 0.00603764
0.290985 0.0200524
0.30946 0.0180517
0.327935 0.0726803
0.337173 0.0215531
0.34641 0.034756
0.355648 0.0193603
0.364885 0.0373437
0.374123 0.0752676
0.383361 0.11465
0.401836 0.0358725
0.411073 0.0904851
0.420311 0.0492701
0.438786 0.123942
0.448024 0.0338637
0.457261 0.107164
0.466499 0.13239
0.475737 0.111299
0.494212 0.19018
0.512687 0.144978
0.521925 0.184929
0.531162 0.0713736
0.5404 0.161002
0.549637 0.167838
0.568113 0.147568
0.57735 0.312818
0.586588 0.196927
0.595825 0.0917916
0.605063 0.142872
0.614301 0.0776632
0.623538 0.133795
0.632776 0.233095
0.642013 0.152374
0.651251 0.391572
0.660489 0.140149
0.669726 0.160919
0.678964 0.160907
0.697439 0.146224
0.706677 0.326343
0.715914 0.0785021
0.725152 0.393294
0.73439 0.206018
0.743627 0.210028
0.752865 0.493069
0.762102 0.413577
0.77134 0.48979
0.780578 0.454292
0.789815 0.520583
0.799053 0.296611
0.80829 0.328269
0.817528 0.337167
0.826766 0.226717
0.836003 0.77927
0.845241 0.372216
0.854478 0.820084
0.863716 0.674376
0.872954 0.873494
0.882191 0.98769
0.900666 0.831456
0.909904 1.64565
0.928379 1.51993
0.937617 0.925498
0.946854 0.448296
0.956092 1.2205
0.96533 3.05679
0.983805 1.59073
0.993042 0.909305
1.01152 1.59514
1.02076 2.04663
1.02999 0.750387
1.03923 0.802137
1.04847 1.45877
1.05771 0.78748
1.06694 0.858115
1.07618 1.21233
1.08542 1.28472
1.09466 0.895851
1.10389 2.10157
1.11313 1.35119
1.12237 1.20608
1.13161 2.04361
1.14084 1.72226
1.15008 1.85071
1.15932 1.71842
1.16856 2.24907
1.17779 1.77713
1.18703 2.16933
1.20551 2.6779
1.21474 1.60857
1.22398 2.15996
1.23322 2.12639
1.24246 1.41789
1.2517 0.880048
1.26093 0.550588
1.27017 1.32516
1.27941 1.57891
1.28865 1.90151
1.29788 1.20824
1.30712 1.01233
1.31636 1.40468
1.3256 0.885789
1.33483 1.35984
1.34407 1.18115
1.35331 1.08204
1.36255 1.74615
1.37178 1.60063
1.38102 0.975308
1.39026 1.64677
1.3995 1.19176
1.40873 0.997873
1.41797 0.900678
1.42721 0.562226
1.43645 1.79152
1.44569 0.881455
1.45492 1.03069
1.46416 0.876382
1.4734 0.525893
1.48264 0.966255
1.49187 0.668094
1.50111 0.837994
1.51035 0.697147
1.51959 0.772593
1.52882 0.531642
1.53806 0.685358
1.5473 0.562359
1.55654 0.81813
1.56577 0.693361
1.57501 0.953428
1.58425 1.16193
1.59349 0.740935
1.60272 0.745539
1.61196 0.890927
1.6212 0.51132
1.63044 0.757446
1.63967 0.329276
1.64891 0.806608
1.65815 0.800983
1.66739 0.482962
1.67663 0.829747
1.68586 1.00135
1.6951 1.11077
1.70434 0.648686
1.71358 0.414028
1.72281 0.905039
1.73205 0.739926
1.74129 0.783438
1.75053 0.194992
1.75976 0.736427
1.769 0.736738
1.77824 0.545495
1.78748 0.785183
1.79671 0.935504
1.80595 0.9155
1.81519 0.957189
1.82443 0.680082
1.83366 0.838714
1.8429 1.09633
1.85214 0.857888
1.86138 0.787273
1.87061 0.627761
1.87985 0.756778
1.88909 1.24606
1.89833 0.860258
1.90757 0.796453
1.9168 0.734709
1.92604 0.510228
1.93528 0.503985
1.94452 0.776268
1.95375 0.6879
1.96299 0.689519
1.97223 0.538415
1.98147 0.919139
1.9907 0.673107
1.99994 1.00388
2.00918 1.03898
2.01842 0.817624
2.02765 0.657946
2.03689 0.703128
2.04613 0.842972
2.05537 0.418176
2.0646 0.924147
2.07384 0.791482
2.08308 0.975421
2.09232 1.08405
2.10155 0.743207
2.11079 0.686006
2.12003 0.767881
2.12927 0.91112
2.13851 0.943503
2.14774 1.40635
2.15698 0.50492
2.16622 0.773038
2.17546 0.782269
2.18469 0.95011
2.19393 1.19794
2.20317 0.814618
2.21241 1.11556
2.22164 1.01094
2.23088 0.852131
2.24012 1.17327
2.24936 1.71633
2.25859 1.14913
2.26783 1.62219
2.27707 1.23009
2.28631 1.11908
2.29554 0.940557
2.30478 1.06396
2.31402 1.14249
2.32326 1.35929
2.3325 1.55165
2.34173 1.72911
2.35097 1.11847
2.36021 1.41124
2.36945 1.57498
2.37868 0.816831
2.38792 1.1446
2.39716 2.12738
2.4064 1.57423
2.41563 1.05076
2.42487 1.57406
2.43411 1.2122
2.44335 1.56294
2.45258 1.42203
2.46182 0.736885
2.47106 1.33801
2.4803 1.57869
2.48953 1.37858
2.49877 1.30863
2.50801 1.3584
2.51725 1.09101
2.52648 1.04334
2.53572 0.885035
2.54496 1.08339
2.5542 1.10911
2.56344 1.41897
2.57267 1.20807
2.58191 1.21584
2.59115 1.43134
2.60039 0.907106
2.60962 1.01735
2.61886 0.713874
2.6281 1.52155
2.63734 1.05759
2.64657 0.58582
2.65581 1.25882
2.66505 1.28356
2.67429 1.45805
2.68352 1.07638
2.69276 1.13397
2.702 1.04627
2.71124 0.695807
2.72047 1.10627
2.72971 1.3436
2.73895 1.27824
2.74819 0.821099
2.75742 0.996286
2.76666 0.941028
2.7759 0.889781
2.78514 0.779686
2.79438 0.674465
2.80361 0.810688
2.81285 0.827221
2.82209 0.952104
2.83133 0.777722
2.84056 0.832462
2.8498 0.910939
2.85904 0.640853
2.86828 0.867664
2.87751 0.737993
2.88675 0.69366
2.89599 0.677011
2.90523 0.762562
2.91446 0.868178
2.9237 0.620279
2.93294 1.02914
2.94218 0.578509
2.95141 0.687899
2.96065 0.823506
2.96989 0.675747
2.97913 0.727464
2.98836 0.609703
2.9976 0.872224
3.00684 0.657623
3.01608 0.886211
3.02532 0.619104
3.03455 0.465113
3.04379 1.28498
3.05303 0.562549
3.06227 0.723681
3.0715 0.638357
3.08074 0.61473
3.08998 0.878956
3.09922 0.735512
3.10845 0.611979
3.11769 0.642127
3.12693 0.799799
3.13617 1.3077
3.1454 1.07791
3.15464 0.608011
3.16388 0.834955
3.17312 1.00511
3.18235 0.560061
3.19159 0.708496
3.20083 0.62826
3.21007 0.905782
3.21931 0.80295
3.22854 0.876682
3.23778 0.835275
3.24702 0.909562
3.25626 0.766313
3.26549 1.07675
3.27473 1.00327
3.28397 0.719031
3.29321 0.825691
3.30244 1.1626
3.31168 1.19844
3.32092 1.10803
3.33016 1.10695
3.33939 0.889246
3.34863 1.05396
3.35787 0.864377
3.36711 1.19128
3.37634 0.855077
3.38558 1.33486
3.39482 1.02388
3.40406 1.06657
3.41329 1.31813
3.42253 1.0166
3.43177 1.42059
3.44101 1.29206
3.45025 0.872302
3.45948 1.67117
3.46872 1.31575
3.47796 0.975478
3.4872 1.06735
3.49643 1.65823
3.50567 0.867724
3.51491 1.41941
3.52415 1.49318
3.53338 1.20836
3.54262 1.62038
3.55186 1.29671
3.5611 1.27496
3.57033 1.69151
3.57957 1.38384
3.58881 1.23233
3.59805 1.2532
3.60728 1.6632
3.61652 1.19538
3.62576 1.347
3.635 1.51605
3.64423 1.37614
3.65347 1.65802
3.66271 0.65901
3.67195 1.28252
3.68119 1.44451
3.69042 1.20738
3.69966 1.45726
3.7089 0.824118
3.71814 0.9998
3.72737 1.34176
3.73661 1.29336
3.74585 1.24731
3.75509 0.957957
3.76432 0.882066
3.77356 1.00453
3.7828 1.12576
3.79204 0.884326
3.80127 1.22512
3.81051 1.02089
3.81975 1.10802
3.82899 0.842758
3.83822 1.12935
3.84746 1.02381
3.8567 1.15447
3.86594 0.708017
3.87518 0.828401
3.88441 0.938697
3.89365 0.946285
3.90289 1.0562
3.91213 0.65613
3.92136 0.728481
3.9306 0.890207
3.93984 0.819505
3.94908 0.794687
3.95831 0.803715
3.96755 0.905821
3.97679 0.782015
3.98603 0.731099
3.99526 1.054
4.0045 0.757234
4.01374 1.11589
4.02298 0.827558
4.03221 0.706336
4.04145 0.583213
4.05069 1.05339
4.05993 0.75928
4.06916 0.678999
4.0784 0.640509
4.08764 0.633581
4.09688 0.934597
4.10612 0.855668
4.11535 0.568337
4.12459 0.76612
4.13383 0.630711
4.14307 0.774122
4.1523 0.655308
4.16154 0.864591
4.17078 0.968686
4.18002 0.823326
4.18925 0.697402
4.19849 0.524325
4.20773 0.73761
4.21697 0.722853
4.2262 0.757793
4.23544 0.712268
4.24468 0.546626
4.25392 0.788878
4.26315 1.29905
4.27239 0.847406
4.28163 0.653944
4.29087 0.843883
4.3001 0.583839
4.30934 0.724068
4.31858 0.937308
4.32782 0.813408
4.33706 0.658355
4.34629 0.797872
4.35553 0.865636
4.36477 1.21443
4.37401 0.603086
4.38324 0.667669
4.39248 0.733895
4.40172 1.24313
4.41096 0.984569
4.42019 1.21397
4.42943 0.810509
4.43867 1.16009
4.44791 1.17712
4.45714 1.22672
4.46638 0.89493
4.47562 0.589819
4.48486 1.04587
4.49409 0.95718
4.50333 0.928808
4.51257 1.14129
4.52181 1.17264
4.53104 1.30852
4.54028 1.10446
4.54952 1.30448
4.55876 0.906434
4.568 1.21532
4.57723 1.05874
4.58647 0.926894
4.59571 1.3581
4.60495 1.24083
4.61418 1.15579
