0.0431465 0.420971
0.0564223 0.24629
0.082974 0.240949
0.0896119 0.103351
0.116164 0.0437459
0.122801 0.208648
0.129439 0.0922416
0.149353 0.0381671
0.162629 0.148618
0.169267 0.0741555
0.175905 0.0238079
0.182543 0.0164318
0.209094 0.112332
0.22237 0.0261103
0.235646 0.129825
0.242284 0.0494178
0.248922 0.17807
0.25556 0.019628
0.262198 0.0410817
0.268836 0.121237
0.275474 0.111412
0.288749 0.259358
0.295387 0.0849742
0.302025 0.0923027
0.315301 0.0536179
0.321939 0.0243524
0.328577 0.278278
0.335215 0.0808633
0.341853 0.050281
0.355129 0.143507
0.368404 0.094408
0.375042 0.240482
0.38168 0.0779292
0.388318 0.0135248
0.394956 0.0352796
0.408232 0.102496
0.41487 0.137479
0.421508 0.0110572
0.428146 0.0764313
0.434784 0.0813396
0.441422 0.0405916
0.448059 0.0932412
0.454697 0.407425
0.461335 0.0650405
0.467973 0.00872324
0.474611 0.0512608
0.481249 0.0458158
0.487887 0.0527475
0.501163 0.141709
0.507801 0.151928
0.514439 0.087558
0.521077 0.18509
0.527715 0.158349
0.534352 0.119288
0.54099 0.255669
0.547628 0.192935
0.554266 0.201823
0.560904 0.147739
0.567542 0.373147
0.57418 0.221097
0.580818 0.394479
0.587456 0.228032
0.594094 0.192879
0.600732 0.594248
0.60737 0.12333
0.614007 0.512907
0.620645 0.368519
0.627283 1.02363
0.633921 0.76861
0.647197 0.646794
0.653835 1.02971
0.667111 1.08475
0.673749 0.755875
0.680387 0.354876
0.687025 0.756184
0.693662 2.36072
0.706938 1.17088
0.713576 0.715276
0.726852 0.797197
0.73349 1.24424
0.740128 0.595147
0.746766 0.566795
0.753404 0.807518
0.760042 0.416943
0.76668 0.678072
0.773318 0.375793
0.779955 1.14634
0.786593 0.586355
0.793231 1.1275
0.799869 0.841782
0.806507 0.527772
0.813145 0.775655
0.819783 0.852922
0.826421 1.50024
0.833059 0.945894
0.839697 0.676634
0.846335 0.420569
0.852973 0.706873
0.866248 0.680597
0.872886 0.557242
0.879524 0.59357
0.886162 0.609666
0.8928 0.573265
0.899438 0.541884
0.906076 0.77491
0.912714 0.490171
0.919352 0.53962
0.92599 0.714094
0.932628 0.263559
0.939265 0.503684
0.945903 0.423206
0.952541 0.435717
0.959179 0.432073
0.965817 0.353657
0.972455 0.350934
0.979093 0.383341
0.985731 0.396445
0.992369 0.372932
0.999007 0.627601
1.00564 0.353454
1.01228 0.544688
1.01892 0.230126
1.02556 0.426806
1.0322 0.887206
1.03883 0.503654
1.04547 0.769939
1.05211 0.304351
1.05875 0.740687
1.06539 0.75725
1.07202 0.42425
1.07866 0.858436
1.0853 1.01142
1.09194 0.922299
1.09858 0.582643
1.10521 1.01988
1.11185 1.18303
1.11849 1.04132
1.12513 1.28771
1.13177 0.798011
1.1384 0.846855
1.14504 0.862261
1.15168 1.78529
1.15832 0.817255
1.16495 1.10658
1.17159 1.42559
1.17823 0.530788
1.18487 0.798247
1.19151 0.865369
1.19814 1.07343
1.20478 1.47999
1.21142 1.45874
1.21806 1.88278
1.2247 1.89363
1.23133 1.04239
1.23797 1.59952
1.24461 1.23921
1.25125 0.955662
1.25789 1.20184
1.26452 1.6928
1.27116 2.08726
1.2778 1.56542
1.28444 1.82551
1.29108 1.74136
1.29771 1.0829
1.30435 1.30698
1.31099 1.55687
1.31763 1.90712
1.32426 1.11775
1.3309 1.75889
1.33754 1.55565
1.34418 2.03795
1.35082 1.53925
1.35745 1.17915
1.36409 2.49156
1.37073 1.74032
1.37737 1.44153
1.38401 1.49645
1.39064 1.19634
1.39728 1.38593
1.40392 1.48868
1.41056 1.49211
1.4172 1.57216
1.42383 2.00113
1.43047 1.60979
1.43711 0.997383
1.44375 0.696139
1.45039 1.61662
1.45702 1.18188
1.46366 2.06604
1.4703 1.21654
1.47694 1.94428
1.48357 1.66608
1.49021 2.3007
1.49685 1.65368
1.50349 1.21495
1.51013 1.95916
1.51676 2.38736
1.5234 1.68618
1.53004 1.80787
1.53668 1.20487
1.54332 1.60564
1.54995 1.28181
1.55659 1.14492
1.56323 1.80064
1.56987 2.60139
1.57651 1.49837
1.58314 0.998372
1.58978 1.02345
1.59642 1.05505
1.60306 1.20765
1.6097 0.990345
1.61633 1.54231
1.62297 0.942025
1.62961 1.13085
1.63625 0.641534
1.64288 0.856609
1.64952 0.922652
1.65616 0.823339
1.6628 0.498605
1.66944 0.565959
1.67607 0.566488
1.68271 0.881893
1.68935 0.857575
1.69599 0.954686
1.70263 0.538998
1.70926 0.645589
1.7159 0.871866
1.72254 0.646326
1.72918 1.07065
1.73582 1.02018
1.74245 0.508786
1.74909 0.880302
1.75573 0.616264
1.76237 0.721292
1.76901 0.562529
1.77564 1.13206
1.78228 0.490277
1.78892 0.457696
1.79556 0.387081
1.80219 0.514378
1.80883 0.499781
1.81547 0.550611
1.82211 0.537943
1.82875 0.409227
1.83538 0.547332
1.84202 0.570415
1.84866 0.504753
1.8553 0.46434
1.86194 0.597821
1.86857 0.71001
1.87521 0.726664
1.88185 0.393638
1.88849 0.737704
1.89513 0.682649
1.90176 1.08734
1.9084 0.683418
1.91504 0.673002
1.92168 1.06588
1.92832 0.587971
1.93495 0.894025
1.94159 0.717238
1.94823 0.662547
1.95487 0.983536
1.9615 0.717514
1.96814 0.624284
1.97478 0.642583
1.98142 0.880032
1.98806 0.75024
1.99469 0.844544
2.00133 0.716748
2.00797 0.755603
2.01461 0.437201
2.02125 1.16159
2.02788 0.732731
2.03452 0.819831
2.04116 0.685048
2.0478 0.830077
2.05444 1.1368
2.06107 0.892494
2.06771 0.704021
2.07435 0.79938
2.08099 0.825744
2.08763 0.804827
2.09426 0.728359
2.1009 1.4083
2.10754 0.961083
2.11418 0.826247
2.12081 0.906393
2.12745 1.01148
2.13409 0.875987
2.14073 0.620164
2.14737 0.671607
2.154 1.01048
2.16064 0.687961
2.16728 0.832589
2.17392 1.00819
2.18056 0.936857
2.18719 1.1814
2.19383 0.825878
2.20047 1.18945
2.20711 0.873639
2.21375 0.659002
2.22038 0.867038
2.22702 0.965046
2.23366 1.01134
2.2403 0.957623
2.24694 0.858591
2.25357 1.46931
2.26021 0.997124
2.26685 1.23446
2.27349 1.60738
2.28013 0.895999
2.28676 0.869935
2.2934 0.857909
2.30004 1.14216
2.30668 0.94004
2.31331 1.44986
2.31995 1.04221
2.32659 0.846116
2.33323 1.38303
2.33987 1.0991
2.3465 0.771136
2.35314 0.567745
2.35978 1.31074
2.36642 1.24903
2.37306 0.955634
2.37969 1.37573
2.38633 0.747293
2.39297 1.26297
2.39961 0.850441
2.40625 0.951086
2.41288 0.974674
2.41952 1.28752
2.42616 1.07333
2.4328 1.21954
2.43944 0.89691
2.44607 0.943739
2.45271 1.06414
2.45935 1.22211
2.46599 1.16189
2.47262 1.63226
2.47926 1.09502
2.4859 0.984817
2.49254 1.0202
2.49918 0.941617
2.50581 1.04
2.51245 1.22586
2.51909 1.02707
2.52573 1.36392
2.53237 1.22115
2.539 1.14587
2.54564 1.19955
2.55228 0.908203
2.55892 0.957164
2.56556 1.31323
2.57219 1.10838
2.57883 1.0266
2.58547 1.35853
2.59211 1.08921
2.59875 1.39453
2.60538 1.44827
2.61202 1.22586
2.61866 1.16349
2.6253 1.1177
2.63193 0.818027
2.63857 1.28042
2.64521 0.973023
2.65185 0.699048
2.65849 0.997405
2.66512 0.878247
2.67176 1.00396
2.6784 1.47889
2.68504 1.22025
2.69168 0.93718
2.69831 1.09668
2.70495 1.08453
2.71159 1.02337
2.71823 1.01208
2.72487 0.898686
2.7315 1.04865
2.73814 1.02546
2.74478 0.982299
2.75142 0.983236
2.75806 1.29538
2.76469 0.944393
2.77133 1.16506
2.77797 1.38548
2.78461 1.2901
2.79124 0.890076
2.79788 1.11714
2.80452 1.18894
2.81116 1.35434
2.8178 0.738911
2.82443 1.1394
2.83107 0.922705
2.83771 0.958452
2.84435 0.928614
2.85099 0.681935
2.85762 1.0878
2.86426 1.0076
2.8709 1.02502
2.87754 1.065
2.88418 1.04538
2.89081 0.984829
2.89745 1.17866
2.90409 1.01727
2.91073 1.14423
2.91737 1.02241
2.924 1.10653
2.93064 0.837534
2.93728 0.947778
2.94392 1.15682
2.95055 1.07073
2.95719 0.747498
2.96383 0.866362
2.97047 0.984819
2.97711 1.08252
2.98374 1.00476
2.99038 1.11337
2.99702 1.189
3.00366 1.14109
3.0103 1.03199
3.01693 0.946238
3.02357 0.856349
3.03021 1.16691
3.03685 0.785769
3.04349 0.943578
3.05012 1.03833
3.05676 1.07081
3.0634 0.826333
3.07004 0.886118
3.07668 1.18148
3.08331 0.839553
3.08995 1.14495
3.09659 1.01748
3.10323 0.988944
3.10986 1.14292
3.1165 1.11512
3.12314 0.849132
3.12978 0.8767
3.13642 0.710451
3.14305 1.16057
3.14969 0.853776
3.15633 1.08186
3.16297 1.16046
3.16961 1.05458
3.17624 0.984204
3.18288 0.754327
3.18952 0.924877
3.19616 1.10153
3.2028 0.77913
3.20943 1.03526
3.21607 0.493124
3.22271 0.823126
3.22935 0.721782
3.23599 1.12903
3.24262 0.920058
3.24926 0.742864
3.2559 0.654161
3.26254 0.623644
3.26917 0.930852
3.27581 0.967948
3.28245 0.751669
3.28909 0.957414
3.29573 1.07311
3.30236 1.08111
3.309 1.01514
3.31564 0.909067
