0.0600444 0.000153113
0.0785196 0.000244834
0.11547 0.00080692
0.124708 0.00127013
0.161658 0.0030384
0.170896 0.00102329
0.180133 0.0145641
0.207846 0.0120566
0.226321 0.0194284
0.235559 0.0165834
0.244797 0.0135491
0.254034 0.00801506
0.290985 0.0124713
0.30946 0.0376219
0.327935 0.0163441
0.337173 0.0406603
0.34641 0.0249584
0.355648 0.0692797
0.364885 0.092913
0.374123 0.0238243
0.383361 0.089969
0.401836 0.0255782
0.411073 0.0434079
0.420311 0.0641634
0.438786 0.05976
0.448024 0.0499344
0.457261 0.0246631
0.466499 0.0689677
0.475737 0.0339956
0.494212 0.0791595
0.512687 0.0737285
0.521925 0.0870465
0.531162 0.135458
0.5404 0.0720179
0.549637 0.0673524
0.568113 0.0925548
0.57735 0.0900185
0.586588 0.143538
0.595825 0.163317
0.605063 0.205083
0.614301 0.118219
0.623538 0.101644
0.632776 0.0558074
0.642013 0.15079
0.651251 0.0936454
0.660489 0.119708
0.669726 0.137027
0.678964 0.139512
0.697439 0.246361
0.706677 0.179626
0.715914 0.220648
0.725152 0.226677
0.73439 0.143193
0.743627 0.566018
0.752865 0.502716
0.762102 0.356063
0.77134 0.443384
0.780578 0.518226
0.789815 0.466739
0.799053 0.267501
0.80829 0.30423
0.817528 0.502037
0.826766 0.48558
0.836003 0.36292
0.845241 0.543064
0.854478 0.302837
0.863716 0.446855
0.872954 0.300581
0.882191 0.475777
0.900666 1.18294
0.909904 0.596989
0.928379 1.19303
0.937617 1.03165
0.946854 0.822643
0.956092 1.87685
0.96533 0.834709
0.983805 1.9991
0.993042 1.56322
1.01152 1.58885
1.02076 1.81188
1.02999 1.22742
1.03923 1.39421
1.04847 0.923412
1.05771 1.35437
1.06694 1.79377
1.07618 2.15402
1.08542 1.21016
1.09466 2.66914
1.10389 1.89848
1.11313 2.09207
1.12237 2.55927
1.13161 1.60336
1.14084 2.91022
1.15008 2.75819
1.15932 1.89559
1.16856 2.21084
1.17779 1.77226
1.18703 1.839
1.20551 2.48632
1.21474 1.61042
1.22398 1.56552
1.23322 1.42766
1.24246 1.61279
1.2517 1.47949
1.26093 2.28673
1.27017 1.06984
1.27941 1.42217
1.28865 0.845099
1.29788 1.60265
1.30712 0.742144
1.31636 1.12292
1.3256 0.987363
1.33483 1.0985
1.34407 0.954294
1.35331 0.631379
1.36255 1.17772
1.37178 0.950322
1.38102 0.685809
1.39026 1.01676
1.3995 1.28258
1.40873 0.521923
1.41797 1.0269
1.42721 1.17643
1.43645 0.676744
1.44569 0.898978
1.45492 0.382296
1.46416 0.624552
1.4734 0.746917
1.48264 0.887393
1.49187 0.536603
1.50111 0.53441
1.51035 0.415022
1.51959 0.985875
1.52882 0.61283
1.53806 0.755902
1.5473 0.656701
1.55654 0.86579
1.56577 0.281201
1.57501 0.936739
1.58425 0.600157
1.59349 0.859281
1.60272 0.920188
1.61196 1.16257
1.6212 0.58823
1.63044 0.665233
1.63967 0.604966
1.64891 0.734393
1.65815 0.651797
1.66739 0.476086
1.67663 0.566308
1.68586 0.503076
1.6951 0.919921
1.70434 0.288854
1.71358 0.820697
1.72281 0.674781
1.73205 0.446068
1.74129 0.738996
1.75053 0.589622
1.75976 0.739039
1.769 0.384308
1.77824 0.916242
1.78748 1.08649
1.79671 0.95634
1.80595 0.60707
1.81519 0.589989
1.82443 1.06846
1.83366 0.661439
1.8429 0.527032
1.85214 0.476397
1.86138 0.425545
1.87061 0.889311
1.87985 0.575103
1.88909 0.760498
1.89833 0.669895
1.90757 0.894359
1.9168 0.510856
1.92604 0.387476
1.93528 0.694135
1.94452 0.567614
1.95375 0.834687
1.96299 0.974678
1.97223 0.750957
1.98147 0.92039
1.9907 0.608621
1.99994 0.919934
2.00918 0.757243
2.01842 0.902878
2.02765 1.05441
2.03689 1.03951
2.04613 1.10235
2.05537 2.06819
2.0646 1.41693
2.07384 0.904644
2.08308 0.817119
2.09232 1.07991
2.10155 1.45015
2.11079 1.13881
2.12003 1.0873
2.12927 0.915206
2.13851 1.25719
2.14774 1.1823
2.15698 1.30573
2.16622 0.863299
2.17546 2.1238
2.18469 1.62563
2.19393 1.27062
2.20317 1.52866
2.21241 1.29471
2.22164 2.30711
2.23088 1.41707
2.24012 1.00198
2.24936 0.95683
2.25859 1.55716
2.26783 1.71186
2.27707 1.84832
2.28631 1.62673
2.29554 1.74424
2.30478 1.35027
2.31402 1.10068
2.32326 1.15277
2.3325 2.00515
2.34173 1.85438
2.35097 1.24432
2.36021 1.66353
2.36945 1.54367
2.37868 1.14477
2.38792 1.24277
2.39716 1.3167
2.4064 0.979627
2.41563 0.898846
2.42487 1.24027
2.43411 1.42483
2.44335 1.27272
2.45258 1.43481
2.46182 0.987777
2.47106 1.16771
2.4803 0.813333
2.48953 0.864787
2.49877 1.23275
2.50801 0.902033
2.51725 1.00678
2.52648 1.18349
2.53572 1.13926
2.54496 0.912648
2.5542 1.1627
2.56344 0.650171
2.57267 1.00574
2.58191 0.931828
2.59115 1.27974
2.60039 0.6374
2.60962 0.862996
2.61886 0.625667
2.6281 0.889817
2.63734 1.05031
2.64657 0.681534
2.65581 0.857366
2.66505 1.0572
2.67429 0.630087
2.68352 1.07727
2.69276 0.739943
2.702 1.22473
2.71124 0.901547
2.72047 0.630485
2.72971 0.733469
2.73895 0.597523
2.74819 1.00915
2.75742 0.824307
2.76666 0.806364
2.7759 0.658565
2.78514 0.609762
2.79438 0.495585
2.80361 0.775166
2.81285 0.627549
2.82209 0.981627
2.83133 0.763777
2.84056 0.602145
2.8498 0.808648
2.85904 0.55671
2.86828 0.657077
2.87751 0.806612
2.88675 0.599127
2.89599 0.809231
2.90523 0.708006
2.91446 0.499825
2.9237 0.805615
2.93294 0.592186
2.94218 0.944686
2.95141 0.663047
2.96065 0.616496
2.96989 0.716574
2.97913 0.81437
2.98836 0.657247
2.9976 0.911698
3.00684 0.745388
3.01608 0.795516
3.02532 0.72573
3.03455 0.926524
3.04379 0.588802
3.05303 0.720389
3.06227 0.864895
3.0715 0.705669
3.08074 1.03444
3.08998 1.05472
3.09922 0.977714
3.10845 0.938242
3.11769 0.883845
3.12693 1.05808
3.13617 0.805296
3.1454 1.44101
3.15464 0.741613
3.16388 0.816384
3.17312 0.93485
3.18235 1.09551
3.19159 1.05918
3.20083 1.06497
3.21007 0.888235
3.21931 0.958835
3.22854 1.2649
3.23778 0.869594
3.24702 0.968474
3.25626 0.908426
3.26549 1.30715
3.27473 0.863933
3.28397 1.14008
3.29321 1.13295
3.30244 1.52727
3.31168 1.36021
3.32092 1.36801
3.33016 1.87631
3.33939 1.35132
3.34863 1.62884
3.35787 1.21016
3.36711 1.2475
3.37634 1.40861
3.38558 1.85256
3.39482 1.34601
3.40406 1.07841
3.41329 1.14206
3.42253 1.47525
3.43177 1.46745
3.44101 1.37773
3.45025 1.22872
3.45948 1.2862
3.46872 1.21533
3.47796 1.18822
3.4872 1.27142
3.49643 1.49449
3.50567 0.778026
3.51491 0.914915
3.52415 1.35719
3.53338 0.943083
3.54262 1.02445
3.55186 1.19135
3.5611 1.36368
3.57033 1.14119
3.57957 1.31632
3.58881 1.05374
3.59805 1.01659
3.60728 1.0957
3.61652 1.11378
3.62576 1.01054
3.635 1.10642
3.64423 1.21327
3.65347 1.18566
3.66271 1.47518
3.67195 0.782447
3.68119 0.855421
3.69042 1.25397
3.69966 0.888633
3.7089 0.783872
3.71814 0.754242
3.72737 0.900374
3.73661 1.10561
3.74585 0.916616
3.75509 0.884209
3.76432 0.865876
3.77356 0.931137
3.7828 0.760198
3.79204 0.789037
3.80127 1.16071
3.81051 0.897885
3.81975 1.04571
3.82899 0.906488
3.83822 0.642928
3.84746 0.776649
3.8567 0.768493
3.86594 0.64562
3.87518 0.843005
3.88441 0.872554
3.89365 0.611052
3.90289 0.786431
3.91213 0.786011
3.92136 0.859826
3.9306 0.658654
3.93984 0.696731
3.94908 0.693377
3.95831 0.826711
3.96755 0.863223
3.97679 0.798347
3.98603 0.734782
3.99526 0.83387
4.0045 1.0334
4.01374 0.792366
4.02298 0.886001
4.03221 0.64893
4.04145 0.619579
4.05069 0.842795
4.05993 0.480033
4.06916 0.831928
4.0784 0.6017
4.08764 0.820875
4.09688 0.836476
4.10612 0.923077
4.11535 0.771687
4.12459 0.640548
4.13383 0.690779
4.14307 0.810325
4.1523 0.839309
4.16154 0.931584
4.17078 1.24896
4.18002 0.627895
4.18925 0.712367
4.19849 0.759501
4.20773 0.936411
4.21697 1.1013
4.2262 0.987303
4.23544 0.729402
4.24468 0.808919
4.25392 1.20662
4.26315 1.05124
4.27239 1.16649
4.28163 0.688732
4.29087 0.834207
4.3001 1.32694
4.30934 1.03614
4.31858 0.862552
4.32782 0.990407
4.33706 1.39143
4.34629 0.960626
4.35553 1.1823
4.36477 1.1876
4.37401 1.06295
4.38324 1.21683
4.39248 1.08927
4.40172 0.859547
4.41096 1.19745
4.42019 1.16052
4.42943 1.02651
4.43867 1.07387
4.44791 1.09259
4.45714 0.998384
4.46638 1.17615
4.47562 1.19552
4.48486 1.90681
4.49409 1.65258
4.50333 1.09337
4.51257 1.35077
4.52181 1.70255
4.53104 0.984578
4.54028 0.903561
4.54952 1.53118
4.55876 0.998967
4.568 1.27196
4.57723 0.73421
4.58647 0.872553
4.59571 1.70707
4.60495 0.825639
4.61418 0.801391
