0.0431836 0.384084
0.0564709 0.153336
0.0830455 0.274135
0.0896891 0.0813079
0.116264 0.0225943
0.122907 0.246691
0.129551 0.111147
0.149482 0.0403447
0.162769 0.255052
0.169413 0.1055
0.176056 0.0404399
0.1827 0.0722172
0.209275 0.125441
0.222562 0.0508054
0.235849 0.0193289
0.242493 0.108352
0.249136 0.328566
0.25578 0.0969182
0.262424 0.0383917
0.269067 0.0257502
0.275711 0.0583068
0.288998 0.216962
0.295642 0.0308294
0.302286 0.0627698
0.315573 0.104529
0.322216 0.053384
0.32886 0.309657
0.335504 0.0510455
0.342147 0.0408552
0.355435 0.0736891
0.368722 0.0496568
0.375366 0.180754
0.382009 0.0496923
0.388653 0.0900326
0.395296 0.0505542
0.408584 0.0682308
0.415227 0.139534
0.421871 0.0331053
0.428515 0.0372672
0.435158 0.0236424
0.441802 0.0942331
0.448446 0.0505011
0.455089 0.411709
0.461733 0.0548462
0.468377 0.0108421
0.47502 0.0441474
0.481664 0.0614541
0.488307 0.0555381
0.501595 0.197386
0.508238 0.0997949
0.514882 0.104343
0.521526 0.0782452
0.528169 0.0831534
0.534813 0.229543
0.541457 0.219891
0.5481 0.112033
0.554744 0.157318
0.561387 0.454818
0.568031 0.221048
0.574675 0.207741
0.581318 0.35903
0.587962 0.179827
0.594606 0.277522
0.601249 0.333914
0.607893 0.159024
0.614537 0.298086
0.62118 0.465708
0.627824 0.121182
0.634467 0.450321
0.647755 0.773148
0.654398 0.630357
0.667686 0.688326
0.674329 0.742044
0.680973 0.487838
0.687617 1.10978
0.69426 0.738181
0.707547 1.38174
0.714191 1.02506
0.727478 1.0686
0.734122 1.19957
0.740766 0.750358
0.747409 0.603638
0.754053 0.43465
0.760697 0.727313
0.76734 1.16473
0.773984 1.11948
0.780628 0.823233
0.787271 1.09182
0.793915 1.46298
0.800558 1.46352
0.807202 1.37096
0.813846 1.17446
0.820489 1.69064
0.827133 1.37563
0.833777 0.857336
0.84042 0.896135
0.847064 1.26271
0.853708 0.808368
0.866995 0.651468
0.873638 0.611222
0.880282 0.640837
0.886926 0.363539
0.893569 0.389742
0.900213 0.350083
0.906857 0.597263
0.9135 0.348853
0.920144 0.653972
0.926788 0.32243
0.933431 0.591753
0.940075 0.282176
0.946718 0.426325
0.953362 0.467025
0.960006 0.192205
0.966649 0.427634
0.973293 0.302679
0.979937 0.400588
0.98658 0.415973
0.993224 0.901219
0.999868 0.600448
1.00651 0.409931
1.01315 0.361603
1.0198 0.556973
1.02644 0.453202
1.03309 0.513894
1.03973 0.549951
1.04637 0.551181
1.05302 0.277906
1.05966 0.674751
1.0663 0.449976
1.07295 0.686267
1.07959 0.551771
1.08623 0.487356
1.09288 0.273381
1.09952 0.541022
1.10617 1.03634
1.11281 0.422143
1.11945 0.952056
1.1261 0.718646
1.13274 0.94264
1.13938 0.424231
1.14603 1.34486
1.15267 0.943546
1.15931 0.76356
1.16596 1.26282
1.1726 0.998575
1.17925 1.38896
1.18589 1.25682
1.19253 0.980639
1.19918 0.422213
1.20582 1.00169
1.21246 1.14925
1.21911 1.09163
1.22575 0.75384
1.23239 2.15637
1.23904 1.15541
1.24568 1.22606
1.25233 1.48448
1.25897 0.875467
1.26561 1.51449
1.27226 1.50165
1.2789 1.21829
1.28554 1.86041
1.29219 2.07543
1.29883 1.66035
1.30547 1.48972
1.31212 1.86845
1.31876 1.96178
1.32541 2.06738
1.33205 2.00167
1.33869 1.51249
1.34534 1.98905
1.35198 1.40728
1.35862 2.41784
1.36527 1.37942
1.37191 1.918
1.37855 2.00322
1.3852 2.32013
1.39184 2.87585
1.39849 1.98028
1.40513 1.50085
1.41177 2.21338
1.41842 1.49183
1.42506 2.33392
1.4317 1.42747
1.43835 1.63394
1.44499 1.00261
1.45163 2.32271
1.45828 1.35753
1.46492 1.65588
1.47157 1.21732
1.47821 1.58138
1.48485 1.62799
1.4915 1.56933
1.49814 1.91522
1.50478 1.5183
1.51143 1.77199
1.51807 1.52272
1.52472 1.41837
1.53136 1.0766
1.538 1.52522
1.54465 1.22612
1.55129 1.28775
1.55793 1.42093
1.56458 1.1976
1.57122 0.730931
1.57786 1.16868
1.58451 0.686308
1.59115 1.2048
1.5978 0.825206
1.60444 0.850342
1.61108 1.55059
1.61773 0.759485
1.62437 0.978445
1.63101 1.04306
1.63766 1.06905
1.6443 0.821313
1.65094 0.818508
1.65759 0.885343
1.66423 0.826237
1.67088 0.66785
1.67752 0.441436
1.68416 0.823418
1.69081 0.771307
1.69745 0.824275
1.70409 0.59646
1.71074 0.552763
1.71738 0.622684
1.72402 0.595773
1.73067 0.550242
1.73731 0.353334
1.74396 0.757556
1.7506 0.606747
1.75724 1.09187
1.76389 0.608091
1.77053 0.281011
1.77717 0.570822
1.78382 0.534963
1.79046 0.301326
1.7971 0.453931
1.80375 0.69372
1.81039 0.539723
1.81704 0.565021
1.82368 0.78397
1.83032 0.57417
1.83697 0.55297
1.84361 0.451368
1.85025 0.703156
1.8569 0.535403
1.86354 0.594956
1.87018 0.607037
1.87683 0.494837
1.88347 0.594852
1.89012 0.424061
1.89676 0.416459
1.9034 0.454196
1.91005 0.849305
1.91669 0.718512
1.92333 0.597479
1.92998 0.397565
1.93662 0.736469
1.94326 0.56358
1.94991 0.624627
1.95655 0.659854
1.9632 0.698405
1.96984 0.767199
1.97648 0.483578
1.98313 0.616891
1.98977 0.889925
1.99641 0.909806
2.00306 0.724495
2.0097 0.815775
2.01634 0.79741
2.02299 0.742225
2.02963 0.786111
2.03628 0.796419
2.04292 0.861862
2.04956 0.580499
2.05621 1.23325
2.06285 0.829643
2.06949 1.02286
2.07614 0.951356
2.08278 0.755572
2.08942 1.05992
2.09607 0.66916
2.10271 1.19687
2.10936 0.921501
2.116 0.906684
2.12264 1.11019
2.12929 1.09937
2.13593 0.824296
2.14257 1.33372
2.14922 0.903946
2.15586 0.923861
2.1625 0.91146
2.16915 0.997355
2.17579 1.12939
2.18244 0.957621
2.18908 1.23573
2.19572 0.938712
2.20237 1.15207
2.20901 1.50016
2.21565 0.708919
2.2223 1.24757
2.22894 0.983513
2.23558 1.16898
2.24223 0.804264
2.24887 1.06757
2.25552 0.715465
2.26216 0.866091
2.2688 1.15446
2.27545 1.06226
2.28209 1.19405
2.28873 0.997644
2.29538 1.64867
2.30202 1.06999
2.30866 1.36047
2.31531 0.94604
2.32195 1.11238
2.3286 0.938412
2.33524 1.04948
2.34188 0.975146
2.34853 1.2923
2.35517 0.997436
2.36181 1.0194
2.36846 1.09807
2.3751 1.00431
2.38174 1.04431
2.38839 1.0396
2.39503 1.06787
2.40168 0.750948
2.40832 1.28884
2.41496 0.960712
2.42161 0.963869
2.42825 1.31231
2.43489 0.899609
2.44154 0.917732
2.44818 0.92131
2.45482 1.52834
2.46147 1.1748
2.46811 1.1095
2.47476 1.41004
2.4814 0.984991
2.48804 1.00569
2.49469 1.07295
2.50133 1.09098
2.50797 0.969736
2.51462 1.41192
2.52126 1.16267
2.5279 1.27246
2.53455 0.92731
2.54119 0.985337
2.54784 1.04126
2.55448 0.91019
2.56112 1.11924
2.56777 1.12792
2.57441 1.16049
2.58105 0.987992
2.5877 1.2137
2.59434 1.4908
2.60098 1.17517
2.60763 0.994991
2.61427 1.02747
2.62092 0.958397
2.62756 1.10945
2.6342 1.06933
2.64085 1.08004
2.64749 1.05499
2.65413 1.32848
2.66078 0.913941
2.66742 0.985906
2.67406 1.00571
2.68071 1.14153
2.68735 1.29577
2.694 0.796661
2.70064 1.65386
2.70728 1.11971
2.71393 1.1157
2.72057 0.793834
2.72721 1.22621
2.73386 1.15193
2.7405 0.976646
2.74714 1.25111
2.75379 0.871938
2.76043 1.02235
2.76708 0.88193
2.77372 1.04239
2.78036 0.953111
2.78701 1.0265
2.79365 0.700835
2.80029 0.697726
2.80694 1.52111
2.81358 1.01609
2.82022 0.735335
2.82687 0.81329
2.83351 1.19962
2.84016 1.08627
2.8468 0.804048
2.85344 0.920357
2.86009 1.40062
2.86673 0.882235
2.87337 1.03217
2.88002 1.08135
2.88666 0.606633
2.8933 1.00096
2.89995 1.30651
2.90659 0.787842
2.91324 1.10137
2.91988 1.372
2.92652 1.09021
2.93317 0.938876
2.93981 1.00102
2.94645 0.853271
2.9531 0.978143
2.95974 0.918562
2.96638 1.36642
2.97303 0.870049
2.97967 0.78327
2.98632 0.813838
2.99296 0.935653
2.9996 0.886841
3.00625 1.40391
3.01289 0.908132
3.01953 1.01081
3.02618 0.86649
3.03282 1.3698
3.03946 0.808073
3.04611 1.14816
3.05275 0.951761
3.0594 1.11655
3.06604 1.17493
3.07268 1.06912
3.07933 0.726306
3.08597 0.887801
3.09261 0.730062
3.09926 0.893904
3.1059 0.560994
3.11254 0.889063
3.11919 0.870637
3.12583 1.1088
3.13248 0.573815
3.13912 0.878117
3.14576 0.626676
3.15241 1.44905
3.15905 0.821927
3.16569 1.33236
3.17234 1.00783
3.17898 0.829397
3.18562 0.641603
3.19227 0.783693
3.19891 0.884632
3.20556 1.02059
3.2122 0.879921
3.21884 0.86838
3.22549 0.805156
3.23213 0.832354
3.23877 0.87847
3.24542 1.19234
3.25206 1.02945
3.2587 1.10624
3.26535 0.868445
3.27199 0.864149
3.27864 0.60092
3.28528 1.11068
3.29192 0.715358
3.29857 1.05323
3.30521 0.913133
3.31185 0.718242
3.3185 0.804707
