0.0866667 9.75924e-06
0.113333 2.43984e-05
0.166667 1.93768e-05
0.18 7.03994e-05
0.233333 0.000260253
0.246667 3.6867e-05
0.26 0.000303403
0.3 0.000407229
0.326667 0.000591544
0.34 0.00349254
0.353333 0.000916305
0.366667 0.00534197
0.42 0.00329478
0.446667 0.00301123
0.473333 0.006083
0.486667 0.00385591
0.5 0.00621462
0.513333 0.00499485
0.526667 0.018038
0.54 0.0108929
0.553333 0.00465105
0.58 0.0248084
0.593333 0.0203125
0.606667 0.0511246
0.633333 0.0519986
0.646667 0.0419219
0.66 0.062209
0.673333 0.0412571
0.686667 0.102381
0.713333 0.0581039
0.74 0.0174446
0.753333 0.096037
0.766667 0.0477083
0.78 0.0392021
0.793333 0.0497663
0.82 0.175414
0.833333 0.436154
0.846667 1.05994
0.86 1.88385
0.873333 0.924192
0.886667 0.694241
0.9 2.30032
0.913333 3.1963
0.926667 2.37731
0.94 2.52907
0.953333 2.41083
0.966667 1.14659
0.98 0.495238
1.00667 0.647931
1.02 0.513801
1.03333 1.13059
1.04667 0.793236
1.06 0.421824
1.07333 0.658652
1.08667 1.73145
1.1 0.696404
1.11333 6.29657
1.12667 3.82963
1.14 2.89577
1.15333 4.85106
1.16667 2.64326
1.18 2.01715
1.19333 2.33287
1.20667 3.67024
1.22 1.03818
1.23333 0.702504
1.24667 0.548278
1.26 0.566157
1.27333 0.297581
1.3 0.311149
1.31333 0.693698
1.34 0.616155
1.35333 0.61721
1.36667 1.18174
1.38 0.67426
1.39333 1.07644
1.42 0.923104
1.43333 0.570833
1.46 0.66016
1.47333 0.750871
1.48667 1.10974
1.5 0.455007
1.51333 0.642447
1.52667 0.470905
1.54 0.79579
1.55333 0.582059
1.56667 0.651853
1.58 0.36844
1.59333 0.400084
1.60667 0.617802
1.62 0.3953
1.63333 0.228303
1.64667 0.351639
1.66 0.931907
1.67333 0.618945
1.68667 0.73414
1.7 0.584046
1.71333 1.18408
1.74 0.694708
1.75333 0.54336
1.76667 0.537995
1.78 1.01807
1.79333 0.63729
1.80667 0.40948
1.82 0.265299
1.83333 0.479653
1.84667 0.833099
1.86 0.5672
1.87333 0.617771
1.88667 0.650418
1.9 0.935317
1.91333 0.741529
1.92667 0.640055
1.94 1.32142
1.95333 2.18283
1.96667 0.989888
1.98 2.27878
1.99333 3.0416
2.00667 1.38142
2.02 1.38757
2.03333 1.77791
2.04667 1.6261
2.06 0.768145
2.07333 2.10344
2.08667 0.979902
2.1 0.717779
2.11333 2.1901
2.12667 0.984417
2.14 0.65114
2.15333 1.46687
2.16667 1.25621
2.18 0.798555
2.19333 2.3881
2.20667 1.41247
2.22 1.55067
2.23333 1.6628
2.24667 1.53822
2.26 1.30783
2.27333 0.996125
2.28667 1.40274
2.3 1.53167
2.31333 1.67309
2.32667 1.11847
2.34 0.689156
2.35333 0.684078
2.36667 0.561497
2.38 1.17571
2.39333 1.11379
2.40667 0.702403
2.42 0.5667
2.43333 0.926831
2.44667 0.786501
2.46 1.17757
2.47333 0.948528
2.48667 1.36713
2.5 0.874634
2.51333 0.905331
2.52667 1.08884
2.54 0.762864
2.55333 1.1155
2.56667 0.859701
2.58 0.813511
2.59333 0.620823
2.60667 1.10953
2.62 0.836921
2.63333 0.846624
2.64667 0.759201
2.66 0.857997
2.67333 0.645098
2.68667 0.944655
2.7 0.678279
2.71333 0.665049
2.72667 0.953394
2.74 0.656468
2.75333 0.970041
2.76667 0.845763
2.78 0.759256
2.79333 0.917074
2.80667 1.25469
2.82 0.605866
2.83333 0.910768
2.84667 1.10736
2.86 0.601336
2.87333 1.04222
2.88667 0.828974
2.9 0.986882
2.91333 0.91951
2.92667 0.968001
2.94 0.89473
2.95333 0.803569
2.96667 1.67877
2.98 0.69722
2.99333 1.34113
3.00667 0.901028
3.02 0.947789
3.03333 1.29563
3.04667 1.06816
3.06 0.901133
3.07333 0.988235
3.08667 1.34021
3.1 1.21732
3.11333 0.840599
3.12667 0.841594
3.14 1.13537
3.15333 1.70515
3.16667 1.14224
3.18 0.610603
3.19333 1.28546
3.20667 1.49125
3.22 0.547893
3.23333 1.53311
3.24667 1.26686
3.26 1.30021
3.27333 1.11514
3.28667 1.25336
3.3 1.0779
3.31333 1.00004
3.32667 1.46888
3.34 0.912845
3.35333 1.46253
3.36667 0.755112
3.38 0.95757
3.39333 0.797319
3.40667 0.702673
3.42 0.806766
3.43333 0.948743
3.44667 0.566596
3.46 0.992358
3.47333 0.924483
3.48667 0.980076
3.5 0.940388
3.51333 0.88841
3.52667 0.745694
3.54 0.968451
3.55333 1.13051
3.56667 1.3548
3.58 0.936581
3.59333 1.3095
3.60667 1.05459
3.62 1.36307
3.63333 0.725622
3.64667 1.14266
3.66 1.32012
3.67333 0.998245
3.68667 0.985312
3.7 0.520917
3.71333 0.580998
3.72667 1.13854
3.74 0.788421
3.75333 1.21533
3.76667 1.0905
3.78 0.948395
3.79333 0.933332
3.80667 0.979075
3.82 0.800241
3.83333 0.855126
3.84667 0.868715
3.86 1.02222
3.87333 0.927629
3.88667 0.9536
3.9 0.899035
3.91333 1.09247
3.92667 0.820859
3.94 1.59749
3.95333 0.694168
3.96667 0.783901
3.98 1.0027
3.99333 0.607675
4.00667 0.799246
4.02 0.691365
4.03333 0.823676
4.04667 0.477316
4.06 1.11529
4.07333 0.999963
4.08667 0.931504
4.1 1.38725
4.11333 1.16534
4.12667 1.50148
4.14 1.11953
4.15333 0.988563
4.16667 0.863996
4.18 0.945123
4.19333 0.643756
4.20667 1.63927
4.22 1.16406
4.23333 0.925578
4.24667 1.0724
4.26 1.30574
4.27333 0.810588
4.28667 1.10284
4.3 0.922019
4.31333 0.62376
4.32667 0.929533
4.34 1.22022
4.35333 0.820373
4.36667 0.918671
4.38 1.04983
4.39333 0.845753
4.40667 1.2257
4.42 1.44546
4.43333 1.29977
4.44667 0.682662
4.46 1.13443
4.47333 0.930118
4.48667 1.08433
4.5 0.907229
4.51333 0.917047
4.52667 0.924792
4.54 1.06818
4.55333 1.09213
4.56667 1.16566
4.58 0.733147
4.59333 0.935277
4.60667 1.12858
4.62 1.03811
4.63333 1.45165
4.64667 1.20194
4.66 1.03117
4.67333 1.40898
4.68667 1.09687
4.7 1.25548
4.71333 0.808119
4.72667 0.880377
4.74 0.816459
4.75333 0.788574
4.76667 0.820223
4.78 0.848846
4.79333 0.75423
4.80667 1.15854
4.82 0.955574
4.83333 0.939424
4.84667 0.810688
4.86 0.984135
4.87333 1.54887
4.88667 0.852664
4.9 0.911899
4.91333 1.19374
4.92667 1.17944
4.94 0.919415
4.95333 0.762148
4.96667 0.921944
4.98 0.935701
4.99333 1.10472
5.00667 0.924657
5.02 0.708099
5.03333 0.887489
5.04667 0.772556
5.06 1.10624
5.07333 0.856741
5.08667 0.945244
5.1 0.871756
5.11333 1.18079
5.12667 0.929588
5.14 0.99396
5.15333 0.959383
5.16667 0.902505
5.18 0.655708
5.19333 0.891822
5.20667 0.767001
5.22 1.11466
5.23333 0.909877
5.24667 1.16821
5.26 1.12168
5.27333 1.2833
5.28667 1.57518
5.3 0.945937
5.31333 1.16706
5.32667 1.12315
5.34 0.703075
5.35333 1.04291
5.36667 1.23513
5.38 1.16913
5.39333 0.851314
5.40667 0.980079
5.42 0.746849
5.43333 0.972406
5.44667 1.19271
5.46 1.07899
5.47333 0.729326
5.48667 1.0012
5.5 1.11298
5.51333 1.24006
5.52667 1.12127
5.54 0.995582
5.55333 0.893463
5.56667 0.777065
5.58 1.52756
5.59333 0.880517
5.60667 0.785832
5.62 1.00633
5.63333 1.16079
5.64667 1.00821
5.66 1.19818
5.67333 1.14862
5.68667 1.14382
5.7 0.704905
5.71333 0.951917
5.72667 0.907569
5.74 1.2053
5.75333 0.880735
5.76667 1.18777
5.78 0.861112
5.79333 1.07541
5.80667 0.822452
5.82 1.05552
5.83333 1.19564
5.84667 1.02098
5.86 0.971252
5.87333 1.0284
5.88667 0.757199
5.9 1.00944
5.91333 1.29896
5.92667 0.898158
5.94 1.12375
5.95333 0.82142
5.96667 0.943666
5.98 1.10437
5.99333 1.00052
6.00667 0.993505
6.02 1.26261
6.03333 1.01792
6.04667 0.833704
6.06 0.803555
6.07333 0.957678
6.08667 0.89195
6.1 1.06752
6.11333 0.935627
6.12667 0.929358
6.14 0.778535
6.15333 0.890071
6.16667 0.912781
6.18 1.06154
6.19333 0.989258
6.20667 1.03249
6.22 0.97313
6.23333 1.06372
6.24667 1.00811
6.26 0.914118
6.27333 1.21737
6.28667 0.889788
6.3 0.86683
6.31333 0.91493
6.32667 1.23552
6.34 1.09055
6.35333 0.812158
6.36667 0.772794
6.38 0.841365
6.39333 1.04873
6.40667 0.835332
6.42 0.954458
6.43333 1.04037
6.44667 0.646568
6.46 1.12393
6.47333 1.19966
6.48667 1.38778
6.5 1.28605
6.51333 0.948385
6.52667 0.984162
6.54 0.880859
6.55333 0.950201
6.56667 1.06207
6.58 0.960974
6.59333 0.810029
6.60667 1.36339
6.62 0.940679
6.63333 0.871375
6.64667 0.836047
6.66 1.03338
