0.105596 1.70569e-05
0.138087 0.000118171
0.203069 1.34082e-05
0.219315 0.000333702
0.284297 0.00112612
0.300542 0.00128961
0.316788 0.000419902
0.365525 0.0073391
0.398016 0.00363529
0.414261 0.00192888
0.430507 0.00520949
0.446752 0.0032302
0.511734 0.00592003
0.544226 0.00529901
0.576717 0.0171509
0.592962 0.0527096
0.609208 0.0483429
0.625453 0.0397781
0.641699 0.0576158
0.657944 0.0600453
0.67419 0.176371
0.706681 0.0949019
0.722926 0.116576
0.739172 0.0418335
0.771663 0.0540085
0.787909 0.20654
0.804154 0.212676
0.8204 0.531223
0.836645 0.567864
0.869136 2.24196
0.901627 0.800656
0.917873 2.71893
0.934118 1.67773
0.950364 1.38972
0.96661 0.882032
0.999101 0.724602
1.01535 0.766913
1.03159 1.00955
1.04784 0.990161
1.06408 0.442803
1.08033 1.2956
1.09657 0.90839
1.11282 1.73587
1.12906 1.82449
1.14531 5.19563
1.16156 6.33798
1.1778 5.04323
1.19405 0.893955
1.22654 1.23577
1.24278 0.48578
1.25903 0.819064
1.27527 1.78768
1.29152 0.862117
1.30777 0.691324
1.32401 0.552141
1.34026 0.768556
1.3565 0.82709
1.37275 0.660529
1.38899 0.966561
1.40524 0.736421
1.42148 0.598314
1.43773 0.688317
1.45398 0.518066
1.47022 1.42431
1.48647 0.471569
1.50271 0.462164
1.51896 0.440118
1.5352 1.1069
1.55145 0.37333
1.58394 0.51012
1.60019 0.591472
1.63268 0.677226
1.64892 0.65431
1.66517 0.435304
1.68141 1.20961
1.69766 0.578633
1.73015 0.970547
1.7464 0.715935
1.77889 0.67025
1.79513 0.592734
1.81138 1.02914
1.82762 0.738998
1.84387 0.366017
1.86011 0.808215
1.87636 0.797601
1.89261 0.734564
1.90885 1.34549
1.9251 1.28134
1.94134 1.20218
1.95759 1.1886
1.97383 0.85943
1.99008 1.41218
2.00632 1.33051
2.02257 1.05816
2.03882 1.92097
2.05506 0.752392
2.07131 0.77971
2.08755 0.994572
2.12004 0.773626
2.13629 1.21826
2.15253 1.03933
2.16878 1.91928
2.18502 1.32958
2.20127 1.51364
2.21752 1.851
2.23376 1.73351
2.25001 1.31059
2.26625 0.971268
2.2825 1.1273
2.29874 0.603938
2.31499 1.18264
2.33123 0.935257
2.34748 0.593162
2.36373 1.16337
2.37997 0.869485
2.39622 0.982436
2.41246 0.894479
2.42871 0.549709
2.44495 0.855798
2.4612 1.45648
2.47744 0.810521
2.49369 1.40719
2.50994 0.717132
2.52618 0.959049
2.54243 1.22052
2.55867 0.321544
2.57492 0.972326
2.59116 0.874444
2.60741 0.652092
2.62365 1.14428
2.6399 0.719827
2.65615 0.852114
2.67239 0.962207
2.68864 0.977795
2.70488 1.37369
2.72113 0.864638
2.73737 0.887939
2.75362 0.71828
2.76986 0.716767
2.78611 0.870547
2.80236 1.20927
2.8186 1.28617
2.83485 1.39748
2.85109 0.768076
2.86734 1.21302
2.88358 0.760579
2.89983 0.793161
2.91607 1.33674
2.93232 0.906671
2.94857 0.835303
2.96481 0.649184
2.98106 0.963095
2.9973 0.56578
3.01355 0.773464
3.02979 1.28415
3.04604 1.21929
3.06228 1.27655
3.07853 1.03576
3.09478 0.735566
3.11102 0.945927
3.12727 1.40845
3.14351 0.582949
3.15976 0.898434
3.176 0.50436
3.19225 0.970499
3.20849 0.872834
3.22474 0.626678
3.24098 1.22254
3.25723 0.973175
3.27348 1.16971
3.28972 1.78106
3.30597 0.978402
3.32221 1.0981
3.33846 0.642138
3.3547 1.5121
3.37095 1.2161
3.38719 0.958938
3.40344 0.614574
3.41969 0.878409
3.43593 1.18387
3.45218 1.53426
3.46842 1.17607
3.48467 0.736047
3.50091 0.990833
3.51716 1.18371
3.5334 2.04527
3.54965 0.714289
3.5659 0.945871
3.58214 1.17304
3.59839 1.33641
3.61463 1.74599
3.63088 0.998496
3.64712 1.12093
3.66337 0.874903
3.67961 0.754547
3.69586 1.45382
3.71211 1.14947
3.72835 0.873907
3.7446 0.523281
3.76084 1.11944
3.77709 0.899106
3.79333 0.961995
3.80958 0.954938
3.82582 1.10177
3.84207 0.734571
3.85832 0.954594
3.87456 0.917589
3.89081 0.588791
3.90705 0.955598
3.9233 0.580501
3.93954 1.07458
3.95579 0.887684
3.97203 0.761464
3.98828 0.778069
4.00453 1.05099
4.02077 1.10071
4.03702 0.899214
4.05326 1.04001
4.06951 0.624631
4.08575 0.750116
4.102 1.18589
4.11824 1.01989
4.13449 1.06971
4.15074 0.613122
4.16698 1.08619
4.18323 1.08681
4.19947 1.24701
4.21572 0.842117
4.23196 1.32988
4.24821 0.85726
4.26445 1.0281
4.2807 1.1008
4.29694 0.695617
4.31319 1.15082
4.32944 1.34077
4.34568 1.02424
4.36193 0.83917
4.37817 0.817563
4.39442 1.49709
4.41066 0.873931
4.42691 1.0164
4.44315 0.652662
4.4594 0.933479
4.47565 1.12629
4.49189 1.33347
4.50814 1.03015
4.52438 0.784693
4.54063 1.37051
4.55687 1.3378
4.57312 1.29299
4.58936 1.18463
4.60561 1.44646
4.62186 1.18668
4.6381 0.694694
4.65435 1.01645
4.67059 1.14473
4.68684 0.994038
4.70308 1.06273
4.71933 0.994501
4.73557 0.897431
4.75182 1.04393
4.76807 0.793296
4.78431 1.02596
4.80056 0.658211
4.8168 1.10674
4.83305 0.978594
4.84929 0.66
4.86554 0.757745
4.88178 0.861657
4.89803 1.36482
4.91428 0.746057
4.93052 0.547557
4.94677 1.28234
4.96301 0.896305
4.97926 0.963641
4.9955 1.05707
5.01175 0.751505
5.02799 0.9223
5.04424 0.962698
5.06049 1.12918
5.07673 0.696514
5.09298 1.14061
5.10922 0.88686
5.12547 0.975949
5.14171 0.836556
5.15796 1.20217
5.1742 1.07479
5.19045 1.07914
5.2067 0.736128
5.22294 1.01719
5.23919 1.01603
5.25543 1.16005
5.27168 1.1628
5.28792 0.866325
5.30417 0.678794
5.32041 0.930609
5.33666 1.03517
5.3529 1.17447
5.36915 0.787048
5.3854 1.06702
5.40164 1.23046
5.41789 1.09442
5.43413 1.03579
5.45038 0.992095
5.46662 1.22188
5.48287 0.998252
5.49911 1.05433
5.51536 0.962762
5.53161 0.965388
5.54785 1.10986
5.5641 0.765005
5.58034 0.728504
5.59659 0.970745
5.61283 0.832632
5.62908 0.886745
5.64532 1.16976
5.66157 0.934073
5.67782 1.25847
5.69406 1.25894
5.71031 0.833251
5.72655 1.06167
5.7428 0.984284
5.75904 0.993498
5.77529 1.0929
5.79153 1.01021
5.80778 0.955666
5.82403 1.00536
5.84027 1.33563
5.85652 1.14269
5.87276 0.704825
5.88901 0.822066
5.90525 0.951292
5.9215 1.07735
5.93774 1.14311
5.95399 1.10566
5.97024 0.960664
5.98648 0.881129
6.00273 1.25711
6.01897 0.661365
6.03522 1.06144
6.05146 1.10653
6.06771 1.21207
6.08395 0.771036
6.1002 1.19302
6.11645 0.863134
6.13269 0.692472
6.14894 1.32001
6.16518 0.874404
6.18143 1.38479
6.19767 1.17037
6.21392 1.18519
6.23016 0.837912
6.24641 0.810888
6.26266 0.752655
6.2789 1.08482
6.29515 1.14084
6.31139 0.910971
6.32764 0.948692
6.34388 0.646189
6.36013 0.798103
6.37637 0.749699
6.39262 0.911194
6.40886 0.953699
6.42511 0.835367
6.44136 0.631421
6.4576 0.807333
6.47385 0.88732
6.49009 0.981788
6.50634 1.00038
6.52258 1.11837
6.53883 0.99209
6.55507 0.984056
6.57132 0.778382
6.58757 1.15879
6.60381 1.20785
6.62006 0.959937
6.6363 0.943527
6.65255 1.13824
6.66879 1.3664
6.68504 0.953737
6.70128 1.10821
6.71753 0.822223
6.73378 0.910061
6.75002 1.22914
6.76627 1.09813
6.78251 0.843283
6.79876 1.16594
6.815 1.26734
6.83125 0.947075
6.84749 1.03139
6.86374 1.2844
6.87999 1.35805
6.89623 1.18913
6.91248 0.863891
6.92872 1.10893
6.94497 1.28162
6.96121 0.867468
6.97746 0.869557
6.9937 1.34044
7.00995 0.97958
7.0262 1.20222
7.04244 0.833966
7.05869 0.829388
7.07493 1.22063
7.09118 0.61913
7.10742 1.03233
7.12367 0.852533
7.13991 0.898726
7.15616 0.81403
7.17241 0.920709
7.18865 0.89844
7.2049 1.1785
7.22114 0.928345
7.23739 1.09548
7.25363 1.10116
7.26988 1.17633
7.28612 0.744497
7.30237 0.592011
7.31862 1.01969
7.33486 0.897448
7.35111 0.921303
7.36735 1.10223
7.3836 0.806422
7.39984 1.16157
7.41609 0.748212
7.43233 1.09982
7.44858 0.931803
7.46483 0.74857
7.48107 0.821946
7.49732 1.48234
7.51356 1.05767
7.52981 0.938155
7.54605 0.705016
7.5623 0.939036
7.57854 1.49434
7.59479 1.08319
7.61103 1.0531
7.62728 0.806242
7.64353 1.10532
7.65977 0.957966
7.67602 1.45014
7.69226 0.88674
7.70851 1.04485
7.72475 0.852728
7.741 0.836931
7.75724 0.943955
7.77349 0.951602
7.78974 1.2197
7.80598 1.05941
7.82223 1.0989
7.83847 1.17207
7.85472 0.631668
7.87096 0.899999
7.88721 1.08662
7.90345 0.980484
7.9197 1.1822
7.93595 0.937646
7.95219 0.841758
7.96844 0.841233
7.98468 0.758669
8.00093 0.933845
8.01717 0.952953
8.03342 1.23058
8.04966 0.888106
8.06591 1.32211
8.08216 1.10544
8.0984 1.05495
8.11465 0.814939
