0.0600444 8.02989e-05
0.0785196 7.65294e-05
0.11547 0.000173052
0.124708 0.000422157
0.161658 0.00154864
0.170896 0.00381397
0.180133 0.00215896
0.207846 0.0134293
0.226321 0.00496599
0.235559 0.00564041
0.244797 0.00289828
0.254034 0.0011668
0.290985 0.0142658
0.30946 0.0104088
0.327935 0.0230495
0.337173 0.0328078
0.34641 0.0845449
0.355648 0.0576047
0.364885 0.0353039
0.374123 0.0180415
0.383361 0.017428
0.401836 0.0272399
0.411073 0.0412713
0.420311 0.0263706
0.438786 0.0277865
0.448024 0.0839974
0.457261 0.0466231
0.466499 0.0852523
0.475737 0.0460116
0.494212 0.118289
0.512687 0.0854503
0.521925 0.122876
0.531162 0.0920616
0.5404 0.0725489
0.549637 0.0918473
0.568113 0.0338774
0.57735 0.187074
0.586588 0.0947402
0.595825 0.198025
0.605063 0.294209
0.614301 0.133506
0.623538 0.156379
0.632776 0.360441
0.642013 0.181303
0.651251 0.122517
0.660489 0.161378
0.669726 0.0987984
0.678964 0.144351
0.697439 0.227492
0.706677 0.253747
0.715914 0.30907
0.725152 0.486042
0.73439 0.465518
0.743627 0.339906
0.752865 0.389616
0.762102 0.166915
0.77134 0.352159
0.780578 0.456186
0.789815 0.434143
0.799053 0.378394
0.80829 0.33052
0.817528 0.425457
0.826766 0.227597
0.836003 0.348266
0.845241 0.541328
0.854478 0.400492
0.863716 0.274185
0.872954 0.537397
0.882191 1.00127
0.900666 0.828776
0.909904 0.565489
0.928379 1.49489
0.937617 1.36424
0.946854 1.80762
0.956092 1.80574
0.96533 1.11385
0.983805 1.40012
0.993042 0.999056
1.01152 0.947071
1.02076 1.51876
1.02999 1.65872
1.03923 1.40877
1.04847 1.9373
1.05771 1.65172
1.06694 1.31372
1.07618 1.76658
1.08542 1.91209
1.09466 2.18327
1.10389 3.20256
1.11313 1.49884
1.12237 2.85364
1.13161 1.11885
1.14084 1.68554
1.15008 1.21185
1.15932 2.34962
1.16856 2.41119
1.17779 0.829062
1.18703 2.6485
1.20551 1.08118
1.21474 1.95117
1.22398 2.68473
1.23322 1.09904
1.24246 1.50275
1.2517 1.14025
1.26093 0.509401
1.27017 1.27057
1.27941 1.54932
1.28865 1.36995
1.29788 1.05333
1.30712 1.17086
1.31636 1.44002
1.3256 1.41035
1.33483 0.834152
1.34407 1.47969
1.35331 1.2848
1.36255 1.28285
1.37178 0.751519
1.38102 0.498945
1.39026 0.86033
1.3995 0.927693
1.40873 1.19453
1.41797 0.691305
1.42721 1.09616
1.43645 0.789184
1.44569 0.659862
1.45492 1.09887
1.46416 0.475491
1.4734 0.771612
1.48264 0.699212
1.49187 0.0926899
1.50111 0.65862
1.51035 0.847415
1.51959 0.839974
1.52882 0.444872
1.53806 0.424194
1.5473 0.655144
1.55654 0.727455
1.56577 0.869394
1.57501 0.671335
1.58425 0.518398
1.59349 1.13005
1.60272 0.643249
1.61196 0.816641
1.6212 0.915019
1.63044 0.522021
1.63967 0.753097
1.64891 0.452408
1.65815 0.699677
1.66739 0.494894
1.67663 0.441947
1.68586 0.86898
1.6951 0.695129
1.70434 0.645874
1.71358 0.516623
1.72281 0.620305
1.73205 0.789897
1.74129 0.4789
1.75053 0.503771
1.75976 0.698606
1.769 0.622966
1.77824 0.645309
1.78748 0.408074
1.79671 0.871315
1.80595 0.79729
1.81519 0.795527
1.82443 0.441239
1.83366 0.64855
1.8429 0.862991
1.85214 0.607028
1.86138 0.697839
1.87061 0.733876
1.87985 0.847428
1.88909 0.797193
1.89833 0.425902
1.90757 0.606101
1.9168 0.794611
1.92604 0.808241
1.93528 0.686903
1.94452 0.850795
1.95375 1.26771
1.96299 0.676631
1.97223 0.731411
1.98147 0.671538
1.9907 0.795394
1.99994 1.03303
2.00918 1.17989
2.01842 1.35025
2.02765 0.774849
2.03689 0.980541
2.04613 1.12918
2.05537 0.71991
2.0646 0.976203
2.07384 0.917317
2.08308 1.20073
2.09232 0.951091
2.10155 1.11951
2.11079 1.16493
2.12003 0.940851
2.12927 0.875181
2.13851 1.18901
2.14774 1.07336
2.15698 0.798326
2.16622 0.833927
2.17546 1.31903
2.18469 1.149
2.19393 1.59997
2.20317 1.07753
2.21241 1.50605
2.22164 1.16294
2.23088 1.99569
2.24012 2.01379
2.24936 1.35482
2.25859 1.29799
2.26783 1.57855
2.27707 2.35706
2.28631 1.78957
2.29554 1.02294
2.30478 0.772058
2.31402 1.07811
2.32326 1.50272
2.3325 1.70187
2.34173 1.00682
2.35097 3.07965
2.36021 2.30108
2.36945 1.15405
2.37868 1.56189
2.38792 1.35287
2.39716 1.60121
2.4064 1.27059
2.41563 1.42507
2.42487 0.940215
2.43411 1.01409
2.44335 0.90021
2.45258 1.40267
2.46182 1.44962
2.47106 0.702732
2.4803 1.41066
2.48953 1.01348
2.49877 1.10788
2.50801 1.09339
2.51725 1.30433
2.52648 1.43004
2.53572 0.903133
2.54496 1.266
2.5542 1.06976
2.56344 0.988343
2.57267 0.949325
2.58191 0.842108
2.59115 1.03977
2.60039 0.743236
2.60962 0.654874
2.61886 0.667439
2.6281 1.43074
2.63734 0.620447
2.64657 0.529784
2.65581 1.01067
2.66505 0.712451
2.67429 0.790575
2.68352 0.666044
2.69276 0.912361
2.702 0.78885
2.71124 0.815053
2.72047 0.618194
2.72971 0.93123
2.73895 0.836739
2.74819 0.915506
2.75742 0.527097
2.76666 0.552056
2.7759 0.729373
2.78514 0.563569
2.79438 0.674271
2.80361 0.568102
2.81285 0.416708
2.82209 0.643982
2.83133 0.866716
2.84056 0.729653
2.8498 0.557067
2.85904 0.627488
2.86828 0.616558
2.87751 1.0431
2.88675 0.780623
2.89599 0.84414
2.90523 0.716464
2.91446 0.52381
2.9237 0.627499
2.93294 0.802082
2.94218 0.899636
2.95141 0.799881
2.96065 0.658953
2.96989 0.675134
2.97913 0.972953
2.98836 1.46694
2.9976 0.841857
3.00684 0.75236
3.01608 0.802429
3.02532 0.622146
3.03455 0.6247
3.04379 0.811049
3.05303 0.625856
3.06227 0.458708
3.0715 0.846432
3.08074 0.75037
3.08998 0.465148
3.09922 1.29009
3.10845 1.04932
3.11769 0.895562
3.12693 1.21734
3.13617 0.747148
3.1454 1.38916
3.15464 0.90808
3.16388 1.24855
3.17312 0.849198
3.18235 1.09917
3.19159 1.06652
3.20083 0.957141
3.21007 0.837903
3.21931 1.20795
3.22854 0.98022
3.23778 1.01423
3.24702 1.59873
3.25626 1.21043
3.26549 1.65603
3.27473 0.907778
3.28397 1.19815
3.29321 1.19917
3.30244 1.31612
3.31168 0.950425
3.32092 1.62349
3.33016 0.903738
3.33939 1.22438
3.34863 1.36549
3.35787 1.72123
3.36711 1.36043
3.37634 1.30557
3.38558 1.521
3.39482 1.94721
3.40406 1.49152
3.41329 1.22735
3.42253 1.2728
3.43177 1.05478
3.44101 1.353
3.45025 0.934831
3.45948 1.73182
3.46872 1.2016
3.47796 1.1633
3.4872 1.51904
3.49643 1.45729
3.50567 1.57358
3.51491 1.332
3.52415 1.14476
3.53338 1.2738
3.54262 1.04113
3.55186 0.581506
3.5611 1.29562
3.57033 1.55752
3.57957 1.24697
3.58881 1.03707
3.59805 1.28025
3.60728 1.22361
3.61652 1.13474
3.62576 1.25936
3.635 0.923719
3.64423 0.948777
3.65347 0.848605
3.66271 0.920897
3.67195 0.967288
3.68119 1.17263
3.69042 1.03258
3.69966 0.806118
3.7089 1.20238
3.71814 0.792887
3.72737 0.940118
3.73661 0.800692
3.74585 0.920281
3.75509 0.826225
3.76432 0.893705
3.77356 1.03602
3.7828 0.970585
3.79204 0.8628
3.80127 0.750749
3.81051 0.803921
3.81975 0.594747
3.82899 0.675861
3.83822 0.84912
3.84746 0.805844
3.8567 0.594313
3.86594 0.7194
3.87518 0.651883
3.88441 0.772686
3.89365 0.876024
3.90289 0.799968
3.91213 0.66471
3.92136 0.693398
3.9306 0.549055
3.93984 0.728239
3.94908 0.760025
3.95831 0.827507
3.96755 0.605249
3.97679 0.548268
3.98603 0.807102
3.99526 0.474298
4.0045 0.773094
4.01374 0.703227
4.02298 0.632979
4.03221 0.833921
4.04145 0.606338
4.05069 0.662226
4.05993 0.936827
4.06916 1.17604
4.0784 0.715187
4.08764 0.839659
4.09688 0.777475
4.10612 0.872029
4.11535 1.07833
4.12459 0.938786
4.13383 0.671291
4.14307 0.883132
4.1523 0.677045
4.16154 0.790387
4.17078 0.876448
4.18002 0.830193
4.18925 1.02323
4.19849 1.2928
4.20773 1.2935
4.21697 0.866368
4.2262 0.937535
4.23544 0.865733
4.24468 0.99694
4.25392 1.1486
4.26315 1.18719
4.27239 0.717186
4.28163 1.4671
4.29087 1.18075
4.3001 0.901482
4.30934 1.04887
4.31858 0.848141
4.32782 0.89129
4.33706 1.35922
4.34629 1.49178
4.35553 1.40155
4.36477 1.53292
4.37401 0.9444
4.38324 1.37555
4.39248 1.31077
4.40172 0.817936
4.41096 0.999851
4.42019 0.919091
4.42943 0.916062
4.43867 1.55368
4.44791 1.17107
4.45714 0.850969
4.46638 1.33351
4.47562 1.26704
4.48486 0.960197
4.49409 1.45735
4.50333 1.53556
4.51257 1.28088
4.52181 1.39993
4.53104 1.51696
4.54028 1.078
4.54952 1.2333
4.55876 0.856169
4.568 1.36743
4.57723 1.52965
4.58647 1.32792
4.59571 1.23759
4.60495 1.1924
4.61418 1.29087
