0.0431094 0.275508
0.0563738 0.0949919
0.0829027 0.182127
0.0895349 0.0391539
0.116064 0.0079448
0.122696 0.267096
0.129328 0.0726348
0.149225 0.0756303
0.162489 0.230521
0.169121 0.101042
0.175754 0.0226776
0.182386 0.031503
0.208915 0.100977
0.222179 0.0553695
0.235444 0.0190948
0.242076 0.0902119
0.248708 0.10776
0.25534 0.0695946
0.261972 0.0837455
0.268605 0.043053
0.275237 0.069845
0.288501 0.160464
0.295133 0.0561213
0.301766 0.0624059
0.31503 0.0392622
0.321662 0.0508555
0.328295 0.276813
0.334927 0.038908
0.341559 0.0767203
0.354823 0.0475047
0.368088 0.0853312
0.37472 0.258079
0.381352 0.102642
0.387984 0.0321448
0.394617 0.0524379
0.407881 0.0478099
0.414513 0.152735
0.421146 0.0270481
0.427778 0.028765
0.43441 0.0372431
0.441042 0.0574362
0.447674 0.0551774
0.454307 0.372108
0.460939 0.0721398
0.467571 0.0787956
0.474203 0.0538988
0.480835 0.158615
0.487468 0.0794698
0.500732 0.137217
0.507364 0.110467
0.513997 0.113031
0.520629 0.219759
0.527261 0.133527
0.533893 0.171793
0.540525 0.310461
0.547158 0.153955
0.55379 0.141433
0.560422 0.123698
0.567054 0.188298
0.573686 0.0556535
0.580319 0.201621
0.586951 0.355353
0.593583 0.0805135
0.600215 0.0904361
0.606848 0.616538
0.61348 0.193305
0.620112 0.216083
0.626744 0.571703
0.633376 0.771119
0.646641 0.674446
0.653273 0.773759
0.666537 1.03397
0.67317 0.662172
0.679802 1.07514
0.686434 1.34493
0.693066 0.98467
0.706331 0.754543
0.712963 0.596861
0.726227 0.516575
0.73286 1.01682
0.739492 1.08077
0.746124 1.10665
0.752756 1.85123
0.759388 0.810452
0.766021 0.666921
0.772653 0.75989
0.779285 1.45085
0.785917 1.27156
0.792549 1.28844
0.799182 0.918992
0.805814 0.995459
0.812446 0.383184
0.819078 1.26724
0.825711 1.04391
0.832343 0.770318
0.838975 0.983126
0.845607 0.495983
0.852239 0.95814
0.865504 0.735399
0.872136 0.964619
0.878768 0.659393
0.8854 0.846882
0.892033 0.562339
0.898665 0.343322
0.905297 0.447299
0.911929 0.523658
0.918562 0.360328
0.925194 0.197271
0.931826 0.223274
0.938458 0.318958
0.94509 0.45353
0.951723 0.431448
0.958355 0.169457
0.964987 0.479135
0.971619 0.438898
0.978251 0.532334
0.984884 0.343813
0.991516 0.346653
0.998148 0.511686
1.00478 0.44525
1.01141 0.424274
1.01804 0.436422
1.02468 0.65488
1.03131 0.480981
1.03794 0.421667
1.04457 0.442138
1.05121 0.775234
1.05784 0.425729
1.06447 0.617739
1.0711 0.320586
1.07773 0.686052
1.08437 1.14494
1.091 0.453506
1.09763 0.875534
1.10426 0.499561
1.1109 1.16172
1.11753 0.767042
1.12416 0.590451
1.13079 1.29151
1.13742 0.596909
1.14406 0.786004
1.15069 1.21386
1.15732 0.618221
1.16395 1.19224
1.17059 1.05952
1.17722 1.30687
1.18385 0.831691
1.19048 0.784709
1.19711 0.974221
1.20375 1.62257
1.21038 1.19968
1.21701 1.24437
1.22364 1.58779
1.23028 1.54526
1.23691 1.21373
1.24354 1.85407
1.25017 1.29294
1.2568 1.97908
1.26344 1.6251
1.27007 2.03446
1.2767 1.22328
1.28333 1.55892
1.28997 1.4283
1.2966 2.02362
1.30323 1.89887
1.30986 1.61019
1.31649 1.96117
1.32313 1.75001
1.32976 1.54781
1.33639 2.18137
1.34302 2.28269
1.34966 2.0423
1.35629 2.43769
1.36292 1.26292
1.36955 1.13298
1.37618 2.08505
1.38282 1.27936
1.38945 2.41868
1.39608 2.96488
1.40271 1.72075
1.40935 1.73879
1.41598 1.40974
1.42261 2.06571
1.42924 1.64847
1.43587 1.48411
1.44251 0.798893
1.44914 1.73385
1.45577 1.42891
1.4624 1.25452
1.46904 2.05238
1.47567 1.51825
1.4823 1.63014
1.48893 0.860326
1.49556 1.24239
1.5022 1.20464
1.50883 1.29887
1.51546 1.52982
1.52209 1.09368
1.52873 1.33049
1.53536 0.906887
1.54199 1.19988
1.54862 1.01697
1.55525 1.31841
1.56189 1.1075
1.56852 0.367107
1.57515 1.71929
1.58178 1.09115
1.58842 1.52886
1.59505 0.877558
1.60168 0.888975
1.60831 1.51882
1.61494 1.17442
1.62158 0.901385
1.62821 0.847689
1.63484 0.743936
1.64147 0.947903
1.64811 0.729769
1.65474 0.941924
1.66137 0.338069
1.668 0.911778
1.67463 1.32988
1.68127 0.827234
1.6879 0.788856
1.69453 0.503135
1.70116 0.619563
1.70779 0.735815
1.71443 0.962769
1.72106 0.648401
1.72769 0.441378
1.73432 0.388993
1.74096 0.33327
1.74759 0.615915
1.75422 0.846343
1.76085 0.582719
1.76748 1.0667
1.77412 0.64579
1.78075 0.535397
1.78738 0.5532
1.79401 0.338424
1.80065 0.675754
1.80728 0.607954
1.81391 0.381131
1.82054 0.61267
1.82717 0.758979
1.83381 0.552667
1.84044 0.650987
1.84707 0.599262
1.8537 0.821359
1.86034 0.721659
1.86697 0.838266
1.8736 0.450947
1.88023 0.892163
1.88686 0.425926
1.8935 0.723849
1.90013 0.530981
1.90676 0.678682
1.91339 0.61165
1.92003 0.591625
1.92666 0.570529
1.93329 1.08605
1.93992 0.843161
1.94655 0.652802
1.95319 0.924723
1.95982 1.00831
1.96645 0.848153
1.97308 0.760341
1.97972 0.834472
1.98635 0.766136
1.99298 0.789648
1.99961 0.891515
2.00624 0.925054
2.01288 0.726164
2.01951 0.764817
2.02614 0.902155
2.03277 0.864219
2.03941 0.956387
2.04604 0.930486
2.05267 0.991297
2.0593 0.757526
2.06593 0.635286
2.07257 0.505942
2.0792 0.975574
2.08583 0.936441
2.09246 0.900612
2.0991 0.94575
2.10573 0.636803
2.11236 0.826456
2.11899 0.723338
2.12562 0.909909
2.13226 0.988722
2.13889 1.08513
2.14552 1.49991
2.15215 0.754928
2.15879 0.787046
2.16542 0.785312
2.17205 1.04789
2.17868 0.977422
2.18531 0.740527
2.19195 0.789382
2.19858 1.359
2.20521 1.06812
2.21184 0.805405
2.21848 1.15421
2.22511 0.81781
2.23174 0.802566
2.23837 0.794956
2.245 1.26328
2.25164 1.39056
2.25827 0.883811
2.2649 1.06593
2.27153 1.29718
2.27817 1.05469
2.2848 0.766781
2.29143 1.47449
2.29806 1.11993
2.30469 1.28442
2.31133 0.699565
2.31796 1.09671
2.32459 1.2634
2.33122 1.14552
2.33786 0.698645
2.34449 1.0216
2.35112 0.91914
2.35775 0.915658
2.36438 1.01988
2.37102 1.02836
2.37765 0.977007
2.38428 1.38979
2.39091 1.07556
2.39755 1.0831
2.40418 1.15575
2.41081 1.00765
2.41744 1.20157
2.42407 1.32067
2.43071 0.939295
2.43734 1.13086
2.44397 1.15169
2.4506 0.968995
2.45724 1.18215
2.46387 1.44859
2.4705 1.21537
2.47713 0.855693
2.48376 0.937476
2.4904 1.11363
2.49703 1.29862
2.50366 1.43141
2.51029 1.397
2.51692 1.37595
2.52356 0.812794
2.53019 1.14719
2.53682 1.00349
2.54345 1.05635
2.55009 1.1807
2.55672 1.00768
2.56335 0.992868
2.56998 1.11775
2.57661 1.18428
2.58325 1.32625
2.58988 1.24293
2.59651 1.36944
2.60314 1.05876
2.60978 1.01645
2.61641 1.35459
2.62304 1.03586
2.62967 1.12596
2.6363 1.0116
2.64294 0.734045
2.64957 1.21236
2.6562 1.31089
2.66283 0.983087
2.66947 0.950806
2.6761 1.0627
2.68273 1.23061
2.68936 1.16267
2.69599 1.30234
2.70263 1.04659
2.70926 1.26736
2.71589 1.24516
2.72252 1.26438
2.72916 1.12208
2.73579 1.02274
2.74242 1.06314
2.74905 1.1805
2.75568 1.32751
2.76232 0.83335
2.76895 1.03715
2.77558 1.05221
2.78221 1.06032
2.78885 1.04401
2.79548 1.03143
2.80211 0.85394
2.80874 0.902862
2.81537 0.687923
2.82201 1.04752
2.82864 1.06327
2.83527 1.18122
2.8419 0.90997
2.84854 0.97031
2.85517 0.879391
2.8618 0.88875
2.86843 0.971045
2.87506 1.01262
2.8817 0.848266
2.88833 0.955086
2.89496 1.09159
2.90159 1.1483
2.90823 1.00221
2.91486 0.876085
2.92149 1.16399
2.92812 0.71314
2.93475 0.827262
2.94139 0.950204
2.94802 1.15628
2.95465 1.04067
2.96128 1.12908
2.96792 0.84793
2.97455 0.947718
2.98118 1.3696
2.98781 1.14319
2.99444 0.821464
3.00108 1.00484
3.00771 1.12089
3.01434 1.12294
3.02097 0.742902
3.02761 1.03407
3.03424 0.980073
3.04087 0.880961
3.0475 0.943642
3.05413 0.774635
3.06077 0.936661
3.0674 0.877047
3.07403 0.820213
3.08066 0.963075
3.0873 0.875429
3.09393 0.574305
3.10056 1.06801
3.10719 0.810011
3.11382 0.901766
3.12046 1.13261
3.12709 0.867173
3.13372 1.30533
3.14035 0.751819
3.14699 0.831184
3.15362 1.14813
3.16025 0.510346
3.16688 0.846938
3.17351 0.992709
3.18015 1.1709
3.18678 1.12632
3.19341 0.853197
3.20004 1.07254
3.20668 1.07753
3.21331 0.713512
3.21994 0.902618
3.22657 1.13904
3.2332 0.937864
3.23984 1.08429
3.24647 0.955085
3.2531 1.04921
3.25973 1.04599
3.26637 1.10225
3.273 0.427365
3.27963 0.968396
3.28626 0.881256
3.29289 0.893173
3.29953 0.727619
3.30616 1.23577
3.31279 1.32371
