0.0196648333333 0.39137
0.0454386666667 0.650235
0.0696501 0.621092
0.511404666667 0.0370774666667
0.219591333333 0.0284774
0.436018666667 0.989095
0.943563666667 0.04305294
0.0355244333333 0.35474
0.0921372 0.371175333333
0.0359883666667 0.231281666667
0.0215587733333 0.744843333333
0.00741217333333 0.696416
0.0124698733333 0.648775333333
0.0303296333333 0.438952333333
0.0522276 0.462688666667
0.0866726666667 0.446587333333
0.0766283333333 0.407841666667
0.0461892333333 0.402322333333
0.122339033333 0.646728
0.103190466667 0.621912333333
0.0398246333333 0.715852333333
0.0517771666667 0.683144
0.0462071 0.490814333333
0.0219289 0.562954333333
0.0319646 0.607702
0.553954666667 0.0312056666667
0.617017333333 0.0196329
0.683617333333 0.0219339333333
0.964991666667 0.071618
0.976382666667 0.13894
0.924996333333 0.108240666667
0.955705333333 0.0995516666667
0.953925 0.172544666667
0.890416666667 0.167576666667
0.922593 0.147475666667
0.880218333333 0.206583
0.457164333333 0.202961666667
0.490180333333 0.142765
0.504738 0.176428333333
0.486195666667 0.201030333333
0.404723 0.132759666667
0.771684 0.576750333333
0.773564666667 0.610746333333
0.170183333333 0.0494420666667
0.0850713333333 0.0521772333333
0.127094366667 0.0612996666667
0.124391366667 0.0869668666667
0.0464358333333 0.270829
0.0486083333333 0.316396666667
0.074782 0.327312666667
0.0583605666667 0.186503
0.158989666667 0.634305666667
0.180088666667 0.602817666667
0.0787858333333 0.506404333333
0.0697399666667 0.729445
0.110304033333 0.689008333333
0.0816925 0.696736666667
0.571402666667 0.0620227666667
0.517557666667 0.0975812
0.519408 0.12802
0.553648333333 0.0929493
0.555498666667 0.1233881
0.691926333333 0.216443
0.550771666667 0.192755666667
0.779638333333 0.00984340666667
0.733924 0.0166453
0.907725666667 0.0327774066667
0.535565333333 0.98341
0.568898333333 0.971598333333
0.713038 0.986112333333
0.284474333333 0.893642333333
0.311246666667 0.907558666667
0.130514333333 0.939400333333
0.898281 0.232662
0.867548333333 0.269719333333
0.789222 0.318833333333
0.821066333333 0.337817333333
0.638360666667 0.286805666667
0.671299666667 0.284045333333
0.723822333333 0.267158
0.697348666667 0.25404
0.430028333333 0.186713
0.404311666667 0.163740333333
0.410482666667 0.0471039
0.455423 0.0196889
0.438078 0.0702841
0.491002666667 0.0875497
0.481494666667 0.0624726333333
0.459943666667 0.118117833333
0.433646 0.110083833333
0.250544 0.117969
0.215152333333 0.101744366667
0.216228333333 0.0676596
0.377093 0.115652333333
0.335208 0.128348333333
0.965174666667 0.937277666667
0.97559 0.905707
0.944939 0.631971666667
0.930437333333 0.752542
0.946717333333 0.719707
0.921046666667 0.657586666667
0.925999 0.690133666667
0.0765282 0.1019725
0.0507077 0.154002666667
0.0762537 0.134742
0.0562141666667 0.0819184333333
0.0283355 0.198781333333
0.0216931 0.298292666667
0.185183333333 0.1130407
0.149789 0.104471033333
0.0758341666667 0.240412666667
0.0840395666667 0.200716666667
0.189048666667 0.734317
0.147410333333 0.703144333333
0.151950666667 0.733440666667
0.1120661 0.589147
0.0827989666667 0.534883
0.0785257333333 0.588326666667
0.0602559333333 0.564040666667
0.242167 0.553441666667
0.169888 0.564368333333
0.196364333333 0.539068
0.133720333333 0.556522333333
0.122723 0.526544333333
0.194903666667 0.506566
0.118709866667 0.498065666667
0.1205762 0.466374333333
0.649711333333 0.0351407666667
0.605620333333 0.0579271
0.621127333333 0.0927889666667
0.579171666667 0.179739333333
0.612748333333 0.1333771
0.583168666667 0.144057433333
0.640839333333 0.158339
0.652395666667 0.200489666667
0.558361333333 0.252637666667
0.569084666667 0.223591666667
0.580468666667 0.279661666667
0.619203666667 0.265629333333
0.625496333333 0.225589
0.597484666667 0.210575333333
0.890622666667 0.0888143666667
0.885035666667 0.0543031666667
0.837947666667 0.0381703333333
0.867058333333 0.147514333333
0.864861 0.107987033333
0.834979333333 0.1097257
0.829558666667 0.167449333333
0.810888666667 0.145389
0.252973333333 0.920034333333
0.300597 0.944371
0.337368666667 0.955409
0.241849666667 0.971189
0.265566666667 0.950443
0.322749666667 0.983522333333
0.383238333333 0.973814333333
0.368369333333 0.927705333333
0.343392333333 0.896507666667
0.0937705333333 0.986294
0.0947421666667 0.965590333333
0.151770333333 0.955743
0.145988833333 0.986191333333
0.115998166667 0.981933
0.202045333333 0.973629
0.185771666667 0.945487666667
0.835731 0.261813333333
0.847000666667 0.223639333333
0.819699333333 0.204568
0.951285 0.252586666667
0.928288333333 0.228501
0.975766 0.227777666667
0.952769333333 0.203692
0.851113 0.326863
0.875616 0.300379666667
0.816747666667 0.370560333333
0.794855333333 0.397226333333
0.75434 0.334015666667
0.720046 0.309517333333
0.689906333333 0.316941333333
0.764292 0.379665666667
0.659768333333 0.549921666667
0.710831666667 0.58115
0.689749666667 0.552605333333
0.7426 0.563726
0.738823 0.523781666667
0.708353 0.519064333333
0.866307666667 0.359131
0.90106 0.368446333333
0.841638333333 0.384180333333
0.859731 0.603146
0.763838333333 0.506052
0.767312 0.471733
0.536900333333 0.340603666667
0.122898 0.371714
0.317032333333 0.154092
0.273454 0.0337454666667
0.251085 0.0581921
0.923797333333 0.863132333333
0.936780333333 0.785418333333
0.962897 0.824461666667
0.954241666667 0.868066666667
0.909739333333 0.905320333333
0.882417 0.905415
0.929768333333 0.941825333333
0.887533666667 0.974855666667
0.875584666667 0.863196
0.904726333333 0.806087
0.900398666667 0.840196
0.976631 0.636295
0.973457 0.691483333333
0.983293666667 0.763361666667
0.993478333333 0.821701666667
0.981676 0.595843333333
0.989367 0.366825333333
0.987654 0.412026333333
0.541954 0.560264
0.181091 0.145478
0.120157533333 0.185648
0.120024533333 0.152173666667
0.145696666667 0.136908333333
0.387765666667 0.539484
0.200379 0.760562666667
0.648894333333 0.0946622
0.661739333333 0.134933333333
0.806045333333 0.0575235
0.812597 0.0897143333333
0.763560666667 0.0440292333333
0.527633333333 0.945930666667
0.533896 0.912123666667
0.504734333333 0.879879
0.494300333333 0.957742333333
0.558032 0.899674
0.5825 0.838877333333
0.551816666667 0.856859333333
0.519896666667 0.847260666667
0.757905666667 0.976471
0.737827666667 0.952883333333
0.849768666667 0.967409666667
0.864681 0.934474
0.807012 0.972378
0.77029 0.888376333333
0.834224333333 0.917586
0.771283333333 0.928645333333
0.802223666667 0.941742333333
0.594578 0.914631666667
0.69135 0.614440666667
0.699945 0.678815333333
0.744736333333 0.635268
0.711039 0.643560333333
0.891718333333 0.693695
0.857038333333 0.635796333333
0.886766 0.661148
0.0181938 0.903701
0.036327 0.953828
0.0672893 0.937382666667
0.02866054 0.810918
0.0398557333333 0.845779
0.0411814066667 0.785089666667
0.780827666667 0.283326
0.805357666667 0.267920666667
0.749722 0.256149
0.761718666667 0.218706666667
0.790339333333 0.225882666667
0.95298 0.346023333333
0.921230333333 0.34542
0.910981 0.309621333333
0.944359666667 0.288956
0.967127666667 0.309348
0.532325 0.488848333333
0.733360333333 0.398691333333
0.734540666667 0.442765333333
0.613085 0.319120333333
0.628634 0.351592
0.594957333333 0.372600333333
0.564113666667 0.339537333333
0.578016 0.312610666667
0.968726333333 0.380756666667
0.985036 0.468973
0.982955 0.542686333333
0.954770666667 0.571177333333
0.928950666667 0.596763666667
0.892504666667 0.593004666667
0.886326 0.551393333333
0.864619 0.438034666667
0.838225 0.419413333333
0.867445 0.471752
0.837513333333 0.487029
0.805967333333 0.428199666667
0.802429666667 0.462098
0.803764 0.555471666667
0.799695333333 0.524717666667
0.837687 0.573471333333
0.859495333333 0.542061333333
0.838252666667 0.515329666667
0.475077666667 0.457736666667
0.443278333333 0.511907666667
0.485977 0.486816666667
0.470829 0.512829666667
0.458999 0.434230333333
0.450078333333 0.358001333333
0.479995 0.358281
0.153639666667 0.454648333333
0.183818666667 0.476688
0.128277 0.333325
0.0987464666667 0.309452333333
0.319799333333 0.519430333333
0.252240666667 0.150519333333
0.282384 0.165939666667
0.380699666667 0.185464333333
0.347663 0.185876666667
0.406416333333 0.208437
0.325260333333 0.100737033333
0.290295 0.0950410333333
0.28976 0.0693489
0.312129 0.0449022666667
0.341984 0.0326983666667
0.369852666667 0.0571916666667
0.367145333333 0.0880410333333
0.759874 0.818000666667
0.743451666667 0.79407
0.20328 0.621993666667
0.231951 0.626444
0.182181 0.653481666667
0.182636666667 0.68004
0.20629 0.698836333333
0.304427333333 0.636405333333
0.329247 0.559160333333
0.358080666667 0.564980666667
0.366776666667 0.869580666667
0.357374666667 0.839736
0.445879 0.834700666667
0.426788 0.809599333333
0.391854 0.809303666667
0.326349 0.831789666667
0.292157 0.858929333333
0.268714333333 0.841569
0.381576333333 0.781252333333
0.217218333333 0.807678333333
0.187928333333 0.792194333333
0.686210333333 0.0493289
0.669886333333 0.0739884666667
0.733459666667 0.0559163333333
0.775386 0.142163666667
0.775396333333 0.107070633333
0.698656 0.134452666667
0.704015333333 0.0973619333333
0.738743666667 0.0867669
0.469310333333 0.891470333333
0.434869666667 0.868146
0.401650333333 0.882585666667
0.399713666667 0.920390333333
0.615764 0.781870666667
0.587740333333 0.797274
0.459271666667 0.786902
0.478362666667 0.812003333333
0.508996333333 0.816542666667
0.847860666667 0.850501333333
0.824236333333 0.875832333333
0.827303333333 0.817529333333
0.791242333333 0.859719666667
0.790385666667 0.824447666667
0.72198 0.930281333333
0.742142333333 0.887630666667
0.732583 0.852527
0.660481333333 0.975112666667
0.616882 0.966901
0.621106333333 0.940887333333
0.689501333333 0.942869333333
0.670013666667 0.924115333333
0.517409 0.672899333333
0.636919333333 0.582351666667
0.605502333333 0.574599
0.573672666667 0.588459
0.558659666667 0.613566666667
0.767082666667 0.655807666667
0.825595 0.690176666667
0.795911 0.631286
0.825260666667 0.64794
0.0776119 0.907005666667
0.118781766667 0.911330333333
0.121833433333 0.884641333333
0.0926084 0.85331
0.0683115333333 0.865529
0.0860708333333 0.756435666667
0.0757781333333 0.783089333333
0.126508 0.760592333333
0.100289633333 0.816311
0.151155333333 0.793100333333
0.135229666667 0.822165333333
0.637174666667 0.523801666667
0.604459333333 0.538190333333
0.561738 0.531394
0.561773333333 0.500770666667
0.581377666667 0.396821666667
0.545555333333 0.452779666667
0.512768333333 0.444169333333
0.496689666667 0.420663
0.53678 0.383107333333
0.507185666667 0.390519333333
0.703211333333 0.381766
0.676713333333 0.395965333333
0.686684333333 0.346920666667
0.660186333333 0.36112
0.676917 0.423443333333
0.694216333333 0.486300333333
0.704595333333 0.453318
0.971701 0.498627
0.910666333333 0.489991333333
0.949575666667 0.541906
0.917577 0.525881
0.419201666667 0.382816333333
0.520259666667 0.262683
0.499316333333 0.241782333333
0.513318333333 0.308464333333
0.486007333333 0.318729666667
0.470285 0.243713666667
0.142513666667 0.394688333333
0.154860666667 0.421169333333
0.165449 0.32005
0.390051333333 0.359938
0.355029666667 0.367368333333
0.337972 0.218298666667
0.819802666667 0.758043333333
0.837860333333 0.791400333333
0.876431333333 0.783649333333
0.890978666667 0.750804
0.872978 0.721530333333
0.840373 0.721018666667
0.756814333333 0.766223
0.792096666667 0.749878333333
0.725672333333 0.737630666667
0.731792 0.703571
0.794395 0.706570666667
0.765232333333 0.688855666667
0.286500666667 0.673002
0.256195333333 0.669702333333
0.238471333333 0.703039333333
0.307714333333 0.581806
0.300783333333 0.610332
0.265543333333 0.575144333333
0.258612333333 0.603670333333
0.157782 0.877863
0.163497 0.852386
0.223481666667 0.901673666667
0.194939333333 0.908034333333
0.23154 0.857921333333
0.208712666667 0.838805
0.745538666667 0.192837
0.748516 0.159669
0.711144666667 0.191427666667
0.714122 0.158259666667
0.469916 0.949793
0.455390666667 0.924072666667
0.433538666667 0.964273333333
0.419013333333 0.938553
0.629338333333 0.753932333333
0.678309333333 0.699824333333
0.668679 0.759812
0.691927 0.738139333333
0.561733 0.777890666667
0.530399666667 0.785922
0.554068666667 0.741104666667
0.522735333333 0.749136
0.677206 0.885777
0.705300333333 0.852237333333
0.703732333333 0.810639666667
0.644244333333 0.811391333333
0.673334666667 0.796503666667
0.653778333333 0.632227333333
0.632276 0.617651666667
0.651831666667 0.682356
0.629981666667 0.489976
0.657872 0.474905666667
0.597301666667 0.473741333333
0.647498666667 0.433631333333
0.602163 0.420846666667
0.579856333333 0.445886333333
0.928844333333 0.470182666667
0.957880333333 0.462793333333
0.952824666667 0.418636333333
0.916908 0.406929333333
0.899401666667 0.43459
0.43046 0.434197
0.410083333333 0.413206333333
0.391691 0.498216
0.417760666667 0.476917333333
0.190445 0.406157333333
0.243541 0.361857
0.178098 0.379676333333
0.224605333333 0.334153666667
0.195654333333 0.343427
0.229329333333 0.412485333333
0.255566333333 0.392558666667
0.285686666667 0.392126333333
0.197788 0.178216
0.230616 0.181811
0.431043 0.320743333333
0.401001666667 0.322529666667
0.452524 0.297053
0.443991 0.262286333333
0.407258333333 0.243258333333
0.371850666667 0.252707666667
0.284138 0.202674666667
0.309095333333 0.223249
0.254076333333 0.215269333333
0.237712 0.251700333333
0.343819333333 0.335351666667
0.375274333333 0.306524333333
0.361375 0.279420666667
0.433545333333 0.558471
0.404102333333 0.564748666667
0.374417333333 0.590245333333
0.50226 0.633381
0.474921666667 0.639212666667
0.517411666667 0.605708
0.451566666667 0.579729333333
0.444988333333 0.614945333333
0.48576 0.555667333333
0.510572333333 0.570446666667
0.389857666667 0.752433666667
0.321626666667 0.701128666667
0.341023666667 0.779494
0.320275666667 0.799599
0.349305 0.750675333333
0.320739333333 0.733963333333
0.285884 0.802974666667
0.257215333333 0.788200333333
0.247038333333 0.761216333333
0.267889333333 0.739173666667
0.641723333333 0.844786666667
0.647586 0.877726333333
0.608002666667 0.856869333333
0.613865333333 0.889809
0.575621 0.646325
0.606859666667 0.65316
0.549522 0.677984666667
0.570180666667 0.717929333333
0.615883666667 0.726109666667
0.626463666667 0.693
0.372123333333 0.434859
0.311820666667 0.457118666667
0.339185333333 0.491106333333
0.366430333333 0.477148333333
0.34622 0.411899333333
0.313162333333 0.420201
0.282673 0.462442
0.230944666667 0.497939
0.219859666667 0.468061
0.242832333333 0.447459666667
0.259614666667 0.518862333333
0.288370333333 0.503966666667
0.177239666667 0.285848
0.20508 0.258151
0.242518 0.311187666667
0.257989666667 0.279808333333
0.310271666667 0.327265666667
0.299311333333 0.263951666667
0.317712333333 0.285714333333
0.261453666667 0.338891
0.286032 0.35271
0.418986 0.736962666667
0.466982666667 0.681288666667
0.459153 0.757213
0.493101333333 0.700050333333
0.493526 0.734958333333
0.364859333333 0.623497333333
0.330634 0.646951666667
0.343867333333 0.685364
0.154002666667 0.268398666667
0.1051788 0.247920666667
0.112681466667 0.278728
0.137894 0.210618333333
0.173237 0.213728666667
0.181843 0.240701666667
0.437037666667 0.680888666667
0.413534333333 0.702782666667
0.378081 0.685777
0.420312666667 0.642538333333
0.38789 0.646852
