0.0600444 2.07804e-05
0.0785196 0.000210201
0.11547 0.000641443
0.124708 0.000953058
0.161658 0.00205846
0.170896 0.00322617
0.180133 0.00597449
0.207846 0.0124358
0.226321 0.00202568
0.235559 0.00928249
0.244797 0.00178593
0.254034 0.00528507
0.290985 0.0185831
0.30946 0.017456
0.327935 0.0258287
0.337173 0.0215896
0.34641 0.109435
0.355648 0.016204
0.364885 0.0833744
0.374123 0.0250383
0.383361 0.07225
0.401836 0.0128583
0.411073 0.0605055
0.420311 0.0255562
0.438786 0.0621993
0.448024 0.0352412
0.457261 0.04607
0.466499 0.0949257
0.475737 0.0869368
0.494212 0.225709
0.512687 0.0638124
0.521925 0.169937
0.531162 0.287741
0.5404 0.223562
0.549637 0.0605678
0.568113 0.102612
0.57735 0.131873
0.586588 0.144602
0.595825 0.0419399
0.605063 0.0963828
0.614301 0.135448
0.623538 0.14944
0.632776 0.104274
0.642013 0.215835
0.651251 0.233198
0.660489 0.108025
0.669726 0.342123
0.678964 0.0573967
0.697439 0.223332
0.706677 0.241085
0.715914 0.322761
0.725152 0.175108
0.73439 0.691817
0.743627 0.445939
0.752865 0.51633
0.762102 0.852685
0.77134 0.365229
0.780578 0.406148
0.789815 0.612534
0.799053 0.60624
0.80829 0.396715
0.817528 0.464496
0.826766 0.629709
0.836003 0.237257
0.845241 0.80697
0.854478 0.575545
0.863716 0.497501
0.872954 0.551133
0.882191 0.720904
0.900666 1.12567
0.909904 1.08702
0.928379 1.10811
0.937617 1.2532
0.946854 1.17772
0.956092 1.34696
0.96533 3.49666
0.983805 1.42182
0.993042 1.80006
1.01152 1.35572
1.02076 1.1733
1.02999 1.38442
1.03923 1.17497
1.04847 0.535108
1.05771 1.38827
1.06694 1.12073
1.07618 0.667203
1.08542 1.30099
1.09466 0.818994
1.10389 1.17182
1.11313 1.4934
1.12237 1.2938
1.13161 2.25262
1.14084 1.37724
1.15008 2.30627
1.15932 1.5847
1.16856 1.51361
1.17779 2.19161
1.18703 2.33978
1.20551 1.03328
1.21474 1.49949
1.22398 2.03536
1.23322 0.711891
1.24246 1.61684
1.2517 0.596221
1.26093 2.14762
1.27017 0.896538
1.27941 1.7572
1.28865 0.518897
1.29788 0.810423
1.30712 1.00721
1.31636 1.78173
1.3256 1.3316
1.33483 1.57189
1.34407 1.19005
1.35331 1.06178
1.36255 2.09643
1.37178 0.984737
1.38102 3.48489
1.39026 1.01884
1.3995 1.73467
1.40873 1.10728
1.41797 1.5506
1.42721 1.34897
1.43645 0.197799
1.44569 0.922456
1.45492 1.58369
1.46416 1.12829
1.4734 0.605917
1.48264 0.854343
1.49187 1.12728
1.50111 0.935873
1.51035 0.934991
1.51959 0.826759
1.52882 1.0087
1.53806 0.856359
1.5473 0.759154
1.55654 0.550672
1.56577 0.423332
1.57501 0.541168
1.58425 1.30229
1.59349 0.715574
1.60272 0.757881
1.61196 0.981977
1.6212 1.00484
1.63044 0.639613
1.63967 0.666391
1.64891 1.56397
1.65815 0.825084
1.66739 0.687729
1.67663 0.494282
1.68586 0.958306
1.6951 0.897678
1.70434 0.431971
1.71358 0.849811
1.72281 0.482819
1.73205 1.05973
1.74129 0.673274
1.75053 1.32084
1.75976 0.645821
1.769 0.783443
1.77824 0.539174
1.78748 0.566257
1.79671 0.921649
1.80595 1.0524
1.81519 0.536518
1.82443 0.720976
1.83366 0.605547
1.8429 0.722586
1.85214 0.588435
1.86138 0.632436
1.87061 0.517187
1.87985 0.709702
1.88909 0.760076
1.89833 0.816097
1.90757 0.536351
1.9168 0.774994
1.92604 0.715685
1.93528 0.735894
1.94452 0.789466
1.95375 0.792705
1.96299 0.794463
1.97223 1.0777
1.98147 1.00209
1.9907 0.660256
1.99994 0.843981
2.00918 0.37834
2.01842 1.34583
2.02765 0.60477
2.03689 0.749351
2.04613 0.919228
2.05537 0.844454
2.0646 0.970808
2.07384 0.920034
2.08308 0.742725
2.09232 0.664165
2.10155 0.547574
2.11079 0.848775
2.12003 0.756004
2.12927 0.829523
2.13851 0.767607
2.14774 0.837053
2.15698 0.940628
2.16622 0.827554
2.17546 0.900097
2.18469 0.968237
2.19393 1.22908
2.20317 1.17942
2.21241 1.12342
2.22164 1.01844
2.23088 0.833356
2.24012 0.631888
2.24936 1.15888
2.25859 1.0389
2.26783 0.832961
2.27707 1.56901
2.28631 1.23553
2.29554 1.03862
2.30478 1.46962
2.31402 0.98829
2.32326 1.17699
2.3325 0.895322
2.34173 1.71748
2.35097 1.26721
2.36021 1.74656
2.36945 1.05757
2.37868 1.67521
2.38792 1.49761
2.39716 2.07008
2.4064 1.34119
2.41563 2.03866
2.42487 1.55516
2.43411 1.4407
2.44335 1.12196
2.45258 1.1356
2.46182 0.891371
2.47106 1.16167
2.4803 1.48645
2.48953 2.16951
2.49877 2.57872
2.50801 1.17855
2.51725 0.837624
2.52648 1.41176
2.53572 0.94642
2.54496 1.40938
2.5542 1.25913
2.56344 1.20975
2.57267 1.0562
2.58191 1.32047
2.59115 1.04057
2.60039 1.35432
2.60962 1.0254
2.61886 1.12429
2.6281 0.807988
2.63734 0.659137
2.64657 0.945222
2.65581 1.07533
2.66505 1.03664
2.67429 0.992659
2.68352 1.1032
2.69276 1.07884
2.702 0.984131
2.71124 0.745328
2.72047 1.07124
2.72971 0.691541
2.73895 0.886564
2.74819 0.852705
2.75742 0.611746
2.76666 0.669263
2.7759 0.864008
2.78514 0.947953
2.79438 1.14611
2.80361 0.893012
2.81285 0.675648
2.82209 0.812652
2.83133 0.871376
2.84056 0.658753
2.8498 0.780081
2.85904 0.94251
2.86828 1.01185
2.87751 1.27405
2.88675 0.680399
2.89599 1.02284
2.90523 1.05137
2.91446 0.484517
2.9237 0.981225
2.93294 0.546838
2.94218 0.597493
2.95141 0.889024
2.96065 0.749717
2.96989 0.624835
2.97913 0.595951
2.98836 0.701417
2.9976 0.849403
3.00684 0.661909
3.01608 0.58471
3.02532 0.759285
3.03455 0.767663
3.04379 0.610593
3.05303 0.910898
3.06227 0.704314
3.0715 0.619305
3.08074 0.585122
3.08998 0.7429
3.09922 0.881165
3.10845 0.837568
3.11769 0.646657
3.12693 0.597972
3.13617 0.677103
3.1454 0.684113
3.15464 0.815272
3.16388 0.883291
3.17312 0.876195
3.18235 0.91356
3.19159 1.0829
3.20083 0.886229
3.21007 0.648902
3.21931 0.702722
3.22854 0.717969
3.23778 0.886448
3.24702 1.01701
3.25626 0.774211
3.26549 1.05643
3.27473 0.94369
3.28397 0.952326
3.29321 1.06339
3.30244 0.930236
3.31168 1.15144
3.32092 0.858302
3.33016 1.11731
3.33939 0.926443
3.34863 0.81626
3.35787 0.79615
3.36711 0.909012
3.37634 1.06688
3.38558 1.00562
3.39482 1.33909
3.40406 1.14586
3.41329 1.0894
3.42253 0.62322
3.43177 1.14556
3.44101 1.12319
3.45025 1.21082
3.45948 0.998908
3.46872 0.793635
3.47796 1.31987
3.4872 1.39309
3.49643 1.22216
3.50567 0.929624
3.51491 1.77119
3.52415 1.37295
3.53338 1.71815
3.54262 1.51266
3.55186 2.26029
3.5611 1.29651
3.57033 1.26741
3.57957 1.57392
3.58881 1.59397
3.59805 0.979241
3.60728 1.02784
3.61652 1.63354
3.62576 1.7301
3.635 1.32583
3.64423 1.05791
3.65347 1.40787
3.66271 0.974605
3.67195 1.39925
3.68119 1.24248
3.69042 1.13015
3.69966 1.1231
3.7089 1.22527
3.71814 1.25642
3.72737 1.00018
3.73661 1.11877
3.74585 0.886609
3.75509 1.49663
3.76432 1.23832
3.77356 0.987556
3.7828 1.08964
3.79204 1.13517
3.80127 1.18174
3.81051 1.15621
3.81975 1.00437
3.82899 0.686136
3.83822 0.858726
3.84746 1.07956
3.8567 0.860294
3.86594 0.864621
3.87518 1.17433
3.88441 0.893111
3.89365 1.0215
3.90289 1.03641
3.91213 0.772121
3.92136 0.787199
3.9306 1.05587
3.93984 0.693994
3.94908 0.657304
3.95831 0.705006
3.96755 1.34763
3.97679 1.06813
3.98603 0.809703
3.99526 1.07603
4.0045 0.678657
4.01374 1.04356
4.02298 0.74087
4.03221 0.516608
4.04145 0.745484
4.05069 0.750668
4.05993 0.926395
4.06916 0.98603
4.0784 0.972284
4.08764 0.653518
4.09688 0.899005
4.10612 0.805107
4.11535 0.668311
4.12459 0.722313
4.13383 0.76947
4.14307 0.63256
4.1523 0.942432
4.16154 0.884657
4.17078 0.750007
4.18002 0.839885
4.18925 0.843979
4.19849 0.580415
4.20773 0.761471
4.21697 0.811563
4.2262 0.827817
4.23544 0.620897
4.24468 0.674855
4.25392 0.662804
4.26315 0.896574
4.27239 0.885918
4.28163 0.712443
4.29087 0.750553
4.3001 0.653256
4.30934 0.643156
4.31858 0.854972
4.32782 0.966418
4.33706 0.81014
4.34629 0.828481
4.35553 0.736088
4.36477 1.02549
4.37401 0.761823
4.38324 0.957029
4.39248 0.832105
4.40172 0.628897
4.41096 0.866705
4.42019 0.939759
4.42943 0.387685
4.43867 1.04495
4.44791 1.21498
4.45714 0.939542
4.46638 1.00675
4.47562 1.4151
4.48486 0.958813
4.49409 0.748779
4.50333 1.37144
4.51257 0.786528
4.52181 0.975484
4.53104 1.27047
4.54028 0.905619
4.54952 1.20501
4.55876 1.41792
4.568 1.50608
4.57723 1.0467
4.58647 1.00182
4.59571 1.20607
4.60495 1.27549
4.61418 1.63055
