0.104 0.112986
0.136 0.0361649
0.2 0.0272554
0.216 0.105086
0.28 0.220673
0.296 0.0276401
0.312 0.165612
0.36 0.0768419
0.392 0.0872181
0.408 0.228334
0.424 0.0758475
0.44 0.152931
0.504 0.18237
0.536 0.0642582
0.568 0.118709
0.584 0.384002
0.6 0.249041
0.616 0.159646
0.632 0.300481
0.648 0.271123
0.664 0.298722
0.696 0.802596
0.712 0.337562
0.728 0.383784
0.76 0.52333
0.776 0.48493
0.792 0.596978
0.808 0.242146
0.824 0.271558
0.856 1.19353
0.888 1.14372
0.904 0.129051
0.92 0.765442
0.936 0.987485
0.952 2.09873
0.984 0.85243
1 1.25819
1.016 1.49316
1.032 0.530347
1.048 0.677149
1.064 1.10265
1.08 1.187
1.096 0.908756
1.112 2.14968
1.128 2.14833
1.144 1.59339
1.16 2.78845
1.176 1.49147
1.208 1.71543
1.224 2.06292
1.24 0.693392
1.256 1.93259
1.272 0.942941
1.288 0.797907
1.304 0.912956
1.32 0.615391
1.336 1.42769
1.352 0.522902
1.368 0.916923
1.384 0.514851
1.4 0.80025
1.416 1.30075
1.432 1.10946
1.448 1.37794
1.464 1.36172
1.48 0.78336
1.496 1.20373
1.512 0.476661
1.528 1.12583
1.56 1.05833
1.576 1.12882
1.608 0.666378
1.624 0.750932
1.64 0.908769
1.656 1.76443
1.672 1.31744
1.704 0.779848
1.72 0.450029
1.752 0.979722
1.768 0.831413
1.784 0.513476
1.8 0.511817
1.816 1.71199
1.832 0.342079
1.848 0.753932
1.864 0.705387
1.88 0.755462
1.896 0.598756
1.912 1.45356
1.928 0.847755
1.944 0.556963
1.96 1.07382
1.976 1.156
1.992 0.682785
2.008 1.7467
2.024 1.3844
2.04 1.01497
2.056 1.06013
2.088 0.967129
2.104 1.00454
2.12 1.33033
2.136 1.58197
2.152 0.795801
2.168 0.170028
2.184 0.640207
2.2 0.791305
2.216 1.22321
2.232 0.777151
2.248 0.915697
2.264 0.968905
2.28 0.689385
2.296 1.20471
2.312 1.21928
2.328 1.01411
2.344 1.56707
2.36 0.784916
2.376 1.43795
2.392 1.53264
2.408 1.25756
2.424 0.85214
2.44 0.893386
2.456 1.09794
2.472 0.923216
2.488 1.47325
2.504 0.82376
2.52 1.06253
2.536 0.991567
2.552 0.916409
2.568 0.834798
2.584 1.40509
2.6 0.938382
2.616 0.885897
2.632 1.32894
2.648 0.775411
2.664 0.97744
2.68 1.9454
2.696 1.04936
2.712 1.43285
2.728 1.29474
2.744 1.24961
2.76 0.827004
2.776 0.913758
2.792 0.661269
2.808 1.20491
2.824 0.84424
2.84 0.994506
2.856 0.858048
2.872 0.906637
2.888 0.763216
2.904 0.998332
2.92 0.537247
2.936 0.885368
2.952 1.15875
2.968 0.579025
2.984 0.684766
3 1.48305
3.016 1.59041
3.032 0.88713
3.048 0.670016
3.064 1.02207
3.08 0.879389
3.096 0.999096
3.112 1.03197
3.128 0.729374
3.144 0.783373
3.16 1.29972
3.176 1.15852
3.192 1.75587
3.208 0.885869
3.224 0.699971
3.24 0.758448
3.256 1.09017
3.272 0.813783
3.288 1.36467
3.304 1.15596
3.32 0.653057
3.336 1.10467
3.352 0.749908
3.368 1.67153
3.384 1.22126
3.4 1.23712
3.416 1.04269
3.432 0.812216
3.448 1.09524
3.464 1.37392
3.48 1.15407
3.496 0.979917
3.512 1.07987
3.528 1.028
3.544 1.16311
3.56 1.31531
3.576 0.901589
3.592 0.754257
3.608 1.12657
3.624 1.19507
3.64 0.885374
3.656 0.856057
3.672 1.10523
3.688 0.74541
3.704 1.21637
3.72 0.895824
3.736 0.727382
3.752 0.768498
3.768 0.959173
3.784 0.460582
3.8 0.909928
3.816 0.490099
3.832 1.20526
3.848 0.792991
3.864 0.95615
3.88 0.662446
3.896 0.862041
3.912 1.29124
3.928 1.0361
3.944 0.795778
3.96 0.908563
3.976 0.923631
3.992 0.954669
4.008 1.40923
4.024 0.706882
4.04 0.82678
4.056 1.02143
4.072 0.715229
4.088 1.45708
4.104 1.09615
4.12 1.19816
4.136 0.855988
4.152 1.41279
4.168 0.937474
4.184 1.14998
4.2 1.01665
4.216 0.95139
4.232 0.499886
4.248 0.888171
4.264 1.48642
4.28 1.16664
4.296 0.900388
4.312 0.809337
4.328 1.18186
4.344 1.13901
4.36 0.73194
4.376 0.872819
4.392 0.977697
4.408 1.308
4.424 1.256
4.44 1.00676
4.456 1.02152
4.472 0.794317
4.488 0.92884
4.504 1.04731
4.52 1.03393
4.536 1.06981
4.552 0.88556
4.568 1.05981
4.584 0.997618
4.6 0.763525
4.616 1.14385
4.632 1.51969
4.648 0.727087
4.664 1.09506
4.68 0.934175
4.696 1.24802
4.712 1.07318
4.728 1.30583
4.744 0.740944
4.76 0.924184
4.776 1.08807
4.792 0.776042
4.808 1.05902
4.824 1.00532
4.84 1.21279
4.856 0.668379
4.872 0.970581
4.888 0.92269
4.904 1.17087
4.92 0.967735
4.936 0.92735
4.952 1.33704
4.968 0.876487
4.984 1.34812
5 1.00212
5.016 1.36559
5.032 1.20463
5.048 0.834832
5.064 1.02735
5.08 0.9195
5.096 0.818586
5.112 0.956469
5.128 0.697719
5.144 1.04256
5.16 1.04014
5.176 0.535345
5.192 0.886993
5.208 1.23603
5.224 0.817446
5.24 0.694983
5.256 1.19431
5.272 0.560876
5.288 0.826389
5.304 0.79085
5.32 0.954282
5.336 1.05498
5.352 1.05168
5.368 1.22984
5.384 0.865661
5.4 1.14335
5.416 0.819618
5.432 0.833572
5.448 1.14165
5.464 1.1079
5.48 1.41669
5.496 1.26387
5.512 0.907693
5.528 1.28274
5.544 0.78258
5.56 0.935991
5.576 1.33619
5.592 0.717181
5.608 1.08703
5.624 0.630165
5.64 1.08177
5.656 0.916907
5.672 1.13817
5.688 1.19755
5.704 0.864636
5.72 0.950268
5.736 1.30233
5.752 1.44362
5.768 1.04838
5.784 0.85974
5.8 0.674254
5.816 1.20374
5.832 0.867216
5.848 0.751881
5.864 1.13444
5.88 0.913906
5.896 1.11979
5.912 1.17417
5.928 1.22087
5.944 0.855482
5.96 1.15146
5.976 0.933256
5.992 1.12334
6.008 0.910074
6.024 1.06324
6.04 0.916222
6.056 0.801257
6.072 1.07816
6.088 0.729682
6.104 1.29176
6.12 0.89616
6.136 1.20368
6.152 0.886482
6.168 1.079
6.184 1.11941
6.2 1.04404
6.216 0.913967
6.232 0.991189
6.248 1.00211
6.264 1.0429
6.28 0.712272
6.296 0.970063
6.312 0.975679
6.328 1.1262
6.344 0.896259
6.36 0.929654
6.376 1.18696
6.392 0.852679
6.408 0.84718
6.424 1.08357
6.44 0.931114
6.456 0.866071
6.472 0.647745
6.488 0.883047
6.504 0.973114
6.52 1.26127
6.536 1.19245
6.552 0.627376
6.568 1.05629
6.584 0.929074
6.6 1.19017
6.616 1.19492
6.632 1.10524
6.648 0.76837
6.664 1.05447
6.68 1.0455
6.696 0.55237
6.712 0.988152
6.728 1.14166
6.744 1.26014
6.76 1.00604
6.776 1.10054
6.792 1.1633
6.808 1.1426
6.824 0.781566
6.84 1.00891
6.856 1.30021
6.872 0.905587
6.888 1.09711
6.904 0.898029
6.92 1.01117
6.936 0.909956
6.952 0.710818
6.968 1.10742
6.984 0.726757
7 0.823213
7.016 0.980029
7.032 1.0829
7.048 1.08385
7.064 1.0491
7.08 1.32959
7.096 0.875125
7.112 1.09718
7.128 0.783794
7.144 0.889937
7.16 0.782855
7.176 1.36363
7.192 0.844413
7.208 0.849396
7.224 1.01791
7.24 0.751467
7.256 0.888982
7.272 1.03617
7.288 1.15051
7.304 1.19181
7.32 1.18499
7.336 0.804227
7.352 1.12403
7.368 1.17791
7.384 0.748396
7.4 1.05039
7.416 1.31264
7.432 1.08248
7.448 1.04393
7.464 0.911559
7.48 0.812591
7.496 1.19162
7.512 1.03332
7.528 0.842772
7.544 0.811414
7.56 1.28358
7.576 1.01286
7.592 0.863397
7.608 1.23353
7.624 0.911466
7.64 0.848239
7.656 0.993849
7.672 1.39202
7.688 1.02268
7.704 0.855168
7.72 0.893598
7.736 0.910295
7.752 1.50218
7.768 0.979807
7.784 0.962862
7.8 1.05072
7.816 0.693344
7.832 1.08239
7.848 0.849259
7.864 1.17559
7.88 1.08807
7.896 0.74658
7.912 0.946091
7.928 1.03481
7.944 0.812951
7.96 0.852649
7.976 0.694679
7.992 0.924697
