0.702279666667 0.02922311
0.380803633333 0.0109543433333
0.525779666667 0.0143464433333
0.0304603 0.949731666667
0.0679265666667 0.974858333333
0.0933217 0.960536333333
0.0846650333333 0.924371666667
0.0577804333333 0.915478
0.0439320433333 0.678667
0.0365352766667 0.705783666667
0.02205181 0.809246
0.0320853766667 0.754225666667
0.0543507666667 0.810612
0.0731268 0.854594333333
0.0557397333333 0.883985
0.0173510766667 0.449651
0.0340195666667 0.441660666667
0.0465430433333 0.644074666667
0.0857899666667 0.632301
0.477269666667 0.986916333333
0.773541 0.283724666667
0.786634666667 0.317473
0.1303633 0.0390673333333
0.01439568 0.229697333333
0.00419042 0.302879666667
0.0102535566667 0.371170333333
0.170704633333 0.0230928666667
0.218497966667 0.0177129333333
0.211132333333 0.0387839333333
0.367266666667 0.0398739333333
0.286505666667 0.0437731666667
0.502320666667 0.0454550666667
0.403113666667 0.0251489
0.445887 0.021419
0.19908 0.617728666667
0.164899666667 0.615446333333
0.472942666667 0.391121333333
0.0478621333333 0.467866666667
0.0178339766667 0.543578
0.0263318333333 0.496776666667
0.0293556766667 0.618046333333
0.0438731 0.387287333333
0.0357024666667 0.348476333333
0.0479835666667 0.560082
0.0580758666667 0.589111
0.0922015 0.599725666667
0.961837333333 0.572035333333
0.958884333333 0.692717333333
0.941647333333 0.655377
0.982326666667 0.643903666667
0.965089666667 0.606563333333
0.913979666667 0.949361
0.881692333333 0.943918
0.935610666667 0.911383666667
0.963198666667 0.894410666667
0.912135666667 0.659185333333
0.892942333333 0.630124
0.737217333333 0.486632333333
0.755201666667 0.457161
0.622756666667 0.298107
0.79567 0.46154
0.939785333333 0.43998
0.870284333333 0.433553666667
0.522925333333 0.971415333333
0.556572333333 0.922997333333
0.562288 0.950958333333
0.529181666667 0.557367
0.565396 0.547412666667
0.851852333333 0.153139
0.892681 0.0643153666667
0.950898666667 0.0735122333333
0.958084 0.0335278233333
0.926181 0.0315719566667
0.739103666667 0.0303389766667
0.868332 0.0555102666667
0.838389333333 0.065746
0.811253666667 0.0400592
0.785533666667 0.0204746766667
0.846169333333 0.0134180666667
0.901832 0.0227668566667
0.795705333333 0.248827333333
0.833964333333 0.386387
0.802511333333 0.393650333333
0.842698 0.426953666667
0.811245 0.434217
0.0681359666667 0.0468237
0.0965482333333 0.0519880333333
0.03709133 0.0782759333333
0.238750333333 0.536911333333
0.390164666667 0.112149766667
0.451259666667 0.0961959
0.413984666667 0.0877595333333
0.407680333333 0.0510486333333
0.443527333333 0.0363236
0.473459 0.0567976333333
0.231283 0.0588352666667
0.258863 0.0692044333333
0.346444333333 0.0630411666667
0.319592666667 0.0699417333333
0.363038 0.0986061
0.314687333333 0.117403
0.338974 0.130467666667
0.526526666667 0.0688792
0.574797333333 0.143567533333
0.813482333333 0.0860636666667
0.755948333333 0.0608927666667
0.786346666667 0.0603768666667
0.501829 0.575938666667
0.430346666667 0.966441
0.221267 0.594986
0.236704666667 0.564550666667
0.381724 0.599248666667
0.38882 0.510407
0.373657333333 0.539523666667
0.397226333333 0.570864666667
0.435489 0.572792333333
0.456673 0.556859
0.586687 0.291709666667
0.420322 0.498065333333
0.451184 0.517273666667
0.502063666667 0.385285666667
0.500176666667 0.343028333333
0.0800668666667 0.441045
0.199775 0.530271666667
0.153664 0.58515
0.121281266667 0.584765666667
0.164306666667 0.550357333333
0.973641333333 0.530160333333
0.982214666667 0.487444666667
0.965415 0.460014666667
0.930194333333 0.579095
0.905475333333 0.595472666667
0.870339333333 0.573367333333
0.743975666667 0.518602
0.781728333333 0.531844666667
0.883305666667 0.907746
0.916427333333 0.888046666667
0.599166666667 0.957935666667
0.630366 0.937949333333
0.641018 0.971119
0.672217333333 0.951132666667
0.634184333333 0.911758666667
0.746308666667 0.977926666667
0.68885 0.972470666667
0.698366 0.924932666667
0.678025 0.899795666667
0.692402666667 0.871336333333
0.976258333333 0.851523666667
0.990565 0.806613
0.986169 0.768996333333
0.746502666667 0.424262666667
0.764843666667 0.354637666667
0.778237333333 0.388075
0.625299 0.331933666667
0.57404 0.502441333333
0.615980666667 0.558818
0.587282 0.56898
0.584854666667 0.605607333333
0.700650666667 0.484898666667
0.632057 0.523202666667
0.875851666667 0.136726333333
0.893987333333 0.0977840666667
0.920302 0.105025066667
0.808109 0.182422666667
0.826833 0.144386333333
0.810708 0.115709966667
0.468691333333 0.236556333333
0.471528333333 0.265603
0.413268666667 0.275387
0.468250666667 0.321253666667
0.452500666667 0.288118
0.398391333333 0.151503
0.408121 0.232399666667
0.360679666667 0.158691333333
0.444516 0.216084
0.22923 0.243131666667
0.261834333333 0.248525
0.768652666667 0.214113666667
0.776218 0.182226333333
0.693406 0.15986
0.632635 0.217965
0.650554 0.187926666667
0.687945333333 0.189752333333
0.501572333333 0.173509333333
0.457684 0.127578466667
0.428635666667 0.158495333333
0.453563666667 0.180916
0.560692333333 0.0447571
0.662659 0.0152345433333
0.616379 0.01426041
0.600598333333 0.121793833333
0.635787 0.1469753
0.658624 0.132796633333
0.674443666667 0.0972189
0.70539 0.0992966
0.735710333333 0.0868209
0.711147 0.13823
0.763334333333 0.1159513
0.747568333333 0.144431333333
0.503982 0.603243666667
0.462267 0.605774333333
0.545531 0.618080666667
0.495187666667 0.938771666667
0.460578 0.932858333333
0.521961333333 0.912175333333
0.525170666667 0.880726333333
0.407377666667 0.464549
0.417759666667 0.432645333333
0.375875666667 0.476890666667
0.311508666667 0.498900333333
0.278261333333 0.497325666667
0.346213 0.463798
0.339656333333 0.436399666667
0.279197666667 0.558180333333
0.314490666667 0.532115666667
0.340739666667 0.546115
0.450889666667 0.634046
0.573854 0.264216666667
0.508397666667 0.233782666667
0.511234666667 0.262829333333
0.537944 0.276438333333
0.475741666667 0.426814333333
0.455850333333 0.44173
0.525396666667 0.446357666667
0.0634763666667 0.491302333333
0.0712855333333 0.528401666667
0.134302666667 0.494133
0.1104576 0.542470666667
0.131627 0.524839666667
0.125115666667 0.467076333333
0.0956811 0.464480666667
0.811726666667 0.518078666667
0.812044 0.49062
0.915373 0.466924333333
0.878667 0.469015
0.915125666667 0.542473666667
0.853962333333 0.495185333333
0.941002666667 0.486959
0.939885666667 0.517763666667
0.879219333333 0.541218333333
0.853645 0.522644
0.752807333333 0.641398333333
0.756745333333 0.677772333333
0.778206 0.710069333333
0.710175666667 0.631121666667
0.639336333333 0.596768333333
0.623893666667 0.620200666667
0.615619666667 0.646064
0.718093 0.573574
0.713196333333 0.540775666667
0.6612 0.585060333333
0.695085 0.601406666667
0.688171333333 0.519828666667
0.659183 0.536280666667
0.910991333333 0.852793666667
0.943234333333 0.833243666667
0.674040333333 0.845996666667
0.726085 0.691642
0.712907333333 0.723599666667
0.698602333333 0.663677
0.849785 0.945653333333
0.827489666667 0.960880666667
0.890779 0.692555333333
0.674097 0.415489333333
0.712053666667 0.408413
0.641483 0.383978333333
0.652540666667 0.347619333333
0.528493666667 0.393424
0.549027666667 0.418803
0.590929666667 0.355501333333
0.603882 0.384847333333
0.589851333333 0.416596
0.570176 0.331190333333
0.540417666667 0.320486
0.526606666667 0.351166666667
0.659924333333 0.443142
0.670013333333 0.467230333333
0.613279666667 0.443379666667
0.60203 0.478297333333
0.630408 0.489082333333
0.921186 0.153160666667
0.898219666667 0.170096333333
0.856418666667 0.369607666667
0.886145333333 0.397828666667
0.0307173766667 0.126131666667
0.05445863 0.102655366667
0.0934553 0.0912982666667
0.112391366667 0.115541233333
0.139454333333 0.1136109
0.186809 0.0720431666667
0.154333333333 0.0764472333333
0.206959666667 0.0920945
0.0318773666667 0.264551
0.199388666667 0.256890333333
0.348715333333 0.247604666667
0.356385333333 0.191259
0.38263 0.222807
0.386757666667 0.293295333333
0.322810333333 0.296533333333
0.347695333333 0.275105666667
0.650349333333 0.277467666667
0.651971666667 0.24876
0.692494666667 0.298491666667
0.493061 0.120114133333
0.512021333333 0.143624333333
0.525434666667 0.101855666667
0.544395 0.125365866667
0.591498 0.0567757
0.602093666667 0.0826343
0.627841666667 0.0332831666667
0.667462333333 0.0472717333333
0.653102 0.0722380333333
0.461722666667 0.694637666667
0.472697 0.662285333333
0.570435666667 0.665397
0.539386 0.652007
0.506222333333 0.669506666667
0.573290666667 0.693987666667
0.573270333333 0.724559333333
0.547313 0.741609333333
0.505309333333 0.73
0.495248 0.701859
0.276360666667 0.988147333333
0.232993666667 0.980177
0.118681333333 0.903619333333
0.0717897333333 0.789497
0.497705666667 0.851086666667
0.436746333333 0.791377666667
0.474075666667 0.755080666667
0.475939 0.78337
0.539773666667 0.188860333333
0.541876333333 0.216265666667
0.580625 0.177177
0.601712333333 0.209149333333
0.580623333333 0.233090666667
0.485500666667 0.506190666667
0.486022 0.476082
0.518342333333 0.527204333333
0.547517333333 0.495635666667
0.528448 0.472262666667
0.771850666667 0.623330666667
0.785083 0.565665666667
0.752227 0.585221333333
0.966211 0.780753666667
0.937583 0.800090333333
0.900559 0.791506
0.896434 0.755499666667
0.913547 0.724166666667
0.952140666667 0.728137
0.968292333333 0.753587666667
0.737402666667 0.860533333333
0.639586333333 0.845082
0.614108 0.882384666667
0.580008666667 0.888199
0.564031333333 0.864009666667
0.670481333333 0.683342
0.609214666667 0.699162333333
0.632142666667 0.671894666667
0.676164666667 0.720142333333
0.609194333333 0.729734
0.806432666667 0.714801
0.863327666667 0.744958
0.832158666667 0.689288333333
0.859707 0.706522333333
0.734409 0.359308333333
0.713353666667 0.376896
0.70751 0.330025666667
0.686454666667 0.347613333333
0.952633333333 0.171447666667
0.964113333333 0.216798333333
0.973214333333 0.1155755
0.992996333333 0.255300166667
0.903971 0.208138666667
0.938417333333 0.236553666667
0.0913867 0.153556
0.0722537 0.228125666667
0.0438062333333 0.222918
0.0263245466667 0.188064333333
0.04870938 0.152789333333
0.222253333333 0.206868333333
0.17004 0.145884666667
0.23985 0.317827333333
0.294439333333 0.305211333333
0.267798666667 0.289846666667
0.267987333333 0.465101333333
0.0909113666667 0.264108
0.125882 0.264226
0.0638589333333 0.318751
0.0629601666667 0.284058
0.209421333333 0.315427
0.191002 0.284444333333
0.151092666667 0.289904333333
0.324629666667 0.199530333333
0.323005666667 0.231819666667
0.289274333333 0.194387666667
0.287650333333 0.226677
0.335447333333 0.333920666667
0.307076333333 0.342598666667
0.381300333333 0.40087
0.350470666667 0.409176
0.746936 0.274042
0.714579666667 0.280927
0.691915 0.247108333333
0.744286333333 0.226335333333
0.709969666667 0.218139
0.188593 0.973268666667
0.134330666667 0.965259
0.139572333333 0.930358
0.125027633333 0.761733333333
0.15624 0.740481
0.0757675333333 0.725197666667
0.0887566 0.752524666667
0.0831643 0.698081
0.382727666667 0.831186
0.425104666667 0.822964
0.288897666667 0.950692666667
0.394586 0.629482
0.415574 0.646882666667
0.340387333333 0.609664
0.322972 0.587871333333
0.288950666667 0.58862
0.258782 0.61405
0.505929333333 0.797091333333
0.512363333333 0.824314
0.546069666667 0.780411333333
0.572730666667 0.804284666667
0.556667 0.832554333333
0.800009 0.631004666667
0.853108666667 0.635248333333
0.828152333333 0.655856666667
0.843461666667 0.595656666667
0.813778 0.592763333333
0.870198333333 0.845653
0.857238666667 0.878227
0.865417333333 0.817518666667
0.815196 0.918208
0.821036333333 0.886953666667
0.799727333333 0.863835666667
0.76342 0.878351333333
0.792900666667 0.933435333333
0.760444333333 0.941843
0.738761 0.914291333333
0.741748666667 0.835269
0.700716666667 0.820723
0.694170333333 0.788417666667
0.722648666667 0.757955666667
0.757287 0.758295
0.604257333333 0.802298666667
0.629649333333 0.817455
0.657557 0.786064333333
0.617221666667 0.758615333333
0.649292666667 0.752145
0.829736 0.252896
0.886397333333 0.226148666667
0.856646666667 0.204519
0.834574333333 0.218378666667
0.947479333333 0.407789
0.919178 0.386065666667
0.969641333333 0.316748666667
0.978736333333 0.270773
0.979992 0.445474
0.987038333333 0.365147
0.107178666667 0.175414
0.09712 0.209103333333
0.132976 0.231302
0.158769 0.169673
0.166573333333 0.229426333333
0.182307666667 0.201486666667
0.215451333333 0.119313666667
0.205931 0.142691333333
0.282226333333 0.130024
0.259489 0.107994
0.266863333333 0.170513666667
0.234605666667 0.171861333333
0.232512666667 0.469580666667
0.171018666667 0.484544333333
0.203811333333 0.495165333333
0.251446 0.360964666667
0.313631666667 0.399916333333
0.292031666667 0.370371333333
0.302817333333 0.42714
0.271579333333 0.433630666667
0.0767839 0.386411333333
0.0991351 0.413963
0.397949 0.326182666667
0.371523666667 0.345380333333
0.395582333333 0.375297333333
0.443015 0.369020333333
0.44021 0.34141
0.221204333333 0.832612
0.185107666667 0.766800666667
0.159948 0.857352666667
0.1322463 0.795425333333
0.171378 0.797012
0.180461666667 0.827083666667
0.133369333333 0.862054666667
0.108048466667 0.842438333333
0.103328766667 0.811846333333
0.218317666667 0.960605
0.187081 0.888537333333
0.181393333333 0.919978
0.205876333333 0.942215333333
0.226688333333 0.871169
0.263502 0.926597333333
0.237322666667 0.943418
0.171902333333 0.686164666667
0.152229 0.708014666667
0.150968666667 0.651496333333
0.114371733333 0.657572333333
0.114357066667 0.68876
0.465801 0.859975
0.438826666667 0.851067333333
0.452058666667 0.897100333333
0.425084333333 0.888192666667
0.302797 0.844592333333
0.313852 0.867377333333
0.264577333333 0.86855
0.275632333333 0.891335
0.405621 0.908517666667
0.402364 0.951008
0.306895 0.814833333333
0.287372666667 0.732462666667
0.265992666667 0.697406666667
0.258563 0.641831666667
0.279837666667 0.662029333333
0.231471333333 0.709595
0.218850666667 0.648882666667
0.205604 0.681268666667
0.801994666667 0.828037333333
0.770318666667 0.781455333333
0.770033333333 0.817288666667
0.831626666667 0.805127
0.833662 0.768572666667
0.804315333333 0.755649666667
0.841536333333 0.285152333333
0.820599333333 0.314832
0.845536666667 0.340792666667
0.902752 0.270288
0.935752333333 0.271499666667
0.952353333333 0.29772
0.925297 0.345101
0.951549666667 0.332473
0.881382333333 0.328049
0.877724666667 0.293527666667
0.162309333333 0.432998
0.186746 0.442963666667
0.151943 0.403320333333
0.214991333333 0.434251666667
0.199904 0.354706
0.169040666667 0.366356333333
0.228834 0.381004333333
0.236582333333 0.413620333333
0.137023 0.318539333333
0.141777333333 0.347388666667
0.0975741333333 0.327951666667
0.102328466667 0.356801
0.242531666667 0.804474
0.276685333333 0.796399333333
0.274264666667 0.763655333333
0.232191666667 0.748891
0.215518666667 0.768734333333
0.315852 0.942611
0.346995666667 0.971842333333
0.374905333333 0.956370333333
0.328676 0.894558
0.363076666667 0.881299
0.378162333333 0.91388
0.365293666667 0.806587666667
0.334916666667 0.799761
0.312110666667 0.717744
0.308475 0.670598
0.364142333333 0.660556
0.334784333333 0.646763
0.349718333333 0.763332333333
0.344014 0.730942
0.380095333333 0.770159
0.369736333333 0.697589
0.409171 0.763171
0.428857666667 0.742507
0.426566 0.710205
0.402224666667 0.690689333333
