0.0431465 0.383477
0.0564223 0.186922
0.082974 0.277245
0.0896119 0.108845
0.116164 0.074737
0.122801 0.252435
0.129439 0.0957632
0.149353 0.046703
0.162629 0.162388
0.169267 0.0800036
0.175905 0.0173605
0.182543 0.0577576
0.209094 0.0899147
0.22237 0.0596605
0.235646 0.102215
0.242284 0.0469433
0.248922 0.279804
0.25556 0.22654
0.262198 0.0879541
0.268836 0.119014
0.275474 0.0474906
0.288749 0.609037
0.295387 0.0876552
0.302025 0.115203
0.315301 0.0402957
0.321939 0.07777
0.328577 0.251528
0.335215 0.0887767
0.341853 0.098709
0.355129 0.0992767
0.368404 0.143496
0.375042 0.241614
0.38168 0.192222
0.388318 0.119819
0.394956 0.124096
0.408232 0.10513
0.41487 0.133992
0.421508 0.060298
0.428146 0.0522746
0.434784 0.0296005
0.441422 0.0789767
0.448059 0.0646233
0.454697 0.499366
0.461335 0.0842862
0.467973 0.0763218
0.474611 0.0656356
0.481249 0.015952
0.487887 0.112564
0.501163 0.206926
0.507801 0.101455
0.514439 0.159919
0.521077 0.248373
0.527715 0.482338
0.534352 0.275633
0.54099 0.332088
0.547628 0.227534
0.554266 0.286381
0.560904 0.435972
0.567542 0.378846
0.57418 0.270857
0.580818 0.273805
0.587456 0.238816
0.594094 0.270681
0.600732 0.117959
0.60737 0.267611
0.614007 0.293725
0.620645 0.480078
0.627283 0.695477
0.633921 0.661491
0.647197 1.21959
0.653835 1.6287
0.667111 1.16092
0.673749 2.34821
0.680387 1.03118
0.687025 1.36987
0.693662 1.69305
0.706938 0.718832
0.713576 0.885136
0.726852 0.795894
0.73349 0.484002
0.740128 0.222923
0.746766 0.461833
0.753404 0.831518
0.760042 0.617435
0.76668 0.526908
0.773318 0.461309
0.779955 1.00155
0.786593 0.893959
0.793231 0.741698
0.799869 0.610319
0.806507 0.501612
0.813145 1.07215
0.819783 0.821751
0.826421 0.400322
0.833059 0.735474
0.839697 0.722103
0.846335 0.990097
0.852973 0.692146
0.866248 0.791973
0.872886 0.64043
0.879524 0.622802
0.886162 0.731761
0.8928 0.780416
0.899438 0.532258
0.906076 0.869575
0.912714 0.701043
0.919352 0.569778
0.92599 0.439555
0.932628 0.99621
0.939265 0.49958
0.945903 0.886519
0.952541 0.585402
0.959179 0.847433
0.965817 0.415102
0.972455 0.58208
0.979093 0.255903
0.985731 0.331938
0.992369 0.329237
0.999007 0.528143
1.00564 0.678409
1.01228 0.673396
1.01892 0.781761
1.02556 0.811936
1.0322 1.47428
1.03883 0.582481
1.04547 0.526831
1.05211 0.348699
1.05875 0.7295
1.06539 0.586975
1.07202 0.953758
1.07866 1.00868
1.0853 0.851882
1.09194 0.994075
1.09858 0.978716
1.10521 0.749658
1.11185 0.419232
1.11849 0.79121
1.12513 1.2816
1.13177 0.989184
1.1384 0.733064
1.14504 1.01096
1.15168 1.0758
1.15832 1.00947
1.16495 1.61662
1.17159 0.988055
1.17823 1.15621
1.18487 1.36611
1.19151 0.679959
1.19814 0.347101
1.20478 0.84176
1.21142 1.34671
1.21806 1.02725
1.2247 0.68491
1.23133 0.844828
1.23797 0.945288
1.24461 1.10681
1.25125 1.05418
1.25789 0.92001
1.26452 0.7503
1.27116 1.07426
1.2778 1.47685
1.28444 1.65919
1.29108 1.21697
1.29771 0.94534
1.30435 1.69601
1.31099 1.66668
1.31763 1.76125
1.32426 1.64654
1.3309 1.14124
1.33754 1.86503
1.34418 2.09827
1.35082 2.15681
1.35745 1.25024
1.36409 0.785029
1.37073 1.62598
1.37737 1.09776
1.38401 1.57876
1.39064 2.04725
1.39728 0.914484
1.40392 0.836912
1.41056 2.1875
1.4172 1.26764
1.42383 1.37595
1.43047 1.65936
1.43711 1.72515
1.44375 0.808819
1.45039 1.36221
1.45702 2.04288
1.46366 2.14757
1.4703 1.46415
1.47694 2.70727
1.48357 2.34152
1.49021 1.58292
1.49685 1.52641
1.50349 1.92537
1.51013 1.1892
1.51676 2.18172
1.5234 1.01227
1.53004 1.61125
1.53668 1.22238
1.54332 1.30706
1.54995 0.807692
1.55659 1.4755
1.56323 0.804926
1.56987 1.0415
1.57651 1.28298
1.58314 1.62487
1.58978 1.17823
1.59642 1.128
1.60306 1.25305
1.6097 1.08634
1.61633 1.11766
1.62297 0.861557
1.62961 0.980087
1.63625 1.25561
1.64288 1.14471
1.64952 0.774388
1.65616 1.02037
1.6628 0.910994
1.66944 0.778789
1.67607 1.64256
1.68271 0.757843
1.68935 0.945656
1.69599 1.21132
1.70263 0.91924
1.70926 0.681124
1.7159 0.806688
1.72254 0.726216
1.72918 0.286076
1.73582 0.792796
1.74245 0.752448
1.74909 0.758901
1.75573 0.717591
1.76237 0.857712
1.76901 0.392605
1.77564 0.667336
1.78228 0.835534
1.78892 0.934987
1.79556 0.981302
1.80219 0.897935
1.80883 0.668544
1.81547 0.612594
1.82211 0.616233
1.82875 0.867657
1.83538 0.597385
1.84202 0.613424
1.84866 0.95057
1.8553 0.974917
1.86194 0.715975
1.86857 0.748538
1.87521 0.750445
1.88185 0.682897
1.88849 0.574988
1.89513 0.672499
1.90176 1.02714
1.9084 0.833629
1.91504 0.706867
1.92168 0.484978
1.92832 0.753537
1.93495 0.831109
1.94159 0.717875
1.94823 0.680817
1.95487 0.986372
1.9615 0.935382
1.96814 0.909457
1.97478 0.728828
1.98142 0.775212
1.98806 1.01038
1.99469 0.475643
2.00133 0.605621
2.00797 0.758203
2.01461 1.20175
2.02125 0.983225
2.02788 1.23166
2.03452 0.822545
2.04116 0.975944
2.0478 0.893127
2.05444 1.32953
2.06107 1.21147
2.06771 0.510641
2.07435 0.949374
2.08099 0.992798
2.08763 0.860993
2.09426 0.927935
2.1009 0.805393
2.10754 0.954538
2.11418 0.791591
2.12081 0.927744
2.12745 1.11087
2.13409 1.06031
2.14073 0.829851
2.14737 0.818125
2.154 0.940681
2.16064 0.672471
2.16728 1.38497
2.17392 0.977681
2.18056 0.99324
2.18719 1.36939
2.19383 0.903556
2.20047 0.996298
2.20711 1.35882
2.21375 0.586597
2.22038 1.09672
2.22702 1.1733
2.23366 0.98621
2.2403 0.895068
2.24694 1.25361
2.25357 1.02643
2.26021 0.785824
2.26685 0.817625
2.27349 1.06646
2.28013 0.802443
2.28676 0.97592
2.2934 1.15794
2.30004 0.762129
2.30668 0.77334
2.31331 1.00509
2.31995 1.14222
2.32659 0.750753
2.33323 0.947839
2.33987 1.32175
2.3465 1.10563
2.35314 0.90624
2.35978 0.988118
2.36642 1.23136
2.37306 0.914903
2.37969 1.12607
2.38633 0.843032
2.39297 0.933322
2.39961 1.06089
2.40625 0.599982
2.41288 0.855178
2.41952 1.19161
2.42616 1.04183
2.4328 0.657645
2.43944 1.10656
2.44607 0.957353
2.45271 0.612908
2.45935 0.905286
2.46599 1.11656
2.47262 1.00551
2.47926 1.0483
2.4859 1.47801
2.49254 1.077
2.49918 1.22386
2.50581 0.735052
2.51245 1.49091
2.51909 0.81699
2.52573 1.15943
2.53237 0.955283
2.539 0.507982
2.54564 1.05524
2.55228 1.2969
2.55892 0.821712
2.56556 1.04683
2.57219 0.904657
2.57883 0.874475
2.58547 1.13592
2.59211 1.17501
2.59875 1.3512
2.60538 0.941531
2.61202 1.00052
2.61866 0.851979
2.6253 1.11696
2.63193 0.859676
2.63857 1.00922
2.64521 1.2989
2.65185 0.922045
2.65849 1.21903
2.66512 1.13818
2.67176 0.883182
2.6784 1.29851
2.68504 1.26129
2.69168 1.12691
2.69831 1.017
2.70495 0.952361
2.71159 1.13574
2.71823 1.165
2.72487 0.821412
2.7315 1.00556
2.73814 0.856094
2.74478 1.13686
2.75142 0.873757
2.75806 1.0005
2.76469 0.923374
2.77133 1.42328
2.77797 1.66655
2.78461 1.18682
2.79124 0.992549
2.79788 1.10162
2.80452 1.19967
2.81116 1.08944
2.8178 0.93795
2.82443 0.839706
2.83107 1.04569
2.83771 1.17947
2.84435 1.00317
2.85099 0.846511
2.85762 0.794916
2.86426 1.07568
2.8709 1.1083
2.87754 1.23507
2.88418 0.910355
2.89081 0.846083
2.89745 0.981107
2.90409 0.927874
2.91073 0.733172
2.91737 1.07903
2.924 0.768559
2.93064 1.01803
2.93728 0.924683
2.94392 1.18083
2.95055 0.769597
2.95719 1.04395
2.96383 1.38322
2.97047 1.15224
2.97711 1.15369
2.98374 1.02145
2.99038 1.1532
2.99702 0.869301
3.00366 0.995226
3.0103 1.08352
3.01693 1.06824
3.02357 0.972751
3.03021 0.979257
3.03685 1.06272
3.04349 1.03515
3.05012 1.22154
3.05676 1.2231
3.0634 0.995137
3.07004 1.01584
3.07668 0.704903
3.08331 1.02724
3.08995 1.0254
3.09659 0.94258
3.10323 0.902837
3.10986 1.20311
3.1165 0.942605
3.12314 1.12969
3.12978 1.07865
3.13642 0.977114
3.14305 1.1727
3.14969 0.902044
3.15633 1.28735
3.16297 0.650518
3.16961 1.28178
3.17624 1.06813
3.18288 0.738002
3.18952 1.21306
3.19616 0.976252
3.2028 1.07801
3.20943 1.25382
3.21607 0.83837
3.22271 1.13592
3.22935 1.02654
3.23599 0.849986
3.24262 0.763162
3.24926 0.85655
3.2559 0.870278
3.26254 1.39013
3.26917 1.46512
3.27581 0.914427
3.28245 0.984037
3.28909 0.786408
3.29573 1.00813
3.30236 1.12886
3.309 0.654506
3.31564 0.836929
