0.0746676 0.0935722
0.0976423 0.103405
0.143592 0.0395188
0.155079 0.0791423
0.201028 0.133389
0.212516 0.0860975
0.224003 0.0227144
0.258465 0.113409
0.28144 0.140663
0.292927 0.0786314
0.304414 0.0706377
0.315902 0.199597
0.361851 0.134638
0.384826 0.0559188
0.4078 0.274761
0.419288 0.0860964
0.430775 0.33685
0.442262 0.158987
0.45375 0.126018
0.465237 0.188371
0.476724 0.266063
0.499699 0.108099
0.511186 0.134139
0.522674 0.260057
0.545648 0.11198
0.557136 0.114016
0.568623 0.0495125
0.58011 0.285721
0.591598 0.197395
0.614572 0.446448
0.637547 0.116047
0.649034 0.247653
0.660522 0.458965
0.672009 0.297234
0.683496 0.268055
0.706471 0.236333
0.717958 1.05771
0.729445 0.137524
0.740933 0.948839
0.75242 0.900776
0.763907 0.2962
0.775395 0.741965
0.786882 1.54129
0.798369 1.08069
0.809857 1.17012
0.821344 0.829126
0.832831 1.12883
0.844319 0.45217
0.867293 1.30466
0.878781 0.409579
0.890268 1.26219
0.901755 0.75315
0.913243 0.849962
0.92473 1.2661
0.936217 0.867211
0.947705 0.601741
0.959192 1.34992
0.970679 1.62126
0.982167 1.45349
0.993654 0.337956
1.00514 0.880825
1.01663 0.893149
1.02812 0.988043
1.0396 0.693935
1.05109 2.00743
1.06258 1.3582
1.07407 0.697842
1.08555 0.849104
1.09704 1.11906
1.12001 1.42975
1.1315 1.71111
1.15448 0.777969
1.16596 1.46436
1.17745 0.974319
1.18894 1.08731
1.20043 0.485345
1.2234 1.21405
1.23489 1.13039
1.25786 0.656524
1.26935 1.2658
1.28084 1.58807
1.29232 1.28235
1.30381 1.32085
1.3153 1.43283
1.32679 1.10031
1.33827 1.29752
1.34976 1.2208
1.36125 1.42433
1.37274 0.876508
1.38422 1.07625
1.39571 0.965443
1.4072 2.26873
1.41869 1.13319
1.43017 1.3755
1.44166 0.518928
1.45315 1.0582
1.46463 1.55475
1.47612 1.25596
1.4991 1.25025
1.51058 0.74505
1.52207 0.984894
1.53356 0.904539
1.54505 0.926782
1.55653 0.854589
1.56802 0.219536
1.57951 1.35338
1.591 0.751301
1.60248 0.733229
1.61397 0.796418
1.62546 0.770958
1.63694 0.84774
1.64843 0.566203
1.65992 0.743584
1.67141 0.890316
1.68289 0.911084
1.69438 1.40217
1.70587 0.828215
1.71736 0.511301
1.72884 1.2663
1.74033 1.23741
1.75182 0.791877
1.76331 1.34227
1.77479 1.04949
1.78628 0.79555
1.79777 1.03424
1.80925 0.709994
1.82074 0.934734
1.83223 1.53466
1.84372 0.859878
1.8552 0.996685
1.86669 1.213
1.87818 1.01164
1.88967 0.922902
1.90115 0.79971
1.91264 0.859955
1.92413 0.925428
1.93562 0.757608
1.9471 0.760571
1.95859 0.921622
1.97008 0.360913
1.98156 0.826243
1.99305 0.887444
2.00454 1.24022
2.01603 1.04919
2.02751 0.642137
2.039 0.835656
2.05049 0.692813
2.06198 0.911068
2.07346 0.668275
2.08495 1.16517
2.09644 0.747264
2.10793 1.662
2.11941 0.864348
2.1309 1.09623
2.14239 1.50624
2.15387 0.929142
2.16536 0.880429
2.17685 1.12095
2.18834 0.873547
2.19982 0.976129
2.21131 1.80383
2.2228 1.05601
2.23429 0.98345
2.24577 0.658414
2.25726 1.54064
2.26875 1.23352
2.28024 1.02579
2.29172 0.945642
2.30321 1.10159
2.3147 1.22748
2.32618 0.675912
2.33767 0.929278
2.34916 0.803233
2.36065 1.15431
2.37213 1.12677
2.38362 0.831085
2.39511 0.768809
2.4066 0.770228
2.41808 1.61711
2.42957 1.22354
2.44106 1.06051
2.45255 0.845763
2.46403 0.73738
2.47552 1.2486
2.48701 1.61178
2.49849 0.505427
2.50998 1.12189
2.52147 1.2347
2.53296 1.38424
2.54444 1.08994
2.55593 0.799602
2.56742 1.05139
2.57891 1.14234
2.59039 0.912455
2.60188 0.987999
2.61337 0.990857
2.62486 0.64508
2.63634 0.813645
2.64783 0.677302
2.65932 1.43222
2.6708 0.719014
2.68229 0.760711
2.69378 1.27765
2.70527 0.966293
2.71675 1.02392
2.72824 1.03987
2.73973 0.775246
2.75122 0.605605
2.7627 0.845765
2.77419 0.621065
2.78568 0.943501
2.79716 1.08363
2.80865 1.01123
2.82014 1.00764
2.83163 1.18607
2.84311 1.12313
2.8546 0.88817
2.86609 0.766568
2.87758 0.841534
2.88906 0.982864
2.90055 1.48827
2.91204 0.951063
2.92353 1.30748
2.93501 1.05004
2.9465 0.994691
2.95799 0.826145
2.96947 0.887643
2.98096 1.21561
2.99245 0.910659
3.00394 1.34028
3.01542 0.884701
3.02691 1.01697
3.0384 1.14346
3.04989 0.80759
3.06137 0.862332
3.07286 0.654274
3.08435 0.927939
3.09584 0.944783
3.10732 1.27994
3.11881 0.870292
3.1303 0.929943
3.14178 0.914625
3.15327 1.02795
3.16476 1.01585
3.17625 1.03416
3.18773 0.824449
3.19922 1.14418
3.21071 1.09202
3.2222 0.926258
3.23368 0.949143
3.24517 0.92022
3.25666 1.18916
3.26815 0.627924
3.27963 0.949614
3.29112 0.707967
3.30261 0.877452
3.31409 1.04223
3.32558 1.44168
3.33707 1.06949
3.34856 0.957078
3.36004 1.50786
3.37153 0.870266
3.38302 0.951131
3.39451 1.12488
3.40599 0.925946
3.41748 1.0412
3.42897 0.95242
3.44046 1.13455
3.45194 0.969791
3.46343 1.06899
3.47492 0.943796
3.4864 1.01486
3.49789 0.789685
3.50938 1.47864
3.52087 1.08375
3.53235 1.04959
3.54384 1.01707
3.55533 1.10136
3.56682 0.699396
3.5783 1.61731
3.58979 1.03773
3.60128 1.03608
3.61277 0.713822
3.62425 1.17789
3.63574 0.850301
3.64723 1.41465
3.65871 0.869419
3.6702 0.982672
3.68169 1.36512
3.69318 1.34851
3.70466 1.06114
3.71615 0.763249
3.72764 0.778265
3.73913 0.958443
3.75061 0.953283
3.7621 0.957866
3.77359 0.874704
3.78508 1.33337
3.79656 0.87412
3.80805 1.26162
3.81954 0.910213
3.83102 0.772533
3.84251 1.22081
3.854 0.935092
3.86549 0.606035
3.87697 0.560595
3.88846 1.18528
3.89995 1.18103
3.91144 1.37446
3.92292 1.21944
3.93441 1.29419
3.9459 1.03766
3.95739 1.12931
3.96887 0.96209
3.98036 0.563334
3.99185 0.99608
4.00333 1.11041
4.01482 0.792075
4.02631 0.726962
4.0378 1.07201
4.04928 0.860402
4.06077 0.953155
4.07226 1.10031
4.08375 0.902243
4.09523 1.21366
4.10672 1.00716
4.11821 1.10129
4.1297 0.910418
4.14118 0.969977
4.15267 1.10126
4.16416 0.892124
4.17564 0.835202
4.18713 1.04281
4.19862 0.946982
4.21011 1.20191
4.22159 1.29477
4.23308 1.07685
4.24457 1.05609
4.25606 1.38784
4.26754 0.917981
4.27903 0.90178
4.29052 1.03001
4.30201 0.924448
4.31349 0.971072
4.32498 0.904419
4.33647 1.03535
4.34795 1.0844
4.35944 0.839891
4.37093 0.918628
4.38242 1.07532
4.3939 0.977471
4.40539 1.01668
4.41688 1.02062
4.42837 0.834855
4.43985 0.601106
4.45134 1.18598
4.46283 0.926679
4.47432 1.35062
4.4858 0.970664
4.49729 1.0661
4.50878 0.760022
4.52026 1.00502
4.53175 1.07906
4.54324 1.05082
4.55473 1.14245
4.56621 0.913084
4.5777 0.957248
4.58919 0.983261
4.60068 1.09431
4.61216 0.908004
4.62365 0.975641
4.63514 1.08939
4.64663 1.09414
4.65811 0.883926
4.6696 1.17524
4.68109 0.715768
4.69257 1.07264
4.70406 0.854364
4.71555 1.14657
4.72704 0.796698
4.73852 0.809748
4.75001 1.10402
4.7615 0.800912
4.77299 1.11331
4.78447 0.811897
4.79596 1.29124
4.80745 0.798647
4.81894 0.956848
4.83042 1.04671
4.84191 0.852443
4.8534 0.636559
4.86488 1.16692
4.87637 0.864633
4.88786 1.05774
4.89935 1.05475
4.91083 1.00234
4.92232 1.20439
4.93381 0.995309
4.9453 1.36874
4.95678 0.964177
4.96827 1.05936
4.97976 1.14222
4.99125 1.18547
5.00273 1.24914
5.01422 0.746009
5.02571 0.868414
5.03719 1.09054
5.04868 1.18797
5.06017 0.996337
5.07166 1.03176
5.08314 1.02263
5.09463 0.897976
5.10612 1.04152
5.11761 1.03474
5.12909 1.04881
5.14058 1.23076
5.15207 1.05461
5.16356 0.905457
5.17504 0.924427
5.18653 1.19396
5.19802 0.942693
5.2095 0.984245
5.22099 0.765678
5.23248 0.84663
5.24397 1.1405
5.25545 1.20967
5.26694 0.789013
5.27843 0.987601
5.28992 0.729913
5.3014 0.851799
5.31289 1.07477
5.32438 1.01929
5.33587 1.15199
5.34735 0.710164
5.35884 1.12509
5.37033 0.890453
5.38181 0.881992
5.3933 0.984594
5.40479 1.07557
5.41628 1.64449
5.42776 0.830609
5.43925 1.20548
5.45074 0.919661
5.46223 1.03568
5.47371 0.635754
5.4852 1.15612
5.49669 1.24952
5.50817 0.833137
5.51966 0.979191
5.53115 0.799332
5.54264 0.774036
5.55412 0.939706
5.56561 0.927412
5.5771 1.24248
5.58859 0.916389
5.60007 0.943973
5.61156 0.930913
5.62305 1.17198
5.63454 0.891665
5.64602 1.2589
5.65751 1.04857
5.669 0.712316
5.68048 1.17112
5.69197 0.962452
5.70346 1.1022
5.71495 1.14456
5.72643 1.09899
5.73792 1.26003
