0.0600444 2.54665e-05
0.0785196 7.2084e-05
0.11547 0.000179442
0.124708 0.000173445
0.161658 0.00017684
0.170896 0.000468562
0.180133 0.00090781
0.207846 0.000947094
0.226321 0.00886099
0.235559 0.00159784
0.244797 0.00261041
0.254034 0.00339536
0.290985 0.0049046
0.30946 0.00455951
0.327935 0.0131412
0.337173 0.0190749
0.34641 0.000701739
0.355648 0.0733486
0.364885 0.0383255
0.374123 0.023232
0.383361 0.0387552
0.401836 0.0222068
0.411073 0.0399779
0.420311 0.0173896
0.438786 0.029921
0.448024 0.0450815
0.457261 0.0324375
0.466499 0.06286
0.475737 0.134766
0.494212 0.338402
0.512687 0.257684
0.521925 0.49086
0.531162 0.512944
0.5404 0.223895
0.549637 0.189647
0.568113 0.40423
0.57735 0.301605
0.586588 0.163723
0.595825 0.448087
0.605063 0.0813731
0.614301 0.606449
0.623538 0.525746
0.632776 0.268836
0.642013 0.472153
0.651251 0.142272
0.660489 0.653569
0.669726 0.21713
0.678964 0.254208
0.697439 0.423132
0.706677 0.254478
0.715914 0.316334
0.725152 0.349138
0.73439 1.13504
0.743627 1.30164
0.752865 0.880602
0.762102 1.6895
0.77134 0.710351
0.780578 0.621908
0.789815 0.793515
0.799053 0.177781
0.80829 0.375145
0.817528 0.31888
0.826766 0.370843
0.836003 0.385356
0.845241 0.583589
0.854478 0.286858
0.863716 0.599652
0.872954 0.849034
0.882191 0.901261
0.900666 1.39783
0.909904 2.35502
0.928379 2.02035
0.937617 3.67436
0.946854 1.06946
0.956092 2.06307
0.96533 1.88781
0.983805 0.946796
0.993042 0.967916
1.01152 0.74195
1.02076 0.352289
1.02999 0.456103
1.03923 0.415848
1.04847 0.956254
1.05771 0.477337
1.06694 0.344015
1.07618 0.444291
1.08542 0.666788
1.09466 0.90583
1.10389 0.978128
1.11313 1.20964
1.12237 1.00977
1.13161 1.79388
1.14084 1.12004
1.15008 0.699755
1.15932 1.41301
1.16856 1.38503
1.17779 1.28964
1.18703 0.810248
1.20551 0.908743
1.21474 1.1856
1.22398 1.0142
1.23322 0.987148
1.24246 1.46439
1.2517 0.524991
1.26093 0.735521
1.27017 0.851712
1.27941 0.937889
1.28865 0.846527
1.29788 0.795208
1.30712 0.485039
1.31636 1.34242
1.3256 1.07148
1.33483 1.4203
1.34407 1.0452
1.35331 0.924487
1.36255 1.65082
1.37178 1.36366
1.38102 1.14518
1.39026 1.17403
1.3995 1.62689
1.40873 1.71832
1.41797 0.899442
1.42721 1.16338
1.43645 2.0637
1.44569 0.859773
1.45492 1.24629
1.46416 1.27107
1.4734 1.24764
1.48264 0.841483
1.49187 0.902147
1.50111 0.834965
1.51035 0.587704
1.51959 0.892635
1.52882 1.03472
1.53806 1.31644
1.5473 1.44593
1.55654 0.727162
1.56577 1.22492
1.57501 1.30352
1.58425 1.0876
1.59349 1.52824
1.60272 1.51128
1.61196 2.01263
1.6212 1.24451
1.63044 1.50688
1.63967 1.19779
1.64891 1.27154
1.65815 1.00295
1.66739 0.774811
1.67663 1.11634
1.68586 0.923011
1.6951 1.23664
1.70434 0.767531
1.71358 1.05042
1.72281 0.540693
1.73205 1.42146
1.74129 1.57084
1.75053 1.54011
1.75976 1.23307
1.769 1.71681
1.77824 2.95433
1.78748 1.97241
1.79671 1.03632
1.80595 1.05571
1.81519 1.48952
1.82443 1.95396
1.83366 0.88917
1.8429 1.47268
1.85214 1.02126
1.86138 1.32529
1.87061 0.875092
1.87985 0.748104
1.88909 0.863171
1.89833 0.471249
1.90757 0.935343
1.9168 0.753814
1.92604 0.909832
1.93528 0.426833
1.94452 0.740877
1.95375 0.641151
1.96299 0.714855
1.97223 0.810169
1.98147 0.952801
1.9907 1.07487
1.99994 0.672723
2.00918 0.823455
2.01842 0.858039
2.02765 0.700581
2.03689 0.579867
2.04613 0.638173
2.05537 1.04003
2.0646 0.32102
2.07384 0.553368
2.08308 0.625122
2.09232 0.706836
2.10155 0.526128
2.11079 0.609274
2.12003 0.848421
2.12927 0.491705
2.13851 0.448466
2.14774 0.873961
2.15698 0.638811
2.16622 0.504213
2.17546 0.756497
2.18469 0.318941
2.19393 0.544955
2.20317 0.586272
2.21241 0.698067
2.22164 0.66013
2.23088 0.588777
2.24012 1.46525
2.24936 0.936847
2.25859 1.0228
2.26783 0.797015
2.27707 0.619106
2.28631 1.02965
2.29554 0.624109
2.30478 0.690179
2.31402 1.04536
2.32326 0.842171
2.3325 1.1751
2.34173 1.03839
2.35097 0.752282
2.36021 0.828509
2.36945 0.894888
2.37868 0.633659
2.38792 0.829778
2.39716 0.997913
2.4064 0.946487
2.41563 1.18273
2.42487 0.603439
2.43411 1.17848
2.44335 0.719925
2.45258 0.955939
2.46182 1.44943
2.47106 1.22254
2.4803 1.12864
2.48953 1.19429
2.49877 0.964697
2.50801 0.870641
2.51725 0.802957
2.52648 0.917842
2.53572 0.802203
2.54496 1.03451
2.5542 0.709986
2.56344 1.21321
2.57267 0.939935
2.58191 1.40384
2.59115 1.0753
2.60039 0.586382
2.60962 0.865199
2.61886 1.32385
2.6281 0.83632
2.63734 1.51036
2.64657 1.4611
2.65581 1.10826
2.66505 1.02833
2.67429 1.31621
2.68352 1.48742
2.69276 1.05192
2.702 1.24198
2.71124 1.19394
2.72047 1.42865
2.72971 0.905795
2.73895 1.284
2.74819 0.83737
2.75742 1.49542
2.76666 0.924095
2.7759 1.4347
2.78514 1.0324
2.79438 1.0784
2.80361 1.55915
2.81285 0.862641
2.82209 0.603174
2.83133 1.10439
2.84056 1.4252
2.8498 1.1228
2.85904 1.15669
2.86828 0.998534
2.87751 1.57542
2.88675 1.12885
2.89599 1.7915
2.90523 1.30159
2.91446 1.24686
2.9237 1.25955
2.93294 1.56809
2.94218 1.40385
2.95141 1.12352
2.96065 0.868857
2.96989 0.937346
2.97913 1.06283
2.98836 2.02392
2.9976 0.856972
3.00684 1.02681
3.01608 1.04988
3.02532 0.916472
3.03455 1.15789
3.04379 1.07145
3.05303 1.27674
3.06227 1.1469
3.0715 0.791882
3.08074 0.826951
3.08998 0.890478
3.09922 0.91682
3.10845 1.55877
3.11769 0.847935
3.12693 1.05138
3.13617 0.863334
3.1454 1.66652
3.15464 1.32041
3.16388 1.10566
3.17312 0.836328
3.18235 0.880976
3.19159 1.11091
3.20083 1.33934
3.21007 1.09987
3.21931 0.824828
3.22854 0.788818
3.23778 0.977942
3.24702 0.800102
3.25626 0.974252
3.26549 0.985786
3.27473 1.31887
3.28397 0.892969
3.29321 0.933008
3.30244 0.978925
3.31168 0.823262
3.32092 0.900981
3.33016 1.0127
3.33939 0.869609
3.34863 0.899527
3.35787 0.940055
3.36711 0.999919
3.37634 0.915251
3.38558 1.26369
3.39482 0.803964
3.40406 0.750131
3.41329 0.921927
3.42253 0.59981
3.43177 0.633568
3.44101 0.691341
3.45025 0.835455
3.45948 0.675241
3.46872 0.730017
3.47796 0.799737
3.4872 0.726174
3.49643 1.11562
3.50567 1.01564
3.51491 0.776208
3.52415 0.675657
3.53338 0.615004
3.54262 0.69933
3.55186 1.24391
3.5611 1.01409
3.57033 1.099
3.57957 1.10796
3.58881 0.815827
3.59805 0.826913
3.60728 0.775639
3.61652 0.900021
3.62576 0.788358
3.635 0.920269
3.64423 0.756686
3.65347 0.710133
3.66271 0.761655
3.67195 0.97314
3.68119 1.02873
3.69042 0.834501
3.69966 0.920164
3.7089 0.949509
3.71814 0.861234
3.72737 0.756331
3.73661 0.960176
3.74585 0.79247
3.75509 0.944699
3.76432 0.891304
3.77356 0.993016
3.7828 0.940653
3.79204 0.772992
3.80127 0.556577
3.81051 1.12916
3.81975 0.951628
3.82899 0.72851
3.83822 0.847132
3.84746 1.01904
3.8567 0.542226
3.86594 0.946251
3.87518 0.939488
3.88441 1.08527
3.89365 1.15446
3.90289 0.838576
3.91213 0.805312
3.92136 1.18091
3.9306 1.00129
3.93984 1.13616
3.94908 0.92349
3.95831 1.0528
3.96755 1.31804
3.97679 1.18673
3.98603 0.941723
3.99526 1.07382
4.0045 1.06072
4.01374 1.14673
4.02298 1.28376
4.03221 1.00832
4.04145 1.08011
4.05069 1.12458
4.05993 1.27471
4.06916 1.19856
4.0784 1.0651
4.08764 1.03493
4.09688 1.08218
4.10612 1.53121
4.11535 1.28689
4.12459 1.08208
4.13383 0.934171
4.14307 1.20176
4.1523 1.05421
4.16154 1.16421
4.17078 1.08333
4.18002 1.23135
4.18925 1.09316
4.19849 1.00978
4.20773 0.892022
4.21697 1.34018
4.2262 1.19259
4.23544 1.07626
4.24468 1.42747
4.25392 1.28348
4.26315 1.38155
4.27239 1.21956
4.28163 1.36123
4.29087 1.16381
4.3001 1.04948
4.30934 1.14001
4.31858 0.883318
4.32782 1.18114
4.33706 1.18523
4.34629 1.73193
4.35553 1.05344
4.36477 0.967062
4.37401 1.12772
4.38324 0.829624
4.39248 1.18188
4.40172 1.04712
4.41096 1.05929
4.42019 1.35619
4.42943 1.21643
4.43867 1.44806
4.44791 0.826024
4.45714 0.973664
4.46638 1.11838
4.47562 1.05837
4.48486 0.868728
4.49409 1.07567
4.50333 1.03484
4.51257 0.864751
4.52181 1.00033
4.53104 0.882678
4.54028 0.968943
4.54952 0.795373
4.55876 1.28679
4.568 1.01838
4.57723 0.844928
4.58647 0.740834
4.59571 0.846407
4.60495 0.795146
4.61418 0.850924
