0.0431094 0.390515
0.0563738 0.254203
0.0829027 0.301464
0.0895349 0.159477
0.116064 0.101434
0.122696 0.183446
0.129328 0.0554819
0.149225 0.0481227
0.162489 0.256317
0.169121 0.0454018
0.175754 0.0315478
0.182386 0.0452998
0.208915 0.138158
0.222179 0.094319
0.235444 0.0355924
0.242076 0.0439131
0.248708 0.399265
0.25534 0.0432158
0.261972 0.0679539
0.268605 0.0448011
0.275237 0.023621
0.288501 0.29044
0.295133 0.143882
0.301766 0.0469196
0.31503 0.0579526
0.321662 0.151296
0.328295 0.167986
0.334927 0.0938404
0.341559 0.105092
0.354823 0.0831152
0.368088 0.075647
0.37472 0.209389
0.381352 0.0572459
0.387984 0.123295
0.394617 0.0325785
0.407881 0.0761177
0.414513 0.226712
0.421146 0.103329
0.427778 0.0355415
0.43441 0.0335408
0.441042 0.0832428
0.447674 0.0816548
0.454307 0.507582
0.460939 0.0813834
0.467571 0.0783731
0.474203 0.106977
0.480835 0.0845298
0.487468 0.0273208
0.500732 0.228391
0.507364 0.0610601
0.513997 0.25531
0.520629 0.116968
0.527261 0.129554
0.533893 0.200271
0.540525 0.260083
0.547158 0.100475
0.55379 0.085635
0.560422 0.136223
0.567054 0.246102
0.573686 0.154588
0.580319 0.40318
0.586951 0.154258
0.593583 0.203507
0.600215 0.0542417
0.606848 0.140882
0.61348 0.302733
0.620112 0.265085
0.626744 0.767162
0.633376 0.256502
0.646641 0.489636
0.653273 0.498022
0.666537 0.837978
0.67317 0.900219
0.679802 1.27024
0.686434 0.619637
0.693066 1.01808
0.706331 1.13973
0.712963 0.938376
0.726227 1.28108
0.73286 0.930594
0.739492 1.45976
0.746124 0.884311
0.752756 0.650367
0.759388 0.877301
0.766021 0.545881
0.772653 1.64448
0.779285 1.58131
0.785917 0.906931
0.792549 0.841401
0.799182 0.915308
0.805814 1.08459
0.812446 1.97316
0.819078 0.560562
0.825711 1.09405
0.832343 0.687715
0.838975 1.45469
0.845607 1.24229
0.852239 0.738341
0.865504 0.861102
0.872136 0.584439
0.878768 0.612842
0.8854 0.85625
0.892033 0.33966
0.898665 0.432042
0.905297 0.177898
0.911929 0.61047
0.918562 0.277559
0.925194 0.645766
0.931826 0.277758
0.938458 0.486221
0.94509 0.257732
0.951723 0.345739
0.958355 0.146267
0.964987 0.40358
0.971619 0.408146
0.978251 0.279477
0.984884 0.458803
0.991516 0.274654
0.998148 0.309835
1.00478 0.528152
1.01141 0.674338
1.01804 0.506693
1.02468 0.410586
1.03131 0.434838
1.03794 0.50059
1.04457 0.612761
1.05121 0.424362
1.05784 0.772881
1.06447 0.380166
1.0711 1.73412
1.07773 0.577299
1.08437 0.626006
1.091 0.380697
1.09763 0.598585
1.10426 0.648951
1.1109 1.0222
1.11753 0.881475
1.12416 1.42203
1.13079 1.25314
1.13742 0.807302
1.14406 1.05637
1.15069 1.30872
1.15732 0.868864
1.16395 0.639523
1.17059 1.17968
1.17722 0.888272
1.18385 0.723645
1.19048 0.971091
1.19711 1.41989
1.20375 1.42279
1.21038 1.28799
1.21701 1.47914
1.22364 0.926167
1.23028 1.32054
1.23691 0.968275
1.24354 1.11941
1.25017 1.31223
1.2568 0.944405
1.26344 1.37791
1.27007 1.30722
1.2767 1.51533
1.28333 1.1307
1.28997 1.34614
1.2966 1.4123
1.30323 1.4347
1.30986 2.20217
1.31649 2.7702
1.32313 1.53359
1.32976 1.78352
1.33639 1.89964
1.34302 1.19143
1.34966 2.62068
1.35629 1.28386
1.36292 1.41502
1.36955 2.46055
1.37618 2.3019
1.38282 2.37522
1.38945 1.4632
1.39608 2.08005
1.40271 1.99512
1.40935 1.58758
1.41598 2.02757
1.42261 1.33704
1.42924 1.7264
1.43587 1.54817
1.44251 0.789002
1.44914 1.86689
1.45577 1.35682
1.4624 2.55836
1.46904 1.8169
1.47567 1.05931
1.4823 1.57325
1.48893 2.09354
1.49556 1.90763
1.5022 1.30314
1.50883 1.19084
1.51546 1.20806
1.52209 1.59221
1.52873 0.643998
1.53536 1.49023
1.54199 1.74938
1.54862 1.89186
1.55525 1.63266
1.56189 1.45699
1.56852 0.695683
1.57515 0.886824
1.58178 1.14109
1.58842 0.579879
1.59505 1.18723
1.60168 0.879269
1.60831 0.391073
1.61494 1.04596
1.62158 1.39331
1.62821 0.674701
1.63484 0.735966
1.64147 0.632632
1.64811 0.984482
1.65474 1.10899
1.66137 0.640462
1.668 0.697707
1.67463 0.823726
1.68127 0.614652
1.6879 0.689134
1.69453 0.56778
1.70116 0.506314
1.70779 0.667958
1.71443 0.579148
1.72106 0.643672
1.72769 0.622219
1.73432 0.742215
1.74096 0.535849
1.74759 0.457923
1.75422 0.697573
1.76085 0.51317
1.76748 0.77251
1.77412 0.38504
1.78075 0.488003
1.78738 0.502175
1.79401 0.424685
1.80065 0.409854
1.80728 0.571062
1.81391 0.408222
1.82054 0.544359
1.82717 0.535067
1.83381 0.511367
1.84044 0.407963
1.84707 0.770002
1.8537 0.566518
1.86034 0.424697
1.86697 0.74685
1.8736 0.873587
1.88023 0.46772
1.88686 0.550541
1.8935 0.522202
1.90013 0.69357
1.90676 0.702357
1.91339 0.672228
1.92003 0.714673
1.92666 0.694922
1.93329 0.62178
1.93992 0.883043
1.94655 0.771502
1.95319 0.481254
1.95982 0.76914
1.96645 0.738045
1.97308 0.622798
1.97972 0.812336
1.98635 0.429218
1.99298 0.80466
1.99961 0.72286
2.00624 0.615272
2.01288 0.685795
2.01951 0.782953
2.02614 0.780117
2.03277 0.971305
2.03941 0.76471
2.04604 0.867697
2.05267 1.07911
2.0593 0.840753
2.06593 1.05789
2.07257 1.05125
2.0792 1.118
2.08583 0.729538
2.09246 0.965418
2.0991 0.710056
2.10573 1.1465
2.11236 0.768125
2.11899 0.995317
2.12562 0.894952
2.13226 0.62162
2.13889 1.27504
2.14552 0.727983
2.15215 0.955287
2.15879 1.04974
2.16542 1.30256
2.17205 1.3245
2.17868 0.972454
2.18531 0.683829
2.19195 0.941099
2.19858 1.10498
2.20521 0.972295
2.21184 0.921141
2.21848 1.07359
2.22511 1.1712
2.23174 0.810986
2.23837 0.93267
2.245 1.48478
2.25164 1.50313
2.25827 1.06817
2.2649 1.17461
2.27153 1.38902
2.27817 0.78817
2.2848 0.824067
2.29143 1.0823
2.29806 1.23738
2.30469 0.755057
2.31133 1.089
2.31796 1.12719
2.32459 1.15309
2.33122 1.03665
2.33786 1.08093
2.34449 1.27654
2.35112 1.13258
2.35775 1.07522
2.36438 1.08614
2.37102 0.777212
2.37765 1.38117
2.38428 0.784667
2.39091 1.44871
2.39755 0.805777
2.40418 1.12935
2.41081 0.796926
2.41744 1.26378
2.42407 1.20072
2.43071 0.933525
2.43734 1.21534
2.44397 1.01499
2.4506 1.06481
2.45724 1.04343
2.46387 1.12348
2.4705 1.30291
2.47713 1.33102
2.48376 1.0603
2.4904 1.01018
2.49703 0.728956
2.50366 1.2276
2.51029 1.26901
2.51692 1.36757
2.52356 1.05474
2.53019 0.89978
2.53682 1.15581
2.54345 0.98288
2.55009 1.5168
2.55672 1.07047
2.56335 1.35628
2.56998 1.34911
2.57661 1.45203
2.58325 0.945171
2.58988 0.980944
2.59651 1.00317
2.60314 1.2788
2.60978 0.843469
2.61641 1.25043
2.62304 1.25382
2.62967 1.05534
2.6363 1.19218
2.64294 1.41387
2.64957 1.28668
2.6562 1.23722
2.66283 1.46593
2.66947 0.964087
2.6761 1.04859
2.68273 1.39592
2.68936 1.00155
2.69599 1.04292
2.70263 0.813368
2.70926 1.17847
2.71589 0.863449
2.72252 0.68595
2.72916 0.943504
2.73579 1.13342
2.74242 0.798269
2.74905 1.18904
2.75568 0.808344
2.76232 1.25265
2.76895 1.36691
2.77558 0.651611
2.78221 0.929394
2.78885 1.03748
2.79548 0.822888
2.80211 1.17382
2.80874 1.19744
2.81537 1.32309
2.82201 0.989412
2.82864 0.788558
2.83527 0.959768
2.8419 1.12149
2.84854 1.08804
2.85517 0.832551
2.8618 1.04151
2.86843 1.1365
2.87506 1.19146
2.8817 1.3959
2.88833 0.890429
2.89496 1.14803
2.90159 0.85766
2.90823 1.3123
2.91486 1.2867
2.92149 1.10189
2.92812 0.925556
2.93475 1.10364
2.94139 0.989286
2.94802 0.74239
2.95465 0.606493
2.96128 0.828905
2.96792 1.04057
2.97455 1.18502
2.98118 1.11126
2.98781 1.0999
2.99444 0.85944
3.00108 0.873889
3.00771 1.12443
3.01434 0.877004
3.02097 0.797465
3.02761 0.897268
3.03424 0.8656
3.04087 0.894003
3.0475 0.931508
3.05413 0.612694
3.06077 1.12395
3.0674 0.93124
3.07403 0.817086
3.08066 0.972282
3.0873 0.776649
3.09393 1.00696
3.10056 1.14834
3.10719 0.834909
3.11382 0.910386
3.12046 0.850623
3.12709 1.10544
3.13372 0.849312
3.14035 0.778668
3.14699 0.72617
3.15362 0.933853
3.16025 1.18445
3.16688 1.05188
3.17351 0.999005
3.18015 1.08646
3.18678 0.944837
3.19341 0.680719
3.20004 0.6866
3.20668 1.02246
3.21331 0.773318
3.21994 1.01856
3.22657 0.769774
3.2332 0.920024
3.23984 0.886598
3.24647 0.852147
3.2531 1.14804
3.25973 0.887848
3.26637 0.995716
3.273 1.38205
3.27963 1.05102
3.28626 1.11443
3.29289 1.0845
3.29953 1.38631
3.30616 0.771811
3.31279 1.19721
