0.0735391 0.0026103
0.0961665 0.000190236
0.141421 2.73039e-05
0.152735 0.000834077
0.19799 0.000504439
0.209304 0.000812443
0.220617 0.00054449
0.254558 0.00341459
0.277186 0.00984541
0.2885 0.00227555
0.299813 0.00826909
0.311127 0.0166077
0.356382 0.0220107
0.379009 0.0264366
0.401637 0.0319411
0.41295 0.0243287
0.424264 0.00542184
0.435578 0.0164416
0.446891 0.0209126
0.458205 0.00922719
0.469519 0.00968886
0.492146 0.00898039
0.50346 0.0223597
0.514774 0.0180536
0.537401 0.0594337
0.548715 0.0610681
0.560029 0.0762386
0.571342 0.0721074
0.582656 0.168802
0.605283 0.127368
0.627911 0.814417
0.639225 0.817089
0.650538 0.5319
0.661852 0.357297
0.673166 0.558072
0.695793 0.360354
0.707107 0.313828
0.71842 0.515843
0.729734 0.4203
0.741048 0.368663
0.752362 0.751563
0.763675 0.330702
0.774989 0.241138
0.786303 0.715278
0.797616 0.737136
0.80893 0.695277
0.820244 0.990766
0.831558 1.74774
0.854185 1.07996
0.865499 1.3277
0.876812 2.45758
0.888126 1.04291
0.89944 1.45468
0.910754 1.00982
0.922067 1.4868
0.933381 0.795379
0.944695 0.447007
0.956008 1.04439
0.967322 0.817942
0.978636 1.0463
0.989949 1.0519
1.00126 0.528298
1.01258 0.290232
1.02389 0.862934
1.0352 0.494702
1.04652 0.558297
1.05783 0.987693
1.06915 1.91445
1.08046 0.598836
1.10309 1.17048
1.1144 1.18495
1.13703 1.79563
1.14834 2.56714
1.15966 2.11716
1.17097 1.30293
1.18228 1.65283
1.20491 1.44711
1.21622 1.27612
1.23885 1.42987
1.25016 1.00919
1.26148 1.86108
1.27279 1.02458
1.28411 0.779454
1.29542 0.819244
1.30673 1.04244
1.31805 2.28972
1.32936 1.35655
1.34067 1.43023
1.35199 1.02479
1.3633 1.45505
1.37462 1.34193
1.38593 3.72873
1.39724 1.03631
1.40856 1.244
1.41987 1.54773
1.43118 1.45846
1.4425 1.62064
1.45381 1.41625
1.47644 1.31292
1.48775 1.21876
1.49907 1.15012
1.51038 0.515665
1.52169 1.01467
1.53301 0.757756
1.54432 0.508265
1.55563 0.807547
1.56695 0.387579
1.57826 0.795143
1.58958 0.787314
1.60089 0.844261
1.6122 0.679239
1.62352 0.668286
1.63483 0.801906
1.64614 0.57443
1.65746 1.04091
1.66877 1.13327
1.68009 1.12809
1.6914 0.904514
1.70271 0.601671
1.71403 0.376339
1.72534 0.970466
1.73665 0.373021
1.74797 0.590787
1.75928 0.931087
1.7706 0.7179
1.78191 0.429848
1.79322 0.94363
1.80454 0.653314
1.81585 0.44106
1.82716 0.282467
1.83848 0.80868
1.84979 0.997432
1.86111 0.635489
1.87242 0.416904
1.88373 0.381191
1.89505 0.725268
1.90636 0.864711
1.91767 1.13279
1.92899 0.843949
1.9403 1.01595
1.95161 0.93632
1.96293 1.70855
1.97424 0.996456
1.98556 0.807758
1.99687 0.769825
2.00818 0.801881
2.0195 1.20861
2.03081 1.36302
2.04212 1.04235
2.05344 1.28039
2.06475 1.20869
2.07607 1.12045
2.08738 1.02269
2.09869 1.04645
2.11001 1.24815
2.12132 0.944761
2.13263 1.16732
2.14395 0.343363
2.15526 0.973842
2.16658 0.570578
2.17789 1.09651
2.1892 1.83379
2.20052 1.02624
2.21183 1.3129
2.22314 1.15914
2.23446 1.14043
2.24577 1.37141
2.25708 1.43914
2.2684 1.08542
2.27971 1.61856
2.29103 1.3852
2.30234 0.941578
2.31365 0.890387
2.32497 1.65625
2.33628 1.14289
2.34759 0.91424
2.35891 0.933998
2.37022 0.539076
2.38154 1.14617
2.39285 0.470318
2.40416 0.948211
2.41548 1.16057
2.42679 0.768197
2.4381 0.957051
2.44942 1.32457
2.46073 1.0336
2.47205 0.888789
2.48336 0.707884
2.49467 1.05003
2.50599 0.551088
2.5173 0.465242
2.52861 0.849812
2.53993 1.01837
2.55124 0.912469
2.56255 0.551722
2.57387 1.0786
2.58518 0.951266
2.5965 1.28501
2.60781 0.983188
2.61912 0.736949
2.63044 0.986822
2.64175 1.25444
2.65306 0.845359
2.66438 1.56353
2.67569 1.03305
2.68701 1.21043
2.69832 1.93936
2.70963 0.652258
2.72095 1.08726
2.73226 1.17254
2.74357 1.24856
2.75489 1.17351
2.7662 1.27105
2.77752 1.10825
2.78883 1.05578
2.80014 1.2476
2.81146 1.31301
2.82277 0.970281
2.83408 0.848537
2.8454 1.22716
2.85671 1.27585
2.86803 0.953752
2.87934 0.465938
2.89065 1.33525
2.90197 0.933451
2.91328 0.854328
2.92459 0.928097
2.93591 0.789806
2.94722 0.987863
2.95853 0.735939
2.96985 0.67472
2.98116 1.11288
2.99248 0.26138
3.00379 0.935963
3.0151 1.22009
3.02642 0.927835
3.03773 1.01633
3.04904 0.627995
3.06036 0.618253
3.07167 0.561262
3.08299 0.609685
3.0943 1.06867
3.10561 0.835327
3.11693 0.750123
3.12824 0.983659
3.13955 0.784768
3.15087 1.15072
3.16218 0.870339
3.1735 1.2295
3.18481 1.05351
3.19612 0.887302
3.20744 1.0703
3.21875 1.18604
3.23006 0.745143
3.24138 0.957453
3.25269 0.89085
3.264 1.05781
3.27532 1.05795
3.28663 1.06886
3.29795 0.870296
3.30926 0.678833
3.32057 0.880687
3.33189 1.09575
3.3432 1.22627
3.35451 1.1739
3.36583 0.856001
3.37714 1.33617
3.38846 1.13188
3.39977 1.19554
3.41108 0.82017
3.4224 1.29584
3.43371 0.815662
3.44502 1.22457
3.45634 0.882813
3.46765 0.992822
3.47897 1.23995
3.49028 1.2986
3.50159 1.04836
3.51291 1.13279
3.52422 1.38502
3.53553 1.06105
3.54685 1.18741
3.55816 1.04087
3.56948 1.05119
3.58079 0.712264
3.5921 0.982429
3.60342 1.34312
3.61473 1.26656
3.62604 1.16129
3.63736 0.995798
3.64867 0.918561
3.65998 0.802707
3.6713 1.19866
3.68261 1.06082
3.69393 1.05318
3.70524 0.989372
3.71655 0.735403
3.72787 0.991557
3.73918 1.16225
3.75049 0.922764
3.76181 1.01484
3.77312 0.667837
3.78444 0.709984
3.79575 0.990157
3.80706 0.953114
3.81838 1.05651
3.82969 1.09665
3.841 0.698635
3.85232 0.995763
3.86363 0.805268
3.87495 1.02616
3.88626 0.933502
3.89757 0.741498
3.90889 0.682684
3.9202 0.797202
3.93151 0.969011
3.94283 1.07329
3.95414 0.647402
3.96545 1.07668
3.97677 1.04386
3.98808 1.14198
3.9994 1.29878
4.01071 1.44378
4.02202 1.11203
4.03334 1.07373
4.04465 0.938748
4.05596 1.04623
4.06728 0.803732
4.07859 0.959476
4.08991 0.867824
4.10122 1.25396
4.11253 1.02289
4.12385 0.722076
4.13516 0.989262
4.14647 1.12292
4.15779 1.09829
4.1691 1.01541
4.18042 0.981978
4.19173 1.02607
4.20304 1.12814
4.21436 0.829983
4.22567 0.820585
4.23698 0.83517
4.2483 1.10953
4.25961 0.87139
4.27092 0.789279
4.28224 0.736929
4.29355 0.971287
4.30487 0.844518
4.31618 1.0019
4.32749 1.43401
4.33881 0.795973
4.35012 1.37486
4.36143 1.16113
4.37275 0.888574
4.38406 1.06734
4.39538 0.752003
4.40669 1.02061
4.418 0.673163
4.42932 0.842087
4.44063 0.823475
4.45194 0.814996
4.46326 1.02939
4.47457 0.957315
4.48589 0.913747
4.4972 1.00656
4.50851 0.98461
4.51983 1.06034
4.53114 1.02049
4.54245 0.89839
4.55377 1.05467
4.56508 1.29876
4.5764 1.26418
4.58771 1.09247
4.59902 1.30024
4.61034 1.07244
4.62165 0.976817
4.63296 0.955136
4.64428 0.773254
4.65559 1.12721
4.6669 0.926997
4.67822 0.719161
4.68953 1.08708
4.70085 0.864991
4.71216 1.1598
4.72347 1.15327
4.73479 1.39844
4.7461 0.949176
4.75741 1.33207
4.76873 1.20899
4.78004 1.06386
4.79136 1.16276
4.80267 0.737654
4.81398 1.14446
4.8253 1.23369
4.83661 0.857385
4.84792 0.989394
4.85924 0.863583
4.87055 0.98252
4.88187 1.15668
4.89318 1.15238
4.90449 0.816903
4.91581 0.942978
4.92712 0.775589
4.93843 1.04391
4.94975 1.06475
4.96106 1.10895
4.97237 0.959314
4.98369 0.970687
4.995 1.18086
5.00632 0.912968
5.01763 0.94292
5.02894 1.17017
5.04026 0.700116
5.05157 1.0019
5.06288 0.775942
5.0742 0.675359
5.08551 0.852412
5.09683 0.878475
5.10814 0.903949
5.11945 0.928186
5.13077 0.918809
5.14208 0.973551
5.15339 1.06474
5.16471 0.782132
5.17602 0.911748
5.18734 1.00125
5.19865 0.933025
5.20996 1.00854
5.22128 0.699773
5.23259 1.0138
5.2439 1.32166
5.25522 0.974
5.26653 0.852811
5.27785 1.31182
5.28916 0.990877
5.30047 0.966412
5.31179 1.40407
5.3231 0.962697
5.33441 1.00556
5.34573 0.658067
5.35704 0.939181
5.36835 0.896373
5.37967 1.24551
5.39098 1.24257
5.4023 0.911542
5.41361 0.987758
5.42492 1.03269
5.43624 0.98572
5.44755 1.07669
5.45886 1.12842
5.47018 1.14827
5.48149 0.668186
5.49281 0.566136
5.50412 1.09043
5.51543 0.795347
5.52675 1.35655
5.53806 1.01031
5.54937 0.873067
5.56069 0.814565
5.572 1.10897
5.58332 1.41175
5.59463 1.08551
5.60594 1.09878
5.61726 0.901128
5.62857 0.963439
5.63988 0.959203
5.6512 0.975103
