0.0817101 0.0128168
0.106852 0.0075483
0.157135 0.050828
0.169706 0.0142807
0.219989 0.040997
0.23256 0.0607144
0.24513 0.0331103
0.282843 0.0510778
0.307984 0.0469314
0.320555 0.0468895
0.333126 0.0794788
0.345697 0.0970629
0.39598 0.15216
0.421121 0.0904171
0.446263 0.128771
0.458834 0.190597
0.471405 0.0894797
0.483975 0.222122
0.496546 0.183526
0.509117 0.112762
0.521688 0.302603
0.546829 0.325765
0.5594 0.275071
0.571971 0.233829
0.597112 0.164964
0.609683 0.242322
0.622254 0.507653
0.634825 0.5045
0.647396 0.153167
0.672537 0.265275
0.697679 0.598298
0.710249 0.245104
0.72282 0.623983
0.735391 0.732169
0.747962 0.447928
0.773103 0.657504
0.785674 0.70066
0.798245 1.02461
0.810816 0.597885
0.823387 0.441748
0.835957 0.0457178
0.848528 0.509303
0.861099 0.303235
0.87367 1.33505
0.88624 1.18289
0.898811 1.27157
0.911382 1.81561
0.923953 0.846749
0.949094 1.67168
0.961665 0.883009
0.974236 1.37892
0.986807 1.39765
0.999378 0.888812
1.01195 0.763064
1.02452 0.664375
1.03709 1.71794
1.04966 1.10643
1.06223 0.655275
1.0748 0.947627
1.08737 0.738956
1.09994 1.12678
1.11251 1.19169
1.12509 1.27946
1.13766 2.76828
1.15023 1.39059
1.1628 1.07972
1.17537 1.42867
1.18794 0.701347
1.20051 0.693222
1.22565 1.25529
1.23822 0.659995
1.26336 0.89726
1.27593 0.670755
1.28851 1.99849
1.30108 0.772628
1.31365 0.982495
1.33879 1.05878
1.35136 0.821556
1.3765 1.42091
1.38907 1.46313
1.40164 0.527649
1.41421 1.31915
1.42678 2.07995
1.43936 0.910886
1.45193 1.37406
1.4645 1.11006
1.47707 1.11986
1.48964 1.35867
1.50221 0.503928
1.51478 1.6235
1.52735 1.25681
1.53992 0.90551
1.55249 1.48731
1.56506 0.949793
1.57763 2.03815
1.5902 1.7376
1.60278 1.2598
1.61535 1.24669
1.64049 1.69343
1.65306 0.915761
1.66563 1.75899
1.6782 0.862557
1.69077 0.716205
1.70334 0.782084
1.71591 1.31522
1.72848 0.776847
1.74105 1.85929
1.75362 1.45481
1.7662 0.363478
1.77877 0.852765
1.79134 0.868346
1.80391 1.13423
1.81648 1.07032
1.82905 1.21795
1.84162 1.12901
1.85419 0.999004
1.86676 0.991286
1.87933 1.05725
1.8919 1.14855
1.90447 0.829576
1.91705 0.570363
1.92962 0.95561
1.94219 1.10088
1.95476 0.276599
1.96733 0.582619
1.9799 1.23141
1.99247 0.373762
2.00504 0.655417
2.01761 1.07213
2.03018 0.612486
2.04275 0.660858
2.05532 0.901544
2.06789 0.610365
2.08047 0.539464
2.09304 0.577592
2.10561 0.516472
2.11818 0.452587
2.13075 0.657756
2.14332 0.436706
2.15589 0.952792
2.16846 0.721465
2.18103 0.688928
2.1936 0.612721
2.20617 0.400542
2.21874 0.814184
2.23131 0.826673
2.24389 0.450383
2.25646 0.693648
2.26903 1.23041
2.2816 0.742882
2.29417 0.948536
2.30674 0.927848
2.31931 0.846891
2.33188 0.769186
2.34445 0.659184
2.35702 0.973729
2.36959 0.866552
2.38216 0.508242
2.39473 0.80777
2.40731 1.0913
2.41988 0.634968
2.43245 0.902811
2.44502 0.959695
2.45759 1.40078
2.47016 1.16032
2.48273 1.31386
2.4953 1.05591
2.50787 1.39321
2.52044 0.856894
2.53301 0.837115
2.54558 0.979451
2.55816 1.38471
2.57073 1.14991
2.5833 1.15133
2.59587 1.41788
2.60844 1.34372
2.62101 1.1895
2.63358 0.942984
2.64615 0.89585
2.65872 1.40231
2.67129 1.44389
2.68386 1.7257
2.69643 1.32959
2.709 1.4531
2.72158 1.71002
2.73415 1.35278
2.74672 1.13134
2.75929 1.19378
2.77186 1.22839
2.78443 1.43393
2.797 1.30027
2.80957 1.24395
2.82214 1.55516
2.83471 1.14993
2.84728 1.18331
2.85985 1.1475
2.87242 1.1697
2.885 1.10132
2.89757 1.349
2.91014 1.19166
2.92271 1.47704
2.93528 1.21882
2.94785 1.14397
2.96042 0.876634
2.97299 1.30531
2.98556 1.02463
2.99813 0.820827
3.0107 1.08255
3.02327 0.867827
3.03585 1.10046
3.04842 1.17471
3.06099 1.26052
3.07356 1.26846
3.08613 0.944747
3.0987 0.737878
3.11127 0.827545
3.12384 1.0967
3.13641 0.907406
3.14898 0.628528
3.16155 0.863613
3.17412 0.733895
3.18669 0.825691
3.19927 1.06632
3.21184 0.724975
3.22441 0.669556
3.23698 0.95898
3.24955 0.616209
3.26212 0.661256
3.27469 0.743643
3.28726 0.660506
3.29983 0.740775
3.3124 0.921362
3.32497 1.28595
3.33754 0.568006
3.35011 0.805647
3.36269 0.891464
3.37526 0.675779
3.38783 0.671203
3.4004 0.833514
3.41297 0.482202
3.42554 0.771764
3.43811 0.62033
3.45068 0.832471
3.46325 0.83427
3.47582 0.846343
3.48839 0.963148
3.50096 0.622614
3.51354 0.761341
3.52611 0.600696
3.53868 0.763537
3.55125 1.05955
3.56382 0.641276
3.57639 1.04463
3.58896 1.2395
3.60153 1.08273
3.6141 1.10013
3.62667 0.695309
3.63924 0.709089
3.65181 1.11124
3.66438 0.555225
3.67696 1.10891
3.68953 1.13635
3.7021 1.23811
3.71467 0.943621
3.72724 1.278
3.73981 0.560472
3.75238 0.888147
3.76495 1.20024
3.77752 1.05127
3.79009 1.00335
3.80266 1.19578
3.81523 0.90333
3.8278 0.917921
3.84038 1.71318
3.85295 0.995375
3.86552 0.731801
3.87809 0.898669
3.89066 1.01921
3.90323 1.0352
3.9158 1.05684
3.92837 1.14401
3.94094 1.45834
3.95351 0.944564
3.96608 1.03477
3.97865 1.53769
3.99122 0.496886
4.0038 1.35661
4.01637 0.837184
4.02894 1.38267
4.04151 1.30292
4.05408 1.00484
4.06665 1.10997
4.07922 1.09675
4.09179 1.11857
4.10436 2.28574
4.11693 1.15376
4.1295 1.3201
4.14207 1.74604
4.15465 1.47644
4.16722 1.18688
4.17979 1.03561
4.19236 1.44046
4.20493 1.2496
4.2175 1.05504
4.23007 1.06136
4.24264 0.915901
4.25521 1.28291
4.26778 1.14603
4.28035 1.52649
4.29292 1.01857
4.30549 0.833846
4.31807 0.918562
4.33064 0.991507
4.34321 1.05252
4.35578 1.04694
4.36835 1.37978
4.38092 0.884976
4.39349 0.769124
4.40606 0.790025
4.41863 1.00476
4.4312 0.674294
4.44377 0.954674
4.45634 0.71
4.46891 0.912692
4.48149 0.639103
4.49406 0.741533
4.50663 0.868832
4.5192 0.986052
4.53177 1.08579
4.54434 1.11687
4.55691 0.691481
4.56948 0.966589
4.58205 0.910446
4.59462 0.968137
4.60719 0.797731
4.61976 0.686292
4.63234 0.798707
4.64491 0.862014
4.65748 0.640789
4.67005 0.746698
4.68262 0.91911
4.69519 0.792916
4.70776 0.743216
4.72033 0.772967
4.7329 0.843129
4.74547 0.720638
4.75804 1.1522
4.77061 0.705146
4.78318 1.18954
4.79576 0.782028
4.80833 0.6341
4.8209 0.78064
4.83347 1.09085
4.84604 0.840411
4.85861 0.701334
4.87118 0.703458
4.88375 0.954535
4.89632 0.967252
4.90889 0.631044
4.92146 0.895113
4.93403 0.814292
4.9466 0.968376
4.95918 1.01873
4.97175 0.986403
4.98432 0.920519
4.99689 0.622119
5.00946 1.15564
5.02203 0.907873
5.0346 0.956392
5.04717 0.922363
5.05974 1.307
5.07231 1.01738
5.08488 1.05427
5.09745 1.32271
5.11003 1.14297
5.1226 0.886848
5.13517 1.12879
5.14774 1.12155
5.16031 1.66975
5.17288 0.966297
5.18545 0.86426
5.19802 1.27659
5.21059 1.11682
5.22316 1.30736
5.23573 1.20898
5.2483 1.17633
5.26087 0.766629
5.27345 0.935308
5.28602 1.032
5.29859 1.11335
5.31116 1.02935
5.32373 1.39101
5.3363 1.22208
5.34887 1.16979
5.36144 1.4464
5.37401 1.10127
5.38658 1.642
5.39915 1.56548
5.41172 1.21744
5.42429 1.33066
5.43687 0.898278
5.44944 1.34401
5.46201 1.05867
5.47458 1.15092
5.48715 1.18996
5.49972 1.12202
5.51229 1.14592
5.52486 1.14175
5.53743 0.907571
5.55 0.94963
5.56257 1.12341
5.57514 0.934135
5.58771 0.927991
5.60029 1.12584
5.61286 0.890423
5.62543 0.847618
5.638 1.11086
5.65057 0.933339
5.66314 1.02905
5.67571 1.09408
5.68828 1.2074
5.70085 0.914577
5.71342 1.12312
5.72599 0.893724
5.73856 1.00272
5.75114 0.938436
5.76371 1.01389
5.77628 1.08983
5.78885 0.796439
5.80142 0.762987
5.81399 1.06596
5.82656 0.93645
5.83913 0.795008
5.8517 0.744179
5.86427 0.947145
5.87684 0.898563
5.88941 0.808914
5.90198 1.0157
5.91456 0.948257
5.92713 0.622018
5.9397 0.904398
5.95227 1.01953
5.96484 0.666714
5.97741 0.677136
5.98998 0.625702
6.00255 0.740496
6.01512 0.656338
6.02769 0.565895
6.04026 0.723897
6.05283 1.15104
6.0654 0.856513
6.07798 0.901043
6.09055 0.746758
6.10312 0.544683
6.11569 0.993954
6.12826 1.44929
6.14083 0.929822
6.1534 0.99495
6.16597 0.79342
6.17854 0.952499
6.19111 0.656513
6.20368 1.60367
6.21625 0.801645
6.22883 0.764781
6.2414 1.05627
6.25397 0.701208
6.26654 1.11575
6.27911 0.946695
