0.0530033 0.301844
0.069312 0.11197
0.101929 0.346211
0.110084 0.141069
0.142701 0.14445
0.150856 0.242369
0.15901 0.0616946
0.183473 0.0866217
0.199782 0.280946
0.207936 0.0756819
0.21609 0.00568125
0.224245 0.0538475
0.256862 0.0636904
0.273171 0.0327802
0.28948 0.041734
0.297634 0.0384206
0.305788 0.246803
0.313943 0.0358196
0.322097 0.0335244
0.330251 0.069788
0.338406 0.0246377
0.354714 0.293783
0.362869 0.0650072
0.371023 0.0555517
0.387332 0.0450165
0.395486 0.0776202
0.403641 0.291695
0.411795 0.0482173
0.419949 0.0457594
0.436258 0.0674792
0.452567 0.0623895
0.460721 0.173067
0.468875 0.0543102
0.47703 0.100635
0.485184 0.0565703
0.501493 0.0476954
0.509647 0.142926
0.517802 0.0407095
0.525956 0.106151
0.53411 0.0499509
0.542265 0.0643139
0.550419 0.0516596
0.558573 0.349928
0.566728 0.110815
0.574882 0.0504845
0.583036 0.0554998
0.591191 0.0978727
0.599345 0.13286
0.615654 0.271262
0.623808 0.303756
0.631963 0.217389
0.640117 0.412766
0.648271 0.547367
0.656426 2.07076
0.66458 2.7667
0.672734 0.617283
0.680889 0.272015
0.689043 0.47859
0.697197 0.460149
0.705352 0.09022
0.713506 0.333773
0.72166 0.296379
0.729815 0.37566
0.737969 0.333452
0.746123 0.18044
0.754278 0.358014
0.762432 0.26457
0.770587 0.162748
0.778741 0.341507
0.79505 0.582734
0.803204 0.192305
0.819513 2.63148
0.827667 2.71354
0.835821 0.261314
0.843976 0.25819
0.85213 0.497266
0.868439 0.378425
0.876593 0.441012
0.892902 0.35767
0.901056 0.464342
0.909211 0.198482
0.917365 0.223473
0.925519 0.221056
0.933674 0.352177
0.941828 0.535723
0.949982 0.27069
0.958137 0.274502
0.966291 0.31183
0.974445 0.303291
0.9826 0.302909
0.990754 0.26864
0.998908 0.0922374
1.00706 0.60473
1.01522 0.238916
1.02337 0.419787
1.03153 0.476593
1.03968 0.223269
1.04783 0.597134
1.06414 0.465578
1.0723 0.54217
1.08045 0.36762
1.08861 0.546644
1.09676 0.403321
1.10492 0.988353
1.11307 0.19379
1.12122 0.641919
1.12938 1.01221
1.13753 0.645027
1.14569 0.435505
1.15384 0.274657
1.162 0.703479
1.17015 0.353436
1.1783 0.572781
1.18646 1.3089
1.19461 0.367664
1.20277 0.199761
1.21092 1.15158
1.21908 0.502301
1.22723 0.656691
1.23538 7.04518
1.24354 0.565807
1.25169 1.08443
1.25985 3.24592
1.268 0.452589
1.27616 0.96077
1.28431 1.19584
1.29247 0.853409
1.30062 0.969561
1.30877 1.18751
1.31693 1.00254
1.32508 2.32212
1.33324 8.87859
1.34139 1.08475
1.34955 1.41565
1.3577 1.74104
1.36585 1.83603
1.37401 1.3164
1.38216 0.639044
1.39032 1.27747
1.39847 1.28385
1.40663 0.533623
1.41478 11.768
1.42293 0.770221
1.43109 0.738033
1.43924 0.935697
1.4474 0.549571
1.45555 1.28271
1.46371 3.05876
1.47186 0.596767
1.48002 2.54906
1.48817 0.544723
1.49632 0.540814
1.50448 8.76815
1.51263 1.10838
1.52079 0.757444
1.52894 0.664642
1.5371 1.01693
1.54525 0.346438
1.5534 0.78745
1.56156 0.596226
1.56971 0.792442
1.57787 0.706304
1.58602 0.85374
1.59418 0.649424
1.60233 0.60822
1.61049 0.405358
1.61864 0.947032
1.62679 0.564929
1.63495 0.688553
1.6431 1.40173
1.65126 0.562309
1.65941 0.962995
1.66757 0.550026
1.67572 0.694289
1.68387 0.536022
1.69203 0.561465
1.70018 0.526953
1.70834 0.325417
1.71649 0.748901
1.72465 0.294315
1.7328 0.498825
1.74095 0.44864
1.74911 0.0950854
1.75726 0.383892
1.76542 0.499602
1.77357 0.440963
1.78173 0.505251
1.78988 0.444653
1.79804 0.305791
1.80619 0.459586
1.81434 1.09274
1.8225 0.231253
1.83065 0.287973
1.83881 0.655154
1.84696 0.401305
1.85512 1.02233
1.86327 0.863867
1.87142 0.530427
1.87958 0.333293
1.88773 1.05456
1.89589 0.437098
1.90404 0.386087
1.9122 0.554953
1.92035 0.82498
1.9285 0.768998
1.93666 1.30576
1.94481 0.833134
1.95297 0.841527
1.96112 1.05839
1.96928 0.920048
1.97743 1.69762
1.98559 2.08185
1.99374 0.82437
2.00189 0.545294
2.01005 0.610934
2.0182 0.839059
2.02636 0.608258
2.03451 0.768501
2.04267 0.357664
2.05082 0.560656
2.05897 0.506032
2.06713 0.93427
2.07528 0.641019
2.08344 0.916367
2.09159 0.523746
2.09975 0.657638
2.1079 0.765078
2.11606 1.87622
2.12421 1.45313
2.13236 0.658631
2.14052 1.42046
2.14867 0.486031
2.15683 3.94979
2.16498 0.663952
2.17314 0.290068
2.18129 0.671547
2.18944 0.943526
2.1976 0.48928
2.20575 0.969135
2.21391 0.587308
2.22206 1.46954
2.23022 1.04653
2.23837 0.515845
2.24652 0.939118
2.25468 0.691187
2.26283 0.50523
2.27099 0.395907
2.27914 1.23435
2.2873 1.82424
2.29545 2.66711
2.30361 1.21103
2.31176 0.470725
2.31991 0.763395
2.32807 0.669134
2.33622 0.788013
2.34438 0.983335
2.35253 0.601894
2.36069 0.497621
2.36884 0.570163
2.37699 0.470677
2.38515 0.609759
2.3933 1.09472
2.40146 1.20489
2.40961 0.431501
2.41777 1.01997
2.42592 1.26426
2.43407 0.926841
2.44223 0.961214
2.45038 4.60869
2.45854 2.06018
2.46669 2.62307
2.47485 0.618264
2.483 0.929755
2.49116 1.56102
2.49931 1.60229
2.50746 0.860545
2.51562 0.746246
2.52377 0.908352
2.53193 1.06036
2.54008 0.749159
2.54824 0.844543
2.55639 1.5083
2.56454 0.886576
2.5727 0.912315
2.58085 0.66925
2.58901 0.927926
2.59716 1.6567
2.60532 1.11632
2.61347 0.68168
2.62163 0.983345
2.62978 1.62421
2.63793 2.39318
2.64609 1.63779
2.65424 1.7059
2.6624 0.515159
2.67055 1.29394
2.67871 0.849315
2.68686 0.637409
2.69501 1.25024
2.70317 0.682539
2.71132 0.873132
2.71948 0.914368
2.72763 0.761997
2.73579 0.928894
2.74394 0.717433
2.75209 0.949798
2.76025 0.964621
2.7684 1.75332
2.77656 1.42558
2.78471 0.861949
2.79287 0.479374
2.80102 0.664228
2.80918 0.501183
2.81733 0.907849
2.82548 0.829868
2.83364 1.37018
2.84179 0.685484
2.84995 0.850035
2.8581 0.685902
2.86626 0.68826
2.87441 0.603198
2.88256 0.510818
2.89072 1.10348
2.89887 1.34437
2.90703 0.44961
2.91518 1.80602
2.92334 0.864221
2.93149 0.780117
2.93965 1.39866
2.9478 0.891147
2.95595 0.75632
2.96411 0.975204
2.97226 0.506727
2.98042 0.609386
2.98857 0.777022
2.99673 0.738144
3.00488 0.739723
3.01303 1.09822
3.02119 0.974307
3.02934 1.07112
3.0375 0.806316
3.04565 1.46077
3.05381 1.37729
3.06196 0.874435
3.07011 1.2111
3.07827 1.04491
3.08642 0.769681
3.09458 1.5175
3.10273 0.825355
3.11089 1.3835
3.11904 0.814786
3.1272 0.642333
3.13535 1.28586
3.1435 0.814954
3.15166 1.05388
3.15981 0.892399
3.16797 0.80455
3.17612 0.7789
3.18428 0.783684
3.19243 0.939862
3.20058 1.14687
3.20874 0.814581
3.21689 1.13139
3.22505 0.728703
3.2332 1.56373
3.24136 0.642808
3.24951 1.22442
3.25766 1.68474
3.26582 0.989716
3.27397 1.2806
3.28213 0.908894
3.29028 0.789368
3.29844 1.00363
3.30659 0.970656
3.31475 0.876139
3.3229 0.818768
3.33105 0.676891
3.33921 0.549591
3.34736 1.04815
3.35552 0.895627
3.36367 0.71121
3.37183 1.00742
3.37998 0.809651
3.38813 1.23215
3.39629 0.865139
3.40444 1.26843
3.4126 1.30584
3.42075 0.767434
3.42891 1.29245
3.43706 0.909094
3.44522 1.54984
3.45337 0.862181
3.46152 1.3005
3.46968 0.906924
3.47783 0.822163
3.48599 0.697162
3.49414 0.814484
3.5023 0.823832
3.51045 0.910979
3.5186 1.04625
3.52676 0.646766
3.53491 0.708843
3.54307 1.44644
3.55122 0.878316
3.55938 0.886248
3.56753 1.36093
3.57568 1.40392
3.58384 1.08401
3.59199 0.778645
3.60015 1.00239
3.6083 1.42003
3.61646 1.10077
3.62461 0.978157
3.63277 0.569619
3.64092 1.40187
3.64907 0.787678
3.65723 0.969277
3.66538 1.0585
3.67354 0.77183
3.68169 1.22827
3.68985 0.745995
3.698 1.51661
3.70615 1.5613
3.71431 1.19614
3.72246 0.961819
3.73062 1.11803
3.73877 1.44439
3.74693 1.54888
3.75508 0.835503
3.76323 0.954622
3.77139 0.945757
3.77954 1.21555
3.7877 1.06277
3.79585 0.804933
3.80401 1.04149
3.81216 1.01914
3.82032 1.138
3.82847 0.747453
3.83662 0.943527
3.84478 0.651032
3.85293 0.884349
3.86109 1.13437
3.86924 1.21417
3.8774 1.05691
3.88555 1.09561
3.8937 0.932755
3.90186 0.954698
3.91001 1.41315
3.91817 0.837841
3.92632 0.800638
3.93448 0.850161
3.94263 1.26727
3.95079 0.90996
3.95894 1.17987
3.96709 0.934635
3.97525 1.45675
3.9834 1.20148
3.99156 1.04864
3.99971 0.940901
4.00787 1.91522
4.01602 1.09133
4.02417 0.893814
4.03233 0.742626
4.04048 1.10886
4.04864 1.3051
4.05679 1.10814
4.06495 0.775424
4.0731 0.727144
