0.984086333333 0.563986666667
0.910147333333 0.419646666667
0.860764333333 0.985449666667
0.381926666667 0.984243333333
0.563689 0.995305666667
0.480744 0.988968
0.1784834 0.985703333333
0.815251333333 0.922724666667
0.802084 0.978815333333
0.832215333333 0.954548666667
0.833641666667 0.894157666667
0.876885333333 0.863385333333
0.872440666667 0.895496666667
0.0112613066667 0.183701566667
0.962983333333 0.392989666667
0.945196666667 0.416078666667
0.982915333333 0.460484333333
0.894426 0.918497666667
0.912403666667 0.967701333333
0.872591 0.948982666667
0.954805 0.950447
0.936923333333 0.917660666667
0.931499 0.753632333333
0.931573666667 0.719945
0.187127 0.554307333333
0.411991666667 0.961163333333
0.445888666667 0.974908333333
0.450248666667 0.943651666667
0.484145666667 0.957396666667
0.578705333333 0.978801
0.0257421633333 0.839470333333
0.71592 0.980700666667
0.761141333333 0.971759333333
0.667582333333 0.529685666667
0.835144333333 0.843122
0.813831666667 0.859826666667
0.824151 0.804471666667
0.0220815333333 0.1096279
0.0405683 0.147163
0.362361 0.02697192
0.887410666667 0.397250666667
0.963639 0.507089666667
0.948558 0.470403666667
0.958592333333 0.596069333333
0.947139333333 0.560966666667
0.913420333333 0.557487333333
0.677432333333 0.344363666667
0.688851666667 0.381291
0.585628333333 0.565652
0.456308666667 0.544473
0.425824 0.525162333333
0.627101333333 0.309580333333
0.640953 0.335848666667
0.439406333333 0.00639167666667
0.898835666667 0.849385333333
0.894105666667 0.766034333333
0.85068 0.790392666667
0.857709 0.758397
0.883623666667 0.815043
0.904105 0.799658666667
0.956586 0.668938333333
0.962675333333 0.70693
0.974726 0.629384666667
0.980815333333 0.667376333333
0.125801833333 0.602578666667
0.105073733333 0.635303333333
0.0239139666667 0.580063666667
0.0485038666667 0.608244
0.0849262333333 0.482055
0.0645429 0.574793333333
0.039953 0.546613
0.582362333333 0.732788666667
0.554271 0.739133
0.538245 0.704090333333
0.201182333333 0.585731333333
0.0343496533333 0.455192
0.0109034933333 0.41539
0.0258457866667 0.510615333333
0.0453731866667 0.487091666667
0.00164969 0.535266666667
0.00612305 0.631764333333
0.00980675333333 0.544066
0.515313333333 0.94023
0.544846333333 0.95524
0.0409177666667 0.904611
0.0535575333333 0.871847333333
0.183805666667 0.94009
0.252366333333 0.962046
0.220639 0.967394
0.739010666667 0.501907333333
0.698730666667 0.462903666667
0.701234333333 0.498582333333
0.843888333333 0.728446333333
0.810568 0.658704333333
0.792799333333 0.787432666667
0.0952052333333 0.0257548066667
0.229106 0.0142544366667
0.357352333333 0.00699222666667
0.132561333333 0.0439141066667
0.01058144 0.266133333333
0.987926666667 0.248446
0.883885666667 0.349067666667
0.899715 0.324101
0.813794333333 0.517593666667
0.847938333333 0.532836
0.870763 0.510951666667
0.90286 0.521540333333
0.869233333333 0.474421333333
0.90282 0.461493666667
0.921498 0.488333666667
0.925601333333 0.643373333333
0.927042333333 0.614119
0.898441 0.588706666667
0.865056 0.574644
0.844968 0.598692666667
0.855877666667 0.422397333333
0.845027666667 0.457721
0.664751666667 0.456806
0.491422 0.535147
0.522709666667 0.562160666667
0.549347333333 0.550719
0.592512333333 0.303604666667
0.502913 0.369726666667
0.561608333333 0.324329666667
0.534739333333 0.300512666667
0.454774 0.324992333333
0.506706 0.305194333333
0.490601666667 0.331810333333
0.344239666667 0.205224
0.482615 0.00963514666667
0.405569666667 0.03021539
0.430010333333 0.0480187333333
0.568331333333 0.0343455566667
0.544692 0.0637163333333
0.511842333333 0.0617509333333
0.527837666667 0.0178475566667
0.485906 0.0366926666667
0.953233 0.88214
0.932208666667 0.852494333333
0.975414333333 0.835395666667
0.957843 0.788737
0.935203666667 0.819066333333
0.1228495 0.568058666667
0.0918170666667 0.552182
0.152063333333 0.540218
0.102976566667 0.502956
0.523674 0.793577
0.531865333333 0.763677
0.400651333333 0.736385
0.503405333333 0.710395
0.499784 0.743315333333
0.463537 0.748157333333
0.470953 0.686083666667
0.430157666667 0.722311333333
0.433952333333 0.693158
0.390201 0.795431
0.411131666667 0.769741666667
0.453072 0.773907333333
0.470996666667 0.82651
0.481127666667 0.798965333333
0.439799333333 0.918003666667
0.460304666667 0.891049666667
0.368506666667 0.949588
0.291188 0.960497666667
0.322402333333 0.969370333333
0.155343333333 0.615497666667
0.182672333333 0.615364
0.134615233333 0.648222333333
0.471655333333 0.653876333333
0.457867666667 0.580469
0.144145666667 0.479725333333
0.1622 0.501110666667
0.441216666667 0.354159666667
0.474550333333 0.382562666667
0.326022666667 0.414907333333
0.0742221666667 0.802936333333
0.0684801666667 0.770601
0.03856073 0.808461
0.03281873 0.776125666667
0.0478275666667 0.635242
0.0741709333333 0.650392666667
0.0195539633333 0.69476
0.0298066966667 0.734150333333
0.0701614333333 0.9206
0.0774639666667 0.971832666667
0.0556410666667 0.953532333333
0.115651266667 0.912649
0.121315066667 0.964649333333
0.144982 0.938398
0.730402 0.717546333333
0.751611333333 0.746792
0.782212333333 0.747417666667
0.790837333333 0.684525666667
0.802017666667 0.718207333333
0.702250333333 0.726208
0.651853333333 0.704022
0.681740666667 0.695833333333
0.677240333333 0.562284333333
0.655784 0.594456
0.666743 0.626872333333
0.561739333333 0.674153
0.596506 0.603953333333
0.626024 0.610840333333
0.596451333333 0.687180666667
0.627801333333 0.675906
0.636983 0.643256666667
0.734047666667 0.785770666667
0.688537 0.959078333333
0.101544833333 0.0652024333333
0.0376101333333 0.0725338333333
0.0641887333333 0.0470431333333
0.0560969 0.110068933333
0.0884781666667 0.0999344666667
0.270544 0.02813333
0.321745 0.0414513633333
0.188901333333 0.0423197066667
0.161261333333 0.0617310733333
0.312022666667 0.188647
0.304443666667 0.145238333333
0.0307657666667 0.229426
0.0499324 0.184529333333
0.0653110333333 0.430982666667
0.0954903333333 0.442115333333
0.0995618333333 0.298995666667
0.0818926666667 0.260784333333
0.0502437 0.265395666667
0.640903333333 0.274977333333
0.709306666667 0.219124
0.707281 0.280290333333
0.671334666667 0.264304333333
0.677747666667 0.232978333333
0.979917 0.305378333333
0.957590666667 0.350219666667
0.932896666667 0.325946
0.778971 0.281540333333
0.741336333333 0.232519666667
0.745723666667 0.26236
0.933074666667 0.291257333333
0.957457333333 0.26297
0.899893 0.289412333333
0.887118 0.258854666667
0.832537333333 0.322820666667
0.852383333333 0.347816666667
0.839692 0.393661333333
0.896199666667 0.658155
0.896082666667 0.696735
0.863980333333 0.699557333333
0.841840333333 0.663497
0.860532666667 0.639170666667
0.731056 0.387961
0.812223333333 0.393096333333
0.806024666667 0.351366333333
0.757822666667 0.475437
0.792184 0.480595
0.808582 0.456968666667
0.791963333333 0.42108
0.732675666667 0.444188333333
0.750418333333 0.413457666667
0.636089666667 0.488419666667
0.636416666667 0.525620666667
0.605437 0.536302333333
0.669161333333 0.397281
0.659644 0.428584
0.634635333333 0.372477666667
0.542116333333 0.510540333333
0.573406333333 0.504929666667
0.593017333333 0.481280666667
0.532153666667 0.382051
0.559358 0.357552666667
0.600853666667 0.04730389
0.809284 0.0184579666667
0.734701 0.01143669
0.771283666667 0.0394333666667
0.730813666667 0.0591597666667
0.737506333333 0.0971700333333
0.445283 0.291531
0.420914333333 0.210362
0.463692 0.213195
0.489260666667 0.244770666667
0.478952 0.271618666667
0.432407333333 0.839794333333
0.432078333333 0.871581666667
0.395602666667 0.829232666667
0.363940666667 0.853325666667
0.411573 0.898535666667
0.378537333333 0.912608333333
0.354612666667 0.889713333333
0.298021333333 0.92355
0.321244 0.897410666667
0.1393169 0.676168
0.498529333333 0.642196666667
0.558373 0.622649
0.543997333333 0.649157666667
0.520857666667 0.595789333333
0.491129 0.604771666667
0.415368 0.659679666667
0.386408666667 0.658006
0.430628333333 0.599096666667
0.437015666667 0.635079
0.362367 0.625229666667
0.202769333333 0.656306
0.227813 0.658951666667
0.180142 0.684385333333
0.248917333333 0.684141
0.322719 0.627974333333
0.252397 0.636172
0.30613 0.660816333333
0.273501333333 0.661361333333
0.308045666667 0.594455333333
0.245863333333 0.603893666667
0.275134666667 0.581811
0.250547666667 0.46254
0.213365 0.529520333333
0.198486333333 0.494544333333
0.218265 0.465965
0.465276333333 0.415313666667
0.434116 0.489358666667
0.415399 0.416291
0.359467333333 0.389362
0.412765 0.361343333333
0.396221333333 0.390723666667
0.386767333333 0.331597
0.357478333333 0.349889333333
0.739181 0.531139333333
0.711062666667 0.560413
0.702747 0.664785
0.698022666667 0.632996333333
0.760396666667 0.666153666667
0.734931333333 0.676572333333
0.720886 0.598708666667
0.780127333333 0.640332333333
0.770782 0.817492
0.742631333333 0.816455666667
0.780821 0.851235666667
0.684323 0.766396
0.694911 0.796713
0.675104333333 0.835276666667
0.536813 0.822037666667
0.561984 0.886044
0.507034666667 0.84746
0.496671666667 0.880212333333
0.525191666667 0.900447
0.625844666667 0.892937
0.656187333333 0.911195
0.589775 0.907596666667
0.582515666667 0.937009666667
0.616374666667 0.960570666667
0.653976666667 0.949415666667
0.273275333333 0.0846137666667
0.246726666667 0.0559726
0.220726 0.0695857
0.112421666667 0.129694533333
0.0791911 0.323635
0.0866732666667 0.361629666667
0.0229088066667 0.317082666667
0.0465031333333 0.302195333333
0.02723214 0.368165666667
0.0583086333333 0.391273
0.198893666667 0.427266333333
0.190622666667 0.348115
0.151928666667 0.353329
0.586239 0.263375666667
0.611523333333 0.246872333333
0.535451666667 0.235204
0.553176333333 0.257370333333
0.857035 0.253122333333
0.834134666667 0.283650666667
0.806921666667 0.267015333333
0.952501333333 0.225367333333
0.915343666667 0.223097
0.974673 0.184270666667
0.80712 0.0573757
0.807918333333 0.0908318
0.745544333333 0.360991333333
0.706401333333 0.333740666667
0.719670333333 0.306608666667
0.766436 0.309428333333
0.778937333333 0.343172
0.611274 0.391879333333
0.580752333333 0.382497666667
0.621802 0.431639
0.583837333333 0.452722
0.546105 0.437460666667
0.553548 0.406996
0.667896333333 0.0643470333333
0.695945666667 0.0477803
0.633783333333 0.0375993566667
0.661832666667 0.0210326233333
0.751389333333 0.160675333333
0.794264666667 0.1166944
0.764998 0.119873066667
0.488820666667 0.0877608
0.324926 0.128595
0.330556 0.0758080333333
0.305903666667 0.0911311666667
0.369647 0.178508333333
0.404921333333 0.181875666667
0.357912333333 0.145288
0.363395333333 0.237074333333
0.356309333333 0.266176333333
0.404795666667 0.238845
0.389636 0.294704666667
0.416242333333 0.278039333333
0.192112 0.912613333333
0.179266666667 0.878228666667
0.0967912666667 0.821825
0.0889452 0.859726666667
0.121795266667 0.884539333333
0.152706333333 0.867731666667
0.321911 0.687470333333
0.309244333333 0.718484
0.362541666667 0.687404666667
0.371771 0.722772333333
0.341314 0.740098666667
0.337449666667 0.835828
0.350070333333 0.800058666667
0.333169666667 0.774556
0.314478 0.856178333333
0.119601 0.733679666667
0.114521233333 0.699828666667
0.0851766 0.746399
0.0789167666667 0.686972333333
0.0628261333333 0.711212
0.148981333333 0.746418666667
0.204277666667 0.799480333333
0.184726666667 0.720785
0.398132 0.580580333333
0.369308666667 0.5958
0.334484 0.574465333333
0.394886666667 0.542642
0.366095666667 0.522164333333
0.334516333333 0.538768
0.340208 0.442407
0.327959333333 0.467807333333
0.366623666667 0.487819
0.403706666667 0.472493
0.392830333333 0.442429
0.305488666667 0.520053333333
0.272545333333 0.543106333333
0.249279 0.524236333333
0.298403666667 0.483438
0.266683 0.485835333333
0.51329 0.448486666667
0.482218333333 0.438448666667
0.464190333333 0.472703333333
0.491011666667 0.499181
0.515068333333 0.486016
0.797291666667 0.544106333333
0.764517 0.548185333333
0.811347666667 0.583397333333
0.780748666667 0.611164666667
0.751697 0.590911
0.759221333333 0.875049333333
0.773841666667 0.912207333333
0.749863 0.936975333333
0.711216333333 0.927535333333
0.690184666667 0.900979
0.699738333333 0.862967333333
0.728128666667 0.855088666667
0.639403 0.736333
0.651363 0.768332333333
0.601262 0.753825
0.570698333333 0.825752333333
0.579531 0.858331
0.598864666667 0.793784
0.629510666667 0.803768333333
0.620850666667 0.86299
0.642664 0.840395666667
0.223718333333 0.1107222
0.267155666667 0.140652
0.255009666667 0.117491266667
0.164021 0.0996408
0.141510666667 0.1231972
0.194653333333 0.121365933333
0.0810495 0.191842666667
0.104453666667 0.170359
0.0935318333333 0.232128
0.298040666667 0.397827333333
0.149646 0.446526666667
0.168389333333 0.419684666667
0.119041 0.429817666667
0.117226333333 0.389041666667
0.144561333333 0.381372333333
0.542063666667 0.198607
0.510241333333 0.120246733333
0.601167 0.20806
0.567108 0.182249
0.842130666667 0.215394333333
0.809153 0.154807
0.810907333333 0.225172666667
0.778569333333 0.209857333333
0.778878666667 0.177617333333
0.908819 0.196639666667
0.865689 0.194669333333
0.848551666667 0.163234333333
0.865272 0.0356203
0.843814333333 0.0576983666667
0.903432 0.0334887666667
0.926721333333 0.0515621333333
0.844612666667 0.0911544666667
0.434091333333 0.132061
0.409551333333 0.149393333333
0.411977333333 0.0798699333333
0.444851333333 0.0945537333333
0.369935666667 0.0964505333333
0.378269666667 0.128466666667
0.220479 0.896951333333
0.2439 0.91908
0.269078 0.901494333333
0.268229 0.827633666667
0.283832 0.855889666667
0.223328 0.836029666667
0.207633666667 0.862566666667
0.150688 0.775608
0.173753 0.796702
0.127180333333 0.805959666667
0.150245333333 0.827053666667
0.229559333333 0.771871333333
0.219819333333 0.736600666667
0.250066666667 0.716054666667
0.281480666667 0.733728333333
0.270787 0.789244
0.292461 0.771647
0.287536333333 0.202020666667
0.256401 0.171107333333
0.216687 0.367496
0.252045666667 0.361317
0.217640666667 0.406292
0.253193333333 0.427245333333
0.269462333333 0.401418333333
0.331745333333 0.333746333333
0.305752333333 0.356139
0.327707666667 0.286925666667
0.273293 0.337178
0.465369 0.151784333333
0.497549666667 0.146763
0.480079333333 0.187999333333
0.51226 0.182978
0.659020333333 0.204023
0.625338 0.190849
0.690579333333 0.190168666667
0.707428333333 0.165529666667
0.874985666667 0.144148
0.869392333333 0.109078066667
0.134073 0.192567
0.127299 0.226211
0.152260666667 0.164781
0.182506 0.160489
0.298364666667 0.282667
0.269943 0.310526666667
0.283324333333 0.243441
0.701350333333 0.113078966667
0.684881 0.140636333333
0.666608333333 0.0916354333333
0.963578666667 0.102483033333
0.960307333333 0.145468
0.929289 0.0820524333333
0.909321666667 0.103980733333
0.931611 0.160107333333
0.914915 0.139050666667
0.232138 0.187377333333
0.199454 0.189276
0.149251333333 0.253056333333
0.133153333333 0.297184666667
0.150703 0.321192666667
0.182806 0.235060666667
0.189397 0.315978666667
0.612472333333 0.152638
0.639448666667 0.135911333333
0.633177666667 0.1038188
0.601536 0.0862349333333
0.566524 0.0933932
0.555095 0.123913733333
0.574317666667 0.149664
0.255121 0.247814666667
0.23507 0.222664333333
0.205620333333 0.250489
0.245033 0.288627666667
0.211798666667 0.289321666667
