0.01227554 0.635513666667
0.0429674833333 0.420633
0.981388333333 0.366729
0.690775 0.994903666667
0.0327272166667 0.468356333333
0.02550815 0.517757666667
0.0307679 0.178895666667
0.443808666667 0.996907
0.969740666667 0.498505333333
0.945124 0.524894
0.961055 0.560476666667
0.912311333333 0.585565333333
0.940611 0.588799666667
0.992558333333 0.310043666667
0.882442666667 0.0425575666667
0.918853 0.0484440666667
0.979218333333 0.888822
0.916536333333 0.664932
0.956167666667 0.966876333333
0.916986666667 0.980639
0.952243666667 0.930944666667
0.922009333333 0.913861333333
0.0965050666667 0.311298
0.0214344666667 0.223906666667
0.0439063666667 0.272493
0.0545781666667 0.304316333333
0.0305439533333 0.388835666667
0.05056717 0.365980666667
0.0313132366667 0.331645
0.00966565333333 0.295878
0.0129325366667 0.260546
0.109738433333 0.344112
0.0870654666667 0.371466
0.144445 0.354931
0.153015 0.391498666667
0.211106666667 0.444803666667
0.276735 0.404518666667
0.0766482666667 0.435718666667
0.100723033333 0.409406666667
0.131966 0.418620333333
0.0765659333333 0.984810333333
0.601947333333 0.989394
0.454921666667 0.933966666667
0.964216666667 0.620981
0.984660666667 0.592658
0.972122 0.682235666667
0.953976666667 0.655710666667
0.991959333333 0.726908666667
0.997015333333 0.649079333333
0.996207666667 0.554536333333
0.853171 0.648334
0.892080333333 0.610763
0.893475666667 0.643667
0.899162666667 0.454898666667
0.877908 0.430332333333
0.785052 0.613368666667
0.824270666667 0.619406
0.834748333333 0.570776
0.84793 0.598322
0.772968 0.0497095333333
0.732551666667 0.0318921666667
0.975736333333 0.116943166667
0.951259 0.06835
0.936413333333 0.141837333333
0.966834666667 0.159046333333
0.801115 0.0716002333333
0.831464666667 0.0616117333333
0.887665333333 0.0643524666667
0.914127333333 0.115642566667
0.920071333333 0.0842584
0.854096 0.0824496333333
0.861565 0.882481666667
0.835543666667 0.683399666667
0.896726333333 0.698288
0.856038333333 0.712088666667
0.843236333333 0.744293333333
0.0447122333333 0.639291666667
0.492082333333 0.351771333333
0.452067666667 0.373920333333
0.247169 0.456543
0.278351 0.441058666667
0.187708666667 0.394210666667
0.212336 0.412213666667
0.246782333333 0.387413
0.0515627333333 0.498774666667
0.0729629666667 0.467133333333
0.02903069 0.93384
0.051216 0.954268333333
0.492695333333 0.540848333333
0.655989333333 0.592334333333
0.683937333333 0.585075
0.712656666667 0.605245333333
0.598851 0.624921333333
0.640763666667 0.626937
0.649736 0.658572666667
0.624993666667 0.532418333333
0.622502 0.562922666667
0.601611666667 0.506488333333
0.568560333333 0.510922666667
0.826564333333 0.939629333333
0.841097333333 0.971302666667
0.878181666667 0.964178
0.859355333333 0.915422666667
0.887128333333 0.933332
0.808500666667 0.982191333333
0.773781 0.984506
0.49637 0.947870666667
0.327726666667 0.910734666667
0.348991333333 0.870120666667
0.338517 0.943041
0.392762666667 0.894982
0.379592 0.862668333333
0.184637333333 0.988863
0.280219666667 0.976381666667
0.306784 0.957725666667
0.228299333333 0.972888666667
0.295993666667 0.925419333333
0.1284 0.629018
0.0731277333333 0.663259666667
0.0952933333333 0.638483666667
0.957783 0.466031666667
0.92917 0.445774666667
0.97151 0.428289666667
0.942897 0.408032666667
0.858912333333 0.549290333333
0.892325 0.551638666667
0.904693666667 0.519290333333
0.884588 0.492533333333
0.796747666667 0.557792
0.739662333333 0.575594
0.770710666667 0.579300666667
0.970244666667 0.239854333333
0.918074 0.178142
0.948495333333 0.195351
0.944733 0.224497
0.886260666667 0.171373666667
0.866219333333 0.192062666667
0.875771666667 0.1322539
0.848146333333 0.1189669
0.787309 0.753218333333
0.818221666667 0.764317333333
0.921052 0.879628
0.888380666667 0.866157666667
0.779191 0.719965666667
0.797851 0.68704
0.744792666667 0.712385
0.776259666667 0.645937
0.629088666667 0.483129
0.629073 0.452545333333
0.652470666667 0.509059
0.670185 0.02128786
0.775716333333 0.03029916
0.481684666667 0.1197032
0.408415333333 0.0729193666667
0.383376 0.137237333333
0.413664666667 0.1144572
0.448402666667 0.130443866667
0.1180053 0.288182
0.152621 0.290429
0.220982333333 0.284324333333
0.239743333333 0.349597
0.206263 0.354144333333
0.179415333333 0.335635666667
0.183415666667 0.304551
0.0384915333333 0.131104333333
0.0308172 0.0958326666667
0.0496387666667 0.0651274
0.0816965666667 0.0615175333333
0.382137666667 0.0613735
0.266975666667 0.180257333333
0.156732966667 0.0328259333333
0.348432 0.0311272333333
0.310763333333 0.0467361333333
0.392272666667 0.0134875166667
0.497762333333 0.321681333333
0.510999666667 0.152406
0.304877333333 0.389233
0.264201666667 0.321567666667
0.258752 0.289574
0.242371 0.571071
0.273995 0.563016666667
0.251036 0.49096
0.142552333333 0.584394666667
0.174671 0.573328333333
0.469002666667 0.406581
0.430558333333 0.566567666667
0.452856666667 0.545905333333
0.426248333333 0.518136
0.390756333333 0.524725
0.386114 0.556434
0.694528666667 0.688724
0.686549 0.661207333333
0.735760333333 0.686104
0.719858333333 0.632704666667
0.748567333333 0.652581666667
0.551436666667 0.544881333333
0.519066666667 0.556858333333
0.573571 0.598347333333
0.581996333333 0.570951333333
0.58277 0.652446
0.612683 0.706662333333
0.61216 0.676958666667
0.575013 0.830068666667
0.517036666667 0.810133
0.554788 0.800195
0.548575333333 0.858109333333
0.518906333333 0.922930666667
0.514850666667 0.846300666667
0.674650666667 0.722092
0.644035666667 0.732705666667
0.627581333333 0.767339333333
0.648271666667 0.790572333333
0.640939333333 0.972853
0.506467 0.983454333333
0.388043666667 0.984413
0.526839333333 0.962981666667
0.389832333333 0.929756333333
0.364817 0.952846
0.420764 0.946667
0.477255666667 0.967183
0.440908 0.975562
0.424926333333 0.883179333333
0.486555 0.861287
0.456153666667 0.905253333333
0.490022333333 0.895024
0.114678133333 0.969759666667
0.153307 0.973105
0.274613 0.903996
0.184642333333 0.613019
0.21774 0.612882
0.152262666667 0.643281333333
0.802053 0.516231333333
0.836712666667 0.511705666667
0.850019666667 0.487297
0.791157 0.433473
0.823022666667 0.423935333333
0.844474666667 0.447892
0.690367333333 0.0426273333333
0.958561666667 0.314040333333
0.949999 0.279054
0.963973 0.839779
0.936041 0.847668333333
0.679821666667 0.511968666667
0.692285 0.548341666667
0.727223333333 0.544866333333
0.511538666667 0.0262907766667
0.485291333333 0.0898647
0.559292 0.207166666667
0.540019 0.228023666667
0.598150666667 0.328149666667
0.766431666667 0.40772
0.636166333333 0.323079333333
0.744759 0.285733333333
0.906074666667 0.245773666667
0.853565666667 0.289407
0.875344666667 0.227554666667
0.848135666667 0.249563333333
0.888296333333 0.30112
0.913596333333 0.279495333333
0.387688333333 0.165709666667
0.1008712 0.253915
0.0571850666667 0.210232333333
0.0686991666667 0.245207666667
0.213283666667 0.25654
0.241408 0.234159333333
0.236422 0.201487
0.172046666667 0.259146
0.262558333333 0.144065333333
0.227927666667 0.125661
0.320226666667 0.145440333333
0.350870666667 0.125388333333
0.289840333333 0.0923084
0.290105 0.12542
0.354881666667 0.0910623333333
0.323973 0.0780027333333
0.529089 0.306808
0.518751 0.27476
0.547598333333 0.260083
0.573953 0.306293
0.583547666667 0.274859333333
0.488761333333 0.247195333333
0.417031 0.213164333333
0.489643333333 0.183936666667
0.499463333333 0.214509333333
0.455307333333 0.167641333333
0.424881666667 0.180127
0.421077333333 0.377325
0.409232 0.343903
0.400442666667 0.413811
0.361738333333 0.421233666667
0.341457333333 0.400246666667
0.308304 0.355375666667
0.297304333333 0.326823333333
0.366237666667 0.342127333333
0.344884 0.366389333333
0.287041333333 0.234257333333
0.296686666667 0.261887666667
0.377531666667 0.220884666667
0.360114666667 0.19422
0.325158333333 0.185799666667
0.299454 0.201971333333
0.327709333333 0.528398666667
0.295154 0.523091666667
0.286507 0.494237333333
0.305277 0.461117333333
0.343231333333 0.452829
0.374852666667 0.473620333333
0.362851666667 0.507643
0.328495666667 0.566599
0.326941666667 0.633555
0.358311 0.613855666667
0.358995666667 0.577552333333
0.297840333333 0.586858666667
0.296971 0.617511333333
0.0679365666667 0.532968333333
0.120172733333 0.566259
0.055155 0.565709666667
0.0617942333333 0.594536
0.0904707333333 0.599308
0.188449333333 0.546745
0.227014666667 0.510507666667
0.223051666667 0.544624666667
0.180099 0.463863
0.19214 0.49515
0.169949666667 0.514906
0.142967666667 0.456200333333
0.1080394 0.478401333333
0.104005466667 0.511267666667
0.133791733333 0.523353666667
0.0202779566667 0.749476
0.0337948666667 0.677700666667
0.03810439 0.888077
0.0806718333333 0.773137
0.552998 0.487994666667
0.581768666667 0.360226333333
0.608117666667 0.385566666667
0.598944666667 0.424554333333
0.568914 0.442441333333
0.399849333333 0.821284333333
0.453344333333 0.827932333333
0.425584333333 0.839595333333
0.379019 0.682316333333
0.606614333333 0.835857
0.637673 0.818343
0.668035666667 0.839686
0.593695 0.760487333333
0.563101666667 0.771360666667
0.585096 0.721742666667
0.549222333333 0.709242333333
0.533569666667 0.73986
0.692233333333 0.787661
0.759915666667 0.772340333333
0.731068333333 0.746727333333
0.702158 0.753814333333
0.699842333333 0.821705333333
0.723503333333 0.954881666667
0.173863 0.942953666667
0.215044 0.879758333333
0.214860666667 0.94424
0.235980333333 0.911520333333
0.390451333333 0.785888
0.386119 0.716916666667
0.417180666667 0.753574666667
0.416303333333 0.721756333333
0.231237 0.847952333333
0.775206333333 0.462714
0.777957333333 0.497107
0.743498333333 0.514625666667
0.710482333333 0.491506
0.700493333333 0.100922166667
0.748912 0.0753875333333
0.718023666667 0.0723871333333
0.777059 0.0972782333333
0.590553333333 0.144239666667
0.557144 0.165691
0.538604333333 0.142117333333
0.70543 0.238891666667
0.655786666667 0.291157333333
0.711296666667 0.272489333333
0.689149333333 0.296738333333
0.738446 0.228900666667
0.815016666667 0.238723
0.761647666667 0.259984333333
0.794148333333 0.268914333333
0.896487333333 0.333211666667
0.889582 0.392180666667
0.870581333333 0.363873
0.924563666667 0.379005
0.93035 0.346573333333
0.922771333333 0.724628333333
0.960726666667 0.717797333333
0.980564 0.762470333333
0.967391333333 0.795246333333
0.430618666667 0.0525604666667
0.462203333333 0.0673771333333
0.448181666667 0.0233748833333
0.479766333333 0.03819155
0.727683666667 0.414396333333
0.732330333333 0.447762666667
0.702065333333 0.459036
0.660318333333 0.435448
0.719994333333 0.354012666667
0.694560666667 0.333380333333
0.706319 0.392067
0.658813 0.349544333333
0.647146333333 0.379955
0.669218666667 0.401845333333
0.753483 0.347188333333
0.766342666667 0.317421666667
0.778555666667 0.378566333333
0.816594666667 0.384989333333
0.835155333333 0.360749666667
0.826330666667 0.318375333333
0.800032333333 0.308723
0.0781619333333 0.182899
0.0671773 0.143046666667
0.1220359 0.226434
0.158595666667 0.229418
0.110840733333 0.190393333333
0.220972333333 0.0861750666667
0.207088 0.0367499333333
0.265012666667 0.0419998666667
0.255338333333 0.0714678
0.431008666667 0.243567
0.462493333333 0.259511
0.410109666667 0.277242
0.428549 0.307432666667
0.461156333333 0.301949
0.355 0.305697666667
0.322646666667 0.301407333333
0.327478666667 0.268465333333
0.379555 0.277282666667
0.360954666667 0.251328
0.02543489 0.817414
0.0328617566667 0.852597666667
0.0547296 0.787056
0.0621564666667 0.822239666667
0.0979830333333 0.840955333333
0.181099666667 0.874034666667
0.0811802 0.690584333333
0.0547131666667 0.717419
0.0793014333333 0.74189
0.505730333333 0.459030666667
0.448235666667 0.497425333333
0.488646666667 0.507420666667
0.514406666667 0.489238333333
0.469397333333 0.437952333333
0.424744666667 0.469991666667
0.431827666667 0.441777666667
0.522304333333 0.432003666667
0.546896666667 0.416658
0.550578333333 0.373430666667
0.516416333333 0.371959
0.501053333333 0.402109666667
0.494524666667 0.793695
0.459128 0.796508
0.450131666667 0.760213
0.480248 0.734026333333
0.502744 0.752256333333
0.451056 0.596500333333
0.479787666667 0.683833666667
0.448794 0.678202
0.666634666667 0.877924
0.695867666667 0.897956
0.670385 0.956537666667
0.698606666667 0.937014
0.773271 0.961431333333
0.746837666667 0.938446333333
0.799876 0.934145333333
0.725834333333 0.839634333333
0.723260666667 0.877647
0.785078666667 0.898220666667
0.749334 0.900269666667
0.359350666667 0.791586333333
0.338148 0.834435
0.283354333333 0.866243
0.260914666667 0.841961333333
0.308727666667 0.841480333333
0.269101666667 0.807789333333
0.296904333333 0.803402
0.267937 0.679641666667
0.237114333333 0.697899
0.270539666667 0.640439
0.231529 0.643170333333
0.213186 0.674940666667
0.212402666667 0.818815666667
0.218623666667 0.737145666667
0.241011333333 0.760789666667
0.237042333333 0.790798
0.151457333333 0.683011
0.183769 0.693604333333
0.119836466667 0.703694
0.122520133333 0.733745
0.157695333333 0.757267333333
0.187323333333 0.737809666667
0.710019 0.164673333333
0.719608 0.133284
0.741965666667 0.198961333333
0.609106666667 0.109016933333
0.656409333333 0.0547623
0.665285333333 0.0894721
0.645576 0.1101986
0.670799666667 0.229808
0.593375333333 0.218206333333
0.610051666667 0.253839666667
0.643303666667 0.257824666667
0.910517 0.754595666667
0.935299666667 0.780540666667
0.87167 0.76046
0.917824333333 0.811822666667
0.866185333333 0.800993666667
0.887557 0.826411333333
0.1000976 0.0889264666667
0.0934421 0.126139333333
0.121646166667 0.155760333333
0.209943 0.185320666667
0.177447666667 0.193721333333
0.205866 0.145686666667
0.166956666667 0.129685666667
0.151693333333 0.156104333333
0.168996 0.0525200666667
0.192554666667 0.0724772666667
0.137042 0.076005
0.160600666667 0.0959622
0.147963333333 0.920576333333
0.150533 0.890531333333
0.0788228666667 0.925238666667
0.106837133333 0.93852
0.0730189 0.889473333333
0.103602833333 0.872709666667
0.118430533333 0.791595666667
0.128314866667 0.824230333333
0.152235333333 0.783871
0.164501333333 0.839488
0.179611333333 0.816075
0.426628333333 0.616453333333
0.434233666667 0.649946666667
0.387037666667 0.625407333333
0.394643 0.658900666667
0.492193 0.618392666667
0.515150333333 0.600464333333
0.539095 0.615883333333
0.499541333333 0.661457333333
0.549957333333 0.652416666667
0.533361 0.680062333333
0.608272666667 0.87411
0.637930333333 0.894834
0.638941666667 0.934389666667
0.609496 0.950705
0.577471666667 0.948254
0.56968 0.887081333333
0.554848666667 0.917508666667
0.776443333333 0.805474333333
0.763663333333 0.831637
0.834588333333 0.820206
0.815058333333 0.799696333333
0.829144333333 0.861947666667
0.796834333333 0.867600666667
0.305268666667 0.770157666667
0.338294666667 0.765387333333
0.352111666667 0.733806333333
0.281435 0.744536666667
0.28987 0.702635333333
0.345011666667 0.699206
0.322443333333 0.679476333333
0.803536333333 0.200095666667
0.770041666667 0.185233
0.82753 0.175444
0.819946 0.141468
0.782786 0.126881666667
0.756875333333 0.145995
0.590613333333 0.0850409333333
0.538206666667 0.0427518266667
0.589798 0.0287735266667
0.618206666667 0.0515128
0.529522333333 0.0771401666667
0.553520333333 0.09669
0.615426666667 0.162695666667
0.616100666667 0.195186666667
0.650407666667 0.143873
0.678656333333 0.169478666667
0.660273 0.202803333333
