0.00786458666667 0.430818833333
0.0468071333333 0.0485808666667
0.0427509 0.0770459666667
0.01976131 0.942430333333
0.0519628233333 0.973729666667
0.5519994 0.987701
0.0271979666667 0.114025833333
0.0169818333333 0.1896885
0.0695962 0.1014618
0.072135 0.165656
0.0540432666667 0.138441666667
0.963055333333 0.0674182366667
0.991651333333 0.324079333333
0.953194 0.1270567
0.217749666667 0.537632333333
0.9857 0.421519666667
0.981416666667 0.766187333333
0.784500333333 0.981251333333
0.128293566667 0.211784
0.188925333333 0.541725666667
0.0622101 0.198276333333
0.0991889666667 0.222585
0.0973701333333 0.250699666667
0.0339022333333 0.246724666667
0.988465333333 0.206102
0.979219666667 0.484047
0.976464666667 0.525475666667
0.462268 0.961845
0.3463714 0.974451333333
0.4345304 0.977841333333
0.796054333333 0.761557
0.684378333333 0.689908
0.755235333333 0.694131666667
0.935263666667 0.960276
0.95776 0.725732666667
0.977886333333 0.672914666667
0.971708 0.624217333333
0.96329 0.560752
0.960412666667 0.591139666667
0.820553666667 0.743156666667
0.784235666667 0.681277666667
0.811589666667 0.703806
0.836871666667 0.688152
0.840508666667 0.654746666667
0.791008333333 0.638158333333
0.821999333333 0.627281333333
0.904884 0.645062666667
0.874296333333 0.662954
0.943408333333 0.661383666667
0.937209333333 0.697637333333
0.870659333333 0.696359333333
0.402981 0.943551666667
0.427559 0.925077333333
0.414834666667 0.895251
0.497415666667 0.800340666667
0.491549333333 0.877625666667
0.451218 0.874992333333
0.167479 0.572147333333
0.137593 0.557088333333
0.831394666667 0.890048333333
0.164930666667 0.292680333333
0.122869 0.344691666667
0.112008066667 0.283142333333
0.134256333333 0.302636666667
0.170069 0.507941
0.138780333333 0.518515
0.0421368666667 0.288929666667
0.0686259 0.268596
0.0832638333333 0.301038666667
0.925967 0.400156
0.890994333333 0.380040333333
0.898204333333 0.341686333333
0.965587666667 0.155892
0.984713666667 0.167895666667
0.964745333333 0.190607
0.706999333333 0.392672666667
0.322917333333 0.434532333333
0.237868666667 0.501125
0.267913 0.42588
0.289849 0.446995666667
0.926199333333 0.432640333333
0.952058666667 0.449126333333
0.887229333333 0.444475
0.874318333333 0.471939333333
0.734850333333 0.383481666667
0.757141666667 0.415122666667
0.518465333333 0.509792
0.544681 0.538246666667
0.586434666667 0.540396333333
0.606094 0.514563
0.686802333333 0.622003666667
0.702817333333 0.656976333333
0.733164 0.659683333333
0.648364333333 0.677825
0.524603333333 0.563809333333
0.383142 0.503755333333
0.372761 0.464952666667
0.341632666667 0.462659
0.815144 0.821047666667
0.793868 0.797672666667
0.757825 0.752634
0.743503666667 0.725266333333
0.702993333333 0.723749666667
0.845424333333 0.816505333333
0.85645 0.856713
0.956122333333 0.916258
0.972435666667 0.862389333333
0.954837 0.819053
0.893272333333 0.609854333333
0.920501333333 0.593097666667
0.844175333333 0.600280333333
0.834897 0.573077666667
0.850924666667 0.542407666667
0.91298 0.727233333333
0.880839333333 0.725195666667
0.856015666667 0.756339
0.866579666667 0.787241666667
0.895529 0.802564333333
0.933530666667 0.755328666667
0.929483 0.786143
0.466685666667 0.813186
0.444296333333 0.847508666667
0.03325622 0.904399666667
0.00920658666667 0.649681666667
0.0861519666667 0.869271333333
0.068481 0.548336666667
0.1023887 0.569689333333
0.770081333333 0.953340333333
0.67818 0.952911333333
0.721528 0.971092666667
0.835332666667 0.921940333333
0.811341 0.947726666667
0.848259666667 0.972928333333
0.890286666667 0.957755
0.878028666667 0.926052333333
0.138372333333 0.37441
0.118133133333 0.408526
0.130020466667 0.442124
0.0828963333333 0.360747
0.0655394333333 0.336588333333
0.0343391333333 0.339256333333
0.0223860666667 0.38039
0.0801941333333 0.396691666667
0.0508841666667 0.413666666667
0.952500666667 0.221437
0.973066666667 0.254232666667
0.949377 0.282712
0.954956 0.310879
0.929308666667 0.340659333333
0.973536666667 0.345125
0.947889333333 0.374905333333
0.176402 0.257462
0.160194333333 0.224174666667
0.137346233333 0.17695
0.118166533333 0.155130666667
0.169247 0.189340666667
0.200146666667 0.192749333333
0.912513 0.275381
0.920238333333 0.137843033333
0.948173666667 0.508340333333
0.932062666667 0.487243
0.893292333333 0.498221333333
0.934999 0.543616666667
0.880542 0.5351
0.906137666667 0.559398
0.745025333333 0.348801666667
0.817404333333 0.42958
0.786903 0.408566
0.859295333333 0.390959
0.855298 0.422909333333
0.478818666667 0.507161
0.411624666667 0.508647333333
0.704789333333 0.437018333333
0.738427333333 0.447785333333
0.660423666667 0.467278666667
0.674477 0.440696333333
0.66079 0.558672666667
0.709316666667 0.514059
0.648222 0.523174333333
0.675801666667 0.502986666667
0.821025666667 0.516044333333
0.757470666667 0.473309666667
0.743294333333 0.500197333333
0.831669 0.482454666667
0.806686333333 0.461661
0.794304333333 0.570252333333
0.787518333333 0.538856666667
0.759271 0.531098666667
0.772591666667 0.608332
0.743747666667 0.617003
0.725293333333 0.544960333333
0.716266 0.595591333333
0.704346333333 0.569386333333
0.574897333333 0.651617333333
0.545560333333 0.591414666667
0.629732 0.729963
0.625473333333 0.698622666667
0.586895666667 0.684085333333
0.601998333333 0.751392333333
0.508635666667 0.761894666667
0.492290666667 0.732182666667
0.516434333333 0.702240333333
0.555005 0.707717666667
0.543623333333 0.767919
0.565849 0.743684333333
0.511513 0.673698
0.538085333333 0.646707333333
0.520976666667 0.619059333333
0.483618666667 0.622558333333
0.478183 0.657016
0.564376 0.884408666667
0.539632 0.945153333333
0.500923333333 0.960451
0.469339333333 0.940997
0.496946333333 0.913804
0.531854 0.915747
0.619265333333 0.782099
0.633166666667 0.845970666667
0.609815 0.817677
0.646999 0.760669666667
0.362102666667 0.538589333333
0.371047666667 0.576939666667
0.702275 0.932661
0.744954 0.931557
0.886167666667 0.865827666667
0.904091333333 0.840942666667
0.936813333333 0.855461666667
0.903808333333 0.903275
0.936925 0.890959666667
0.0522054666667 0.846578333333
0.0233545533333 0.866406
0.01120572 0.811712
0.0650750666667 0.917905666667
0.0891199 0.902605
0.0817153 0.957471666667
0.169725 0.371309333333
0.184896 0.331634666667
0.0318324 0.479249333333
0.0512579 0.446797333333
0.1144686 0.500022333333
0.109828733333 0.466065333333
0.0747994666667 0.465904
0.0793735666667 0.517243
0.0553739666667 0.498356
0.208717666667 0.261353333333
0.223409666667 0.231474666667
0.21627 0.168651
0.395978666667 0.434067333333
0.386056 0.169895
0.415776 0.148275333333
0.480504 0.0132252
0.534428 0.484264333333
0.580303 0.486885666667
0.934045333333 0.0445499033333
0.901556 0.0192221566667
0.898815666667 0.177264
0.916372666667 0.214608333333
0.900074666667 0.240073
0.568670333333 0.0420047
0.601075666667 0.0268343
0.412362333333 0.229862333333
0.776702666667 0.347336
0.830787666667 0.364523
0.796289 0.375459333333
0.733857333333 0.314343333333
0.768518666667 0.246466333333
0.763475 0.285684666667
0.482919333333 0.562067333333
0.463350333333 0.533873666667
0.427393333333 0.539506333333
0.466518333333 0.593171666667
0.427411666667 0.598436333333
0.407855666667 0.572964666667
0.586722666667 0.593599
0.598951 0.626153666667
0.607519333333 0.568143333333
0.639746666667 0.577808333333
0.653839333333 0.614934333333
0.633840333333 0.637824
0.588670333333 0.907510666667
0.640199666667 0.946906
0.640822 0.912451333333
0.617966 0.892977333333
0.602328333333 0.961144
0.573655 0.941222666667
0.556511333333 0.800221333333
0.579302333333 0.826292333333
0.562256666667 0.857224
0.524337666667 0.852384
0.52434 0.822007333333
0.749261666667 0.805108333333
0.729892333333 0.778269666667
0.696351333333 0.757682
0.672112333333 0.775344666667
0.235030666667 0.563917666667
0.411062666667 0.838346666667
0.0432888 0.70529
0.0628832666667 0.817519
0.0899425 0.752331666667
0.1066931 0.805189666667
0.1167103 0.770141
0.363847 0.938702666667
0.328555 0.950731333333
0.288698 0.810490333333
0.155548666667 0.869819
0.133867133333 0.820694333333
0.1240038 0.855716666667
0.229663733333 0.974882666667
0.286366333333 0.958225
0.440553 0.787981666667
0.410135666667 0.80663
0.353827666667 0.774435
0.372481 0.800008666667
0.251867666667 0.748265666667
0.285395666667 0.774611666667
0.310543 0.761720666667
0.216428666667 0.398577
0.184616 0.404239666667
0.221849 0.467825
0.235938666667 0.432553
0.182873666667 0.470547666667
0.165150666667 0.440938333333
0.232691666667 0.366845333333
0.264661333333 0.380454
0.21605 0.332833333333
0.228400333333 0.297770333333
0.263834333333 0.304097666667
0.279867333333 0.279835333333
0.259125333333 0.243629333333
0.477454666667 0.120803566667
0.532389333333 0.0591146
0.505655333333 0.0412804
0.502009666667 0.186442
0.440627333333 0.210322
0.442030333333 0.168857
0.471233666667 0.158263333333
0.528730333333 0.0929453
0.510063666667 0.121931566667
0.446158666667 0.0273725666667
0.458984 0.0884512333333
0.47131 0.0554277666667
0.462402333333 0.371271333333
0.517285 0.219754666667
0.621772333333 0.448804
0.591087 0.455797333333
0.680272666667 0.362251333333
0.796282333333 0.160091666667
0.868194666667 0.166953333333
0.804748 0.1184163
0.436956333333 0.355640333333
0.801100333333 0.224766333333
0.812820333333 0.189247666667
0.847141333333 0.188269666667
0.861464333333 0.224045
0.836125333333 0.244078
0.801950333333 0.319799666667
0.799890666667 0.292606666667
0.839959333333 0.2727
0.837361333333 0.329041666667
0.873079 0.317123666667
0.877736666667 0.287975
0.741300333333 0.233464666667
0.728733333333 0.831852666667
0.674319666667 0.884320333333
0.697792333333 0.898524666667
0.668165333333 0.845247333333
0.685125 0.822676666667
0.269308333333 0.548194
0.300201666667 0.562434
0.332812 0.533033666667
0.322723 0.495906
0.270743666667 0.511034333333
0.291548 0.488146666667
0.167908666667 0.606839666667
0.0269440333333 0.671910666667
0.0380394333333 0.579615333333
0.0253904333333 0.529415
0.0163178333333 0.463686333333
0.0143314666667 0.558517333333
0.0583386333333 0.762136333333
0.0412966 0.792275
0.035512 0.736501666667
0.0184699666667 0.766640333333
0.234911666667 0.940840333333
0.206403333333 0.920473333333
0.351753333333 0.831344333333
0.318872 0.838466333333
0.376654666667 0.882284333333
0.379804333333 0.852863666667
0.350245 0.907261666667
0.170641666667 0.79809
0.226331 0.761398
0.179869333333 0.930449666667
0.122891066667 0.92339
0.151468 0.904158666667
0.116718466667 0.959642666667
0.151675066667 0.967474333333
0.350869333333 0.635888
0.346177 0.599651333333
0.278820333333 0.611490666667
0.304621666667 0.590701333333
0.371859666667 0.749136
0.355075 0.718177
0.387349666667 0.704588
0.452272 0.675679666667
0.404134333333 0.735547
0.461458333333 0.722304
0.436542666667 0.748042666667
0.262318 0.714876
0.288679666667 0.645342333333
0.319173333333 0.660789666667
0.323715666667 0.703248666667
0.297215666667 0.721493333333
0.369106 0.200752
0.381232333333 0.227359
0.0891911333333 0.0452730666667
0.1218824 0.0263148333333
0.134627966667 0.125898666667
0.104149366667 0.0994441333333
0.119688066667 0.0717205
0.699954333333 0.00445713666667
0.200864666667 0.1264534
0.169302 0.108929066667
0.168771333333 0.045742
0.158607666667 0.0754534333333
0.227436666667 0.110047666667
0.259412666667 0.127361933333
0.417791 0.0453357333333
0.408544333333 0.108824366667
0.42605 0.0821643666667
0.495246333333 0.344781
0.529497333333 0.352775666667
0.458160333333 0.409337
0.428686333333 0.438631666667
0.433951333333 0.474409
0.465188333333 0.478555333333
0.553948333333 0.225033666667
0.535998 0.380016333333
0.568174666667 0.394493333333
0.559274666667 0.427642333333
0.497505 0.410087333333
0.528861 0.446606333333
0.499268 0.443528333333
0.597938666667 0.331170666667
0.555535333333 0.327468
0.546964666667 0.294259333333
0.598333333333 0.387585333333
0.617885 0.357477666667
0.620118666667 0.413741
0.649633333333 0.408744
0.653219 0.374644666667
0.799482 0.0295862533333
0.706128 0.0222257333333
0.652384 0.0161306333333
0.572659666667 0.00966166666667
0.631696 0.00476393333333
0.488627 0.00476434666667
0.776019 0.0870906
0.7416 0.101752633333
0.738191333333 0.0336937
0.768200666667 0.0475236
0.865519333333 0.0377229533333
0.831703666667 0.0477802533333
0.67935 0.0448557
0.711413333333 0.0563236666667
0.707003666667 0.0848156
0.762610666667 0.164728333333
0.736657333333 0.137715
0.74363 0.196699333333
0.704024333333 0.155121666667
0.678177333333 0.206199333333
0.711741333333 0.188188333333
0.386619333333 0.300020333333
0.318664666667 0.294225333333
0.361650333333 0.266607666667
0.331995666667 0.266981
0.387541 0.401879
0.406938333333 0.368428333333
0.384183333333 0.336905333333
0.677273 0.236401
0.708507333333 0.255155333333
0.706108 0.296815666667
0.679462 0.315354333333
0.750226333333 0.859435
0.730993 0.88573
0.761529333333 0.904823333333
0.797255666667 0.884858666667
0.792030666667 0.856065666667
0.196928 0.737302333333
0.144613333333 0.743881
0.171370666667 0.756325333333
0.0922908333333 0.600488666667
0.0520069333333 0.611919666667
0.0490001666667 0.643227666667
0.255556 0.657796333333
0.242182333333 0.688054
0.193526333333 0.627048666667
0.202329 0.697348
0.182216 0.670846666667
0.223980666667 0.605817
0.245696666667 0.623944666667
0.26254 0.917371
0.305953 0.868987333333
0.295637666667 0.928673
0.320452666667 0.902517
0.213096666667 0.877504666667
0.190643333333 0.853141333333
0.265702666667 0.858870666667
0.247104666667 0.881098333333
0.254844 0.821512
0.226005 0.798765666667
0.195873 0.816434666667
0.410918666667 0.630527666667
0.426194333333 0.662339
0.380004 0.648799
0.395279666667 0.680610333333
0.276993666667 0.22097
0.311066666667 0.229931666667
0.328595 0.202951333333
0.311092666667 0.169106333333
0.257401333333 0.184717
0.273972 0.159833666667
0.358196 0.00825231333333
0.327090333333 0.02516578
0.389919 0.0307920333333
0.358813333333 0.0477055
0.233455666667 0.00995098
0.199209 0.0353534
0.375596666667 0.1097977
0.351815 0.0817778666667
0.317821333333 0.101954833333
0.361918333333 0.146477666667
0.327466 0.143489666667
0.513532666667 0.286332
0.459925333333 0.240701666667
0.496997 0.246346333333
0.487852333333 0.311546
0.453081333333 0.315248333333
0.431660333333 0.260242
0.425499333333 0.291151333333
0.839261333333 0.108899533333
0.843707 0.0780725333333
0.869131333333 0.1324969
0.877522666667 0.0680152333333
0.904173 0.1085616
0.908118666667 0.0749069333333
0.626353666667 0.0541226333333
0.650884 0.0660489333333
0.593948333333 0.0692930333333
0.573384 0.0963043666667
0.665021 0.0982929333333
0.328262333333 0.327367
0.354096666667 0.346272666667
0.291667 0.368305
0.293373 0.33659
0.327987 0.401267666667
0.355527333333 0.388458333333
0.614965666667 0.305226666667
0.649808333333 0.293117333333
0.64522 0.255824333333
0.613792 0.239201333333
0.584438666667 0.251229333333
0.581024 0.279961666667
0.135363666667 0.707936
0.150177333333 0.677312333333
0.0828630666667 0.658471333333
0.141444 0.638303
0.1132308 0.632159333333
0.1026912 0.713737
0.0788641333333 0.69233
0.237248 0.075586
0.230419333333 0.0481275
0.293739666667 0.0788668333333
0.269224 0.0929002666667
0.296010333333 0.0361501466667
0.264666 0.02272508
0.581145 0.127847966667
0.565100666667 0.194278333333
0.599346666667 0.201181333333
0.538159333333 0.17411
0.539992333333 0.147059333333
0.612491333333 0.138891633333
0.669393666667 0.150222666667
0.651272666667 0.124421633333
0.648813333333 0.18342
0.615967333333 0.179387666667
