0.0431094 0.374691
0.0563738 0.199891
0.0829027 0.238697
0.0895349 0.100585
0.116064 0.0217083
0.122696 0.227568
0.129328 0.0663824
0.149225 0.0549751
0.162489 0.304552
0.169121 0.0491962
0.175754 0.042053
0.182386 0.0438895
0.208915 0.122187
0.222179 0.0424289
0.235444 0.0774613
0.242076 0.0455997
0.248708 0.227214
0.25534 0.0670182
0.261972 0.0352554
0.268605 0.0486018
0.275237 0.0362204
0.288501 0.171922
0.295133 0.0846389
0.301766 0.0519173
0.31503 0.078187
0.321662 0.126343
0.328295 0.132059
0.334927 0.0836256
0.341559 0.137544
0.354823 0.0653361
0.368088 0.143399
0.37472 0.192217
0.381352 0.132746
0.387984 0.066663
0.394617 0.100626
0.407881 0.0308448
0.414513 0.150878
0.421146 0.0857954
0.427778 0.063843
0.43441 0.0782049
0.441042 0.0364534
0.447674 0.0945446
0.454307 0.198883
0.460939 0.0621007
0.467571 0.064608
0.474203 0.130771
0.480835 0.196879
0.487468 0.0583895
0.500732 0.16207
0.507364 0.0875796
0.513997 0.0944548
0.520629 0.248262
0.527261 0.228099
0.533893 0.200782
0.540525 0.253309
0.547158 0.277775
0.55379 0.184872
0.560422 0.494526
0.567054 0.313677
0.573686 0.165586
0.580319 0.364385
0.586951 0.21862
0.593583 0.120566
0.600215 0.32952
0.606848 0.11662
0.61348 0.359187
0.620112 0.48544
0.626744 0.404299
0.633376 0.380305
0.646641 1.03721
0.653273 0.905681
0.666537 0.897081
0.67317 1.50087
0.679802 1.35818
0.686434 1.14467
0.693066 1.02756
0.706331 0.970069
0.712963 0.664044
0.726227 1.02117
0.73286 0.327685
0.739492 0.668993
0.746124 0.846971
0.752756 0.421929
0.759388 0.726509
0.766021 1.24651
0.772653 1.03786
0.779285 0.743033
0.785917 1.11639
0.792549 0.636083
0.799182 1.4254
0.805814 0.517303
0.812446 1.19218
0.819078 0.840508
0.825711 1.02117
0.832343 0.485598
0.838975 1.06414
0.845607 0.728011
0.852239 0.635429
0.865504 0.614629
0.872136 0.41321
0.878768 0.534995
0.8854 0.48824
0.892033 0.568249
0.898665 0.814672
0.905297 0.612047
0.911929 0.544392
0.918562 0.692304
0.925194 0.567637
0.931826 0.385105
0.938458 0.44717
0.94509 0.409139
0.951723 0.86724
0.958355 0.40077
0.964987 0.303658
0.971619 0.242047
0.978251 0.513588
0.984884 0.450646
0.991516 0.207077
0.998148 0.625373
1.00478 0.626576
1.01141 0.734835
1.01804 0.415958
1.02468 0.596005
1.03131 0.670926
1.03794 0.607704
1.04457 0.434436
1.05121 0.504516
1.05784 0.748717
1.06447 0.801426
1.0711 0.69276
1.07773 0.793334
1.08437 1.00898
1.091 0.551004
1.09763 0.841189
1.10426 0.783868
1.1109 0.912093
1.11753 0.763974
1.12416 0.523749
1.13079 1.18819
1.13742 0.78809
1.14406 1.1204
1.15069 1.1537
1.15732 1.60375
1.16395 0.456619
1.17059 0.823376
1.17722 1.18543
1.18385 1.15596
1.19048 2.48097
1.19711 0.66365
1.20375 1.34345
1.21038 1.1081
1.21701 1.07126
1.22364 1.87629
1.23028 1.35952
1.23691 1.72025
1.24354 0.916042
1.25017 0.887425
1.2568 0.854207
1.26344 1.19308
1.27007 1.32966
1.2767 1.43032
1.28333 2.10237
1.28997 1.8127
1.2966 1.16967
1.30323 1.74429
1.30986 1.57297
1.31649 1.47002
1.32313 2.1953
1.32976 1.81252
1.33639 1.82567
1.34302 1.36358
1.34966 1.99521
1.35629 1.72041
1.36292 1.28461
1.36955 2.37822
1.37618 1.35664
1.38282 2.16053
1.38945 1.01067
1.39608 1.50876
1.40271 1.34191
1.40935 1.89713
1.41598 1.57335
1.42261 2.49585
1.42924 1.78538
1.43587 1.5784
1.44251 1.93321
1.44914 1.32258
1.45577 1.66712
1.4624 2.04126
1.46904 1.64723
1.47567 0.359853
1.4823 1.70229
1.48893 1.70597
1.49556 1.61639
1.5022 0.742833
1.50883 1.31174
1.51546 2.0936
1.52209 1.63579
1.52873 1.26223
1.53536 1.79677
1.54199 1.11788
1.54862 1.28247
1.55525 1.08126
1.56189 1.32058
1.56852 1.40611
1.57515 1.41619
1.58178 1.36582
1.58842 0.563821
1.59505 0.571192
1.60168 1.15911
1.60831 1.78274
1.61494 0.943351
1.62158 0.792516
1.62821 1.09992
1.63484 1.13774
1.64147 0.790928
1.64811 1.22381
1.65474 0.79519
1.66137 0.455029
1.668 0.823311
1.67463 1.00138
1.68127 0.571557
1.6879 0.85619
1.69453 0.768156
1.70116 0.89672
1.70779 0.591873
1.71443 0.713871
1.72106 1.05283
1.72769 0.920848
1.73432 1.00994
1.74096 0.697581
1.74759 0.537334
1.75422 0.597408
1.76085 0.683401
1.76748 0.915359
1.77412 0.349677
1.78075 0.552514
1.78738 0.843486
1.79401 0.826385
1.80065 0.508565
1.80728 0.589721
1.81391 0.607746
1.82054 0.675326
1.82717 0.679667
1.83381 0.735244
1.84044 0.636299
1.84707 0.790418
1.8537 0.689502
1.86034 0.547556
1.86697 0.71501
1.8736 0.573685
1.88023 0.499558
1.88686 0.754067
1.8935 0.483127
1.90013 0.68976
1.90676 0.568765
1.91339 0.899761
1.92003 0.63123
1.92666 0.509425
1.93329 0.690716
1.93992 0.419213
1.94655 0.827341
1.95319 0.563306
1.95982 0.903969
1.96645 0.671531
1.97308 0.757036
1.97972 0.694376
1.98635 0.655926
1.99298 0.773759
1.99961 0.657979
2.00624 0.793198
2.01288 1.26395
2.01951 0.881598
2.02614 0.539899
2.03277 0.67705
2.03941 1.04289
2.04604 0.96702
2.05267 0.647887
2.0593 1.08463
2.06593 1.16
2.07257 0.854263
2.0792 0.736724
2.08583 1.34075
2.09246 1.08657
2.0991 0.745114
2.10573 1.13529
2.11236 1.12174
2.11899 0.792269
2.12562 0.670791
2.13226 0.798617
2.13889 1.3089
2.14552 1.59316
2.15215 1.02546
2.15879 1.01608
2.16542 0.856056
2.17205 1.00747
2.17868 1.02961
2.18531 0.784491
2.19195 1.1562
2.19858 0.827764
2.20521 0.784643
2.21184 1.14989
2.21848 1.36896
2.22511 0.897298
2.23174 0.998605
2.23837 0.994805
2.245 1.11423
2.25164 0.758627
2.25827 0.987635
2.2649 0.920553
2.27153 1.05338
2.27817 1.12422
2.2848 1.52326
2.29143 0.866189
2.29806 0.932841
2.30469 1.36376
2.31133 1.04757
2.31796 0.930783
2.32459 0.748645
2.33122 1.16586
2.33786 0.925597
2.34449 1.46183
2.35112 0.892887
2.35775 0.798726
2.36438 0.855383
2.37102 1.1538
2.37765 0.961961
2.38428 1.68275
2.39091 0.993298
2.39755 1.22574
2.40418 0.898741
2.41081 1.22166
2.41744 1.10821
2.42407 0.767912
2.43071 1.14417
2.43734 1.02165
2.44397 0.901921
2.4506 0.916886
2.45724 1.06401
2.46387 1.03694
2.4705 0.951845
2.47713 0.921708
2.48376 0.958474
2.4904 1.07989
2.49703 1.11625
2.50366 0.84628
2.51029 1.04656
2.51692 1.31442
2.52356 1.14914
2.53019 1.11878
2.53682 0.913205
2.54345 0.97162
2.55009 1.03914
2.55672 1.17059
2.56335 0.972469
2.56998 0.760202
2.57661 1.2044
2.58325 1.16185
2.58988 1.28142
2.59651 1.15458
2.60314 0.972035
2.60978 1.00053
2.61641 1.13519
2.62304 1.08675
2.62967 0.894256
2.6363 0.924159
2.64294 1.18785
2.64957 0.908285
2.6562 0.881326
2.66283 1.52619
2.66947 1.48035
2.6761 1.34163
2.68273 1.17108
2.68936 1.29053
2.69599 0.986719
2.70263 1.12251
2.70926 0.955839
2.71589 1.28037
2.72252 1.17523
2.72916 1.14795
2.73579 1.13877
2.74242 1.37834
2.74905 0.965841
2.75568 0.990179
2.76232 1.39477
2.76895 0.94037
2.77558 1.29341
2.78221 0.886586
2.78885 1.22593
2.79548 1.10586
2.80211 0.909923
2.80874 1.15658
2.81537 1.1939
2.82201 0.996144
2.82864 0.827593
2.83527 1.15673
2.8419 1.1849
2.84854 1.01539
2.85517 1.08371
2.8618 0.959965
2.86843 1.05726
2.87506 0.906474
2.8817 0.943543
2.88833 1.25309
2.89496 1.4488
2.90159 1.0026
2.90823 1.16417
2.91486 1.02188
2.92149 0.76182
2.92812 0.860706
2.93475 1.08667
2.94139 1.15322
2.94802 0.997606
2.95465 1.0739
2.96128 1.07734
2.96792 1.05567
2.97455 0.736083
2.98118 1.08679
2.98781 0.969015
2.99444 1.30627
3.00108 1.04772
3.00771 1.17453
3.01434 1.0692
3.02097 1.21162
3.02761 1.05385
3.03424 0.747619
3.04087 1.08476
3.0475 0.79023
3.05413 0.845731
3.06077 0.939036
3.0674 0.881558
3.07403 0.762973
3.08066 0.931248
3.0873 1.28233
3.09393 0.757281
3.10056 0.944947
3.10719 1.11842
3.11382 1.00374
3.12046 1.32314
3.12709 0.730133
3.13372 0.791566
3.14035 0.646755
3.14699 0.917842
3.15362 0.906283
3.16025 0.960104
3.16688 0.796895
3.17351 0.944396
3.18015 0.733529
3.18678 0.727405
3.19341 1.4065
3.20004 0.872372
3.20668 0.984846
3.21331 0.724129
3.21994 1.1053
3.22657 1.00092
3.2332 0.929906
3.23984 1.23159
3.24647 1.25274
3.2531 0.7928
3.25973 1.13314
3.26637 0.743852
3.273 0.50779
3.27963 0.628479
3.28626 0.982664
3.29289 1.03399
3.29953 0.717322
3.30616 0.834693
3.31279 0.69316
