0.104 0.138169
0.136 0.00815524
0.2 0.139041
0.216 0.11072
0.28 0.0800283
0.296 0.0476579
0.312 0.0470611
0.36 0.110462
0.392 0.085449
0.408 0.0766411
0.424 0.0866273
0.44 0.29565
0.504 0.0804152
0.536 0.180931
0.568 0.16679
0.584 0.134941
0.6 0.118065
0.616 0.270911
0.632 0.308808
0.648 0.0930112
0.664 0.0657591
0.696 0.165482
0.712 0.246697
0.728 0.269686
0.76 0.545758
0.776 0.32545
0.792 0.40156
0.808 0.487594
0.824 0.616093
0.856 0.552314
0.888 0.529156
0.904 0.555308
0.92 1.52372
0.936 1.36885
0.952 1.24149
0.984 0.377935
1 1.32952
1.016 0.950736
1.032 1.1549
1.048 2.34572
1.064 2.56059
1.08 3.1527
1.096 0.942424
1.112 1.23231
1.128 3.00722
1.144 1.65263
1.16 0.630231
1.176 2.45497
1.208 1.59799
1.224 1.83721
1.24 2.06003
1.256 1.11922
1.272 0.518393
1.288 1.11264
1.304 0.924294
1.32 0.897254
1.336 1.76496
1.352 0.80912
1.368 1.15674
1.384 1.21835
1.4 1.19717
1.416 0.393808
1.432 1.23926
1.448 0.905023
1.464 1.08324
1.48 1.10601
1.496 0.678441
1.512 0.896276
1.528 0.624908
1.56 0.992972
1.576 0.355997
1.608 0.74654
1.624 0.738183
1.64 0.841879
1.656 1.85398
1.672 0.91868
1.704 0.861078
1.72 0.623309
1.752 0.591992
1.768 1.05343
1.784 1.18702
1.8 0.516659
1.816 0.84883
1.832 0.795956
1.848 0.931096
1.864 0.786864
1.88 0.879188
1.896 0.273574
1.912 1.09896
1.928 0.69486
1.944 0.559203
1.96 0.618265
1.976 0.707966
1.992 1.48732
2.008 0.903746
2.024 0.870659
2.04 0.778014
2.056 1.50087
2.088 1.21133
2.104 1.05038
2.12 1.56109
2.136 1.3397
2.152 1.30126
2.168 1.2632
2.184 0.835117
2.2 1.23366
2.216 0.865825
2.232 1.39911
2.248 0.885118
2.264 0.985066
2.28 0.597375
2.296 1.03709
2.312 0.693897
2.328 1.60312
2.344 1.58252
2.36 0.507167
2.376 0.827921
2.392 0.908238
2.408 1.27039
2.424 1.2215
2.44 1.05616
2.456 0.466284
2.472 1.08558
2.488 1.85505
2.504 0.92882
2.52 1.50712
2.536 1.0833
2.552 0.922733
2.568 0.758003
2.584 0.767795
2.6 1.17676
2.616 0.532165
2.632 0.580074
2.648 0.798564
2.664 0.899788
2.68 0.768797
2.696 0.916625
2.712 0.627876
2.728 1.13046
2.744 1.00771
2.76 1.51793
2.776 1.41803
2.792 1.4417
2.808 0.876462
2.824 0.727001
2.84 0.778543
2.856 0.798939
2.872 0.971398
2.888 0.768533
2.904 0.892368
2.92 1.01853
2.936 1.21139
2.952 1.60687
2.968 0.844193
2.984 0.804785
3 1.03024
3.016 0.815721
3.032 0.847754
3.048 1.32303
3.064 0.871503
3.08 1.30155
3.096 1.25226
3.112 1.17786
3.128 1.28508
3.144 1.08438
3.16 0.815405
3.176 1.11633
3.192 0.849556
3.208 0.612368
3.224 1.36022
3.24 1.34258
3.256 1.10409
3.272 0.709598
3.288 0.639364
3.304 0.975749
3.32 1.23787
3.336 0.856576
3.352 0.75843
3.368 1.22141
3.384 0.410436
3.4 0.9339
3.416 0.996689
3.432 0.780649
3.448 0.731888
3.464 1.01623
3.48 0.97511
3.496 0.880475
3.512 1.05638
3.528 0.78284
3.544 0.964665
3.56 1.08785
3.576 0.907209
3.592 0.752856
3.608 0.895487
3.624 1.05348
3.64 1.01521
3.656 1.2006
3.672 1.15184
3.688 0.717989
3.704 0.799304
3.72 1.1625
3.736 1.06936
3.752 1.02572
3.768 0.890917
3.784 1.26599
3.8 1.0491
3.816 1.14073
3.832 1.28832
3.848 1.74965
3.864 0.882892
3.88 1.51078
3.896 1.01342
3.912 0.864113
3.928 0.789867
3.944 0.69349
3.96 0.870896
3.976 1.26963
3.992 1.08963
4.008 0.981479
4.024 1.09777
4.04 0.774937
4.056 1.25695
4.072 0.618526
4.088 0.760996
4.104 1.32442
4.12 0.810707
4.136 0.887062
4.152 0.941864
4.168 0.951674
4.184 1.43883
4.2 1.03514
4.216 1.20902
4.232 1.01089
4.248 1.02678
4.264 1.01057
4.28 0.969224
4.296 0.899177
4.312 0.855815
4.328 0.851666
4.344 0.951516
4.36 0.735237
4.376 0.738174
4.392 0.819622
4.408 1.11197
4.424 0.954262
4.44 0.900573
4.456 0.962728
4.472 0.766446
4.488 0.993048
4.504 1.15678
4.52 0.84158
4.536 1.42871
4.552 1.06461
4.568 1.19298
4.584 0.820147
4.6 1.07214
4.616 1.08634
4.632 0.58677
4.648 0.643789
4.664 1.05547
4.68 1.29795
4.696 1.16812
4.712 1.00237
4.728 1.21079
4.744 1.00149
4.76 0.914553
4.776 0.926805
4.792 1.15776
4.808 1.01211
4.824 0.97662
4.84 0.794395
4.856 1.10676
4.872 0.888588
4.888 1.21024
4.904 0.973732
4.92 1.02493
4.936 1.13209
4.952 0.974535
4.968 1.17696
4.984 0.740932
5 1.20474
5.016 1.10631
5.032 0.546919
5.048 0.935924
5.064 1.23072
5.08 1.38675
5.096 1.11525
5.112 1.28821
5.128 0.830832
5.144 0.863936
5.16 1.08993
5.176 1.16003
5.192 1.16872
5.208 0.7435
5.224 0.836403
5.24 0.742819
5.256 1.05125
5.272 1.39281
5.288 0.789737
5.304 0.953999
5.32 1.03404
5.336 0.82066
5.352 0.765479
5.368 0.986685
5.384 0.770941
5.4 1.44483
5.416 1.14586
5.432 0.870778
5.448 0.984003
5.464 0.659369
5.48 0.759513
5.496 1.07675
5.512 0.700679
5.528 0.799467
5.544 1.00525
5.56 0.975276
5.576 0.982639
5.592 1.01829
5.608 0.775085
5.624 0.99146
5.64 1.06238
5.656 1.3089
5.672 1.26342
5.688 1.09776
5.704 0.881761
5.72 1.09948
5.736 1.0437
5.752 1.2784
5.768 1.18484
5.784 1.60258
5.8 0.937526
5.816 1.08037
5.832 1.14474
5.848 1.08304
5.864 1.05356
5.88 0.983378
5.896 1.01139
5.912 1.22929
5.928 1.29728
5.944 1.22064
5.96 0.787483
5.976 0.891083
5.992 1.35219
6.008 0.954644
6.024 0.703206
6.04 0.86439
6.056 0.905216
6.072 1.01521
6.088 0.891997
6.104 0.759747
6.12 1.08338
6.136 1.03899
6.152 1.00282
6.168 1.12478
6.184 0.74919
6.2 0.991322
6.216 0.769116
6.232 0.889839
6.248 1.10324
6.264 0.998718
6.28 1.10333
6.296 0.997247
6.312 0.755128
6.328 1.26558
6.344 0.855116
6.36 0.932044
6.376 0.879461
6.392 1.03454
6.408 0.922086
6.424 1.52865
6.44 0.970054
6.456 1.08135
6.472 1.15523
6.488 0.945832
6.504 0.911436
6.52 0.860862
6.536 0.844208
6.552 1.19281
6.568 1.03158
6.584 0.985782
6.6 1.06276
6.616 1.10688
6.632 1.25121
6.648 0.739657
6.664 0.922759
6.68 0.973104
6.696 0.733193
6.712 0.817003
6.728 1.13751
6.744 1.22812
6.76 1.20638
6.776 0.741803
6.792 0.811116
6.808 1.05456
6.824 0.800657
6.84 1.08119
6.856 1.14588
6.872 0.783471
6.888 1.49379
6.904 1.09234
6.92 1.14401
6.936 1.20699
6.952 0.735653
6.968 0.853232
6.984 0.969551
7 1.16838
7.016 0.806088
7.032 0.926576
7.048 0.974888
7.064 1.22309
7.08 1.01151
7.096 1.07451
7.112 0.963358
7.128 1.09322
7.144 0.929037
7.16 1.00915
7.176 0.822364
7.192 1.00107
7.208 1.01724
7.224 0.870836
7.24 0.939449
7.256 1.01758
7.272 1.08554
7.288 1.2197
7.304 0.903737
7.32 0.975186
7.336 1.19688
7.352 0.818302
7.368 0.830827
7.384 0.886344
7.4 0.96918
7.416 1.47472
7.432 0.926395
7.448 1.00253
7.464 0.973096
7.48 0.996938
7.496 1.03803
7.512 0.789295
7.528 0.823909
7.544 0.82659
7.56 1.17206
7.576 1.08306
7.592 0.748994
7.608 1.08255
7.624 1.60187
7.64 0.66773
7.656 0.982157
7.672 1.12915
7.688 0.700289
7.704 0.797355
7.72 0.83435
7.736 1.05681
7.752 1.35968
7.768 0.942411
7.784 0.883248
7.8 1.11979
7.816 1.13606
7.832 1.13137
7.848 1.40416
7.864 0.91208
7.88 0.794301
7.896 1.61331
7.912 0.770192
7.928 0.630879
7.944 1.20888
7.96 0.941414
7.976 1.16062
7.992 0.860484
