0.0600444 0.000111478
0.0785196 5.56595e-05
0.11547 0.000565705
0.124708 0.000250243
0.161658 0.000515332
0.170896 0.00290372
0.180133 0.00298928
0.207846 0.0115674
0.226321 0.0106459
0.235559 0.0106776
0.244797 0.0085058
0.254034 0.00479569
0.290985 0.0171849
0.30946 0.00200569
0.327935 0.0446105
0.337173 0.0496482
0.34641 0.0241459
0.355648 0.0544498
0.364885 0.0582193
0.374123 0.0743381
0.383361 0.0964625
0.401836 0.0149
0.411073 0.0573341
0.420311 0.040004
0.438786 0.0209769
0.448024 0.112406
0.457261 0.243455
0.466499 0.0846383
0.475737 0.0919247
0.494212 0.231613
0.512687 0.2349
0.521925 0.258324
0.531162 0.169118
0.5404 0.274687
0.549637 0.175755
0.568113 0.329493
0.57735 0.205272
0.586588 0.0737363
0.595825 0.239329
0.605063 0.097904
0.614301 0.139012
0.623538 0.300286
0.632776 0.406644
0.642013 0.21003
0.651251 0.267347
0.660489 0.134105
0.669726 0.176464
0.678964 0.259883
0.697439 0.243896
0.706677 0.265386
0.715914 0.365335
0.725152 0.556318
0.73439 0.465888
0.743627 0.859713
0.752865 0.382552
0.762102 0.605836
0.77134 0.401611
0.780578 0.884343
0.789815 0.452236
0.799053 0.458114
0.80829 0.388416
0.817528 0.211046
0.826766 0.298883
0.836003 0.397852
0.845241 0.189492
0.854478 0.525113
0.863716 0.548831
0.872954 0.316243
0.882191 0.568605
0.900666 1.41272
0.909904 1.19527
0.928379 1.21118
0.937617 3.2801
0.946854 1.17703
0.956092 1.1231
0.96533 1.39956
0.983805 1.59598
0.993042 1.66235
1.01152 1.09167
1.02076 0.885829
1.02999 0.508086
1.03923 1.27754
1.04847 0.824407
1.05771 0.797516
1.06694 1.39095
1.07618 1.30437
1.08542 1.66129
1.09466 1.5486
1.10389 1.11394
1.11313 1.46674
1.12237 1.19444
1.13161 2.45758
1.14084 1.93008
1.15008 2.19469
1.15932 1.21736
1.16856 2.30517
1.17779 1.209
1.18703 1.71432
1.20551 1.23453
1.21474 1.27036
1.22398 1.8123
1.23322 1.14746
1.24246 1.38059
1.2517 1.1803
1.26093 1.13243
1.27017 1.51005
1.27941 1.47432
1.28865 2.22457
1.29788 1.018
1.30712 1.4615
1.31636 0.997733
1.3256 1.15971
1.33483 1.19863
1.34407 1.12012
1.35331 0.91406
1.36255 0.873577
1.37178 1.27061
1.38102 1.65529
1.39026 1.08226
1.3995 1.82838
1.40873 1.2926
1.41797 0.966336
1.42721 0.848415
1.43645 1.36347
1.44569 0.92048
1.45492 1.09711
1.46416 1.32277
1.4734 0.889079
1.48264 0.904234
1.49187 0.639707
1.50111 0.955437
1.51035 0.686685
1.51959 0.901073
1.52882 1.02255
1.53806 0.958847
1.5473 1.15355
1.55654 1.10152
1.56577 0.738883
1.57501 0.843394
1.58425 0.522107
1.59349 1.29466
1.60272 1.29477
1.61196 1.19567
1.6212 1.38216
1.63044 0.86936
1.63967 0.867763
1.64891 0.972603
1.65815 0.761253
1.66739 1.18965
1.67663 0.711717
1.68586 0.724155
1.6951 0.763123
1.70434 0.768009
1.71358 0.758755
1.72281 1.23124
1.73205 0.652495
1.74129 0.571116
1.75053 0.330772
1.75976 0.759397
1.769 0.620856
1.77824 1.23669
1.78748 0.877192
1.79671 0.793917
1.80595 0.567957
1.81519 1.30939
1.82443 0.995639
1.83366 1.10351
1.8429 1.29391
1.85214 0.727008
1.86138 0.843396
1.87061 0.409506
1.87985 0.684663
1.88909 0.573538
1.89833 0.623095
1.90757 0.524804
1.9168 0.755028
1.92604 0.409565
1.93528 0.46228
1.94452 0.63691
1.95375 0.965328
1.96299 0.833116
1.97223 0.833574
1.98147 0.697264
1.9907 0.821096
1.99994 1.02938
2.00918 0.57133
2.01842 0.877503
2.02765 0.848144
2.03689 0.665586
2.04613 0.563645
2.05537 0.629417
2.0646 0.674892
2.07384 0.570265
2.08308 1.06525
2.09232 0.470634
2.10155 0.883855
2.11079 0.565942
2.12003 0.745509
2.12927 0.73792
2.13851 0.839231
2.14774 0.978376
2.15698 0.839616
2.16622 0.831153
2.17546 0.930778
2.18469 1.37809
2.19393 0.653052
2.20317 1.24467
2.21241 1.08329
2.22164 1.09275
2.23088 1.03448
2.24012 0.650662
2.24936 0.644259
2.25859 1.42466
2.26783 1.08075
2.27707 1.04093
2.28631 1.17649
2.29554 1.03092
2.30478 1.20218
2.31402 1.08591
2.32326 1.25616
2.3325 1.30389
2.34173 0.951778
2.35097 1.43431
2.36021 1.27451
2.36945 1.22899
2.37868 0.966321
2.38792 0.860758
2.39716 0.887742
2.4064 1.00026
2.41563 1.04815
2.42487 1.67272
2.43411 1.74081
2.44335 1.73665
2.45258 1.71084
2.46182 1.11997
2.47106 1.59332
2.4803 1.18202
2.48953 1.2478
2.49877 2.25375
2.50801 1.35975
2.51725 1.24089
2.52648 1.58147
2.53572 1.67945
2.54496 1.53185
2.5542 1.32412
2.56344 1.47513
2.57267 1.65464
2.58191 1.151
2.59115 0.844149
2.60039 0.754931
2.60962 0.940462
2.61886 1.27344
2.6281 0.927336
2.63734 1.19744
2.64657 1.20446
2.65581 1.77956
2.66505 1.17913
2.67429 0.945127
2.68352 1.40424
2.69276 1.17753
2.702 0.792674
2.71124 0.945908
2.72047 0.961758
2.72971 0.837675
2.73895 0.930363
2.74819 1.2985
2.75742 0.816234
2.76666 1.30077
2.7759 0.841059
2.78514 1.02219
2.79438 1.14976
2.80361 1.14632
2.81285 0.984665
2.82209 0.862698
2.83133 1.01707
2.84056 0.820106
2.8498 0.589773
2.85904 0.702626
2.86828 1.32661
2.87751 1.15482
2.88675 0.797515
2.89599 0.447267
2.90523 0.703635
2.91446 0.483085
2.9237 1.04136
2.93294 0.710543
2.94218 0.732891
2.95141 0.888696
2.96065 0.67324
2.96989 1.04293
2.97913 0.960315
2.98836 0.534252
2.9976 1.01921
3.00684 0.511624
3.01608 0.764782
3.02532 0.939575
3.03455 0.838624
3.04379 0.655762
3.05303 0.883564
3.06227 0.564747
3.0715 0.582905
3.08074 0.644822
3.08998 0.757781
3.09922 0.831322
3.10845 0.746629
3.11769 0.896215
3.12693 0.855173
3.13617 0.434035
3.1454 0.719409
3.15464 0.781333
3.16388 0.588815
3.17312 0.732116
3.18235 0.690704
3.19159 0.720674
3.20083 0.654248
3.21007 0.53264
3.21931 0.619357
3.22854 0.718253
3.23778 0.781573
3.24702 0.870948
3.25626 1.08943
3.26549 1.06424
3.27473 0.793331
3.28397 1.05886
3.29321 0.72967
3.30244 0.956244
3.31168 0.771987
3.32092 0.885025
3.33016 0.935787
3.33939 0.787595
3.34863 0.761896
3.35787 0.873464
3.36711 1.05421
3.37634 0.737223
3.38558 1.14774
3.39482 1.08216
3.40406 1.02305
3.41329 0.959172
3.42253 0.932479
3.43177 1.37446
3.44101 1.03749
3.45025 0.810922
3.45948 1.02531
3.46872 0.948794
3.47796 1.12303
3.4872 1.0569
3.49643 0.721626
3.50567 0.953011
3.51491 1.05798
3.52415 1.28071
3.53338 1.35885
3.54262 1.24487
3.55186 1.12621
3.5611 1.2162
3.57033 1.56514
3.57957 1.61077
3.58881 1.26757
3.59805 1.35503
3.60728 1.45885
3.61652 1.52866
3.62576 0.887275
3.635 1.32723
3.64423 1.46117
3.65347 1.33522
3.66271 1.77765
3.67195 1.07851
3.68119 1.18778
3.69042 0.876204
3.69966 1.23196
3.7089 1.00261
3.71814 1.17321
3.72737 1.24284
3.73661 0.932303
3.74585 1.25228
3.75509 1.15001
3.76432 1.02083
3.77356 1.80028
3.7828 1.22623
3.79204 1.99992
3.80127 0.965301
3.81051 1.39521
3.81975 1.15707
3.82899 0.890336
3.83822 1.23353
3.84746 1.10273
3.8567 1.21881
3.86594 1.25552
3.87518 1.00304
3.88441 1.07851
3.89365 1.37217
3.90289 0.805732
3.91213 1.07854
3.92136 0.742151
3.9306 1.0822
3.93984 0.832139
3.94908 1.21234
3.95831 1.04836
3.96755 1.04388
3.97679 1.22158
3.98603 0.708933
3.99526 0.944248
4.0045 1.0774
4.01374 1.04855
4.02298 0.954529
4.03221 0.812651
4.04145 0.75432
4.05069 0.854501
4.05993 0.716811
4.06916 0.987432
4.0784 1.0709
4.08764 0.742961
4.09688 1.00606
4.10612 0.856113
4.11535 0.867027
4.12459 0.696441
4.13383 1.11348
4.14307 0.791534
4.1523 0.840778
4.16154 0.812491
4.17078 0.663883
4.18002 0.758423
4.18925 0.779997
4.19849 0.719924
4.20773 1.01557
4.21697 0.714612
4.2262 0.844071
4.23544 0.710745
4.24468 0.671578
4.25392 0.769726
4.26315 0.684431
4.27239 0.686288
4.28163 0.617428
4.29087 0.767346
4.3001 0.790012
4.30934 0.719343
4.31858 0.930322
4.32782 0.867409
4.33706 0.940872
4.34629 0.759496
4.35553 0.632384
4.36477 0.660735
4.37401 0.793475
4.38324 0.884854
4.39248 0.658196
4.40172 1.0821
4.41096 0.559225
4.42019 0.996462
4.42943 0.904574
4.43867 0.746642
4.44791 0.771072
4.45714 0.86191
4.46638 0.987428
4.47562 0.802562
4.48486 1.10411
4.49409 0.882343
4.50333 0.419804
4.51257 0.765599
4.52181 1.49323
4.53104 1.12939
4.54028 1.0678
4.54952 0.987369
4.55876 1.13521
4.568 0.94809
4.57723 0.959059
4.58647 1.40488
4.59571 1.10354
4.60495 1.14291
4.61418 1.19334
