0.0430724 0.403815
0.0563254 0.274926
0.0828315 0.209059
0.0894581 0.133816
0.115964 0.0481493
0.122591 0.240008
0.129217 0.0832867
0.149097 0.0200101
0.16235 0.185905
0.168976 0.0320312
0.175603 0.0485586
0.182229 0.0672587
0.208735 0.123349
0.221989 0.0279081
0.235242 0.0587183
0.241868 0.0357247
0.248495 0.437369
0.255121 0.158943
0.261748 0.0394147
0.268374 0.0404902
0.275001 0.0474994
0.288254 0.225159
0.29488 0.0812878
0.301507 0.0391931
0.31476 0.0238025
0.321386 0.0169611
0.328013 0.267063
0.334639 0.0525659
0.341266 0.115197
0.354519 0.0502462
0.367772 0.0205276
0.374399 0.163446
0.381025 0.0738638
0.387652 0.0490394
0.394278 0.096121
0.407531 0.0677787
0.414158 0.148576
0.420784 0.0309303
0.427411 0.0697046
0.434037 0.0331699
0.440664 0.0141969
0.44729 0.0578557
0.453917 0.20479
0.460543 0.0970122
0.46717 0.024594
0.473796 0.0923774
0.480423 0.0513607
0.487049 0.0663418
0.500302 0.16836
0.506929 0.110949
0.513556 0.041911
0.520182 0.0581311
0.526809 0.112208
0.533435 0.138414
0.540062 0.266583
0.546688 0.269746
0.553315 0.12745
0.559941 0.33357
0.566568 0.120607
0.573194 0.0326115
0.579821 0.380488
0.586447 0.064077
0.593074 0.149407
0.5997 0.383109
0.606327 0.366509
0.612953 0.176839
0.61958 0.284718
0.626206 0.550633
0.632833 0.351317
0.646086 0.585894
0.652713 0.739064
0.665966 0.880237
0.672592 0.41043
0.679219 0.431425
0.685845 1.05615
0.692472 0.990423
0.705725 1.24082
0.712351 0.858669
0.725604 0.677942
0.732231 1.54497
0.738857 0.733285
0.745484 1.40365
0.75211 1.66532
0.758737 0.926778
0.765363 1.2019
0.77199 0.88399
0.778616 1.82989
0.785243 1.09754
0.791869 1.23534
0.798496 0.628568
0.805123 1.02532
0.811749 1.72329
0.818376 1.2239
0.825002 1.24606
0.831629 0.78563
0.838255 1.25137
0.844882 0.533509
0.851508 0.410001
0.864761 0.644669
0.871388 0.754108
0.878014 0.73385
0.884641 0.401394
0.891267 0.540599
0.897894 0.370749
0.90452 0.376407
0.911147 0.617337
0.917773 0.554505
0.9244 0.555545
0.931026 0.569408
0.937653 0.241225
0.94428 0.456161
0.950906 0.176269
0.957533 0.387644
0.964159 0.590517
0.970786 0.478564
0.977412 0.427094
0.984039 0.35599
0.990665 0.664384
0.997292 0.34088
1.00392 0.51435
1.01054 0.565627
1.01717 0.672444
1.0238 0.499902
1.03042 0.617091
1.03705 0.576803
1.04368 0.536939
1.0503 0.374648
1.05693 0.493417
1.06356 0.432149
1.07018 0.757565
1.07681 0.433721
1.08344 0.650612
1.09006 0.703138
1.09669 0.759061
1.10332 0.768213
1.10994 0.359548
1.11657 0.696137
1.1232 0.489075
1.12982 0.767426
1.13645 1.04293
1.14308 0.975995
1.1497 0.854382
1.15633 0.537218
1.16295 0.964685
1.16958 0.609139
1.17621 0.912924
1.18283 1.56799
1.18946 0.549367
1.19609 1.64716
1.20271 1.14969
1.20934 1.30108
1.21597 1.27588
1.22259 1.89611
1.22922 1.31478
1.23585 1.70942
1.24247 1.66225
1.2491 2.07266
1.25573 0.632427
1.26235 1.86783
1.26898 1.74175
1.27561 0.944318
1.28223 2.19818
1.28886 2.0741
1.29549 1.92541
1.30211 2.35228
1.30874 1.54912
1.31536 1.82056
1.32199 1.29294
1.32862 1.62291
1.33524 1.93445
1.34187 1.70348
1.3485 0.977232
1.35512 1.20181
1.36175 2.7298
1.36838 1.05058
1.375 1.82048
1.38163 2.31642
1.38826 1.37493
1.39488 1.41971
1.40151 1.41305
1.40814 2.01736
1.41476 2.85979
1.42139 2.19315
1.42802 1.70205
1.43464 1.82361
1.44127 1.27254
1.4479 1.81018
1.45452 2.22925
1.46115 1.64089
1.46777 0.971241
1.4744 3.48579
1.48103 1.64983
1.48765 1.46749
1.49428 1.45775
1.50091 1.93017
1.50753 2.0332
1.51416 1.40299
1.52079 1.3873
1.52741 1.66375
1.53404 1.24973
1.54067 1.13469
1.54729 1.06445
1.55392 0.905896
1.56055 1.68682
1.56717 0.510492
1.5738 1.03825
1.58043 1.14013
1.58705 0.737817
1.59368 0.805465
1.60031 1.24844
1.60693 0.920501
1.61356 1.16903
1.62018 0.950081
1.62681 1.16342
1.63344 1.12956
1.64006 0.568894
1.64669 0.974417
1.65332 0.791801
1.65994 0.751007
1.66657 0.704078
1.6732 0.663263
1.67982 0.987376
1.68645 0.414253
1.69308 0.607966
1.6997 0.688619
1.70633 0.740359
1.71296 0.644655
1.71958 0.423915
1.72621 0.58114
1.73284 0.423011
1.73946 0.52729
1.74609 0.767575
1.75272 0.558931
1.75934 0.558785
1.76597 0.397758
1.77259 0.559815
1.77922 0.661536
1.78585 0.561846
1.79247 0.447983
1.7991 0.514356
1.80573 0.515076
1.81235 0.447257
1.81898 0.417435
1.82561 0.455962
1.83223 0.678586
1.83886 0.63687
1.84549 0.679592
1.85211 0.553529
1.85874 0.501331
1.86537 0.482319
1.87199 0.570803
1.87862 0.594622
1.88525 0.398718
1.89187 0.64773
1.8985 0.600039
1.90513 0.699189
1.91175 0.735218
1.91838 0.485929
1.925 0.642088
1.93163 0.646452
1.93826 0.734855
1.94488 0.875195
1.95151 0.842753
1.95814 1.26367
1.96476 0.554958
1.97139 1.05079
1.97802 1.05865
1.98464 0.540322
1.99127 0.850756
1.9979 0.911977
2.00452 0.615737
2.01115 0.573305
2.01778 0.854958
2.0244 1.23707
2.03103 0.940348
2.03766 0.921056
2.04428 0.600438
2.05091 0.932655
2.05754 0.75523
2.06416 1.34298
2.07079 0.941488
2.07741 1.00631
2.08404 0.847789
2.09067 1.20356
2.09729 0.938496
2.10392 0.613387
2.11055 0.666354
2.11717 0.720003
2.1238 1.052
2.13043 1.10891
2.13705 0.970018
2.14368 0.646988
2.15031 1.07032
2.15693 0.888654
2.16356 1.09697
2.17019 1.18653
2.17681 0.830226
2.18344 0.675056
2.19007 1.28393
2.19669 0.98386
2.20332 1.20463
2.20995 1.01883
2.21657 0.815469
2.2232 1.01521
2.22982 0.726804
2.23645 1.26289
2.24308 0.794833
2.2497 1.21785
2.25633 0.85659
2.26296 1.06248
2.26958 1.12688
2.27621 1.11911
2.28284 1.09827
2.28946 0.908122
2.29609 0.998498
2.30272 1.13249
2.30934 1.55395
2.31597 1.40428
2.3226 0.949133
2.32922 0.724168
2.33585 0.78602
2.34248 1.17484
2.3491 1.10643
2.35573 1.14435
2.36236 1.543
2.36898 1.03383
2.37561 1.18877
2.38223 1.20164
2.38886 1.09484
2.39549 1.2195
2.40211 1.11602
2.40874 0.791717
2.41537 0.869849
2.42199 1.27966
2.42862 1.27602
2.43525 1.04947
2.44187 0.939949
2.4485 1.12585
2.45513 1.36874
2.46175 1.10577
2.46838 1.43212
2.47501 1.06552
2.48163 1.5681
2.48826 0.963445
2.49489 1.11707
2.50151 1.23372
2.50814 1.1071
2.51477 1.23738
2.52139 0.789553
2.52802 1.15008
2.53465 1.0749
2.54127 1.13972
2.5479 1.3531
2.55452 0.917636
2.56115 0.896296
2.56778 1.019
2.5744 0.87119
2.58103 1.1442
2.58766 1.61772
2.59428 1.48467
2.60091 1.25361
2.60754 1.03904
2.61416 0.938756
2.62079 0.78994
2.62742 0.819553
2.63404 0.94174
2.64067 0.814447
2.6473 1.49988
2.65392 1.06526
2.66055 1.02871
2.66718 0.95753
2.6738 0.957804
2.68043 0.838924
2.68706 1.37608
2.69368 1.52995
2.70031 1.28168
2.70693 1.27802
2.71356 0.982745
2.72019 0.796935
2.72681 1.10521
2.73344 0.930926
2.74007 0.944186
2.74669 1.23135
2.75332 0.839805
2.75995 1.0723
2.76657 0.953767
2.7732 1.2094
2.77983 1.20544
2.78645 0.967488
2.79308 0.823282
2.79971 1.12503
2.80633 0.808997
2.81296 0.969549
2.81959 1.1254
2.82621 1.14061
2.83284 1.5042
2.83947 1.04146
2.84609 0.785324
2.85272 0.787819
2.85934 0.83347
2.86597 1.6218
2.8726 0.911056
2.87922 1.00504
2.88585 1.11177
2.89248 1.06659
2.8991 0.878016
2.90573 0.841417
2.91236 1.02961
2.91898 1.05725
2.92561 1.40138
2.93224 1.00305
2.93886 0.95862
2.94549 1.00633
2.95212 1.20614
2.95874 0.849872
2.96537 0.812521
2.972 1.01816
2.97862 0.966929
2.98525 1.17712
2.99188 0.954029
2.9985 0.835824
3.00513 0.986539
3.01175 1.30096
3.01838 1.01479
3.02501 0.766871
3.03163 1.16756
3.03826 1.0058
3.04489 1.01305
3.05151 1.11691
3.05814 0.895394
3.06477 1.00581
3.07139 0.96905
3.07802 0.913529
3.08465 0.939314
3.09127 0.743444
3.0979 1.03914
3.10453 0.981636
3.11115 1.08878
3.11778 1.2309
3.12441 0.878591
3.13103 0.900562
3.13766 0.975285
3.14429 0.805444
3.15091 0.826965
3.15754 0.529606
3.16416 1.08321
3.17079 0.678228
3.17742 0.660466
3.18404 0.849524
3.19067 0.876143
3.1973 0.989926
3.20392 0.781629
3.21055 1.15108
3.21718 1.06288
3.2238 0.944542
3.23043 0.938193
3.23706 1.0047
3.24368 0.675994
3.25031 1.08991
3.25694 0.717886
3.26356 0.951775
3.27019 1.10936
3.27682 0.958034
3.28344 0.570453
3.29007 0.960668
3.2967 0.829169
3.30332 0.939645
3.30995 0.853302
