0.104 0.00046298
0.136 0.00121675
0.2 0.00152008
0.216 0.00293359
0.28 0.0041544
0.296 0.00867927
0.312 0.010758
0.36 0.0358784
0.392 0.0122349
0.408 0.0381574
0.424 0.0370444
0.44 0.0129888
0.504 0.0287985
0.536 0.0853618
0.568 0.169687
0.584 0.0558037
0.6 0.153298
0.616 0.119292
0.632 0.117768
0.648 0.179455
0.664 0.145334
0.696 0.104718
0.712 0.126874
0.728 0.302983
0.76 0.184933
0.776 0.234901
0.792 0.336933
0.808 0.359012
0.824 0.517621
0.856 0.554784
0.888 0.835891
0.904 1.94365
0.92 2.85797
0.936 0.970738
0.952 1.39961
0.984 0.878024
1 1.25289
1.016 0.679602
1.032 1.6921
1.048 0.249035
1.064 0.711395
1.08 1.65023
1.096 2.63467
1.112 2.58459
1.128 2.02331
1.144 2.33012
1.16 1.69786
1.176 2.41319
1.208 2.02861
1.224 2.12298
1.24 2.05226
1.256 0.866045
1.272 1.34572
1.288 1.25536
1.304 1.1684
1.32 0.781578
1.336 0.856938
1.352 1.12535
1.368 0.573539
1.384 0.706716
1.4 0.557919
1.416 0.677994
1.432 0.506667
1.448 0.444579
1.464 0.38652
1.48 0.630523
1.496 0.426818
1.512 1.33023
1.528 0.835004
1.56 0.407587
1.576 0.475767
1.608 0.48506
1.624 0.588257
1.64 0.144883
1.656 0.532111
1.672 0.361493
1.704 0.847982
1.72 0.889445
1.752 0.4572
1.768 1.01273
1.784 0.688695
1.8 0.99747
1.816 2.54193
1.832 0.691568
1.848 0.739701
1.864 0.445736
1.88 1.12304
1.896 1.00584
1.912 1.02088
1.928 0.989978
1.944 0.481772
1.96 0.616659
1.976 1.26685
1.992 1.35522
2.008 1.59632
2.024 1.56128
2.04 1.33776
2.056 1.38849
2.088 1.24874
2.104 1.76294
2.12 1.40935
2.136 2.30039
2.152 1.78855
2.168 0.491187
2.184 0.436925
2.2 1.32503
2.216 1.13738
2.232 1.5264
2.248 0.703321
2.264 0.81127
2.28 0.957145
2.296 1.20388
2.312 0.845145
2.328 0.762633
2.344 1.10508
2.36 0.900205
2.376 0.790985
2.392 1.17247
2.408 0.851426
2.424 0.905646
2.44 1.25484
2.456 0.812244
2.472 0.927375
2.488 0.917914
2.504 0.687744
2.52 1.56454
2.536 0.954354
2.552 0.518641
2.568 0.726314
2.584 0.600378
2.6 0.657165
2.616 0.767249
2.632 0.716349
2.648 0.444242
2.664 0.844503
2.68 0.610646
2.696 0.910012
2.712 0.957439
2.728 0.599382
2.744 0.968659
2.76 1.12146
2.776 0.966942
2.792 0.82375
2.808 0.793628
2.824 0.975926
2.84 1.15747
2.856 1.0125
2.872 1.15826
2.888 2.38617
2.904 1.11725
2.92 0.780207
2.936 0.860481
2.952 1.29761
2.968 1.10086
2.984 1.00629
3 1.22523
3.016 1.86133
3.032 1.18014
3.048 0.930509
3.064 1.18292
3.08 1.48466
3.096 0.813121
3.112 1.10107
3.128 1.29418
3.144 1.23586
3.16 1.36293
3.176 0.906255
3.192 0.626757
3.208 1.19349
3.224 1.13614
3.24 0.68316
3.256 1.34762
3.272 1.3354
3.288 1.20681
3.304 1.20852
3.32 0.72225
3.336 1.21764
3.352 0.629875
3.368 1.06758
3.384 0.765512
3.4 1.11455
3.416 0.789555
3.432 0.565881
3.448 0.893671
3.464 1.04192
3.48 1.1389
3.496 0.749508
3.512 1.14838
3.528 0.643843
3.544 0.718443
3.56 0.64451
3.576 1.16609
3.592 0.425126
3.608 0.751239
3.624 1.2112
3.64 0.978562
3.656 1.03506
3.672 1.03059
3.688 0.738691
3.704 0.37511
3.72 0.846112
3.736 0.950565
3.752 0.821347
3.768 0.919134
3.784 1.07239
3.8 0.985588
3.816 0.91269
3.832 1.01732
3.848 0.909431
3.864 1.14561
3.88 1.9915
3.896 0.984672
3.912 0.867481
3.928 1.80894
3.944 1.04154
3.96 1.34526
3.976 0.919467
3.992 1.43551
4.008 1.1229
4.024 0.905286
4.04 0.865205
4.056 0.896735
4.072 1.24683
4.088 1.02536
4.104 0.878435
4.12 1.11492
4.136 1.24832
4.152 1.23839
4.168 1.19283
4.184 1.07714
4.2 1.22045
4.216 1.19844
4.232 1.09571
4.248 0.96339
4.264 2.07847
4.28 0.82393
4.296 0.83659
4.312 0.904206
4.328 1.42068
4.344 1.27997
4.36 0.697925
4.376 0.899041
4.392 0.646006
4.408 0.831866
4.424 1.03308
4.44 0.856745
4.456 0.86217
4.472 0.818704
4.488 0.684784
4.504 0.936707
4.52 0.983295
4.536 0.997831
4.552 0.844296
4.568 1.17703
4.584 0.57561
4.6 0.767525
4.616 0.915319
4.632 0.632502
4.648 0.898915
4.664 1.02803
4.68 1.08061
4.696 1.13484
4.712 0.928714
4.728 1.76828
4.744 0.935333
4.76 0.869253
4.776 1.05273
4.792 0.690029
4.808 1.12488
4.824 1.30667
4.84 0.927082
4.856 0.674488
4.872 0.782732
4.888 0.906183
4.904 1.00986
4.92 1.2995
4.936 0.908792
4.952 1.08075
4.968 1.11119
4.984 1.41005
5 1.15501
5.016 1.15969
5.032 1.32659
5.048 1.54627
5.064 0.835141
5.08 0.992605
5.096 0.873859
5.112 0.920863
5.128 0.836174
5.144 0.935589
5.16 0.88872
5.176 1.53182
5.192 1.00459
5.208 1.25083
5.224 0.9648
5.24 1.05518
5.256 0.987721
5.272 1.32224
5.288 1.02863
5.304 0.760218
5.32 0.760764
5.336 1.03669
5.352 1.40402
5.368 1.23473
5.384 0.752759
5.4 1.07951
5.416 1.02246
5.432 1.02464
5.448 0.881261
5.464 0.819193
5.48 1.27789
5.496 0.787615
5.512 0.94123
5.528 0.920467
5.544 1.08248
5.56 0.761803
5.576 1.22654
5.592 1.04519
5.608 0.749705
5.624 1.03969
5.64 0.780814
5.656 0.862335
5.672 0.825159
5.688 1.14639
5.704 1.17229
5.72 0.989854
5.736 1.01711
5.752 0.811313
5.768 0.913242
5.784 1.22044
5.8 1.01688
5.816 1.02163
5.832 1.31064
5.848 1.15775
5.864 0.771636
5.88 1.18953
5.896 1.31005
5.912 1.12931
5.928 0.845917
5.944 1.13429
5.96 1.01667
5.976 0.875158
5.992 1.45818
6.008 0.680989
6.024 1.01741
6.04 1.00721
6.056 0.922288
6.072 1.12891
6.088 0.946868
6.104 0.874785
6.12 1.00194
6.136 0.896209
6.152 1.02249
6.168 0.740448
6.184 0.946507
6.2 1.23184
6.216 1.0356
6.232 1.03412
6.248 0.602224
6.264 1.073
6.28 1.5054
6.296 1.28039
6.312 0.908909
6.328 0.724249
6.344 0.698421
6.36 0.989565
6.376 1.05747
6.392 1.08629
6.408 1.04663
6.424 0.522864
6.44 0.886583
6.456 1.45974
6.472 1.29983
6.488 1.06378
6.504 0.907321
6.52 0.730705
6.536 0.985758
6.552 0.969062
6.568 0.696167
6.584 0.836226
6.6 1.08378
6.616 0.964977
6.632 1.25716
6.648 0.818946
6.664 0.80272
6.68 0.863536
6.696 0.779919
6.712 1.04561
6.728 1.22145
6.744 1.16031
6.76 1.03627
6.776 1.79204
6.792 0.879787
6.808 1.21679
6.824 1.07313
6.84 0.709412
6.856 0.891768
6.872 1.32842
6.888 1.5595
6.904 0.94107
6.92 0.692807
6.936 0.925063
6.952 1.20016
6.968 0.785668
6.984 0.944067
7 1.11296
7.016 1.07275
7.032 1.06541
7.048 1.37018
7.064 0.786031
7.08 0.829877
7.096 0.83662
7.112 1.04846
7.128 1.02378
7.144 1.11439
7.16 0.994371
7.176 0.854244
7.192 0.898029
7.208 0.826414
7.224 1.02208
7.24 1.03124
7.256 1.05593
7.272 1.10923
7.288 0.834088
7.304 0.804888
7.32 0.794798
7.336 1.08761
7.352 0.944526
7.368 0.771928
7.384 1.19949
7.4 0.768502
7.416 1.08519
7.432 1.11176
7.448 0.950877
7.464 1.21601
7.48 1.1128
7.496 0.885916
7.512 1.08724
7.528 0.887782
7.544 1.12484
7.56 0.838832
7.576 1.05199
7.592 1.02588
7.608 1.10055
7.624 0.830875
7.64 1.05263
7.656 0.914771
7.672 1.13813
7.688 1.21981
7.704 0.990875
7.72 1.29933
7.736 0.846654
7.752 1.36541
7.768 0.561924
7.784 0.890873
7.8 0.804603
7.816 1.11656
7.832 1.15161
7.848 1.28305
7.864 0.932985
7.88 0.901542
7.896 0.98524
7.912 1.15902
7.928 1.08215
7.944 1.12571
7.96 1.13168
7.976 1.28359
7.992 0.776673
