0.0600444 5.59669e-05
0.0785196 0.000123415
0.11547 0.000464473
0.124708 0.00038774
0.161658 0.000946036
0.170896 0.00311888
0.180133 0.00209389
0.207846 0.00549872
0.226321 0.00409415
0.235559 0.00976
0.244797 0.0132955
0.254034 0.00955575
0.290985 0.00988483
0.30946 0.0144805
0.327935 0.0243338
0.337173 0.0101281
0.34641 0.024788
0.355648 0.0470979
0.364885 0.0220394
0.374123 0.0562551
0.383361 0.0366489
0.401836 0.0274008
0.411073 0.0435582
0.420311 0.0581934
0.438786 0.0407407
0.448024 0.0390814
0.457261 0.0136894
0.466499 0.0759051
0.475737 0.0883281
0.494212 0.084522
0.512687 0.101766
0.521925 0.175893
0.531162 0.166642
0.5404 0.0745555
0.549637 0.0935705
0.568113 0.115037
0.57735 0.0920674
0.586588 0.132852
0.595825 0.116368
0.605063 0.1067
0.614301 0.0676358
0.623538 0.230335
0.632776 0.129407
0.642013 0.240175
0.651251 0.264262
0.660489 0.1322
0.669726 0.169987
0.678964 0.178423
0.697439 0.155863
0.706677 0.194744
0.715914 0.0894051
0.725152 0.26863
0.73439 0.259532
0.743627 0.227868
0.752865 0.274992
0.762102 0.654503
0.77134 0.243275
0.780578 0.656502
0.789815 0.378381
0.799053 0.243351
0.80829 0.370155
0.817528 0.30912
0.826766 0.371182
0.836003 0.503898
0.845241 0.77658
0.854478 0.303515
0.863716 0.689597
0.872954 0.647195
0.882191 0.514947
0.900666 0.917059
0.909904 1.08014
0.928379 1.47424
0.937617 1.28065
0.946854 0.528298
0.956092 1.40867
0.96533 1.33318
0.983805 1.88347
0.993042 1.4322
1.01152 0.64727
1.02076 2.46213
1.02999 0.705237
1.03923 2.10618
1.04847 2.47229
1.05771 1.21023
1.06694 1.44
1.07618 1.01156
1.08542 2.84439
1.09466 2.1648
1.10389 1.77275
1.11313 1.24252
1.12237 1.49833
1.13161 2.49674
1.14084 1.8951
1.15008 3.46899
1.15932 2.47139
1.16856 2.37449
1.17779 2.05129
1.18703 2.17877
1.20551 1.05477
1.21474 1.60178
1.22398 1.76078
1.23322 2.7334
1.24246 2.37261
1.2517 0.521528
1.26093 1.03351
1.27017 1.27804
1.27941 1.19673
1.28865 1.363
1.29788 1.18851
1.30712 1.04674
1.31636 0.922187
1.3256 1.46681
1.33483 1.0341
1.34407 0.85693
1.35331 0.977972
1.36255 0.652336
1.37178 1.32909
1.38102 0.947406
1.39026 1.12121
1.3995 0.71785
1.40873 1.2586
1.41797 0.989361
1.42721 0.784878
1.43645 0.514538
1.44569 0.885911
1.45492 1.53136
1.46416 0.550465
1.4734 0.764712
1.48264 0.731779
1.49187 0.130618
1.50111 0.475354
1.51035 0.942121
1.51959 0.737226
1.52882 0.529533
1.53806 0.675237
1.5473 1.02944
1.55654 0.701461
1.56577 1.03598
1.57501 0.57049
1.58425 0.644558
1.59349 0.389618
1.60272 0.438176
1.61196 0.416538
1.6212 0.791452
1.63044 0.484471
1.63967 0.478364
1.64891 1.00583
1.65815 0.534914
1.66739 0.732719
1.67663 0.461996
1.68586 0.614686
1.6951 0.660666
1.70434 0.879489
1.71358 0.421579
1.72281 0.536339
1.73205 0.777772
1.74129 0.542252
1.75053 0.461962
1.75976 0.550736
1.769 1.33732
1.77824 0.650359
1.78748 0.615714
1.79671 0.805313
1.80595 0.812877
1.81519 0.492091
1.82443 0.677936
1.83366 0.930195
1.8429 0.401656
1.85214 0.683479
1.86138 0.700714
1.87061 0.826095
1.87985 0.748493
1.88909 0.766062
1.89833 0.593761
1.90757 0.927432
1.9168 0.660834
1.92604 0.717568
1.93528 0.649699
1.94452 0.786068
1.95375 0.81318
1.96299 0.692767
1.97223 0.769417
1.98147 0.446707
1.9907 1.00382
1.99994 0.723947
2.00918 1.17759
2.01842 1.10875
2.02765 1.33445
2.03689 1.12821
2.04613 0.825032
2.05537 0.866328
2.0646 0.991729
2.07384 0.952916
2.08308 1.0941
2.09232 1.72911
2.10155 1.22676
2.11079 1.38168
2.12003 1.1631
2.12927 1.20043
2.13851 0.736795
2.14774 1.05902
2.15698 1.28878
2.16622 1.53521
2.17546 1.43299
2.18469 1.81616
2.19393 1.42945
2.20317 0.931114
2.21241 1.3442
2.22164 1.09808
2.23088 1.72026
2.24012 2.03801
2.24936 1.63791
2.25859 1.29268
2.26783 2.11779
2.27707 2.05761
2.28631 1.42975
2.29554 1.16383
2.30478 1.91907
2.31402 1.26177
2.32326 1.05041
2.3325 0.783172
2.34173 1.31616
2.35097 1.62263
2.36021 1.09951
2.36945 1.13961
2.37868 1.38246
2.38792 1.36071
2.39716 1.57888
2.4064 1.86785
2.41563 0.885335
2.42487 1.36526
2.43411 1.1106
2.44335 0.638641
2.45258 1.33154
2.46182 1.20267
2.47106 0.785267
2.4803 1.0591
2.48953 1.25483
2.49877 1.04242
2.50801 1.09061
2.51725 1.17873
2.52648 0.745534
2.53572 0.86652
2.54496 1.01229
2.5542 1.08757
2.56344 0.682068
2.57267 0.912034
2.58191 0.837593
2.59115 0.626779
2.60039 1.19448
2.60962 0.968312
2.61886 1.1858
2.6281 1.04126
2.63734 0.923879
2.64657 0.440507
2.65581 0.933195
2.66505 0.906931
2.67429 0.68505
2.68352 0.739058
2.69276 0.9231
2.702 0.649928
2.71124 0.826781
2.72047 0.850095
2.72971 0.898336
2.73895 0.683162
2.74819 1.19836
2.75742 0.440354
2.76666 0.54119
2.7759 0.727095
2.78514 0.810369
2.79438 0.605578
2.80361 1.0181
2.81285 0.590853
2.82209 0.67822
2.83133 0.881867
2.84056 0.893073
2.8498 0.662881
2.85904 0.762853
2.86828 0.598283
2.87751 0.840432
2.88675 0.864151
2.89599 0.787764
2.90523 0.649977
2.91446 0.981742
2.9237 0.89602
2.93294 0.521575
2.94218 0.637794
2.95141 0.420159
2.96065 0.595335
2.96989 0.63756
2.97913 0.604534
2.98836 0.784692
2.9976 0.751752
3.00684 1.08547
3.01608 0.954047
3.02532 0.83149
3.03455 0.820871
3.04379 0.838375
3.05303 1.00594
3.06227 0.694686
3.0715 0.772866
3.08074 1.16329
3.08998 0.704042
3.09922 0.934967
3.10845 0.958913
3.11769 1.22672
3.12693 0.987547
3.13617 0.412513
3.1454 0.731784
3.15464 0.7654
3.16388 1.44332
3.17312 0.766678
3.18235 1.05122
3.19159 0.734947
3.20083 0.944405
3.21007 1.12576
3.21931 1.7408
3.22854 0.984742
3.23778 1.16213
3.24702 1.14654
3.25626 1.09273
3.26549 1.22651
3.27473 1.5601
3.28397 1.73619
3.29321 1.5072
3.30244 0.979453
3.31168 1.46537
3.32092 1.34636
3.33016 1.13633
3.33939 1.40525
3.34863 1.25841
3.35787 0.992376
3.36711 1.78906
3.37634 1.53206
3.38558 1.14398
3.39482 1.43813
3.40406 1.46833
3.41329 1.19518
3.42253 1.14004
3.43177 1.43756
3.44101 1.16403
3.45025 1.81688
3.45948 1.64065
3.46872 1.31458
3.47796 1.12482
3.4872 1.37625
3.49643 1.36013
3.50567 1.09891
3.51491 1.09481
3.52415 1.1444
3.53338 1.40632
3.54262 1.15882
3.55186 1.48388
3.5611 0.914531
3.57033 1.09822
3.57957 1.1563
3.58881 1.129
3.59805 1.03157
3.60728 0.98867
3.61652 1.06721
3.62576 1.09228
3.635 1.08535
3.64423 1.05699
3.65347 0.700079
3.66271 0.804841
3.67195 0.732054
3.68119 1.05792
3.69042 1.02526
3.69966 1.08455
3.7089 0.81905
3.71814 0.953213
3.72737 0.874201
3.73661 1.12941
3.74585 1.37777
3.75509 0.882943
3.76432 1.00486
3.77356 0.948304
3.7828 0.599964
3.79204 1.09894
3.80127 0.980456
3.81051 0.804677
3.81975 0.556973
3.82899 0.910807
3.83822 0.742486
3.84746 0.919313
3.8567 0.782944
3.86594 0.714618
3.87518 0.649591
3.88441 0.820217
3.89365 0.819706
3.90289 0.80485
3.91213 0.436563
3.92136 0.876804
3.9306 0.945859
3.93984 0.795849
3.94908 0.57757
3.95831 0.802219
3.96755 0.974577
3.97679 0.602852
3.98603 0.898518
3.99526 0.975123
4.0045 0.57795
4.01374 0.831639
4.02298 0.585196
4.03221 0.538541
4.04145 0.701156
4.05069 0.704982
4.05993 0.760316
4.06916 0.930509
4.0784 0.752088
4.08764 0.833436
4.09688 0.678407
4.10612 0.780033
4.11535 0.603356
4.12459 0.795255
4.13383 0.824743
4.14307 0.900618
4.1523 1.00303
4.16154 1.04295
4.17078 0.88585
4.18002 0.981106
4.18925 0.820997
4.19849 0.752136
4.20773 0.991756
4.21697 0.840943
4.2262 0.836626
4.23544 1.10735
4.24468 0.826379
4.25392 1.04722
4.26315 0.972591
4.27239 0.825774
4.28163 1.11394
4.29087 1.35066
4.3001 1.13827
4.30934 1.1586
4.31858 1.04073
4.32782 0.926515
4.33706 1.27518
4.34629 0.89975
4.35553 0.963175
4.36477 0.988622
4.37401 1.19805
4.38324 1.47903
4.39248 1.05893
4.40172 0.934833
4.41096 1.15003
4.42019 1.06192
4.42943 1.33544
4.43867 1.22629
4.44791 1.30969
4.45714 1.43523
4.46638 1.04051
4.47562 1.71705
4.48486 1.06077
4.49409 1.14664
4.50333 0.905005
4.51257 1.48443
4.52181 0.979381
4.53104 1.52135
4.54028 1.40663
4.54952 1.5219
4.55876 1.03188
4.568 1.1749
4.57723 1.15339
4.58647 1.11749
4.59571 1.72725
4.60495 1.62994
4.61418 1.35408
