0.0216423666667 0.0559414666667
0.0945045333333 0.939584
0.0127659333333 0.691077333333
0.0163851333333 0.749993666667
0.961142666667 0.1303077
0.797594666667 0.318644
0.41289666 0.000963328333333
0.717935 0.043781205
0.186675966667 0.977532
0.135999633333 0.949179666667
0.0520976333333 0.890637333333
0.0933950666667 0.900484666667
0.1364995 0.868101333333
0.515508333333 0.457231666667
0.316516666667 0.453477
0.0128432066667 0.391110666667
0.0346682 0.681018333333
0.560352 0.984597
0.837108666667 0.959185
0.799561 0.943677666667
0.686927666667 0.975181333333
0.742497 0.960779333333
0.803058666667 0.660231666667
0.633660333333 0.947090333333
0.636768333333 0.864210666667
0.593128666667 0.896963
0.594153666667 0.935250666667
0.55008 0.889054
0.428356 0.852644333333
0.470517333333 0.862925
0.51085 0.793495
0.549948666667 0.848130333333
0.509858 0.835489666667
0.551767666667 0.765547
0.921617 0.0597871666667
0.922211333333 0.0989335666667
0.880381 0.1290642
0.632461333333 0.234344666667
0.761199 0.34588
0.839237 0.330513333333
0.973784 0.213988666667
0.949409666667 0.175609666667
0.896699 0.166756666667
0.427207 0.185017666667
0.4319 0.0107792033333
0.29267866 0.00213253666667
0.430746333333 0.224711666667
0.838766333333 0.633224666667
0.59548 0.435087
0.549071666667 0.470093
0.593661666667 0.180145666667
0.635999333333 0.189197333333
0.240000333333 0.964494333333
0.1351625 0.828389333333
0.464571 0.470594666667
0.361963333333 0.459474666667
0.236098 0.412360666667
0.885414333333 0.758273
0.962304 0.756913666667
0.929816666667 0.729069666667
0.800692333333 0.901655333333
0.720429 0.721258666667
0.341984666667 0.837630666667
0.301463 0.827801666667
0.383878666667 0.885375666667
0.389059 0.919803333333
0.339769333333 0.878610666667
0.341462 0.954547
0.294366 0.950458666667
0.297853666667 0.90895
0.433059333333 0.930721333333
0.470040333333 0.906574333333
0.509512333333 0.920062666667
0.538008666667 0.951874
0.450939666667 0.973129333333
0.385462333333 0.965465
0.551509666667 0.725073333333
0.509542666667 0.714247666667
0.633149666667 0.749609666667
0.676045 0.756524333333
0.678815 0.793659
0.635092666667 0.827333
0.591321666667 0.819161666667
0.592148666667 0.778573
0.469298333333 0.782969333333
0.468249 0.744195666667
0.426145 0.814683333333
0.383883 0.806434666667
0.835823333333 0.121364866667
0.793771666667 0.151593
0.790048666667 0.277392333333
0.791228666667 0.192205
0.596065333333 0.393421333333
0.628932 0.445605333333
0.715555333333 0.336041333333
0.677843666667 0.366519333333
0.631967333333 0.361892
0.625667 0.322759
0.754296 0.388349333333
0.699809 0.400931666667
0.678824 0.429734
0.912042 0.433031333333
0.875190666667 0.300886
0.946045 0.242818
0.396168666667 0.295972
0.394616666667 0.253308
0.354501666667 0.374991333333
0.357609333333 0.328432333333
0.319835666667 0.318136333333
0.283986 0.353078
0.281920333333 0.398736333333
0.314662333333 0.410353666667
0.0489624333333 0.361729333333
0.0234991733333 0.303177
0.0346983333333 0.407152
0.886235 0.683284333333
0.881909333333 0.644594666667
0.930146 0.691363666667
0.632763333333 0.708135666667
0.591504333333 0.696625333333
0.603395 0.628293
0.579017333333 0.656186666667
0.577266666667 0.588977
0.546679 0.511374666667
0.525823666667 0.578953333333
0.507913666667 0.541314333333
0.508054 0.165305666667
0.467948 0.154727
0.674741 0.035934405
0.618919 0.0120313616667
0.562691333333 0.0283660233333
0.175653 0.919598333333
0.215405666667 0.929785666667
0.177262333333 0.877619333333
0.218409 0.847638333333
0.258596333333 0.858682333333
0.257202333333 0.898850666667
0.0945902666667 0.818241666667
0.0305403 0.807964666667
0.0546298333333 0.848106333333
0.0618547666667 0.714267333333
0.0582735666667 0.758742
0.0957072666667 0.775046
0.220473333333 0.806317666667
0.177989666667 0.796586666667
0.0544269333333 0.469024
0.0636559 0.637134
0.883837666667 0.798038333333
0.841683666667 0.829050666667
0.840840333333 0.871459666667
0.757774666667 0.894969
0.676865666667 0.875707
0.713749666667 0.929799333333
0.672732666667 0.920299
0.760681666667 0.730016666667
0.801309 0.702181666667
0.840851 0.751147
0.841342333333 0.713864333333
0.719511333333 0.803028333333
0.715886333333 0.848198666667
0.755778333333 0.857960333333
0.756994 0.774651666667
0.799539333333 0.822237666667
0.79713 0.784099333333
0.302298 0.787470333333
0.260406666667 0.736543666667
0.261495666667 0.777030333333
0.298882666667 0.707714666667
0.530995666667 0.644829666667
0.501515666667 0.674442666667
0.503930333333 0.606912333333
0.385135 0.765218333333
0.344071666667 0.756083
0.341745333333 0.716814
0.426347666667 0.734693333333
0.443284 0.49804
0.463431333333 0.533371
0.362353 0.522740666667
0.385167333333 0.493911333333
0.794041666667 0.0730345333333
0.835053666667 0.0839026666667
0.879017 0.0524556
0.825849 0.0222032383333
0.770638 0.0348150383333
0.750631333333 0.142350666667
0.673184666667 0.1163133
0.714183333333 0.0873123666667
0.751671 0.1012544
0.712231666667 0.172026666667
0.672272666667 0.159931333333
0.586479333333 0.312291333333
0.591032666667 0.266226
0.626437 0.489149
0.590592333333 0.519912333333
0.60327 0.559875666667
0.708351666667 0.299444
0.746449333333 0.268031
0.666580666667 0.24844
0.664339666667 0.290789
0.710077666667 0.215388
0.745934333333 0.226324
0.858040333333 0.509156666667
0.791055666667 0.576689333333
0.830248333333 0.587933
0.85842 0.557656333333
0.785897 0.532041
0.82471 0.494785
0.867923 0.259443666667
0.826118333333 0.204339
0.824423333333 0.247819333333
0.874743666667 0.193452333333
0.899715333333 0.231134666667
0.914472666667 0.354309333333
0.917177333333 0.312054333333
0.956239333333 0.282295333333
0.0484149733333 0.0902785666667
0.926118 0.469655333333
0.900859 0.498954333333
0.716480666667 0.685343666667
0.671710333333 0.679135333333
0.754998 0.613901
0.758483 0.652151666667
0.548487666667 0.0923991666667
0.587944333333 0.0631144333333
0.589033666667 0.142471333333
0.547381666667 0.134908333333
0.632283333333 0.107904966667
0.630088 0.0710572333333
0.468087 0.113615233333
0.425794666667 0.0678858
0.426194 0.1070349
0.468276333333 0.03401839
0.509887666667 0.04123699
0.509299 0.0816847333333
0.1341025 0.746998666667
0.175812666667 0.758391666667
0.217207333333 0.727636
0.147586666667 0.495102333333
0.213596333333 0.439646666667
0.0736893666667 0.400573666667
0.0859135666667 0.443140666667
0.161892666667 0.429171333333
0.133949666667 0.456819
0.0338567666667 0.583400333333
0.0664636666667 0.598432333333
0.0361138666667 0.537581
0.0664984333333 0.511519333333
0.111622066667 0.523919333333
0.1138444 0.565013
0.303184333333 0.580887666667
0.301444666667 0.665222666667
0.14995 0.575156666667
0.95183 0.809707333333
0.917766 0.821628666667
0.966308333333 0.870772
0.346105666667 0.590173
0.345398666667 0.632386333333
0.382750333333 0.558579333333
0.425712 0.565081
0.440232333333 0.435008
0.390134 0.386656666667
0.395741333333 0.428016666667
0.552259666667 0.385007333333
0.548974 0.343010333333
0.518111 0.413811666667
0.474422666667 0.404122666667
0.554915666667 0.213786333333
0.555824666667 0.254719333333
0.51096 0.206509333333
0.474393333333 0.235624666667
0.749752 0.522149666667
0.668368666667 0.498266666667
0.701672333333 0.466714333333
0.742598333333 0.476477333333
0.823531333333 0.455796333333
0.863948 0.426452
0.784732333333 0.405408
0.777564666667 0.44738
0.833277666667 0.374808
0.866526666667 0.387435666667
0.951050333333 0.405175333333
0.950902333333 0.365469666667
0.981582333333 0.317056666667
0.989789666667 0.477741
0.982796 0.626351333333
0.97064 0.527579666667
0.965126333333 0.441799333333
0.383093333333 0.177755333333
0.381941333333 0.140884333333
0.312222 0.279208
0.295808666667 0.204347333333
0.348443666667 0.24684
0.340459666667 0.210981333333
0.244565333333 0.341818
0.213740666667 0.372381
0.0376647733333 0.196968333333
0.05333064 0.131955333333
0.949857666667 0.645936333333
0.956048666667 0.597197666667
0.915590333333 0.614601
0.900619 0.572954333333
0.925276 0.540716333333
0.647615 0.618074333333
0.676956333333 0.634331666667
0.718241666667 0.602289333333
0.648443 0.571912
0.718154333333 0.555186333333
0.677697 0.541066333333
0.194826 0.504013666667
0.194967 0.542974333333
0.229427333333 0.556123333333
0.232892666667 0.476205666667
0.280749 0.483404333333
0.303381333333 0.518231333333
0.280857333333 0.544784666667
0.22462 0.599351666667
0.265249333333 0.652874333333
0.266282 0.610752666667
0.219488 0.686458666667
0.943301666667 0.908288333333
0.919657 0.948317333333
0.876063666667 0.935993666667
0.878664 0.890290666667
0.913435666667 0.871472
0.457176333333 0.619807666667
0.424393333333 0.608174666667
0.457046666667 0.664263333333
0.423172333333 0.694566
0.379633333333 0.685822
0.380724666667 0.643886333333
0.509318 0.331470333333
0.474139666667 0.277427
0.511615333333 0.289244666667
0.432044666667 0.309178
0.429117666667 0.353303666667
0.468915333333 0.363778333333
0.314437333333 0.0443924466667
0.372085333333 0.0309658133333
0.379915666667 0.0640384333333
0.0969612333333 0.145019
0.294476333333 0.164586666667
0.293249666667 0.0849537333333
0.337975333333 0.134349666667
0.336349 0.0966528666667
0.0889689 0.0632142333333
0.0621962933333 0.0288771333333
0.184923 0.288249333333
0.232623 0.299572
0.26443 0.271903666667
0.256000666667 0.232901666667
0.145132333333 0.386502
0.174478666667 0.356997666667
0.157603333333 0.315112
0.104965133333 0.371582666667
0.0802382 0.332738333333
0.103530066667 0.305772
0.148228333333 0.61808
0.188438 0.629126
0.184338666667 0.674111333333
0.109314966667 0.646638
0.1055338 0.687468333333
0.140347833333 0.703895666667
0.0951743333333 0.188997666667
0.0866774333333 0.270882333333
0.0632870666667 0.237062666667
0.254741 0.152391
0.255140666667 0.110454866667
0.133141933333 0.1146757
0.130065266667 0.0745477
0.1756 0.125931366667
0.214179333333 0.0967195666667
0.274842666667 0.02890578
0.193269326667 0.00683248
0.116344326667 0.0172897666667
0.212693666667 0.0557317666667
0.171037666667 0.0448155666667
0.173529 0.248972333333
0.1293567 0.240945333333
0.1304477 0.200541666667
0.212799666667 0.221293
0.212872333333 0.180543
0.174692666667 0.167818666667
