0.0735391 0.000102498
0.0961665 9.52566e-05
0.141421 7.9549e-05
0.152735 0.000265662
0.19799 4.91769e-05
0.209304 8.27093e-05
0.220617 0.000189848
0.254558 0.000330184
0.277186 8.58314e-05
0.2885 0.000107574
0.299813 0.00101613
0.311127 0.000351305
0.356382 0.00102756
0.379009 0.000936507
0.401637 0.00378341
0.41295 0.00360911
0.424264 0.00155536
0.435578 0.00105024
0.446891 0.000645322
0.458205 0.000974285
0.469519 0.000432815
0.492146 0.000529434
0.50346 0.00148715
0.514774 0.00194345
0.537401 0.00776103
0.548715 0.00113558
0.560029 0.00087365
0.571342 0.00485621
0.582656 0.00283021
0.605283 0.0115206
0.627911 0.0634972
0.639225 0.00279687
0.650538 0.0105004
0.661852 0.0126335
0.673166 0.00223027
0.695793 0.019452
0.707107 0.0149608
0.71842 0.0041403
0.729734 0.11306
0.741048 0.0191205
0.752362 0.00842739
0.763675 0.0314503
0.774989 0.00243893
0.786303 0.0132589
0.797616 0.041124
0.80893 0.0240749
0.820244 0.148511
0.831558 0.0256697
0.854185 0.166272
0.865499 0.588564
0.876812 0.163968
0.888126 1.00714
0.89944 0.649292
0.910754 20.5679
0.922067 2.44657
0.933381 0.352802
0.944695 1.41641
0.956008 0.39372
0.967322 0.36006
0.978636 0.155357
0.989949 0.714992
1.00126 0.283158
1.01258 0.243111
1.02389 0.827354
1.0352 0.380103
1.04652 0.336898
1.05783 0.29942
1.06915 0.250051
1.08046 0.486619
1.10309 0.500137
1.1144 2.83647
1.13703 13.2223
1.14834 0.263067
1.15966 0.234689
1.17097 9.95036
1.18228 0.461489
1.20491 0.177192
1.21622 0.114023
1.23885 0.432989
1.25016 0.950757
1.26148 0.0297651
1.27279 0.186847
1.28411 0.277954
1.29542 0.334479
1.30673 0.254709
1.31805 0.151777
1.32936 0.232091
1.34067 0.601831
1.35199 0.0901147
1.3633 0.572634
1.37462 0.124971
1.38593 1.46049
1.39724 0.376463
1.40856 0.301789
1.41987 0.128478
1.43118 1.43865
1.4425 1.155
1.45381 0.218795
1.47644 0.0907904
1.48775 0.100197
1.49907 0.543299
1.51038 0.0636479
1.52169 0.315485
1.53301 0.0902858
1.54432 0.100656
1.55563 0.0765625
1.56695 0.175328
1.57826 0.288214
1.58958 0.0696739
1.60089 0.151954
1.6122 0.291369
1.62352 0.134394
1.63483 0.116263
1.64614 0.387789
1.65746 0.0891453
1.66877 0.20216
1.68009 4.24869
1.6914 0.121883
1.70271 4.1438
1.71403 0.458169
1.72534 0.692405
1.73665 0.530805
1.74797 3.09965
1.75928 0.894004
1.7706 0.568338
1.78191 0.395427
1.79322 0.1857
1.80454 0.556237
1.81585 2.27172
1.82716 1.47218
1.83848 0.701239
1.84979 0.559236
1.86111 0.184795
1.87242 0.490792
1.88373 0.375656
1.89505 0.625255
1.90636 0.531525
1.91767 1.30443
1.92899 0.29399
1.9403 0.197365
1.95161 1.15671
1.96293 2.43967
1.97424 0.704651
1.98556 1.05244
1.99687 2.03771
2.00818 0.418096
2.0195 1.05162
2.03081 0.802308
2.04212 1.79545
2.05344 0.65735
2.06475 2.49923
2.07607 0.551991
2.08738 0.342416
2.09869 0.321793
2.11001 0.392841
2.12132 3.1085
2.13263 0.704235
2.14395 1.03203
2.15526 0.597732
2.16658 0.213976
2.17789 0.822888
2.1892 0.577707
2.20052 0.85371
2.21183 0.445413
2.22314 0.642345
2.23446 1.09209
2.24577 0.869055
2.25708 0.627378
2.2684 0.717612
2.27971 6.42892
2.29103 0.769012
2.30234 0.263253
2.31365 0.459236
2.32497 1.94432
2.33628 1.51481
2.34759 0.449564
2.35891 1.18358
2.37022 0.28787
2.38154 0.403018
2.39285 0.396815
2.40416 0.554314
2.41548 1.07479
2.42679 1.33752
2.4381 0.473633
2.44942 0.536835
2.46073 0.542717
2.47205 1.06792
2.48336 0.306743
2.49467 0.838522
2.50599 0.637463
2.5173 0.825577
2.52861 3.68152
2.53993 1.06265
2.55124 0.521562
2.56255 0.227762
2.57387 0.462173
2.58518 0.642425
2.5965 0.986392
2.60781 0.737979
2.61912 0.509836
2.63044 0.252621
2.64175 1.10339
2.65306 0.393552
2.66438 1.99595
2.67569 0.514356
2.68701 0.48355
2.69832 0.477106
2.70963 0.994371
2.72095 1.15715
2.73226 1.23446
2.74357 8.46882
2.75489 0.466383
2.7662 0.998684
2.77752 2.22277
2.78883 0.548837
2.80014 1.13137
2.81146 0.530061
2.82277 0.489594
2.83408 0.795432
2.8454 0.792675
2.85671 1.06537
2.86803 0.603404
2.87934 2.35296
2.89065 2.30086
2.90197 0.610823
2.91328 0.805922
2.92459 0.718422
2.93591 0.754638
2.94722 0.77131
2.95853 0.660965
2.96985 0.517027
2.98116 0.843259
2.99248 0.881891
3.00379 1.2454
3.0151 0.900857
3.02642 1.17157
3.03773 0.807126
3.04904 0.79764
3.06036 0.34268
3.07167 0.837693
3.08299 0.613271
3.0943 1.13766
3.10561 1.32523
3.11693 0.649887
3.12824 1.58265
3.13955 1.06089
3.15087 0.255126
3.16218 0.672103
3.1735 0.656398
3.18481 0.758611
3.19612 1.55539
3.20744 0.703401
3.21875 2.0369
3.23006 1.15858
3.24138 0.727012
3.25269 1.48803
3.264 0.676552
3.27532 0.659671
3.28663 1.0404
3.29795 0.846605
3.30926 0.774952
3.32057 0.9584
3.33189 0.523578
3.3432 0.516064
3.35451 1.19529
3.36583 0.740956
3.37714 0.572846
3.38846 1.38842
3.39977 1.95804
3.41108 1.35711
3.4224 4.13731
3.43371 1.28429
3.44502 1.73769
3.45634 0.84312
3.46765 0.727819
3.47897 0.557765
3.49028 0.58764
3.50159 2.78186
3.51291 0.906903
3.52422 0.753899
3.53553 0.766245
3.54685 0.799761
3.55816 0.920982
3.56948 0.557277
3.58079 1.89487
3.5921 0.397355
3.60342 1.14021
3.61473 0.92725
3.62604 0.681357
3.63736 0.608716
3.64867 0.804622
3.65998 1.08531
3.6713 0.838466
3.68261 1.55537
3.69393 1.0313
3.70524 0.606701
3.71655 0.270259
3.72787 0.684471
3.73918 0.561039
3.75049 1.82024
3.76181 0.800357
3.77312 0.408858
3.78444 1.55662
3.79575 0.843976
3.80706 0.81943
3.81838 0.730047
3.82969 0.653306
3.841 0.941366
3.85232 2.03116
3.86363 0.893773
3.87495 0.867407
3.88626 1.30676
3.89757 0.82282
3.90889 1.03158
3.9202 0.686123
3.93151 0.909163
3.94283 0.6973
3.95414 0.519871
3.96545 0.888934
3.97677 0.905358
3.98808 1.03442
3.9994 0.941828
4.01071 0.44377
4.02202 1.18103
4.03334 1.11766
4.04465 0.871615
4.05596 0.769948
4.06728 0.667831
4.07859 0.87903
4.08991 0.928626
4.10122 1.20131
4.11253 0.623858
4.12385 1.42503
4.13516 1.13826
4.14647 1.10384
4.15779 0.600048
4.1691 0.823267
4.18042 0.914598
4.19173 0.84074
4.20304 0.978472
4.21436 0.835709
4.22567 0.712484
4.23698 0.940155
4.2483 1.11492
4.25961 0.886836
4.27092 1.27723
4.28224 0.883189
4.29355 1.44495
4.30487 1.4602
4.31618 1.2591
4.32749 0.594624
4.33881 1.4106
4.35012 1.06148
4.36143 1.30652
4.37275 1.03402
4.38406 1.43422
4.39538 0.791325
4.40669 1.23126
4.418 1.44029
4.42932 0.996828
4.44063 0.77129
4.45194 0.65332
4.46326 1.16544
4.47457 0.922757
4.48589 1.31499
4.4972 1.0492
4.50851 1.40634
4.51983 0.762388
4.53114 0.748664
4.54245 0.814877
4.55377 0.64781
4.56508 2.81615
4.5764 1.20428
4.58771 0.935032
4.59902 0.927872
4.61034 1.08953
4.62165 1.00196
4.63296 0.967198
4.64428 0.655249
4.65559 1.07968
4.6669 0.74328
4.67822 1.36555
4.68953 1.00316
4.70085 1.74357
4.71216 0.663204
4.72347 0.735007
4.73479 0.960063
4.7461 0.701619
4.75741 0.993478
4.76873 0.918397
4.78004 0.88069
4.79136 0.781063
4.80267 0.885605
4.81398 1.32667
4.8253 0.72016
4.83661 0.814126
4.84792 0.659085
4.85924 0.647174
4.87055 0.831551
4.88187 1.24573
4.89318 0.644615
4.90449 0.926633
4.91581 1.22008
4.92712 0.735135
4.93843 0.8832
4.94975 0.887304
4.96106 1.20116
4.97237 1.18875
4.98369 1.09219
4.995 0.877567
5.00632 0.786473
5.01763 0.839545
5.02894 1.12118
5.04026 0.729566
5.05157 0.956085
5.06288 0.842595
5.0742 1.28144
5.08551 0.662648
5.09683 0.952089
5.10814 0.712662
5.11945 1.05787
5.13077 0.84421
5.14208 1.06992
5.15339 0.785746
5.16471 1.08988
5.17602 0.911967
5.18734 1.1922
5.19865 0.990198
5.20996 1.43105
5.22128 1.29832
5.23259 0.850121
5.2439 0.770082
5.25522 0.991202
5.26653 0.851295
5.27785 1.2013
5.28916 0.871669
5.30047 0.886936
5.31179 0.929343
5.3231 1.07316
5.33441 0.846272
5.34573 1.06549
5.35704 1.25021
5.36835 0.790194
5.37967 0.855549
5.39098 1.01005
5.4023 1.20829
5.41361 1.26828
5.42492 1.27765
5.43624 0.948936
5.44755 0.86889
5.45886 1.1386
5.47018 0.902425
5.48149 0.928485
5.49281 1.02168
5.50412 0.883324
5.51543 0.777828
5.52675 0.596628
5.53806 0.897089
5.54937 1.07194
5.56069 0.906386
5.572 0.924184
5.58332 0.927453
5.59463 0.642108
5.60594 0.973992
5.61726 0.976143
5.62857 1.44715
5.63988 0.715809
5.6512 1.01177
