0.0531415 0.405447
0.0694928 0.157269
0.102195 0.363304
0.110371 0.11452
0.143073 0.0896157
0.151249 0.279104
0.159425 0.0478157
0.183951 0.0360692
0.200303 0.279995
0.208478 0.0434551
0.216654 0.00607582
0.224829 0.0288959
0.257532 0.0644622
0.273883 0.0353127
0.290234 0.0143662
0.29841 0.0262462
0.306586 0.293216
0.314761 0.0198505
0.322937 0.0336356
0.331113 0.0237329
0.339288 0.0409039
0.355639 0.283776
0.363815 0.0339246
0.371991 0.0327122
0.388342 0.0600696
0.396517 0.0508913
0.404693 0.414882
0.412869 0.0210549
0.421044 0.0312797
0.437396 0.0458579
0.453747 0.0335588
0.461922 0.157458
0.470098 0.0462509
0.478274 0.0433297
0.486449 0.0683093
0.502801 0.041075
0.510976 0.111457
0.519152 0.120192
0.527327 0.0546467
0.535503 0.101982
0.543679 0.0617745
0.551854 0.0976216
0.56003 0.772212
0.568205 0.08294
0.576381 0.11866
0.584557 0.0715433
0.592732 0.131973
0.600908 0.188085
0.617259 0.165435
0.625435 0.272741
0.63361 0.024492
0.641786 0.1673
0.649962 0.124744
0.658137 7.6192
0.666313 0.994608
0.674488 0.538369
0.682664 0.740061
0.69084 0.571674
0.699015 0.442854
0.707191 0.115999
0.715367 0.61055
0.723542 0.277921
0.731718 0.297694
0.739893 0.302354
0.748069 0.206473
0.756245 0.320096
0.76442 0.192372
0.772596 0.284027
0.780772 0.477687
0.797123 0.350503
0.805298 0.802373
0.82165 5.50501
0.829825 0.326098
0.838001 0.17573
0.846176 3.75659
0.854352 0.553121
0.870703 0.333414
0.878879 0.559456
0.89523 0.291464
0.903406 0.249286
0.911581 0.376215
0.919757 0.43668
0.927933 0.133426
0.936108 0.198158
0.944284 0.370566
0.95246 0.27445
0.960635 0.285524
0.968811 0.301513
0.976986 0.304562
0.985162 0.24487
0.993338 0.40396
1.00151 0.311409
1.00969 0.596934
1.01786 0.333199
1.02604 0.511362
1.03422 0.422381
1.04239 0.48595
1.05057 0.445596
1.06692 0.237994
1.07509 0.483154
1.08327 0.574053
1.09145 0.624127
1.09962 0.747657
1.1078 0.47746
1.11597 0.559921
1.12415 0.524694
1.13232 0.536457
1.1405 0.37792
1.14867 0.483636
1.15685 0.413225
1.16503 0.612045
1.1732 0.354688
1.18138 0.250829
1.18955 0.655824
1.19773 0.623331
1.2059 0.227192
1.21408 2.51647
1.22225 0.112195
1.23043 6.29361
1.23861 0.778298
1.24678 0.86381
1.25496 1.21502
1.26313 5.17992
1.27131 1.16112
1.27948 1.55635
1.28766 1.16586
1.29584 1.50385
1.30401 1.76981
1.31219 2.49871
1.32036 3.32699
1.32854 2.07961
1.33671 2.06088
1.34489 1.95564
1.35306 1.08521
1.36124 1.00327
1.36942 0.834698
1.37759 1.77936
1.38577 3.45944
1.39394 0.961657
1.40212 0.6006
1.41029 0.95957
1.41847 3.72562
1.42665 0.648848
1.43482 1.60093
1.443 0.594288
1.45117 0.776615
1.45935 0.949324
1.46752 0.784088
1.4757 1.8029
1.48387 1.29795
1.49205 1.71126
1.50023 0.546258
1.5084 0.438549
1.51658 0.64204
1.52475 0.651919
1.53293 4.78605
1.5411 0.534538
1.54928 1.45899
1.55746 0.507963
1.56563 0.916399
1.57381 0.979731
1.58198 0.519596
1.59016 0.727703
1.59833 0.479112
1.60651 0.497594
1.61468 0.629002
1.62286 0.903261
1.63104 0.367613
1.63921 0.607847
1.64739 2.72572
1.65556 0.506492
1.66374 0.496421
1.67191 0.344993
1.68009 0.86326
1.68827 1.20499
1.69644 0.360641
1.70462 0.326599
1.71279 0.437775
1.72097 0.325391
1.72914 0.456964
1.73732 0.414037
1.74549 0.545741
1.75367 0.333796
1.76185 0.365135
1.77002 0.494398
1.7782 0.374423
1.78637 0.877403
1.79455 0.36471
1.80272 0.361721
1.8109 0.419989
1.81908 0.242858
1.82725 1.07935
1.83543 0.896241
1.8436 0.247784
1.85178 0.593592
1.85995 0.426095
1.86813 0.692793
1.8763 0.65453
1.88448 0.529645
1.89266 0.440499
1.90083 0.540634
1.90901 0.56109
1.91718 1.25032
1.92536 1.16181
1.93353 1.06035
1.94171 0.568216
1.94988 2.08866
1.95806 1.07917
1.96624 2.24105
1.97441 0.998322
1.98259 3.05187
1.99076 0.725457
1.99894 0.793465
2.00711 0.982131
2.01529 0.609758
2.02347 0.745302
2.03164 0.969032
2.03982 0.70554
2.04799 0.477642
2.05617 0.521034
2.06434 1.31642
2.07252 0.785074
2.08069 1.10128
2.08887 1.36857
2.09705 0.791875
2.10522 0.725524
2.1134 1.00099
2.12157 0.72976
2.12975 1.07691
2.13792 0.588957
2.1461 1.06287
2.15428 0.502594
2.16245 0.42143
2.17063 0.713418
2.1788 1.30036
2.18698 0.859094
2.19515 0.43522
2.20333 0.815774
2.2115 0.872305
2.21968 0.501449
2.22786 0.351791
2.23603 0.565126
2.24421 1.40495
2.25238 0.811475
2.26056 1.1813
2.26873 0.746412
2.27691 0.547016
2.28509 0.964235
2.29326 0.559892
2.30144 1.424
2.30961 1.10522
2.31779 0.40411
2.32596 0.911626
2.33414 0.718322
2.34231 0.501948
2.35049 1.08798
2.35867 0.587989
2.36684 0.520901
2.37502 1.14052
2.38319 0.660027
2.39137 0.861745
2.39954 0.625581
2.40772 0.465528
2.4159 0.68297
2.42407 0.883553
2.43225 0.804791
2.44042 0.561665
2.4486 1.36989
2.45677 2.72255
2.46495 1.10621
2.47312 10.7337
2.4813 1.12904
2.48948 1.59879
2.49765 1.20247
2.50583 2.01312
2.514 0.938207
2.52218 1.05069
2.53035 1.50368
2.53853 1.04422
2.54671 0.643106
2.55488 1.03197
2.56306 0.80697
2.57123 0.781112
2.57941 0.999029
2.58758 2.23107
2.59576 0.676406
2.60393 1.20888
2.61211 1.19484
2.62029 0.819425
2.62846 1.10443
2.63664 0.918201
2.64481 1.08813
2.65299 1.35978
2.66116 1.1606
2.66934 1.67291
2.67751 0.742533
2.68569 1.26874
2.69387 0.862867
2.70204 0.59283
2.71022 1.00811
2.71839 0.646141
2.72657 0.737828
2.73474 1.63976
2.74292 0.896885
2.7511 0.858114
2.75927 0.637956
2.76745 0.707949
2.77562 0.746755
2.7838 1.86337
2.79197 1.22525
2.80015 0.523496
2.80832 0.800754
2.8165 0.933802
2.82468 1.18334
2.83285 0.717887
2.84103 0.675266
2.8492 0.51225
2.85738 0.386727
2.86555 0.836148
2.87373 0.946121
2.88191 0.667036
2.89008 0.402244
2.89826 0.584526
2.90643 0.848479
2.91461 1.2894
2.92278 0.781843
2.93096 0.721656
2.93913 0.591415
2.94731 1.69741
2.95549 0.598375
2.96366 0.808932
2.97184 1.02682
2.98001 0.551028
2.98819 0.850845
2.99636 0.729884
3.00454 0.946063
3.01272 0.583169
3.02089 1.12648
3.02907 0.859224
3.03724 0.64005
3.04542 1.08237
3.05359 0.7313
3.06177 1.13437
3.06994 0.805809
3.07812 0.960235
3.0863 0.934992
3.09447 1.13097
3.10265 0.903809
3.11082 1.72666
3.119 1.063
3.12717 0.780948
3.13535 0.898173
3.14353 0.753405
3.1517 1.04192
3.15988 0.791052
3.16805 0.891955
3.17623 0.720811
3.1844 1.09689
3.19258 1.81657
3.20075 0.958531
3.20893 1.992
3.21711 0.856868
3.22528 0.765514
3.23346 0.869505
3.24163 1.85266
3.24981 1.15341
3.25798 0.752731
3.26616 0.751939
3.27434 1.20661
3.28251 1.27142
3.29069 0.928345
3.29886 1.8084
3.30704 0.907696
3.31521 0.76636
3.32339 0.634697
3.33156 0.574093
3.33974 0.884872
3.34792 0.900509
3.35609 0.766702
3.36427 0.956694
3.37244 0.583568
3.38062 0.877458
3.38879 0.914914
3.39697 1.26652
3.40514 0.916837
3.41332 1.06747
3.4215 0.618759
3.42967 0.945609
3.43785 0.901121
3.44602 0.593545
3.4542 0.993571
3.46237 0.993717
3.47055 0.918419
3.47873 1.20524
3.4869 0.86209
3.49508 1.09957
3.50325 0.576009
3.51143 1.08928
3.5196 0.831555
3.52778 1.20895
3.53595 0.81995
3.54413 0.89899
3.55231 1.43532
3.56048 0.955967
3.56866 0.96158
3.57683 0.822996
3.58501 1.64938
3.59318 1.10177
3.60136 0.919883
3.60954 0.933464
3.61771 0.663232
3.62589 0.902611
3.63406 1.7355
3.64224 0.871282
3.65041 0.794163
3.65859 0.668017
3.66676 1.41134
3.67494 1.62325
3.68312 0.893543
3.69129 1.02955
3.69947 0.855373
3.70764 1.09503
3.71582 0.972109
3.72399 0.856773
3.73217 1.47231
3.74035 0.663476
3.74852 1.19826
3.7567 1.12392
3.76487 2.2823
3.77305 0.735593
3.78122 1.08384
3.7894 1.13994
3.79757 1.10294
3.80575 0.657291
3.81393 1.13457
3.8221 0.889394
3.83028 1.34467
3.83845 0.942218
3.84663 0.87433
3.8548 0.772089
3.86298 0.867011
3.87116 0.885317
3.87933 1.0286
3.88751 1.02827
3.89568 1.03723
3.90386 0.616455
3.91203 1.17785
3.92021 1.14711
3.92838 1.41889
3.93656 1.13024
3.94474 0.989405
3.95291 1.33492
3.96109 1.37154
3.96926 1.16365
3.97744 1.33676
3.98561 1.0421
3.99379 0.982646
4.00197 1.23333
4.01014 1.00861
4.01832 0.917864
4.02649 0.754302
4.03467 1.26756
4.04284 0.910832
4.05102 1.6465
4.05919 1.22656
4.06737 1.1723
4.07555 1.27451
4.08372 1.10309
