0.0430355 0.227511
0.0562772 0.137065
0.0827606 0.152031
0.0893814 0.0798949
0.115865 0.0469949
0.122486 0.113367
0.129107 0.0397243
0.148969 0.0683712
0.162211 0.352668
0.168832 0.0934895
0.175452 0.00881742
0.182073 0.080371
0.208557 0.081923
0.221798 0.0323706
0.23504 0.0461717
0.241661 0.0787591
0.248282 0.155228
0.254903 0.0403484
0.261523 0.0210715
0.268144 0.0195673
0.274765 0.0362231
0.288007 0.106594
0.294628 0.0592179
0.301249 0.0733477
0.31449 0.0448686
0.321111 0.0888464
0.327732 0.159439
0.334353 0.113188
0.340974 0.0518237
0.354215 0.0553615
0.367457 0.0440391
0.374078 0.127761
0.380699 0.0317008
0.38732 0.0435118
0.39394 0.0549965
0.407182 0.0365965
0.413803 0.0873859
0.420424 0.0166628
0.427045 0.0423123
0.433665 0.0622317
0.440286 0.0482396
0.446907 0.0536742
0.453528 0.218143
0.460149 0.0909665
0.46677 0.0675187
0.473391 0.0753416
0.480011 0.0267999
0.486632 0.074376
0.499874 0.12573
0.506495 0.111122
0.513116 0.0878664
0.519736 0.162029
0.526357 0.208204
0.532978 0.281788
0.539599 0.166328
0.54622 0.115685
0.552841 0.151287
0.559462 0.113502
0.566082 0.199216
0.572703 0.23586
0.579324 0.268829
0.585945 0.325493
0.592566 0.224519
0.599187 0.0427889
0.605808 0.130677
0.612428 0.267722
0.619049 0.187621
0.62567 0.335523
0.632291 0.453302
0.645533 0.729635
0.652153 0.48858
0.665395 0.800035
0.672016 0.670571
0.678637 0.546721
0.685258 0.815286
0.691879 1.04997
0.70512 1.02444
0.711741 1.25949
0.724983 0.72415
0.731604 1.06933
0.738224 1.81278
0.744845 0.964941
0.751466 0.553922
0.758087 0.734366
0.764708 0.974581
0.771329 1.63434
0.77795 0.627196
0.78457 1.22433
0.791191 1.55505
0.797812 1.14195
0.804433 1.8224
0.811054 1.41999
0.817675 0.665861
0.824295 1.3038
0.830916 0.888502
0.837537 0.689042
0.844158 1.41186
0.850779 0.622876
0.864021 0.881176
0.870641 0.805477
0.877262 0.627533
0.883883 0.720729
0.890504 0.586577
0.897125 0.299531
0.903746 0.264395
0.910366 0.610528
0.916987 0.598679
0.923608 0.259175
0.930229 0.60506
0.93685 0.368612
0.943471 0.300566
0.950092 0.486578
0.956712 0.440258
0.963333 0.245573
0.969954 0.412499
0.976575 0.425638
0.983196 0.291189
0.989817 0.430295
0.996437 0.475569
1.00306 0.429876
1.00968 0.359493
1.0163 0.421967
1.02292 0.465222
1.02954 0.67659
1.03616 0.458567
1.04278 0.379662
1.0494 0.52295
1.05603 0.580982
1.06265 0.36359
1.06927 0.499103
1.07589 0.705092
1.08251 1.17071
1.08913 0.937175
1.09575 1.01897
1.10237 0.806953
1.10899 0.404882
1.11561 0.696699
1.12223 0.61536
1.12885 0.821252
1.13548 0.894951
1.1421 0.891995
1.14872 1.37995
1.15534 0.823829
1.16196 0.982282
1.16858 1.0046
1.1752 0.751098
1.18182 0.723122
1.18844 1.6096
1.19506 1.10044
1.20168 1.21891
1.2083 1.3617
1.21493 1.49915
1.22155 2.41575
1.22817 1.17521
1.23479 1.59038
1.24141 1.54262
1.24803 1.39603
1.25465 2.45422
1.26127 1.34623
1.26789 1.16572
1.27451 1.63217
1.28113 1.72813
1.28775 1.65802
1.29438 2.02675
1.301 1.5036
1.30762 1.67743
1.31424 1.9006
1.32086 1.44385
1.32748 1.71846
1.3341 1.6035
1.34072 1.7428
1.34734 3.31489
1.35396 1.9935
1.36058 1.41566
1.3672 2.15083
1.37383 1.80135
1.38045 2.05651
1.38707 1.84357
1.39369 1.61275
1.40031 2.6118
1.40693 1.66144
1.41355 1.86971
1.42017 1.22686
1.42679 1.86883
1.43341 2.30952
1.44003 1.69794
1.44666 1.38386
1.45328 1.26302
1.4599 1.62965
1.46652 1.80293
1.47314 1.98549
1.47976 2.07403
1.48638 1.38749
1.493 0.943804
1.49962 1.23806
1.50624 1.6118
1.51286 1.49269
1.51948 1.00352
1.52611 1.61738
1.53273 1.31472
1.53935 1.14679
1.54597 0.728113
1.55259 1.04471
1.55921 1.36794
1.56583 0.604143
1.57245 1.08621
1.57907 1.23466
1.58569 0.939508
1.59231 1.10741
1.59893 1.40702
1.60556 1.16987
1.61218 0.942525
1.6188 0.824517
1.62542 0.537254
1.63204 0.873189
1.63866 1.33912
1.64528 0.608529
1.6519 0.669067
1.65852 0.991643
1.66514 0.92397
1.67176 0.953592
1.67838 0.738941
1.68501 0.735543
1.69163 0.66889
1.69825 0.464677
1.70487 0.609365
1.71149 0.405904
1.71811 0.65727
1.72473 0.717664
1.73135 0.763807
1.73797 0.589359
1.74459 0.603249
1.75121 0.632401
1.75783 0.593066
1.76446 0.437108
1.77108 0.331136
1.7777 0.77682
1.78432 0.550559
1.79094 0.642614
1.79756 0.429927
1.80418 0.373612
1.8108 0.794898
1.81742 0.481574
1.82404 0.465936
1.83066 0.556886
1.83729 0.442313
1.84391 0.670956
1.85053 0.597627
1.85715 0.814155
1.86377 0.448679
1.87039 0.796258
1.87701 0.52258
1.88363 0.613131
1.89025 0.605958
1.89687 0.949121
1.90349 0.697504
1.91011 0.802467
1.91674 0.709877
1.92336 1.05148
1.92998 0.601802
1.9366 0.646826
1.94322 0.660115
1.94984 0.630262
1.95646 0.718302
1.96308 0.714409
1.9697 0.89163
1.97632 0.986544
1.98294 0.985098
1.98956 0.818919
1.99619 0.687564
2.00281 0.840043
2.00943 0.676545
2.01605 0.948194
2.02267 0.903441
2.02929 0.785714
2.03591 0.833571
2.04253 0.838444
2.04915 0.893423
2.05577 1.05997
2.06239 0.998099
2.06901 0.884372
2.07564 0.831607
2.08226 0.807674
2.08888 0.774145
2.0955 1.07181
2.10212 1.09385
2.10874 0.989893
2.11536 0.672741
2.12198 1.0588
2.1286 0.909572
2.13522 0.880348
2.14184 0.361723
2.14846 0.821941
2.15509 0.999268
2.16171 0.676116
2.16833 1.16981
2.17495 1.33116
2.18157 1.01429
2.18819 0.757092
2.19481 1.04681
2.20143 1.17741
2.20805 1.26818
2.21467 0.828916
2.22129 1.0356
2.22792 0.831279
2.23454 0.888783
2.24116 1.26547
2.24778 0.720278
2.2544 1.56432
2.26102 0.980258
2.26764 0.837314
2.27426 0.905579
2.28088 0.856394
2.2875 1.36861
2.29412 1.14084
2.30074 1.00034
2.30737 1.53923
2.31399 0.956825
2.32061 1.20362
2.32723 1.07048
2.33385 1.29086
2.34047 1.26711
2.34709 1.06719
2.35371 0.885634
2.36033 0.885378
2.36695 1.43678
2.37357 0.879413
2.38019 0.890318
2.38682 1.01914
2.39344 1.40496
2.40006 1.6837
2.40668 0.989886
2.4133 0.986906
2.41992 1.42789
2.42654 0.916802
2.43316 1.0646
2.43978 1.25822
2.4464 0.871336
2.45302 0.918784
2.45964 1.25518
2.46627 1.26167
2.47289 0.708364
2.47951 1.34444
2.48613 1.12705
2.49275 1.1528
2.49937 1.00567
2.50599 1.0987
2.51261 1.59259
2.51923 0.944841
2.52585 1.25742
2.53247 1.6196
2.53909 1.63506
2.54572 0.863134
2.55234 1.23086
2.55896 1.02072
2.56558 0.716004
2.5722 0.904674
2.57882 1.09801
2.58544 1.50386
2.59206 0.936471
2.59868 0.922344
2.6053 0.773748
2.61192 1.04654
2.61855 1.25541
2.62517 0.893659
2.63179 1.05429
2.63841 0.799053
2.64503 1.2714
2.65165 0.773385
2.65827 1.11846
2.66489 0.950505
2.67151 1.16764
2.67813 0.753819
2.68475 1.17264
2.69137 1.30035
2.698 1.01976
2.70462 1.13847
2.71124 1.14027
2.71786 0.844239
2.72448 1.16573
2.7311 0.827253
2.73772 1.26709
2.74434 1.37057
2.75096 0.896697
2.75758 1.20407
2.7642 0.835166
2.77082 1.09982
2.77745 0.819926
2.78407 0.784808
2.79069 1.24377
2.79731 0.96266
2.80393 0.847622
2.81055 0.808604
2.81717 0.839552
2.82379 0.707531
2.83041 0.827721
2.83703 1.39776
2.84365 1.24389
2.85027 1.1001
2.8569 1.35374
2.86352 0.962273
2.87014 0.928987
2.87676 1.00915
2.88338 1.09273
2.89 0.893013
2.89662 1.00164
2.90324 1.31909
2.90986 0.941688
2.91648 0.723776
2.9231 1.18048
2.92972 1.05726
2.93635 0.893924
2.94297 0.878906
2.94959 1.04243
2.95621 0.753878
2.96283 0.741208
2.96945 0.526747
2.97607 0.638234
2.98269 0.917927
2.98931 1.01907
2.99593 1.14128
3.00255 1.01412
3.00918 0.685201
3.0158 1.42489
3.02242 0.781067
3.02904 1.05474
3.03566 0.957312
3.04228 1.03322
3.0489 0.819587
3.05552 1.0027
3.06214 1.07488
3.06876 1.34625
3.07538 1.15682
3.082 0.858594
3.08863 1.09847
3.09525 1.21285
3.10187 0.822629
3.10849 0.836154
3.11511 0.995259
3.12173 0.900039
3.12835 0.999245
3.13497 1.12284
3.14159 0.843024
3.14821 1.03066
3.15483 0.629495
3.16145 1.0657
3.16808 0.804119
3.1747 0.900002
3.18132 1.21692
3.18794 0.827754
3.19456 0.533414
3.20118 0.587311
3.2078 0.820118
3.21442 0.721688
3.22104 1.08798
3.22766 1.13248
3.23428 0.771617
3.2409 0.91795
3.24753 1.10741
3.25415 0.665444
3.26077 1.17983
3.26739 0.877062
3.27401 0.873773
3.28063 1.0777
3.28725 1.13574
3.29387 1.11553
3.30049 0.809149
3.30711 1.16867
