0.0737236 0.000151952
0.0964078 0.000248335
0.141776 0.000654683
0.153118 0.000594244
0.198487 0.000435401
0.209829 0.00156408
0.221171 0.0010205
0.255197 0.00158142
0.277881 0.00451903
0.289224 0.00262412
0.300566 0.0104312
0.311908 0.0105301
0.357276 0.019298
0.37996 0.0208749
0.402645 0.068612
0.413987 0.00531672
0.425329 0.0111567
0.436671 0.0161875
0.448013 0.017644
0.459355 0.0330188
0.470697 0.0175856
0.493381 0.0612236
0.504723 0.0588916
0.516066 0.0371542
0.53875 0.0607013
0.550092 0.0414094
0.561434 0.0566357
0.572776 0.152698
0.584118 0.189316
0.606802 0.339434
0.629487 0.512359
0.640829 0.849937
0.652171 0.480103
0.663513 0.366442
0.674855 0.483582
0.697539 0.273594
0.708881 0.398787
0.720223 0.408477
0.731565 0.4025
0.742908 0.162109
0.75425 1.15487
0.765592 0.608356
0.776934 0.839224
0.788276 0.467389
0.799618 0.49422
0.81096 1.30265
0.822302 2.01219
0.833644 0.715664
0.856328 1.08135
0.867671 1.07859
0.879013 1.22721
0.890355 1.54592
0.901697 1.38451
0.913039 2.23778
0.924381 1.10011
0.935723 1.78704
0.947065 1.08201
0.958407 0.74483
0.969749 0.806045
0.981092 0.800497
0.992434 0.461041
1.00378 0.693627
1.01512 0.435406
1.02646 0.326071
1.0378 0.526908
1.04914 0.849357
1.06049 0.7541
1.07183 0.501813
1.08317 1.14058
1.10585 1.49661
1.1172 0.932021
1.13988 1.33197
1.15122 1.80995
1.16257 0.246273
1.17391 1.02574
1.18525 2.1845
1.20793 1.44754
1.21928 1.63183
1.24196 0.942805
1.2533 1.35523
1.26464 1.70434
1.27599 1.34527
1.28733 0.66367
1.29867 0.848438
1.31001 1.72246
1.32135 1.53995
1.3327 1.06183
1.34404 1.26838
1.35538 2.23959
1.36672 1.72305
1.37807 1.77676
1.38941 0.667602
1.40075 1.22427
1.41209 2.31975
1.42343 1.70577
1.43478 1.44136
1.44612 1.61444
1.45746 1.33086
1.48014 1.03886
1.49149 1.62227
1.50283 0.830167
1.51417 0.450351
1.52551 0.794984
1.53685 0.971573
1.5482 0.499671
1.55954 0.630555
1.57088 0.521141
1.58222 0.653436
1.59356 0.572894
1.60491 0.411746
1.61625 0.995668
1.62759 0.831973
1.63893 0.921741
1.65028 0.752937
1.66162 0.962177
1.67296 0.83153
1.6843 0.621292
1.69564 0.228261
1.70699 0.82862
1.71833 0.715927
1.72967 0.515358
1.74101 0.954788
1.75235 0.722078
1.7637 0.280023
1.77504 0.520026
1.78638 0.966044
1.79772 0.819671
1.80906 0.704513
1.82041 0.501973
1.83175 0.995452
1.84309 0.603838
1.85443 0.908015
1.86578 0.681905
1.87712 0.540876
1.88846 0.906755
1.8998 0.620822
1.91114 0.840167
1.92249 1.08252
1.93383 1.20287
1.94517 0.511863
1.95651 0.885911
1.96785 0.929774
1.9792 1.50524
1.99054 0.773666
2.00188 1.03325
2.01322 1.357
2.02456 1.08523
2.03591 0.994727
2.04725 0.736096
2.05859 1.14875
2.06993 0.5952
2.08128 1.25155
2.09262 1.07913
2.10396 1.24419
2.1153 1.21632
2.12664 0.923825
2.13799 1.58285
2.14933 2.25428
2.16067 1.24815
2.17201 1.46299
2.18335 1.01199
2.1947 1.05767
2.20604 1.1198
2.21738 0.787879
2.22872 1.31793
2.24006 0.484244
2.25141 1.05692
2.26275 1.84146
2.27409 1.0736
2.28543 1.15479
2.29678 0.90044
2.30812 1.37084
2.31946 0.851059
2.3308 1.55533
2.34214 0.853028
2.35349 0.998707
2.36483 0.685109
2.37617 0.798875
2.38751 0.712734
2.39885 1.05464
2.4102 1.13431
2.42154 1.50205
2.43288 0.965963
2.44422 1.05068
2.45556 0.716301
2.46691 1.26074
2.47825 0.95635
2.48959 0.575367
2.50093 1.20525
2.51227 1.12078
2.52362 1.28906
2.53496 0.783388
2.5463 0.919222
2.55764 0.92548
2.56899 0.861415
2.58033 1.05931
2.59167 1.25346
2.60301 0.914412
2.61435 0.677729
2.6257 1.20889
2.63704 0.810016
2.64838 1.56736
2.65972 1.00577
2.67106 0.916664
2.68241 0.834902
2.69375 1.12129
2.70509 0.883724
2.71643 1.12364
2.72777 0.533632
2.73912 1.48456
2.75046 0.64305
2.7618 1.04801
2.77314 1.19576
2.78449 0.925728
2.79583 1.38306
2.80717 0.933599
2.81851 0.940828
2.82985 0.892042
2.8412 1.12907
2.85254 1.1457
2.86388 1.39395
2.87522 1.08875
2.88656 1.2015
2.89791 0.920311
2.90925 0.759548
2.92059 1.01792
2.93193 0.759942
2.94327 0.959946
2.95462 1.17837
2.96596 1.18257
2.9773 0.909416
2.98864 0.866762
2.99999 1.41056
3.01133 0.65524
3.02267 0.81942
3.03401 0.632028
3.04535 1.0876
3.0567 0.999822
3.06804 0.968283
3.07938 0.954959
3.09072 0.926175
3.10206 1.31497
3.11341 0.778259
3.12475 0.547156
3.13609 0.859282
3.14743 0.680255
3.15877 0.681376
3.17012 0.855429
3.18146 0.961217
3.1928 0.909839
3.20414 0.904346
3.21549 0.637338
3.22683 0.831736
3.23817 0.804247
3.24951 1.18288
3.26085 0.949693
3.2722 1.23673
3.28354 1.47819
3.29488 0.978811
3.30622 1.13989
3.31756 0.871376
3.32891 0.891024
3.34025 1.16449
3.35159 1.22922
3.36293 1.11906
3.37427 0.975428
3.38562 0.734873
3.39696 1.10827
3.4083 1.43717
3.41964 1.33708
3.43099 1.10923
3.44233 1.07445
3.45367 0.99393
3.46501 1.04831
3.47635 1.06484
3.4877 1.36086
3.49904 1.06418
3.51038 0.931973
3.52172 0.809196
3.53306 1.02939
3.54441 1.35808
3.55575 0.860915
3.56709 1.04415
3.57843 0.705386
3.58977 0.865356
3.60112 1.14156
3.61246 1.15458
3.6238 1.09684
3.63514 0.927537
3.64648 0.917066
3.65783 1.13037
3.66917 1.02114
3.68051 0.953388
3.69185 1.01622
3.7032 0.449047
3.71454 0.990153
3.72588 0.92752
3.73722 1.12547
3.74856 1.13559
3.75991 0.77163
3.77125 1.00623
3.78259 1.25538
3.79393 1.0509
3.80527 0.927443
3.81662 1.02592
3.82796 1.19065
3.8393 1.40924
3.85064 1.0787
3.86198 0.995655
3.87333 0.848767
3.88467 1.01573
3.89601 1.0663
3.90735 0.912732
3.9187 0.772282
3.93004 0.874086
3.94138 0.89768
3.95272 0.824066
3.96406 0.75698
3.97541 0.943321
3.98675 0.989491
3.99809 0.914578
4.00943 1.05168
4.02077 0.612794
4.03212 0.88767
4.04346 0.757042
4.0548 1.01487
4.06614 1.14364
4.07748 0.873012
4.08883 1.05111
4.10017 1.00389
4.11151 1.08925
4.12285 1.06167
4.1342 1.03099
4.14554 0.798233
4.15688 1.0824
4.16822 0.984295
4.17956 1.01882
4.19091 1.30699
4.20225 0.795506
4.21359 0.947343
4.22493 1.17925
4.23627 1.18689
4.24762 0.963326
4.25896 1.07359
4.2703 0.895241
4.28164 0.878218
4.29298 0.989746
4.30433 1.03712
4.31567 0.91022
4.32701 1.13734
4.33835 0.869313
4.3497 1.36018
4.36104 0.98564
4.37238 1.33499
4.38372 0.775138
4.39506 1.08106
4.40641 0.861168
4.41775 0.9473
4.42909 1.16109
4.44043 0.721421
4.45177 0.939987
4.46312 0.932341
4.47446 1.04185
4.4858 0.914676
4.49714 0.707757
4.50848 0.945331
4.51983 1.01155
4.53117 1.07203
4.54251 1.01222
4.55385 0.977208
4.56519 0.943131
4.57654 1.14164
4.58788 1.08505
4.59922 1.09614
4.61056 0.832003
4.62191 0.863839
4.63325 0.72434
4.64459 1.20056
4.65593 0.754289
4.66727 1.31672
4.67862 0.99965
4.68996 1.23636
4.7013 1.12233
4.71264 1.19753
4.72398 1.14445
4.73533 0.798189
4.74667 0.844634
4.75801 1.07673
4.76935 1.21027
4.78069 0.976742
4.79204 0.957607
4.80338 0.860944
4.81472 0.671185
4.82606 0.696846
4.83741 0.926455
4.84875 0.886123
4.86009 1.05682
4.87143 0.941249
4.88277 1.05664
4.89412 0.932309
4.90546 1.08579
4.9168 1.2346
4.92814 1.32602
4.93948 1.20873
4.95083 1.28685
4.96217 1.08773
4.97351 0.988281
4.98485 1.07283
4.99619 1.33381
5.00754 0.854824
5.01888 1.04956
5.03022 1.07694
5.04156 0.840019
5.05291 0.832262
5.06425 1.07467
5.07559 0.959587
5.08693 0.702027
5.09827 0.93898
5.10962 1.09503
5.12096 1.0554
5.1323 1.14421
5.14364 0.776341
5.15498 1.41693
5.16633 1.10874
5.17767 0.890294
5.18901 0.853982
5.20035 1.23915
5.21169 0.862692
5.22304 0.964382
5.23438 0.68694
5.24572 1.05692
5.25706 0.784367
5.26841 0.924686
5.27975 0.742051
5.29109 0.998909
5.30243 1.18982
5.31377 0.776447
5.32512 1.00354
5.33646 1.00946
5.3478 0.914586
5.35914 0.911941
5.37048 0.982151
5.38183 0.850425
5.39317 0.951545
5.40451 0.957858
5.41585 0.941874
5.42719 0.851217
5.43854 1.36172
5.44988 1.11941
5.46122 1.23503
5.47256 1.23405
5.48391 0.921144
5.49525 1.34477
5.50659 0.933564
5.51793 1.08029
5.52927 1.21677
5.54062 1.01553
5.55196 0.557556
5.5633 1.34487
5.57464 1.2155
5.58598 1.04447
5.59733 0.979315
5.60867 1.18618
5.62001 0.970906
5.63135 1.11759
5.64269 0.922613
5.65404 0.936559
5.66538 1.06095
