2
300

200
0.0278298
0.132971
0.41825	0.350944
0.132208	0.304401
0.548901	0.421248
0.959845	0.508363
0.368563	0.0137469
0.512892	0.469046
0.830181	0.453645
0.0764809	0.811378
0.764414	0.732033
0.164156	0.905372
0.0537971	0.221279
0.292618	0.548457
0.796845	0.360725
0.0024399	0.833561
0.780878	0.178667
0.107359	0.731417
0.337503	0.603178
0.0603146	0.357982
0.162151	0.176073
0.334737	0.0684811
0.0904476	0.474219
0.677696	0.174439
0.0428429	0.602115
0.113537	0.855741
0.591704	0.755072
0.622455	0.817374
0.567708	0.94782
0.982234	0.329672
0.301292	0.770507
0.377203	0.718415
0.859742	0.190259
0.350776	0.463485
0.218653	0.734046
0.350445	0.665674
0.529728	0.635238
0.147693	0.677657
0.42295	0.775782
0.832399	0.538547
0.677145	0.843634
0.857975	0.892841
0.249184	0.814998
0.876616	0.0153284
0.798873	0.899741
0.222824	0.374532
0.741548	0.123746
0.36458	0.151315
0.503575	0.917231
0.604366	0.614039
0.736159	0.602383
0.0127358	0.467872
0.987121	0.265866
0.960856	0.672167
0.542059	0.157229
0.62737	0.994234
0.956271	0.129956
0.725696	0.0311943
0.526069	0.709018
0.181301	0.828941
0.996462	0.936762
0.400253	0.847258
0.724828	0.48255
0.858014	0.682851
0.913388	0.725212
0.143464	0.604576
0.592769	0.689698
0.424133	0.906094
0.278998	0.0503586
0.758993	0.844503
0.319512	0.867079
0.482693	0.279873
0.456627	0.0382178
0.40663	0.60164
0.447713	0.652733
0.11741	0.0345544
0.0483589	0.0513938
0.0568395	0.983942
0.285865	0.23764
0.890243	0.950405
0.709726	0.772711
0.813238	0.991648
0.939942	0.892557
0.271825	0.634035
0.109301	0.111556
0.485151	0.113449
0.141831	0.243803
0.443331	0.157617
0.218712	0.0350107
0.601237	0.504813
0.987373	0.194069
0.796303	0.793925
0.732616	0.22325
0.774744	0.427944
0.847532	0.756528
0.225009	0.946255
0.189638	0.439041
0.15521	0.505336
0.541079	0.007102
0.0640054	0.28798
0.102487	0.559655
0.721287	0.350328
0.728085	0.670532
0.0758601	0.657951
0.0247537	0.40301
0.249783	0.88629
0.480622	0.590463
0.596998	0.249737
0.263333	0.479455
0.641793	0.392926
0.215729	0.22131
0.280603	0.127435
0.283723	0.712968
0.58964	0.348584
0.640043	0.916193
0.406258	0.089347
0.669018	0.583173
0.825933	0.304781
0.871517	0.401585
0.663178	0.733559
0.44173	0.220233
0.213038	0.662104
0.341068	0.302928
0.352359	0.804871
0.818478	0.244778
0.287563	0.977516
0.614024	0.17539
0.152597	0.359598
0.394443	0.960672
0.934529	0.443311
0.222893	0.528675
0.211542	0.296151
0.698506	0.972455
0.925341	0.075904
0.0886216	0.168892
0.639161	0.0536256
0.21099	0.583193
0.654469	0.313266
0.761973	0.96531
0.313185	0.373235
0.780909	0.0733879
0.593423	0.0995533
0.3301	0.928039
0.81457	0.596967
0.869746	0.823748
0.35762	0.525846
0.464656	0.398527
0.426558	0.526688
0.215484	0.137265
0.965908	0.761742
0.848056	0.133422
0.91393	0.268496
0.575983	0.879882
0.528824	0.214439
0.676724	0.105173
0.16815	0.984836
0.98413	0.046155
0.0400025	0.756076
0.879995	0.502737
0.017613	0.690639
0.918131	0.193609
0.275526	0.423883
0.932417	0.823841
0.70405	0.417802
0.536508	0.0659126
0.71443	0.897504
0.0406464	0.892398
0.95912	0.982514
0.372495	0.222789
0.435829	0.46195
0.276562	0.305634
0.764323	0.530901
0.116071	0.419568
0.0354379	0.530352
0.50921	0.529454
0.912891	0.566543
0.467709	0.983255
0.85315	0.0716771
0.0308385	0.123778
0.497704	0.779166
0.898531	0.627571
0.480223	0.851086
0.104382	0.935808
0.174428	0.0787611
0.886985	0.327862
0.161314	0.768546
0.665467	0.25164
0.374699	0.398978
0.944678	0.375892
0.744888	0.290994
0.803198	0.664002
0.456805	0.716691
0.672913	0.516749
0.508	0.351783
0.305914	0.183526
0.40755	0.286753
0.97543	0.596177
0.668873	0.657766
0.549062	0.819376
0.574767	0.559915
0.615795	0.448366
0.549262	0.293737
//###########################


100
0.0172544
0.18805
0.187179	0.700359
0.00706082	0.787815
0.630798	0.125188
0.723122	0.176594
0.845825	0.960176
0.206608	0.485687
0.92122	0.00709982
0.0618584	0.700842
0.1097	0.211979
0.380565	0.894405
0.322652	0.0158671
0.36942	0.763104
0.22117	0.779096
0.802364	0.504705
0.893377	0.118862
0.623444	0.655743
0.293022	0.593783
0.62557	0.873352
0.511617	0.972741
0.815861	0.834915
0.815573	0.723677
0.0878073	0.892811
0.486432	0.231035
0.541885	0.591423
0.531014	0.113382
0.0534994	0.445975
0.530405	0.87132
0.866092	0.5849
0.724326	0.815574
0.595146	0.295511
0.769965	0.632889
0.932028	0.332506
0.212977	0.989796
0.684297	0.377168
0.899033	0.872999
0.0894451	0.0705835
0.892159	0.458874
0.032663	0.169338
0.379119	0.565918
0.0902473	0.60321
0.406595	0.673242
0.553439	0.376291
0.840421	0.347946
0.979267	0.436706
0.255545	0.089207
0.185812	0.620684
0.544433	0.759224
0.23945	0.331778
0.187969	0.256992
0.862782	0.235881
0.405024	0.182289
0.903753	0.673022
0.655568	0.958649
0.021505	0.303228
0.360441	0.106295
0.165638	0.123096
0.30916	0.483988
0.438464	0.948893
0.684908	0.459602
0.975991	0.550812
0.390895	0.442114
0.693963	0.28723
0.123005	0.977021
0.693774	0.0631668
0.49643	0.674442
0.457161	0.805758
0.284128	0.927558
0.702877	0.708148
0.581432	0.206599
0.110851	0.781814
0.377205	0.329892
0.268349	0.379261
0.195653	0.872476
0.574873	0.468045
0.784077	0.0275055
0.0114951	0.985144
0.100026	0.335976
0.451349	0.0832875
0.110472	0.514642
0.303954	0.672003
0.467329	0.324533
0.158873	0.404899
0.727318	0.557894
0.990366	0.887802
0.812977	0.40301
0.260635	0.186858
0.803732	0.124078
0.467448	0.547085
0.753004	0.920885
0.584277	0.0206024
0.952804	0.223398
0.633133	0.773166
0.912016	0.770672
0.637374	0.549843
0.985504	0.092795
0.993607	0.640541
0.771662	0.254203
0.307176	0.823419
0.335507	0.248581
0.476512	0.442214
//###########################


