2
300

100
0.0342175
0.18805
0.59057	0.155683
0.2267	0.426565
0.467829	0.883595
0.793577	0.198286
0.654445	0.745494
0.784607	0.0891594
0.325393	0.463747
0.552355	0.347657
0.236417	0.22351
0.902211	0.265108
0.750712	0.563678
0.859577	0.893074
0.845913	0.0041406
0.547852	0.748759
0.459896	0.684727
0.84289	0.544011
0.0162403	0.945495
0.868031	0.162755
0.274501	0.336153
0.517622	0.474473
0.678433	0.293348
0.0507336	0.527884
0.210568	0.915369
0.0609685	0.423062
0.33655	0.256203
0.960925	0.353074
0.0189368	0.805294
0.487021	0.587831
0.206996	0.0301435
0.107495	0.214998
0.559322	0.0914186
0.91008	0.7859
0.0432637	0.299485
0.585689	0.560076
0.763905	0.842708
0.344141	0.160836
0.0835144	0.652094
0.369288	0.374365
0.293357	0.854553
0.180255	0.136283
0.766523	0.95068
0.658609	0.852347
0.643934	0.00886882
0.984982	0.610119
0.117421	0.378072
0.980166	0.524386
0.723809	0.466216
0.843344	0.770524
0.423035	0.0695136
0.87173	0.427591
0.687168	0.199929
0.54383	0.947195
0.431904	0.308592
0.107726	0.855129
0.818961	0.639283
0.349099	0.720721
0.302028	0.567124
0.933575	0.110478
0.807576	0.40251
0.121228	0.944231
0.24009	0.597109
0.414017	0.511265
0.956697	0.421908
0.122327	0.752121
0.699149	0.639522
0.0143633	0.111846
0.611732	0.422432
0.447341	0.161632
0.663172	0.524806
0.587855	0.254696
0.41862	0.965745
0.988524	0.2044
0.683923	0.106605
0.304329	0.0310371
0.552868	0.852731
0.692648	0.949241
0.171111	0.302838
0.117542	0.0849477
0.757268	0.726455
0.372466	0.807581
0.916567	0.680079
0.576563	0.661314
0.927012	0.0139271
0.379469	0.620691
0.0155581	0.711926
0.463604	0.412181
0.211792	0.806715
0.317278	0.938679
0.802597	0.288453
0.172984	0.469429
0.486488	0.258378
0.951791	0.882246
0.291863	0.110734
0.453877	0.779387
0.0662609	0.0209263
0.740314	0.367046
0.266208	0.716472
0.150149	0.560932
0.182706	0.670174
0.512673	0.0261783
//###########################


200
0.0183965
0.132971
0.563067	0.200865
0.0870874	0.903556
0.194303	0.25553
0.707076	0.743094
0.637293	0.571725
0.809542	0.0425594
0.56404	0.0388208
0.828489	0.127695
0.271032	0.806738
0.505342	0.791631
0.996681	0.853917
0.491154	0.949816
0.489717	0.640628
0.644449	0.16914
0.736584	0.110851
0.458317	0.540311
0.159104	0.843676
0.65394	0.390208
0.92189	0.162256
0.951571	0.0606905
0.716036	0.413935
0.963145	0.704747
0.820124	0.454342
0.138731	0.509388
0.433545	0.255754
0.910502	0.733072
0.387995	0.757004
0.272466	0.453228
0.670967	0.470654
0.465263	0.469219
0.264512	0.0654611
0.757607	0.616324
0.410242	0.0183062
0.221769	0.10325
0.0597298	0.139238
0.22312	0.312675
0.335406	0.988489
0.333603	0.888564
0.200337	0.184965
0.79094	0.352581
0.640369	0.956017
0.351196	0.0552366
0.0573969	0.606116
0.882813	0.0426186
0.893258	0.972918
0.118899	0.0224026
0.0962939	0.329705
0.165709	0.0632229
0.058632	0.369923
0.0732783	0.814189
0.951102	0.569468
0.235404	0.673344
0.600712	0.750319
0.427249	0.643071
0.508552	0.384277
0.395714	0.172526
0.1585	0.907069
0.916318	0.455667
0.159292	0.790338
0.480628	0.733091
0.132919	0.26656
0.992638	0.759387
0.475738	0.206411
0.0732859	0.480247
0.314534	0.204353
0.60456	0.340489
0.834556	0.939856
0.311955	0.405285
0.801723	0.577233
0.795823	0.688772
0.945167	0.234433
0.0183108	0.998559
0.727906	0.0471655
0.424006	0.447091
0.862206	0.302947
0.871653	0.481137
0.424377	0.913442
0.905928	0.854973
0.833306	0.245519
0.741179	0.794914
0.965977	0.96244
0.30912	0.685874
0.936707	0.631072
0.66489	0.680015
0.361814	0.502385
0.181961	0.722849
0.285455	0.624175
0.60562	0.853017
0.263324	0.911666
0.661102	0.0586156
0.477744	0.0657505
0.239434	0.375381
0.535403	0.69409
0.707102	0.248997
0.381121	0.322554
0.124423	0.617692
0.203023	0.559592
0.75252	0.305959
0.694973	0.586545
0.625766	0.2915
0.253464	0.545697
0.0656632	0.0745673
0.555433	0.51138
0.0215107	0.458097
0.326784	0.342203
0.916775	0.921829
0.973389	0.14737
0.267154	0.157917
0.930904	0.309671
0.113401	0.431339
0.766594	0.43556
0.895483	0.541306
0.410871	0.120825
0.0676102	0.702459
0.224011	0.484897
0.385305	0.235931
0.881089	0.105443
0.629173	0.118433
0.82509	0.852522
0.0707915	0.763027
0.0756985	0.257644
0.369706	0.946321
0.876807	0.214801
0.318789	0.765627
0.581183	0.909198
0.0982881	0.550864
0.51953	0.893439
0.577181	0.988318
0.64363	0.230597
0.255707	0.010068
0.917396	0.383128
0.784054	0.898706
0.783219	0.514385
0.414373	0.840402
0.730408	0.912027
0.0717384	0.964868
0.560259	0.800441
0.006379	0.059753
0.28696	0.238358
0.619715	0.495082
0.793631	0.995804
0.662605	0.905514
0.97147	0.472418
0.609895	0.620561
0.162554	0.976923
0.956888	0.810134
0.127002	0.136909
0.712249	0.998388
0.537704	0.297117
0.357465	0.668692
0.225072	0.858485
0.867418	0.659784
0.466317	0.000248362
0.417795	0.582998
0.293007	0.286225
0.729128	0.168121
0.615025	0.698155
0.60029	0.0580819
0.430232	0.367195
0.0142142	0.565987
0.191615	0.617869
0.734504	0.678711
0.521404	0.547558
0.16641	0.357128
0.344905	0.108084
0.771076	0.246014
0.69271	0.344256
0.998996	0.389477
0.711243	0.846613
0.481509	0.327252
0.854033	0.374798
0.312549	0.515286
0.991738	0.310385
0.548335	0.611364
0.346437	0.853794
0.791183	0.777817
0.370748	0.427057
0.232963	0.758159
0.716444	0.522459
0.536542	0.241957
0.00994751	0.252734
0.0137569	0.656588
0.026745	0.893901
0.0401628	0.193862
0.564116	0.398972
0.228976	0.964683
0.867711	0.817673
0.132365	0.687371
0.484004	0.123496
0.785247	0.14614
0.539888	0.14112
0.651478	0.799456
0.862124	0.598619
0.84857	0.718025
0.14704	0.179654
0.413834	0.711986
0.354218	0.574503
0.564402	0.449872
0.465965	0.830749
0.172862	0.416747
//###########################


